single photon fraction:    0.6000
laser fraction:    0.2000
thermal source fraction:    0.1000
non-detected fraction:    0.1000
number of bins:  200.0000
bin width (ns):    1.0000
average detection events per bin: 5000.0000

# binary result
1.000000000000000000e+00

# g2 signal
1.008291587750529406e+00
1.025029495913718725e+00
1.006059866662104119e+00
9.982488428526157254e-01
1.005167178226733959e+00
9.964634659818755180e-01
1.008514759859371779e+00
1.036857617682372501e+00
9.928927122403951033e-01
1.010300136730112097e+00
1.017664816321915522e+00
1.000926908158725981e+00
1.011192825165482256e+00
1.001819596594096140e+00
1.009184276185899565e+00
1.012531857818537384e+00
9.937854006757652625e-01
1.002489112920623704e+00
1.006059866662104119e+00
9.848585163220642258e-01
9.734767387710954178e-01
1.001596424485253545e+00
9.986951870703008050e-01
9.982488428526157254e-01
9.935622285669226672e-01
9.922231959138675395e-01
1.008961104077056969e+00
9.730303945534103383e-01
9.884292700635446405e-01
1.000926908158725981e+00
1.009407448294741938e+00
1.006952555097474278e+00
9.893219584989146886e-01
1.006506210879789087e+00
1.005390350335576555e+00
1.008737931968214374e+00
1.006952555097474278e+00
1.007175727206316651e+00
9.908841632608124117e-01
1.016995299995387958e+00
1.007845243532844215e+00
9.779401809479458807e-01
1.004944006117891586e+00
9.815109346894262954e-01
9.933390564580801829e-01
1.001373252376411171e+00
1.004720834009048991e+00
1.004274489791363800e+00
1.012085513600852194e+00
9.904378190431273321e-01
9.946780891111353107e-01
9.743694272064654660e-01
1.005613522444419150e+00
1.001819596594096140e+00
1.025252668022561320e+00
9.971329823084030819e-01
9.888756142812296090e-01
9.837426557778515823e-01
1.015209923124647640e+00
1.000703736049883608e+00
9.799487299275286833e-01
1.006283038770946714e+00
9.971329823084030819e-01
1.013647718362749917e+00
1.024806323804876129e+00
1.005390350335576555e+00
9.859743768662768693e-01
9.962402938730330337e-01
1.020566053736868151e+00
9.748157714241505456e-01
1.032171003396679554e+00
9.969098101995605976e-01
1.010746480947797066e+00
1.018334332648443086e+00
9.960171217641904384e-01
9.848585163220642258e-01
9.806182462540562472e-01
1.008961104077056969e+00
9.766011482948907529e-01
1.038866166661955415e+00
1.000926908158725981e+00
9.953476054376628746e-01
9.683437802677172801e-01
1.023913635369506192e+00
9.730303945534103383e-01
1.010969653056639661e+00
9.908841632608124117e-01
1.007175727206316651e+00
9.779401809479458807e-01
9.931158843492375876e-01
1.029269765981726703e+00
9.866438931928044331e-01
1.004497661900206396e+00
1.015433095233490235e+00
9.960171217641904384e-01
1.002265940811781109e+00
9.942317448934502311e-01
1.018334332648443086e+00
9.877597537370170766e-01
1.019450193192655618e+00
4.371941612225070939e-01
1.015656267342332608e+00
1.002489112920623704e+00
1.001150080267568576e+00
9.864207210839618378e-01
1.002712285029466299e+00
9.946780891111353107e-01
1.028153905437514171e+00
1.006283038770946714e+00
9.799487299275286833e-01
1.027707561219828980e+00
1.016102611560017799e+00
9.844121721043791462e-01
1.029046593872884108e+00
1.004051317682521427e+00
9.904378190431273321e-01
1.008068415641686810e+00
1.010076964621269502e+00
1.013201374145064948e+00
1.012085513600852194e+00
1.017218472104230331e+00
1.008514759859371779e+00
1.016772127886545363e+00
9.692364687030874393e-01
1.000480563941041012e+00
1.007175727206316651e+00
1.007398899315159246e+00
9.989183591791432892e-01
1.009630620403584533e+00
1.016325783668860172e+00
1.007622071424001842e+00
9.531680768664255732e-01
1.000034219723355822e+00
1.030608798634781831e+00
1.005167178226733959e+00
1.027930733328671575e+00
1.028823421764041735e+00
1.001596424485253545e+00
1.010969653056639661e+00
1.005167178226733959e+00
1.018557504757285459e+00
1.018780676866128054e+00
9.812877625805838111e-01
9.984720149614582096e-01
1.035518585029317373e+00
1.006952555097474278e+00
1.020789225845710746e+00
9.850816884309067101e-01
1.019227021083813023e+00
9.962402938730330337e-01
9.714681897915127262e-01
9.946780891111353107e-01
1.001150080267568576e+00
1.006952555097474278e+00
9.949012612199777950e-01
9.951244333288203903e-01
1.011862341492009820e+00
9.882060979547020452e-01
1.018111160539600490e+00
9.960171217641904384e-01
1.004944006117891586e+00
9.906609911519698164e-01
9.879829258458595609e-01
9.873134095193319970e-01
9.989183591791432892e-01
9.922231959138675395e-01
1.015433095233490235e+00
1.004944006117891586e+00
1.013201374145064948e+00
9.957939496553479541e-01
9.942317448934502311e-01
1.010523308838954692e+00
9.806182462540562472e-01
9.937854006757652625e-01
9.832963115601665027e-01
1.017887988430757895e+00
1.004274489791363800e+00
9.949012612199777950e-01
9.928927122403951033e-01
1.011415997274324630e+00
9.741462550976229817e-01
9.933390564580801829e-01
1.039535682988482979e+00
9.975793265260881615e-01
1.003604973464836236e+00
9.964634659818755180e-01
1.008737931968214374e+00
9.906609911519698164e-01
9.826267952336389389e-01
1.001150080267568576e+00
1.010300136730112097e+00
1.012308685709694789e+00
9.993647033968283688e-01
1.014094062580435107e+00
9.757084598595207048e-01
1.024136807478348565e+00
9.920000238050250552e-01
9.908841632608124117e-01
9.978024986349306458e-01
1.003604973464836236e+00

# time bin value
-1.000000000000000000e+02
-9.900000000000000000e+01
-9.800000000000000000e+01
-9.700000000000000000e+01
-9.600000000000000000e+01
-9.500000000000000000e+01
-9.400000000000000000e+01
-9.300000000000000000e+01
-9.200000000000000000e+01
-9.100000000000000000e+01
-9.000000000000000000e+01
-8.900000000000000000e+01
-8.800000000000000000e+01
-8.700000000000000000e+01
-8.600000000000000000e+01
-8.500000000000000000e+01
-8.400000000000000000e+01
-8.300000000000000000e+01
-8.200000000000000000e+01
-8.100000000000000000e+01
-8.000000000000000000e+01
-7.900000000000000000e+01
-7.800000000000000000e+01
-7.700000000000000000e+01
-7.600000000000000000e+01
-7.500000000000000000e+01
-7.400000000000000000e+01
-7.300000000000000000e+01
-7.200000000000000000e+01
-7.100000000000000000e+01
-7.000000000000000000e+01
-6.900000000000000000e+01
-6.800000000000000000e+01
-6.700000000000000000e+01
-6.600000000000000000e+01
-6.500000000000000000e+01
-6.400000000000000000e+01
-6.300000000000000000e+01
-6.200000000000000000e+01
-6.100000000000000000e+01
-6.000000000000000000e+01
-5.900000000000000000e+01
-5.800000000000000000e+01
-5.700000000000000000e+01
-5.600000000000000000e+01
-5.500000000000000000e+01
-5.400000000000000000e+01
-5.300000000000000000e+01
-5.200000000000000000e+01
-5.100000000000000000e+01
-5.000000000000000000e+01
-4.900000000000000000e+01
-4.800000000000000000e+01
-4.700000000000000000e+01
-4.600000000000000000e+01
-4.500000000000000000e+01
-4.400000000000000000e+01
-4.300000000000000000e+01
-4.200000000000000000e+01
-4.100000000000000000e+01
-4.000000000000000000e+01
-3.900000000000000000e+01
-3.800000000000000000e+01
-3.700000000000000000e+01
-3.600000000000000000e+01
-3.500000000000000000e+01
-3.400000000000000000e+01
-3.300000000000000000e+01
-3.200000000000000000e+01
-3.100000000000000000e+01
-3.000000000000000000e+01
-2.900000000000000000e+01
-2.800000000000000000e+01
-2.700000000000000000e+01
-2.600000000000000000e+01
-2.500000000000000000e+01
-2.400000000000000000e+01
-2.300000000000000000e+01
-2.200000000000000000e+01
-2.100000000000000000e+01
-2.000000000000000000e+01
-1.900000000000000000e+01
-1.800000000000000000e+01
-1.700000000000000000e+01
-1.600000000000000000e+01
-1.500000000000000000e+01
-1.400000000000000000e+01
-1.300000000000000000e+01
-1.200000000000000000e+01
-1.100000000000000000e+01
-1.000000000000000000e+01
-9.000000000000000000e+00
-8.000000000000000000e+00
-7.000000000000000000e+00
-6.000000000000000000e+00
-5.000000000000000000e+00
-4.000000000000000000e+00
-3.000000000000000000e+00
-2.000000000000000000e+00
-1.000000000000000000e+00
0.000000000000000000e+00
1.000000000000000000e+00
2.000000000000000000e+00
3.000000000000000000e+00
4.000000000000000000e+00
5.000000000000000000e+00
6.000000000000000000e+00
7.000000000000000000e+00
8.000000000000000000e+00
9.000000000000000000e+00
1.000000000000000000e+01
1.100000000000000000e+01
1.200000000000000000e+01
1.300000000000000000e+01
1.400000000000000000e+01
1.500000000000000000e+01
1.600000000000000000e+01
1.700000000000000000e+01
1.800000000000000000e+01
1.900000000000000000e+01
2.000000000000000000e+01
2.100000000000000000e+01
2.200000000000000000e+01
2.300000000000000000e+01
2.400000000000000000e+01
2.500000000000000000e+01
2.600000000000000000e+01
2.700000000000000000e+01
2.800000000000000000e+01
2.900000000000000000e+01
3.000000000000000000e+01
3.100000000000000000e+01
3.200000000000000000e+01
3.300000000000000000e+01
3.400000000000000000e+01
3.500000000000000000e+01
3.600000000000000000e+01
3.700000000000000000e+01
3.800000000000000000e+01
3.900000000000000000e+01
4.000000000000000000e+01
4.100000000000000000e+01
4.200000000000000000e+01
4.300000000000000000e+01
4.400000000000000000e+01
4.500000000000000000e+01
4.600000000000000000e+01
4.700000000000000000e+01
4.800000000000000000e+01
4.900000000000000000e+01
5.000000000000000000e+01
5.100000000000000000e+01
5.200000000000000000e+01
5.300000000000000000e+01
5.400000000000000000e+01
5.500000000000000000e+01
5.600000000000000000e+01
5.700000000000000000e+01
5.800000000000000000e+01
5.900000000000000000e+01
6.000000000000000000e+01
6.100000000000000000e+01
6.200000000000000000e+01
6.300000000000000000e+01
6.400000000000000000e+01
6.500000000000000000e+01
6.600000000000000000e+01
6.700000000000000000e+01
6.800000000000000000e+01
6.900000000000000000e+01
7.000000000000000000e+01
7.100000000000000000e+01
7.200000000000000000e+01
7.300000000000000000e+01
7.400000000000000000e+01
7.500000000000000000e+01
7.600000000000000000e+01
7.700000000000000000e+01
7.800000000000000000e+01
7.900000000000000000e+01
8.000000000000000000e+01
8.100000000000000000e+01
8.200000000000000000e+01
8.300000000000000000e+01
8.400000000000000000e+01
8.500000000000000000e+01
8.600000000000000000e+01
8.700000000000000000e+01
8.800000000000000000e+01
8.900000000000000000e+01
9.000000000000000000e+01
9.100000000000000000e+01
9.200000000000000000e+01
9.300000000000000000e+01
9.400000000000000000e+01
9.500000000000000000e+01
9.600000000000000000e+01
9.700000000000000000e+01
9.800000000000000000e+01
9.900000000000000000e+01
