single photon fraction:    0.6000
laser fraction:    0.2000
thermal source fraction:    0.1000
non-detected fraction:    0.1000
number of bins:  200.0000
bin width (ns):    1.0000
average detection events per bin: 5000.0000

# binary result
1.000000000000000000e+00

# g2 signal
9.789607165501290620e-01
9.923558460810316673e-01
1.012671792536233850e+00
9.869977942686706252e-01
9.945883676695154163e-01
9.907930809690930207e-01
9.992766630053313559e-01
1.002848697546905310e+00
1.021155374572472185e+00
9.930256025575767698e-01
9.673516042900135448e-01
1.027406435020226771e+00
1.029415704449862190e+00
1.008206749359266352e+00
9.836490118859450016e-01
1.009099757994659896e+00
9.974906457345442679e-01
9.997231673230280169e-01
1.000839428117269891e+00
9.999464194818764584e-01
9.805234816620677085e-01
9.928023503987284393e-01
9.874442985863673972e-01
1.016467079236656357e+00
1.033657495467981136e+00
9.776212035970388570e-01
1.013564801171627394e+00
9.878908029040641692e-01
9.990534108464829144e-01
1.014011305489324055e+00
9.881140550629124997e-01
1.000616175958421561e+00
1.001062680276118222e+00
1.004857966976540729e+00
1.007760245041569691e+00
9.807467338209161500e-01
1.016913583554353018e+00
1.008876505835811566e+00
1.019592609460533428e+00
1.021825131049017399e+00
1.008206749359266352e+00
9.727096561023745869e-01
1.005081219135389059e+00
1.014681061965869269e+00
1.009099757994659896e+00
9.934721068752735418e-01
9.994999151641796864e-01
9.930256025575767698e-01
1.020708870254775524e+00
9.805234816620677085e-01
9.829792554093998991e-01
1.026513426384833227e+00
9.959278806226056213e-01
1.007090488565024478e+00
9.722631517846778149e-01
1.009769514471204888e+00
1.013564801171627394e+00
1.021601878890168846e+00
9.954813763049089603e-01
1.023387896160955934e+00
9.896768201748511462e-01
9.963743849403023933e-01
1.000169671640724900e+00
9.769514471204937545e-01
9.916860896044865648e-01
9.934721068752735418e-01
1.024504156955197809e+00
9.863280377921255226e-01
9.890070636983060437e-01
1.003964958341147184e+00
9.729329082612229174e-01
1.018253096507443223e+00
9.702538823550423963e-01
1.008876505835811566e+00
1.001062680276118222e+00
9.986069065287861424e-01
9.854350291567319786e-01
1.019592609460533428e+00
9.992766630053313559e-01
9.994999151641796864e-01
9.849885248390352066e-01
9.849885248390352066e-01
1.008653253676963013e+00
1.004188210499995515e+00
1.016243827077807804e+00
1.010885775265446762e+00
1.007090488565024478e+00
9.983836543699378119e-01
1.004634714817692398e+00
1.016467079236656357e+00
9.673516042900135448e-01
9.939186111929703138e-01
1.000839428117269891e+00
1.008206749359266352e+00
1.019815861619381980e+00
1.036783025691858429e+00
9.845420205213384346e-01
9.930256025575767698e-01
1.005527723453085942e+00
1.008206749359266352e+00
4.451648047436618794e-01
1.028299443655620093e+00
1.022941391843259273e+00
1.000169671640724900e+00
1.012002036059688637e+00
1.006197479929630934e+00
1.015574070601262813e+00
1.006197479929630934e+00
9.954813763049089603e-01
1.012225288218537189e+00
1.014904314124717599e+00
9.977138978933927094e-01
1.012225288218537189e+00
1.008876505835811566e+00
1.007760245041569691e+00
9.941418633518186443e-01
9.997231673230280169e-01
1.007090488565024478e+00
9.867745421098222947e-01
1.027852939337923432e+00
1.004857966976540729e+00
1.010885775265446762e+00
9.899000723336994767e-01
1.005081219135389059e+00
9.673516042900135448e-01
1.003964958341147184e+00
1.005081219135389059e+00
1.016243827077807804e+00
9.858815334744287506e-01
1.017136835713201348e+00
1.008876505835811566e+00
1.009099757994659896e+00
9.928023503987284393e-01
1.012895044695082181e+00
1.010885775265446762e+00
9.883373072217608302e-01
1.014011305489324055e+00
1.033880747626829688e+00
9.997231673230280169e-01
1.014457809807020938e+00
1.004411462658844068e+00
1.023611148319804265e+00
1.017806592189746562e+00
1.025620417749439683e+00
9.997231673230280169e-01
9.760584384851002104e-01
9.899000723336994767e-01
9.878908029040641692e-01
9.803002295032193780e-01
1.010885775265446762e+00
1.016690331395504687e+00
9.977138978933927094e-01
9.727096561023745869e-01
1.006643984247327817e+00
1.000169671640724900e+00
9.986069065287861424e-01
1.004857966976540729e+00
1.015127566283565930e+00
1.012671792536233850e+00
1.022048383207865729e+00
1.030308713085255512e+00
1.002625445388056979e+00
9.979371500522410399e-01
1.011109027424295315e+00
9.854350291567319786e-01
1.013788053330475725e+00
9.829792554093998991e-01
1.001062680276118222e+00
1.011778783900840306e+00
9.994999151641796864e-01
9.977138978933927094e-01
9.972673935756959374e-01
9.818629946151580246e-01
9.948116198283637468e-01
9.903465766513962487e-01
9.832025075682482296e-01
9.928023503987284393e-01
9.988301586876345839e-01
9.981604022110894814e-01
1.007536992882721139e+00
1.001732436752663435e+00
1.002848697546905310e+00
1.003071949705753640e+00
1.003071949705753640e+00
1.012002036059688637e+00
1.014904314124717599e+00
1.030085460926407182e+00
1.007760245041569691e+00
9.954813763049089603e-01
1.012895044695082181e+00
1.004188210499995515e+00
1.014011305489324055e+00
9.749421776908583359e-01
1.008653253676963013e+00
9.974906457345442679e-01
1.003741706182298854e+00
1.011332279583143645e+00
9.939186111929703138e-01
9.992766630053313559e-01
1.005527723453085942e+00

# time bin value
-1.000000000000000000e+02
-9.900000000000000000e+01
-9.800000000000000000e+01
-9.700000000000000000e+01
-9.600000000000000000e+01
-9.500000000000000000e+01
-9.400000000000000000e+01
-9.300000000000000000e+01
-9.200000000000000000e+01
-9.100000000000000000e+01
-9.000000000000000000e+01
-8.900000000000000000e+01
-8.800000000000000000e+01
-8.700000000000000000e+01
-8.600000000000000000e+01
-8.500000000000000000e+01
-8.400000000000000000e+01
-8.300000000000000000e+01
-8.200000000000000000e+01
-8.100000000000000000e+01
-8.000000000000000000e+01
-7.900000000000000000e+01
-7.800000000000000000e+01
-7.700000000000000000e+01
-7.600000000000000000e+01
-7.500000000000000000e+01
-7.400000000000000000e+01
-7.300000000000000000e+01
-7.200000000000000000e+01
-7.100000000000000000e+01
-7.000000000000000000e+01
-6.900000000000000000e+01
-6.800000000000000000e+01
-6.700000000000000000e+01
-6.600000000000000000e+01
-6.500000000000000000e+01
-6.400000000000000000e+01
-6.300000000000000000e+01
-6.200000000000000000e+01
-6.100000000000000000e+01
-6.000000000000000000e+01
-5.900000000000000000e+01
-5.800000000000000000e+01
-5.700000000000000000e+01
-5.600000000000000000e+01
-5.500000000000000000e+01
-5.400000000000000000e+01
-5.300000000000000000e+01
-5.200000000000000000e+01
-5.100000000000000000e+01
-5.000000000000000000e+01
-4.900000000000000000e+01
-4.800000000000000000e+01
-4.700000000000000000e+01
-4.600000000000000000e+01
-4.500000000000000000e+01
-4.400000000000000000e+01
-4.300000000000000000e+01
-4.200000000000000000e+01
-4.100000000000000000e+01
-4.000000000000000000e+01
-3.900000000000000000e+01
-3.800000000000000000e+01
-3.700000000000000000e+01
-3.600000000000000000e+01
-3.500000000000000000e+01
-3.400000000000000000e+01
-3.300000000000000000e+01
-3.200000000000000000e+01
-3.100000000000000000e+01
-3.000000000000000000e+01
-2.900000000000000000e+01
-2.800000000000000000e+01
-2.700000000000000000e+01
-2.600000000000000000e+01
-2.500000000000000000e+01
-2.400000000000000000e+01
-2.300000000000000000e+01
-2.200000000000000000e+01
-2.100000000000000000e+01
-2.000000000000000000e+01
-1.900000000000000000e+01
-1.800000000000000000e+01
-1.700000000000000000e+01
-1.600000000000000000e+01
-1.500000000000000000e+01
-1.400000000000000000e+01
-1.300000000000000000e+01
-1.200000000000000000e+01
-1.100000000000000000e+01
-1.000000000000000000e+01
-9.000000000000000000e+00
-8.000000000000000000e+00
-7.000000000000000000e+00
-6.000000000000000000e+00
-5.000000000000000000e+00
-4.000000000000000000e+00
-3.000000000000000000e+00
-2.000000000000000000e+00
-1.000000000000000000e+00
0.000000000000000000e+00
1.000000000000000000e+00
2.000000000000000000e+00
3.000000000000000000e+00
4.000000000000000000e+00
5.000000000000000000e+00
6.000000000000000000e+00
7.000000000000000000e+00
8.000000000000000000e+00
9.000000000000000000e+00
1.000000000000000000e+01
1.100000000000000000e+01
1.200000000000000000e+01
1.300000000000000000e+01
1.400000000000000000e+01
1.500000000000000000e+01
1.600000000000000000e+01
1.700000000000000000e+01
1.800000000000000000e+01
1.900000000000000000e+01
2.000000000000000000e+01
2.100000000000000000e+01
2.200000000000000000e+01
2.300000000000000000e+01
2.400000000000000000e+01
2.500000000000000000e+01
2.600000000000000000e+01
2.700000000000000000e+01
2.800000000000000000e+01
2.900000000000000000e+01
3.000000000000000000e+01
3.100000000000000000e+01
3.200000000000000000e+01
3.300000000000000000e+01
3.400000000000000000e+01
3.500000000000000000e+01
3.600000000000000000e+01
3.700000000000000000e+01
3.800000000000000000e+01
3.900000000000000000e+01
4.000000000000000000e+01
4.100000000000000000e+01
4.200000000000000000e+01
4.300000000000000000e+01
4.400000000000000000e+01
4.500000000000000000e+01
4.600000000000000000e+01
4.700000000000000000e+01
4.800000000000000000e+01
4.900000000000000000e+01
5.000000000000000000e+01
5.100000000000000000e+01
5.200000000000000000e+01
5.300000000000000000e+01
5.400000000000000000e+01
5.500000000000000000e+01
5.600000000000000000e+01
5.700000000000000000e+01
5.800000000000000000e+01
5.900000000000000000e+01
6.000000000000000000e+01
6.100000000000000000e+01
6.200000000000000000e+01
6.300000000000000000e+01
6.400000000000000000e+01
6.500000000000000000e+01
6.600000000000000000e+01
6.700000000000000000e+01
6.800000000000000000e+01
6.900000000000000000e+01
7.000000000000000000e+01
7.100000000000000000e+01
7.200000000000000000e+01
7.300000000000000000e+01
7.400000000000000000e+01
7.500000000000000000e+01
7.600000000000000000e+01
7.700000000000000000e+01
7.800000000000000000e+01
7.900000000000000000e+01
8.000000000000000000e+01
8.100000000000000000e+01
8.200000000000000000e+01
8.300000000000000000e+01
8.400000000000000000e+01
8.500000000000000000e+01
8.600000000000000000e+01
8.700000000000000000e+01
8.800000000000000000e+01
8.900000000000000000e+01
9.000000000000000000e+01
9.100000000000000000e+01
9.200000000000000000e+01
9.300000000000000000e+01
9.400000000000000000e+01
9.500000000000000000e+01
9.600000000000000000e+01
9.700000000000000000e+01
9.800000000000000000e+01
9.900000000000000000e+01
