single photon fraction:    0.6000
laser fraction:    0.2000
thermal source fraction:    0.1000
non-detected fraction:    0.1000
number of bins:  200.0000
bin width (ns):    1.0000
average detection events per bin: 5000.0000

# binary result
1.000000000000000000e+00

# g2 signal
9.894503252060331544e-01
9.811956099788351482e-01
1.009529362245163542e+00
1.024923290641830187e+00
9.988205424909606389e-01
1.001497747429511476e+00
9.825342124481105666e-01
1.006629056895066876e+00
1.023584688172554769e+00
1.019345780353182684e+00
1.012652768006806037e+00
9.992667433140524080e-01
9.852114173866611813e-01
1.008636960598980004e+00
1.005513554837337509e+00
9.814187103903810883e-01
1.011537265949076447e+00
9.948047350831346058e-01
1.001274647017965425e+00
1.039871018215404952e+00
1.021799884880187692e+00
9.809725095672893191e-01
1.009529362245163542e+00
9.965895383755017933e-01
9.818649112134728574e-01
9.818649112134728574e-01
1.001051546606419596e+00
1.004621153191153970e+00
1.001051546606419596e+00
9.954740363177723150e-01
9.972588396101393915e-01
9.751718988670960986e-01
9.992667433140524080e-01
9.983743416678688698e-01
1.022469186114825179e+00
1.028046696403472682e+00
9.985974420794148099e-01
9.941354338484968967e-01
9.972588396101393915e-01
1.009975563068255200e+00
1.006405956483521047e+00
1.013768270064535404e+00
9.925737309676756492e-01
1.012875868418351866e+00
1.018453378706999146e+00
1.030500800930477467e+00
9.852114173866611813e-01
9.903427268522168037e-01
9.869962206790283687e-01
1.012206567183714156e+00
9.771798025710091151e-01
9.796339070980139008e-01
9.811956099788351482e-01
1.010644864302892909e+00
9.914582289099461709e-01
9.981512412563230408e-01
1.014883772122264993e+00
1.038532415746129534e+00
1.006629056895066876e+00
1.007967659364342294e+00
9.950278354946805459e-01
1.015106872533810822e+00
1.013098968829897695e+00
9.921275301445838801e-01
1.005067354014245629e+00
1.024700190230284136e+00
9.936892330254051275e-01
9.856576182097530614e-01
1.016668575414632070e+00
1.014660671710718942e+00
1.015553073356902702e+00
9.840959153289318140e-01
1.003505651133424381e+00
1.041655821507772028e+00
1.015776173768448531e+00
9.994898437255983481e-01
1.022246085703279350e+00
1.003059450310332723e+00
1.042548223153955567e+00
1.015999274179994361e+00
9.867731202674824287e-01
9.992667433140524080e-01
9.809725095672893191e-01
1.013322069241443746e+00
9.785184050402844225e-01
9.945816346715886658e-01
9.970357391985935624e-01
1.018899579530091026e+00
9.963664379639558533e-01
9.921275301445838801e-01
1.007967659364342294e+00
9.838728149173858739e-01
9.927968313792215893e-01
1.035632110396032868e+00
9.791877062749221317e-01
1.013322069241443746e+00
9.751718988670960986e-01
1.015776173768448531e+00
9.994898437255983481e-01
1.012652768006806037e+00
4.417388148608671350e-01
9.905658272637626327e-01
1.004844253602699800e+00
1.001051546606419596e+00
1.006182856071975218e+00
1.003728751544970210e+00
9.892272247944873254e-01
1.011537265949076447e+00
1.016668575414632070e+00
9.861038190328448305e-01
1.019791981176274565e+00
1.006405956483521047e+00
9.832035136827481647e-01
9.925737309676756492e-01
9.847652165635694121e-01
1.004844253602699800e+00
9.959202371408640841e-01
9.894503252060331544e-01
9.925737309676756492e-01
9.988205424909606389e-01
1.009975563068255200e+00
1.000605345783327715e+00
1.004174952368062090e+00
1.012429667595260208e+00
1.010644864302892909e+00
1.000382245371781886e+00
9.905658272637626327e-01
9.919044297330380511e-01
1.008413860187433952e+00
9.852114173866611813e-01
9.903427268522168037e-01
1.006629056895066876e+00
1.022692286526371230e+00
1.004398052779607919e+00
1.009306261833617713e+00
9.925737309676756492e-01
9.945816346715886658e-01
9.923506305561298202e-01
1.006182856071975218e+00
1.011091065125984789e+00
1.017560977060815608e+00
1.013098968829897695e+00
9.785184050402844225e-01
9.896734256175790945e-01
1.017560977060815608e+00
1.020461282410912274e+00
9.894503252060331544e-01
1.019122679941636855e+00
1.002390149075695014e+00
1.010644864302892909e+00
9.878886223252119070e-01
9.876655219136660779e-01
1.005067354014245629e+00
1.021576784468641641e+00
9.997129441371442882e-01
9.898965260291249235e-01
9.664709828168062122e-01
1.000605345783327715e+00
9.963664379639558533e-01
1.025592591876467674e+00
1.017337876649269779e+00
1.001497747429511476e+00
9.921275301445838801e-01
1.036524512042216406e+00
1.002167048664148963e+00
9.948047350831346058e-01
1.004174952368062090e+00
9.934661326138592985e-01
1.018453378706999146e+00
9.854345177982071213e-01
9.825342124481105666e-01
9.961433375524099132e-01
1.012875868418351866e+00
9.927968313792215893e-01
9.702636898130864163e-01
9.950278354946805459e-01
1.016445475003086241e+00
1.005290454425791458e+00
9.849883169751153522e-01
1.017560977060815608e+00
9.903427268522168037e-01
9.861038190328448305e-01
9.787415054518303625e-01
9.854345177982071213e-01
1.002836349898786672e+00
1.023138487349462888e+00
9.622320749974343501e-01
1.011537265949076447e+00
9.970357391985935624e-01
1.010198663479801251e+00
9.999360445486901172e-01
9.921275301445838801e-01
9.805263087441974390e-01
9.740563968093666203e-01
1.004398052779607919e+00
1.001497747429511476e+00
1.010421763891347080e+00
1.014214470887627284e+00
9.963664379639558533e-01
1.008190759775888123e+00

# time bin value
-1.000000000000000000e+02
-9.900000000000000000e+01
-9.800000000000000000e+01
-9.700000000000000000e+01
-9.600000000000000000e+01
-9.500000000000000000e+01
-9.400000000000000000e+01
-9.300000000000000000e+01
-9.200000000000000000e+01
-9.100000000000000000e+01
-9.000000000000000000e+01
-8.900000000000000000e+01
-8.800000000000000000e+01
-8.700000000000000000e+01
-8.600000000000000000e+01
-8.500000000000000000e+01
-8.400000000000000000e+01
-8.300000000000000000e+01
-8.200000000000000000e+01
-8.100000000000000000e+01
-8.000000000000000000e+01
-7.900000000000000000e+01
-7.800000000000000000e+01
-7.700000000000000000e+01
-7.600000000000000000e+01
-7.500000000000000000e+01
-7.400000000000000000e+01
-7.300000000000000000e+01
-7.200000000000000000e+01
-7.100000000000000000e+01
-7.000000000000000000e+01
-6.900000000000000000e+01
-6.800000000000000000e+01
-6.700000000000000000e+01
-6.600000000000000000e+01
-6.500000000000000000e+01
-6.400000000000000000e+01
-6.300000000000000000e+01
-6.200000000000000000e+01
-6.100000000000000000e+01
-6.000000000000000000e+01
-5.900000000000000000e+01
-5.800000000000000000e+01
-5.700000000000000000e+01
-5.600000000000000000e+01
-5.500000000000000000e+01
-5.400000000000000000e+01
-5.300000000000000000e+01
-5.200000000000000000e+01
-5.100000000000000000e+01
-5.000000000000000000e+01
-4.900000000000000000e+01
-4.800000000000000000e+01
-4.700000000000000000e+01
-4.600000000000000000e+01
-4.500000000000000000e+01
-4.400000000000000000e+01
-4.300000000000000000e+01
-4.200000000000000000e+01
-4.100000000000000000e+01
-4.000000000000000000e+01
-3.900000000000000000e+01
-3.800000000000000000e+01
-3.700000000000000000e+01
-3.600000000000000000e+01
-3.500000000000000000e+01
-3.400000000000000000e+01
-3.300000000000000000e+01
-3.200000000000000000e+01
-3.100000000000000000e+01
-3.000000000000000000e+01
-2.900000000000000000e+01
-2.800000000000000000e+01
-2.700000000000000000e+01
-2.600000000000000000e+01
-2.500000000000000000e+01
-2.400000000000000000e+01
-2.300000000000000000e+01
-2.200000000000000000e+01
-2.100000000000000000e+01
-2.000000000000000000e+01
-1.900000000000000000e+01
-1.800000000000000000e+01
-1.700000000000000000e+01
-1.600000000000000000e+01
-1.500000000000000000e+01
-1.400000000000000000e+01
-1.300000000000000000e+01
-1.200000000000000000e+01
-1.100000000000000000e+01
-1.000000000000000000e+01
-9.000000000000000000e+00
-8.000000000000000000e+00
-7.000000000000000000e+00
-6.000000000000000000e+00
-5.000000000000000000e+00
-4.000000000000000000e+00
-3.000000000000000000e+00
-2.000000000000000000e+00
-1.000000000000000000e+00
0.000000000000000000e+00
1.000000000000000000e+00
2.000000000000000000e+00
3.000000000000000000e+00
4.000000000000000000e+00
5.000000000000000000e+00
6.000000000000000000e+00
7.000000000000000000e+00
8.000000000000000000e+00
9.000000000000000000e+00
1.000000000000000000e+01
1.100000000000000000e+01
1.200000000000000000e+01
1.300000000000000000e+01
1.400000000000000000e+01
1.500000000000000000e+01
1.600000000000000000e+01
1.700000000000000000e+01
1.800000000000000000e+01
1.900000000000000000e+01
2.000000000000000000e+01
2.100000000000000000e+01
2.200000000000000000e+01
2.300000000000000000e+01
2.400000000000000000e+01
2.500000000000000000e+01
2.600000000000000000e+01
2.700000000000000000e+01
2.800000000000000000e+01
2.900000000000000000e+01
3.000000000000000000e+01
3.100000000000000000e+01
3.200000000000000000e+01
3.300000000000000000e+01
3.400000000000000000e+01
3.500000000000000000e+01
3.600000000000000000e+01
3.700000000000000000e+01
3.800000000000000000e+01
3.900000000000000000e+01
4.000000000000000000e+01
4.100000000000000000e+01
4.200000000000000000e+01
4.300000000000000000e+01
4.400000000000000000e+01
4.500000000000000000e+01
4.600000000000000000e+01
4.700000000000000000e+01
4.800000000000000000e+01
4.900000000000000000e+01
5.000000000000000000e+01
5.100000000000000000e+01
5.200000000000000000e+01
5.300000000000000000e+01
5.400000000000000000e+01
5.500000000000000000e+01
5.600000000000000000e+01
5.700000000000000000e+01
5.800000000000000000e+01
5.900000000000000000e+01
6.000000000000000000e+01
6.100000000000000000e+01
6.200000000000000000e+01
6.300000000000000000e+01
6.400000000000000000e+01
6.500000000000000000e+01
6.600000000000000000e+01
6.700000000000000000e+01
6.800000000000000000e+01
6.900000000000000000e+01
7.000000000000000000e+01
7.100000000000000000e+01
7.200000000000000000e+01
7.300000000000000000e+01
7.400000000000000000e+01
7.500000000000000000e+01
7.600000000000000000e+01
7.700000000000000000e+01
7.800000000000000000e+01
7.900000000000000000e+01
8.000000000000000000e+01
8.100000000000000000e+01
8.200000000000000000e+01
8.300000000000000000e+01
8.400000000000000000e+01
8.500000000000000000e+01
8.600000000000000000e+01
8.700000000000000000e+01
8.800000000000000000e+01
8.900000000000000000e+01
9.000000000000000000e+01
9.100000000000000000e+01
9.200000000000000000e+01
9.300000000000000000e+01
9.400000000000000000e+01
9.500000000000000000e+01
9.600000000000000000e+01
9.700000000000000000e+01
9.800000000000000000e+01
9.900000000000000000e+01
