single photon fraction:    0.6000
laser fraction:    0.2000
thermal source fraction:    0.1000
non-detected fraction:    0.1000
number of bins:  200.0000
bin width (ns):    1.0000
average detection events per bin: 5000.0000

# binary result
1.000000000000000000e+00

# g2 signal
1.002006541712715082e+00
1.003122113458108977e+00
9.937513107968009018e-01
1.008030629137841583e+00
1.020078803988094807e+00
1.024094862271512474e+00
1.008699972185078009e+00
9.982135977783761493e-01
9.850498511827292525e-01
1.002229656061793817e+00
9.892890238152257654e-01
9.774639633140513872e-01
1.002898999109030242e+00
1.019855689639016072e+00
1.010484886977708108e+00
1.003122113458108977e+00
1.012492916119416941e+00
9.839342794373354684e-01
9.979904834292974147e-01
9.890659094661469197e-01
1.024541090969669943e+00
9.709936471907673061e-01
1.008030629137841583e+00
1.010484886977708108e+00
1.017401431799149547e+00
9.946437681931159513e-01
1.006245714345211484e+00
1.005130142599817811e+00
1.017847660497307016e+00
1.010484886977708108e+00
9.850498511827292525e-01
1.001783427363636347e+00
9.870578803244380861e-01
1.008253743486920317e+00
1.010708001326786842e+00
1.002898999109030242e+00
1.005799485647054015e+00
9.933050820986434326e-01
9.941975394949584821e-01
9.908508242587770187e-01
1.018517003544543442e+00
1.010931115675865577e+00
9.999985125710062484e-01
9.823724789937841040e-01
9.979904834292974147e-01
1.008476857835999052e+00
9.912970529569345990e-01
9.801413355029965357e-01
1.001783427363636347e+00
1.003568342156266446e+00
9.964286829857460503e-01
9.919663960041708028e-01
9.888427951170681851e-01
9.917432816550920682e-01
9.825955933428629496e-01
9.569374431988053598e-01
1.022756176177039844e+00
1.023871747922433739e+00
1.005799485647054015e+00
9.966517973348247850e-01
1.029895835347560240e+00
1.008476857835999052e+00
1.014277830912047040e+00
1.029449606649402771e+00
9.875041090225956664e-01
1.014724059610204510e+00
9.919663960041708028e-01
1.025879777064142573e+00
9.647464454165620706e-01
1.029895835347560240e+00
1.007584400439684114e+00
9.970980260329823652e-01
9.908508242587770187e-01
1.014277830912047040e+00
9.904045955606195495e-01
1.022086833129803640e+00
9.823724789937841040e-01
1.010708001326786842e+00
9.984367121274548840e-01
9.901814812115408149e-01
9.895121381643045000e-01
9.848267368336505179e-01
9.718861045870823556e-01
9.950899968912735316e-01
1.010484886977708108e+00
1.017624546148228282e+00
1.021417490082567214e+00
1.017624546148228282e+00
9.832649363900991535e-01
1.005799485647054015e+00
1.008923086534156743e+00
1.041274667150577038e+00
9.966517973348247850e-01
9.966517973348247850e-01
1.016955203100992078e+00
1.021194375733488480e+00
9.982135977783761493e-01
1.033465664932820438e+00
9.794719924557602209e-01
1.002898999109030242e+00
4.457824694593642278e-01
1.026772234460457511e+00
9.970980260329823652e-01
9.975442547311398345e-01
1.012939144817574411e+00
1.007584400439684114e+00
1.032796321885584012e+00
1.009369315232314213e+00
1.015616517006519448e+00
9.955362255894310008e-01
9.948668825421947970e-01
1.000221626920084983e+00
9.912970529569345990e-01
9.821493646447053694e-01
1.004014570854423916e+00
1.014724059610204510e+00
1.019409460940858381e+00
9.830418220410204189e-01
1.004014570854423916e+00
9.808106785502328506e-01
1.007807514788762848e+00
9.941975394949584821e-01
9.970980260329823652e-01
9.977673690802186801e-01
9.926357390514071177e-01
1.017847660497307016e+00
1.009369315232314213e+00
9.979904834292974147e-01
1.018963232242700911e+00
1.007138171741526644e+00
9.964286829857460503e-01
9.991060551746911989e-01
1.036589265819922945e+00
1.011154230024944312e+00
1.009369315232314213e+00
9.953131112403522662e-01
9.774639633140513872e-01
1.021863718780724906e+00
9.977673690802186801e-01
1.045960068481230909e+00
1.032350093187426543e+00
1.009369315232314213e+00
1.000444741269163718e+00
1.028334034904008876e+00
9.839342794373354684e-01
9.747865911251062387e-01
9.995522838728486681e-01
1.019409460940858381e+00
1.003568342156266446e+00
1.005353256948896545e+00
9.776870776631301219e-01
1.011154230024944312e+00
1.012492916119416941e+00
1.001337198665478878e+00
9.669775889073496389e-01
9.803644498520752704e-01
1.006915057392447910e+00
1.029226492300323814e+00
1.005130142599817811e+00
1.013162259166653145e+00
1.003791456505345181e+00
1.025879777064142573e+00
9.921895103532496485e-01
9.843805081354929376e-01
9.828187076919416842e-01
1.031903864489269074e+00
9.986598264765337296e-01
1.002898999109030242e+00
9.968749116839036306e-01
9.933050820986434326e-01
1.016285860053755874e+00
9.794719924557602209e-01
1.018963232242700911e+00
9.988829408256124642e-01
1.001783427363636347e+00
9.852729655318079871e-01
1.007584400439684114e+00
9.982135977783761493e-01
9.854960798808868327e-01
9.770177346158939180e-01
1.014724059610204510e+00
9.977673690802186801e-01
1.030565178394796444e+00
9.984367121274548840e-01
9.709936471907673061e-01
9.863885372772018822e-01
9.892890238152257654e-01
9.928588534004858523e-01
9.955362255894310008e-01
1.006022599996132749e+00
1.006468828694290218e+00
1.016955203100992078e+00
1.003791456505345181e+00
9.986598264765337296e-01
9.852729655318079871e-01
9.848267368336505179e-01
9.975442547311398345e-01
9.955362255894310008e-01
9.823724789937841040e-01
9.857191942299655674e-01

# time bin value
-1.000000000000000000e+02
-9.900000000000000000e+01
-9.800000000000000000e+01
-9.700000000000000000e+01
-9.600000000000000000e+01
-9.500000000000000000e+01
-9.400000000000000000e+01
-9.300000000000000000e+01
-9.200000000000000000e+01
-9.100000000000000000e+01
-9.000000000000000000e+01
-8.900000000000000000e+01
-8.800000000000000000e+01
-8.700000000000000000e+01
-8.600000000000000000e+01
-8.500000000000000000e+01
-8.400000000000000000e+01
-8.300000000000000000e+01
-8.200000000000000000e+01
-8.100000000000000000e+01
-8.000000000000000000e+01
-7.900000000000000000e+01
-7.800000000000000000e+01
-7.700000000000000000e+01
-7.600000000000000000e+01
-7.500000000000000000e+01
-7.400000000000000000e+01
-7.300000000000000000e+01
-7.200000000000000000e+01
-7.100000000000000000e+01
-7.000000000000000000e+01
-6.900000000000000000e+01
-6.800000000000000000e+01
-6.700000000000000000e+01
-6.600000000000000000e+01
-6.500000000000000000e+01
-6.400000000000000000e+01
-6.300000000000000000e+01
-6.200000000000000000e+01
-6.100000000000000000e+01
-6.000000000000000000e+01
-5.900000000000000000e+01
-5.800000000000000000e+01
-5.700000000000000000e+01
-5.600000000000000000e+01
-5.500000000000000000e+01
-5.400000000000000000e+01
-5.300000000000000000e+01
-5.200000000000000000e+01
-5.100000000000000000e+01
-5.000000000000000000e+01
-4.900000000000000000e+01
-4.800000000000000000e+01
-4.700000000000000000e+01
-4.600000000000000000e+01
-4.500000000000000000e+01
-4.400000000000000000e+01
-4.300000000000000000e+01
-4.200000000000000000e+01
-4.100000000000000000e+01
-4.000000000000000000e+01
-3.900000000000000000e+01
-3.800000000000000000e+01
-3.700000000000000000e+01
-3.600000000000000000e+01
-3.500000000000000000e+01
-3.400000000000000000e+01
-3.300000000000000000e+01
-3.200000000000000000e+01
-3.100000000000000000e+01
-3.000000000000000000e+01
-2.900000000000000000e+01
-2.800000000000000000e+01
-2.700000000000000000e+01
-2.600000000000000000e+01
-2.500000000000000000e+01
-2.400000000000000000e+01
-2.300000000000000000e+01
-2.200000000000000000e+01
-2.100000000000000000e+01
-2.000000000000000000e+01
-1.900000000000000000e+01
-1.800000000000000000e+01
-1.700000000000000000e+01
-1.600000000000000000e+01
-1.500000000000000000e+01
-1.400000000000000000e+01
-1.300000000000000000e+01
-1.200000000000000000e+01
-1.100000000000000000e+01
-1.000000000000000000e+01
-9.000000000000000000e+00
-8.000000000000000000e+00
-7.000000000000000000e+00
-6.000000000000000000e+00
-5.000000000000000000e+00
-4.000000000000000000e+00
-3.000000000000000000e+00
-2.000000000000000000e+00
-1.000000000000000000e+00
0.000000000000000000e+00
1.000000000000000000e+00
2.000000000000000000e+00
3.000000000000000000e+00
4.000000000000000000e+00
5.000000000000000000e+00
6.000000000000000000e+00
7.000000000000000000e+00
8.000000000000000000e+00
9.000000000000000000e+00
1.000000000000000000e+01
1.100000000000000000e+01
1.200000000000000000e+01
1.300000000000000000e+01
1.400000000000000000e+01
1.500000000000000000e+01
1.600000000000000000e+01
1.700000000000000000e+01
1.800000000000000000e+01
1.900000000000000000e+01
2.000000000000000000e+01
2.100000000000000000e+01
2.200000000000000000e+01
2.300000000000000000e+01
2.400000000000000000e+01
2.500000000000000000e+01
2.600000000000000000e+01
2.700000000000000000e+01
2.800000000000000000e+01
2.900000000000000000e+01
3.000000000000000000e+01
3.100000000000000000e+01
3.200000000000000000e+01
3.300000000000000000e+01
3.400000000000000000e+01
3.500000000000000000e+01
3.600000000000000000e+01
3.700000000000000000e+01
3.800000000000000000e+01
3.900000000000000000e+01
4.000000000000000000e+01
4.100000000000000000e+01
4.200000000000000000e+01
4.300000000000000000e+01
4.400000000000000000e+01
4.500000000000000000e+01
4.600000000000000000e+01
4.700000000000000000e+01
4.800000000000000000e+01
4.900000000000000000e+01
5.000000000000000000e+01
5.100000000000000000e+01
5.200000000000000000e+01
5.300000000000000000e+01
5.400000000000000000e+01
5.500000000000000000e+01
5.600000000000000000e+01
5.700000000000000000e+01
5.800000000000000000e+01
5.900000000000000000e+01
6.000000000000000000e+01
6.100000000000000000e+01
6.200000000000000000e+01
6.300000000000000000e+01
6.400000000000000000e+01
6.500000000000000000e+01
6.600000000000000000e+01
6.700000000000000000e+01
6.800000000000000000e+01
6.900000000000000000e+01
7.000000000000000000e+01
7.100000000000000000e+01
7.200000000000000000e+01
7.300000000000000000e+01
7.400000000000000000e+01
7.500000000000000000e+01
7.600000000000000000e+01
7.700000000000000000e+01
7.800000000000000000e+01
7.900000000000000000e+01
8.000000000000000000e+01
8.100000000000000000e+01
8.200000000000000000e+01
8.300000000000000000e+01
8.400000000000000000e+01
8.500000000000000000e+01
8.600000000000000000e+01
8.700000000000000000e+01
8.800000000000000000e+01
8.900000000000000000e+01
9.000000000000000000e+01
9.100000000000000000e+01
9.200000000000000000e+01
9.300000000000000000e+01
9.400000000000000000e+01
9.500000000000000000e+01
9.600000000000000000e+01
9.700000000000000000e+01
9.800000000000000000e+01
9.900000000000000000e+01
