single photon fraction:    0.6000
laser fraction:    0.2000
thermal source fraction:    0.1000
non-detected fraction:    0.1000
number of bins:  200.0000
bin width (ns):    1.0000
average detection events per bin: 5000.0000

# binary result
1.000000000000000000e+00

# g2 signal
9.985117940322941754e-01
9.915916362824616082e-01
1.000967333879009047e+00
1.021504576233350781e+00
1.006101644467594536e+00
9.971724086613589222e-01
9.953865615001117328e-01
9.882431728551233086e-01
1.022620730709130177e+00
9.969491777662029541e-01
9.940471761291763686e-01
9.980653322419824613e-01
9.918148671776174652e-01
9.915916362824616082e-01
1.005878413572438568e+00
1.010343031475556375e+00
9.860108639035644051e-01
9.882431728551233086e-01
1.026638886821936270e+00
9.884664037502791656e-01
9.922613289679292903e-01
1.013245033112582849e+00
9.951633306049558758e-01
1.018156112806012592e+00
9.786442443634200128e-01
1.012128878636803453e+00
1.006324875362750282e+00
9.904754818066822120e-01
9.699382394523403672e-01
1.012575340427115167e+00
1.012575340427115167e+00
9.951633306049558758e-01
9.982885631371383184e-01
1.006548106257906250e+00
1.014807649378674181e+00
9.918148671776174652e-01
9.940471761291763686e-01
1.013914725798050531e+00
9.953865615001117328e-01
1.043157973063472133e+00
1.009673338790088692e+00
9.690453158717168280e-01
1.000744102983853079e+00
9.944936379194881937e-01
1.005878413572438568e+00
9.987350249274501435e-01
1.014584418483518213e+00
1.001637026564476729e+00
9.953865615001117328e-01
1.009003646104621010e+00
1.000297641193541365e+00
9.768583972021729345e-01
9.976188704516706363e-01
9.793139370488876949e-01
1.040255971426445658e+00
9.889128655405909907e-01
1.010789493265868089e+00
1.004762259096659172e+00
1.040479202321601404e+00
1.019272267281791988e+00
9.779745516779523307e-01
9.873502492744997694e-01
9.989582558226060005e-01
1.021058114443039067e+00
1.005878413572438568e+00
9.853411712180967230e-01
1.025522732346156873e+00
9.806533224198230592e-01
1.012128878636803453e+00
1.007217798943373932e+00
9.987350249274501435e-01
1.005655182677282600e+00
1.001190564774164793e+00
1.014584418483518213e+00
9.973956395565147792e-01
9.980653322419824613e-01
1.008557184314309296e+00
1.007664260733685646e+00
9.958330232904235579e-01
1.000967333879009047e+00
1.002306719249944411e+00
1.033782275466924805e+00
9.723937792990551277e-01
1.015700572959297610e+00
1.028647964878339316e+00
1.007887491628841614e+00
1.009896569685244661e+00
1.012575340427115167e+00
1.014807649378674181e+00
1.009896569685244661e+00
1.008110722523997360e+00
1.000520872088697111e+00
1.002753181040256125e+00
1.006548106257906250e+00
1.004985489991814918e+00
9.804300915246670911e-01
1.012128878636803453e+00
1.002083488354788443e+00
1.014584418483518213e+00
1.004539028201503204e+00
4.457920976263115564e-01
1.010789493265868089e+00
1.014584418483518213e+00
1.016147034749609546e+00
1.032889351886301155e+00
9.757422427263934273e-01
9.965027159758912401e-01
9.915916362824616082e-01
1.015030880273829927e+00
1.000520872088697111e+00
1.000744102983853079e+00
9.779745516779523307e-01
9.936007143388646545e-01
1.011905647741647485e+00
9.998511794032295397e-01
9.987350249274501435e-01
9.967259468710470971e-01
9.802068606295112341e-01
9.882431728551233086e-01
1.014361187588362467e+00
9.978421013468264933e-01
1.017263189225388942e+00
1.033559044571768837e+00
1.002976411935412093e+00
9.911451744921498941e-01
9.902522509115262439e-01
1.001637026564476729e+00
1.000967333879009047e+00
9.978421013468264933e-01
9.920380980727734332e-01
1.010566262370712343e+00
9.719473175087433026e-01
1.000520872088697111e+00
9.949400997098000188e-01
1.023960116080065541e+00
1.014361187588362467e+00
9.862340947987202622e-01
1.034228737257236519e+00
1.000744102983853079e+00
1.011682416846491739e+00
1.005431951782126854e+00
9.958330232904235579e-01
9.918148671776174652e-01
9.828856313713819626e-01
1.003869335516035521e+00
9.891360964357468477e-01
9.759654736215493953e-01
9.886896346454350226e-01
1.014361187588362467e+00
1.017932881910856624e+00
9.835553240568496447e-01
1.015254111168985895e+00
1.011235955056179803e+00
1.014361187588362467e+00
9.663665451298460995e-01
1.021951038023662717e+00
9.911451744921498941e-01
1.021951038023662717e+00
9.840017858471613588e-01
1.007217798943373932e+00
1.012575340427115167e+00
1.011905647741647485e+00
1.037577200684574930e+00
9.761887045167052523e-01
9.971724086613589222e-01
1.020611652652727352e+00
9.764119354118611094e-01
1.009226876999776978e+00
9.958330232904235579e-01
1.028871195773495284e+00
9.976188704516706363e-01
1.005431951782126854e+00
1.012575340427115167e+00
1.018156112806012592e+00
1.000074410298385397e+00
1.024853039660689191e+00
9.869037874841879443e-01
9.898057891212145298e-01
9.871270183793438013e-01
1.005655182677282600e+00
1.009450107894932724e+00
9.998511794032295397e-01
9.819927077907584234e-01
1.016147034749609546e+00
1.018602574596324306e+00
1.005431951782126854e+00
9.739563955651463489e-01
1.007441029838529678e+00
1.000297641193541365e+00
9.942704070243323367e-01
9.920380980727734332e-01
1.033112582781457123e+00
9.927077907582411154e-01
1.002306719249944411e+00
9.893593273309027047e-01
1.008557184314309296e+00
1.005431951782126854e+00
9.730634719845228098e-01
9.851179403229408660e-01
1.000967333879009047e+00

# time bin value
-1.000000000000000000e+02
-9.900000000000000000e+01
-9.800000000000000000e+01
-9.700000000000000000e+01
-9.600000000000000000e+01
-9.500000000000000000e+01
-9.400000000000000000e+01
-9.300000000000000000e+01
-9.200000000000000000e+01
-9.100000000000000000e+01
-9.000000000000000000e+01
-8.900000000000000000e+01
-8.800000000000000000e+01
-8.700000000000000000e+01
-8.600000000000000000e+01
-8.500000000000000000e+01
-8.400000000000000000e+01
-8.300000000000000000e+01
-8.200000000000000000e+01
-8.100000000000000000e+01
-8.000000000000000000e+01
-7.900000000000000000e+01
-7.800000000000000000e+01
-7.700000000000000000e+01
-7.600000000000000000e+01
-7.500000000000000000e+01
-7.400000000000000000e+01
-7.300000000000000000e+01
-7.200000000000000000e+01
-7.100000000000000000e+01
-7.000000000000000000e+01
-6.900000000000000000e+01
-6.800000000000000000e+01
-6.700000000000000000e+01
-6.600000000000000000e+01
-6.500000000000000000e+01
-6.400000000000000000e+01
-6.300000000000000000e+01
-6.200000000000000000e+01
-6.100000000000000000e+01
-6.000000000000000000e+01
-5.900000000000000000e+01
-5.800000000000000000e+01
-5.700000000000000000e+01
-5.600000000000000000e+01
-5.500000000000000000e+01
-5.400000000000000000e+01
-5.300000000000000000e+01
-5.200000000000000000e+01
-5.100000000000000000e+01
-5.000000000000000000e+01
-4.900000000000000000e+01
-4.800000000000000000e+01
-4.700000000000000000e+01
-4.600000000000000000e+01
-4.500000000000000000e+01
-4.400000000000000000e+01
-4.300000000000000000e+01
-4.200000000000000000e+01
-4.100000000000000000e+01
-4.000000000000000000e+01
-3.900000000000000000e+01
-3.800000000000000000e+01
-3.700000000000000000e+01
-3.600000000000000000e+01
-3.500000000000000000e+01
-3.400000000000000000e+01
-3.300000000000000000e+01
-3.200000000000000000e+01
-3.100000000000000000e+01
-3.000000000000000000e+01
-2.900000000000000000e+01
-2.800000000000000000e+01
-2.700000000000000000e+01
-2.600000000000000000e+01
-2.500000000000000000e+01
-2.400000000000000000e+01
-2.300000000000000000e+01
-2.200000000000000000e+01
-2.100000000000000000e+01
-2.000000000000000000e+01
-1.900000000000000000e+01
-1.800000000000000000e+01
-1.700000000000000000e+01
-1.600000000000000000e+01
-1.500000000000000000e+01
-1.400000000000000000e+01
-1.300000000000000000e+01
-1.200000000000000000e+01
-1.100000000000000000e+01
-1.000000000000000000e+01
-9.000000000000000000e+00
-8.000000000000000000e+00
-7.000000000000000000e+00
-6.000000000000000000e+00
-5.000000000000000000e+00
-4.000000000000000000e+00
-3.000000000000000000e+00
-2.000000000000000000e+00
-1.000000000000000000e+00
0.000000000000000000e+00
1.000000000000000000e+00
2.000000000000000000e+00
3.000000000000000000e+00
4.000000000000000000e+00
5.000000000000000000e+00
6.000000000000000000e+00
7.000000000000000000e+00
8.000000000000000000e+00
9.000000000000000000e+00
1.000000000000000000e+01
1.100000000000000000e+01
1.200000000000000000e+01
1.300000000000000000e+01
1.400000000000000000e+01
1.500000000000000000e+01
1.600000000000000000e+01
1.700000000000000000e+01
1.800000000000000000e+01
1.900000000000000000e+01
2.000000000000000000e+01
2.100000000000000000e+01
2.200000000000000000e+01
2.300000000000000000e+01
2.400000000000000000e+01
2.500000000000000000e+01
2.600000000000000000e+01
2.700000000000000000e+01
2.800000000000000000e+01
2.900000000000000000e+01
3.000000000000000000e+01
3.100000000000000000e+01
3.200000000000000000e+01
3.300000000000000000e+01
3.400000000000000000e+01
3.500000000000000000e+01
3.600000000000000000e+01
3.700000000000000000e+01
3.800000000000000000e+01
3.900000000000000000e+01
4.000000000000000000e+01
4.100000000000000000e+01
4.200000000000000000e+01
4.300000000000000000e+01
4.400000000000000000e+01
4.500000000000000000e+01
4.600000000000000000e+01
4.700000000000000000e+01
4.800000000000000000e+01
4.900000000000000000e+01
5.000000000000000000e+01
5.100000000000000000e+01
5.200000000000000000e+01
5.300000000000000000e+01
5.400000000000000000e+01
5.500000000000000000e+01
5.600000000000000000e+01
5.700000000000000000e+01
5.800000000000000000e+01
5.900000000000000000e+01
6.000000000000000000e+01
6.100000000000000000e+01
6.200000000000000000e+01
6.300000000000000000e+01
6.400000000000000000e+01
6.500000000000000000e+01
6.600000000000000000e+01
6.700000000000000000e+01
6.800000000000000000e+01
6.900000000000000000e+01
7.000000000000000000e+01
7.100000000000000000e+01
7.200000000000000000e+01
7.300000000000000000e+01
7.400000000000000000e+01
7.500000000000000000e+01
7.600000000000000000e+01
7.700000000000000000e+01
7.800000000000000000e+01
7.900000000000000000e+01
8.000000000000000000e+01
8.100000000000000000e+01
8.200000000000000000e+01
8.300000000000000000e+01
8.400000000000000000e+01
8.500000000000000000e+01
8.600000000000000000e+01
8.700000000000000000e+01
8.800000000000000000e+01
8.900000000000000000e+01
9.000000000000000000e+01
9.100000000000000000e+01
9.200000000000000000e+01
9.300000000000000000e+01
9.400000000000000000e+01
9.500000000000000000e+01
9.600000000000000000e+01
9.700000000000000000e+01
9.800000000000000000e+01
9.900000000000000000e+01
