single photon fraction:    0.6000
laser fraction:    0.2000
thermal source fraction:    0.1000
non-detected fraction:    0.1000
number of bins:  200.0000
bin width (ns):    1.0000
average detection events per bin: 5000.0000

# binary result
1.000000000000000000e+00

# g2 signal
1.000451740092416886e+00
1.006256637490855255e+00
1.029029696515498582e+00
9.948701079785335910e-01
9.966562302549762942e-01
1.004023984645302070e+00
1.004247249929857366e+00
9.904048022874271107e-01
9.982190872468634790e-01
1.038853369035932950e+00
9.930839857020909989e-01
9.745529670839989667e-01
1.021438676840617399e+00
1.012954596027515031e+00
1.006926433344521143e+00
9.950933732630889983e-01
1.009382351474629846e+00
1.027243574239055990e+00
1.010052147328295735e+00
9.959864344013102944e-01
1.010721943181961846e+00
9.892884758646505183e-01
9.910745981410931105e-01
9.993354136696401824e-01
9.973260261086421830e-01
1.043541940011594837e+00
9.993354136696401824e-01
1.017643167003176918e+00
9.723203142384456710e-01
9.866092924499865191e-01
9.897350064337611109e-01
1.002237862368859478e+00
9.687480696855604867e-01
9.832603131816566311e-01
9.968794955395315904e-01
9.919676592793144065e-01
9.977725566777528865e-01
9.991121483850847751e-01
1.027466839523611286e+00
1.003130923507080663e+00
9.897350064337611109e-01
1.008042759767297847e+00
1.006479902775410551e+00
1.008712555620963958e+00
1.003800719360746774e+00
9.995586789541954786e-01
1.020768880986951510e+00
9.854929660272099268e-01
1.012061534889293846e+00
9.727668448075563745e-01
1.013177861312070327e+00
9.872790883036525189e-01
9.895117411492058146e-01
1.001791331799748663e+00
1.016750105864955511e+00
1.002461127653414774e+00
9.964329649704208869e-01
1.013847657165736438e+00
9.984423525314188863e-01
1.026127247816279286e+00
1.007596229198187254e+00
9.904048022874271107e-01
1.007819494482742551e+00
1.021215411556062103e+00
1.034834593913936951e+00
1.007596229198187254e+00
9.783484769214394472e-01
9.832603131816566311e-01
1.001568066515193367e+00
1.031262349361051767e+00
9.868325577345419264e-01
9.924141898484249991e-01
9.754460282222202627e-01
1.000898270661527478e+00
9.971027608240868867e-01
9.624966417180113032e-01
1.032825206352939063e+00
1.008042759767297847e+00
1.020545615702396214e+00
9.765623546449968551e-01
1.007596229198187254e+00
9.993354136696401824e-01
1.002907658222525367e+00
9.694178655392264865e-01
1.004247249929857366e+00
1.005140311068078551e+00
1.001791331799748663e+00
1.000675005376972182e+00
1.002014597084303960e+00
1.028583165946387989e+00
1.007819494482742551e+00
1.026573778385389879e+00
1.027466839523611286e+00
1.021215411556062103e+00
1.004917045783523255e+00
9.944235774094229985e-01
9.837068437507673346e-01
1.009828882043740439e+00
9.964329649704208869e-01
1.019206023995064214e+00
4.541215887855335476e-01
9.935305162712017024e-01
1.002684392937970070e+00
1.018536228141398103e+00
9.821439867588800388e-01
1.000228474807861367e+00
9.696411308237817828e-01
9.868325577345419264e-01
9.832603131816566311e-01
1.022331737978838806e+00
1.006926433344521143e+00
1.005810106921744662e+00
1.005586841637189366e+00
9.973260261086421830e-01
1.003354188791635959e+00
9.957631691167548871e-01
9.906280675719824069e-01
9.890652105800951110e-01
1.013624391881181142e+00
1.031262349361051767e+00
9.794648033442161505e-01
9.839301090353226309e-01
9.794648033442161505e-01
1.008266025051853143e+00
9.975492913931975902e-01
1.009605616759185143e+00
9.946468426939782947e-01
9.975492913931975902e-01
9.812509256206587427e-01
1.016750105864955511e+00
9.707574572465583751e-01
9.850464354580992232e-01
9.863860271654312228e-01
1.010498677897406550e+00
1.005810106921744662e+00
1.011615004320183031e+00
1.031485614645607063e+00
1.008712555620963958e+00
1.014517453019402327e+00
1.020099085133285399e+00
9.904048022874271107e-01
9.897350064337611109e-01
1.008042759767297847e+00
9.910745981410931105e-01
1.003354188791635959e+00
9.883954147264292223e-01
9.982190872468634790e-01
1.004470515214412663e+00
1.022108472694283510e+00
1.016080310011289622e+00
1.001121535946082775e+00
1.023001533832504695e+00
1.017643167003176918e+00
9.935305162712017024e-01
1.003800719360746774e+00
9.732133753766669670e-01
1.010945208466517142e+00
1.008042759767297847e+00
9.933072509866462951e-01
1.008266025051853143e+00
1.012284800173849142e+00
9.915211287102037030e-01
9.848231701735439270e-01
9.779019463523288547e-01
1.003130923507080663e+00
1.011838269604738327e+00
1.015633779442179030e+00
1.004247249929857366e+00
1.004247249929857366e+00
1.018089697572287511e+00
1.008042759767297847e+00
9.868325577345419264e-01
1.035057859198492247e+00
1.015187248873068215e+00
1.018759493425953622e+00
9.859394965963206303e-01
1.031262349361051767e+00
9.939770468403122949e-01
9.948701079785335910e-01
9.991121483850847751e-01
1.008935820905519254e+00
1.016750105864955511e+00
9.799113339133267431e-01
9.935305162712017024e-01
1.024341125539836694e+00
9.982190872468634790e-01
1.022331737978838806e+00
1.006926433344521143e+00
9.743297017994436704e-01
1.010721943181961846e+00
1.009159086190074550e+00
9.888419452955398148e-01
1.007149698629076662e+00
9.953166385476442946e-01
9.787950074905501507e-01
9.819207214743247425e-01
9.988888831005294788e-01
9.995586789541954786e-01
1.003354188791635959e+00
9.872790883036525189e-01

# time bin value
-1.000000000000000000e+02
-9.900000000000000000e+01
-9.800000000000000000e+01
-9.700000000000000000e+01
-9.600000000000000000e+01
-9.500000000000000000e+01
-9.400000000000000000e+01
-9.300000000000000000e+01
-9.200000000000000000e+01
-9.100000000000000000e+01
-9.000000000000000000e+01
-8.900000000000000000e+01
-8.800000000000000000e+01
-8.700000000000000000e+01
-8.600000000000000000e+01
-8.500000000000000000e+01
-8.400000000000000000e+01
-8.300000000000000000e+01
-8.200000000000000000e+01
-8.100000000000000000e+01
-8.000000000000000000e+01
-7.900000000000000000e+01
-7.800000000000000000e+01
-7.700000000000000000e+01
-7.600000000000000000e+01
-7.500000000000000000e+01
-7.400000000000000000e+01
-7.300000000000000000e+01
-7.200000000000000000e+01
-7.100000000000000000e+01
-7.000000000000000000e+01
-6.900000000000000000e+01
-6.800000000000000000e+01
-6.700000000000000000e+01
-6.600000000000000000e+01
-6.500000000000000000e+01
-6.400000000000000000e+01
-6.300000000000000000e+01
-6.200000000000000000e+01
-6.100000000000000000e+01
-6.000000000000000000e+01
-5.900000000000000000e+01
-5.800000000000000000e+01
-5.700000000000000000e+01
-5.600000000000000000e+01
-5.500000000000000000e+01
-5.400000000000000000e+01
-5.300000000000000000e+01
-5.200000000000000000e+01
-5.100000000000000000e+01
-5.000000000000000000e+01
-4.900000000000000000e+01
-4.800000000000000000e+01
-4.700000000000000000e+01
-4.600000000000000000e+01
-4.500000000000000000e+01
-4.400000000000000000e+01
-4.300000000000000000e+01
-4.200000000000000000e+01
-4.100000000000000000e+01
-4.000000000000000000e+01
-3.900000000000000000e+01
-3.800000000000000000e+01
-3.700000000000000000e+01
-3.600000000000000000e+01
-3.500000000000000000e+01
-3.400000000000000000e+01
-3.300000000000000000e+01
-3.200000000000000000e+01
-3.100000000000000000e+01
-3.000000000000000000e+01
-2.900000000000000000e+01
-2.800000000000000000e+01
-2.700000000000000000e+01
-2.600000000000000000e+01
-2.500000000000000000e+01
-2.400000000000000000e+01
-2.300000000000000000e+01
-2.200000000000000000e+01
-2.100000000000000000e+01
-2.000000000000000000e+01
-1.900000000000000000e+01
-1.800000000000000000e+01
-1.700000000000000000e+01
-1.600000000000000000e+01
-1.500000000000000000e+01
-1.400000000000000000e+01
-1.300000000000000000e+01
-1.200000000000000000e+01
-1.100000000000000000e+01
-1.000000000000000000e+01
-9.000000000000000000e+00
-8.000000000000000000e+00
-7.000000000000000000e+00
-6.000000000000000000e+00
-5.000000000000000000e+00
-4.000000000000000000e+00
-3.000000000000000000e+00
-2.000000000000000000e+00
-1.000000000000000000e+00
0.000000000000000000e+00
1.000000000000000000e+00
2.000000000000000000e+00
3.000000000000000000e+00
4.000000000000000000e+00
5.000000000000000000e+00
6.000000000000000000e+00
7.000000000000000000e+00
8.000000000000000000e+00
9.000000000000000000e+00
1.000000000000000000e+01
1.100000000000000000e+01
1.200000000000000000e+01
1.300000000000000000e+01
1.400000000000000000e+01
1.500000000000000000e+01
1.600000000000000000e+01
1.700000000000000000e+01
1.800000000000000000e+01
1.900000000000000000e+01
2.000000000000000000e+01
2.100000000000000000e+01
2.200000000000000000e+01
2.300000000000000000e+01
2.400000000000000000e+01
2.500000000000000000e+01
2.600000000000000000e+01
2.700000000000000000e+01
2.800000000000000000e+01
2.900000000000000000e+01
3.000000000000000000e+01
3.100000000000000000e+01
3.200000000000000000e+01
3.300000000000000000e+01
3.400000000000000000e+01
3.500000000000000000e+01
3.600000000000000000e+01
3.700000000000000000e+01
3.800000000000000000e+01
3.900000000000000000e+01
4.000000000000000000e+01
4.100000000000000000e+01
4.200000000000000000e+01
4.300000000000000000e+01
4.400000000000000000e+01
4.500000000000000000e+01
4.600000000000000000e+01
4.700000000000000000e+01
4.800000000000000000e+01
4.900000000000000000e+01
5.000000000000000000e+01
5.100000000000000000e+01
5.200000000000000000e+01
5.300000000000000000e+01
5.400000000000000000e+01
5.500000000000000000e+01
5.600000000000000000e+01
5.700000000000000000e+01
5.800000000000000000e+01
5.900000000000000000e+01
6.000000000000000000e+01
6.100000000000000000e+01
6.200000000000000000e+01
6.300000000000000000e+01
6.400000000000000000e+01
6.500000000000000000e+01
6.600000000000000000e+01
6.700000000000000000e+01
6.800000000000000000e+01
6.900000000000000000e+01
7.000000000000000000e+01
7.100000000000000000e+01
7.200000000000000000e+01
7.300000000000000000e+01
7.400000000000000000e+01
7.500000000000000000e+01
7.600000000000000000e+01
7.700000000000000000e+01
7.800000000000000000e+01
7.900000000000000000e+01
8.000000000000000000e+01
8.100000000000000000e+01
8.200000000000000000e+01
8.300000000000000000e+01
8.400000000000000000e+01
8.500000000000000000e+01
8.600000000000000000e+01
8.700000000000000000e+01
8.800000000000000000e+01
8.900000000000000000e+01
9.000000000000000000e+01
9.100000000000000000e+01
9.200000000000000000e+01
9.300000000000000000e+01
9.400000000000000000e+01
9.500000000000000000e+01
9.600000000000000000e+01
9.700000000000000000e+01
9.800000000000000000e+01
9.900000000000000000e+01
