single photon fraction:    0.6000
laser fraction:    0.2000
thermal source fraction:    0.1000
non-detected fraction:    0.1000
number of bins:  200.0000
bin width (ns):    1.0000
average detection events per bin: 5000.0000

# binary result
1.000000000000000000e+00

# g2 signal
9.666979184247329604e-01
1.013315330734555042e+00
9.789656585062651573e-01
1.020675974783474382e+00
1.008854334341270587e+00
1.007069935783956982e+00
9.865493523748486426e-01
9.740585624736523007e-01
1.010638732898584413e+00
9.843188541782064149e-01
1.031828465766685410e+00
9.941330462434321280e-01
1.021345124242467151e+00
9.767351603096229296e-01
9.814192065225715300e-01
1.002831989210336783e+00
9.983709928170523273e-01
1.020899024603138638e+00
9.718280642770100730e-01
9.809731068832431289e-01
1.022237323521123953e+00
1.008854334341270587e+00
1.007962135062613784e+00
9.981479429973880713e-01
1.007739085242949528e+00
1.007292985603621238e+00
9.921255978664541564e-01
1.013761430373883554e+00
1.022014273701459697e+00
1.008408234701942296e+00
1.009077384160934843e+00
1.003724188488993585e+00
9.876646014731697010e-01
1.009746533619927611e+00
1.001270640472687212e+00
1.003278088849665073e+00
1.001716740112015724e+00
9.809731068832431289e-01
9.858802029158559854e-01
1.018891576226160556e+00
1.013538380554219298e+00
1.006177736505299958e+00
1.035620312700977097e+00
1.024021722078437779e+00
1.023129522799780755e+00
9.695975660803678453e-01
9.927947473254468136e-01
9.999323415547018978e-01
1.008854334341270587e+00
1.003055039030001039e+00
1.001047590653022956e+00
1.027813569012729467e+00
9.745046621129807018e-01
9.932408469647752147e-01
9.794117581455935584e-01
1.008631284521606553e+00
1.007516035423285272e+00
9.983709928170523273e-01
1.007739085242949528e+00
9.742816122933164458e-01
1.031605415947021154e+00
9.912333985877972431e-01
1.002608939390672527e+00
1.003724188488993585e+00
1.002385889571008271e+00
1.010638732898584413e+00
9.829805552602211005e-01
1.009969583439591867e+00
1.013092280914890786e+00
1.011977031816569728e+00
9.834266548995495016e-01
9.970326938990670129e-01
1.013761430373883554e+00
9.849880036371990721e-01
1.001716740112015724e+00
9.869954520141770438e-01
9.934638967844394708e-01
9.854341032765274733e-01
9.979248931777239262e-01
9.885568007518266143e-01
9.849880036371990721e-01
9.896720498501476726e-01
9.974787935383954141e-01
1.001047590653022956e+00
1.016214978390189927e+00
9.687053668017109320e-01
1.000824540833358700e+00
9.950252455220890413e-01
9.930177971451110697e-01
1.001939789931679758e+00
1.004616387767650609e+00
1.006177736505299958e+00
1.007516035423285272e+00
1.010415683078920157e+00
9.968096440794027568e-01
1.021568174062131185e+00
9.979248931777239262e-01
9.919025480467899003e-01
1.000601491013694444e+00
9.945791458827605291e-01
4.554677317543388559e-01
9.787426086866009012e-01
1.006400786324964214e+00
9.961404946204100996e-01
1.043427056389224949e+00
9.845419039978706710e-01
1.002831989210336783e+00
1.003501138669329329e+00
9.827575054405568444e-01
9.968096440794027568e-01
1.003947238308657841e+00
1.016438028209854183e+00
1.027590519193065211e+00
9.907872989484688420e-01
1.001716740112015724e+00
9.985940426367165834e-01
9.823114058012284433e-01
1.005731636865971668e+00
1.009300433980599099e+00
1.002162839751344015e+00
1.031828465766685410e+00
1.001939789931679758e+00
1.010861782718248669e+00
9.988170924563807285e-01
9.847649538175348161e-01
9.876646014731697010e-01
1.020899024603138638e+00
1.009077384160934843e+00
1.011530932177241437e+00
1.037404711258290924e+00
1.000824540833358700e+00
1.003501138669329329e+00
1.016214978390189927e+00
9.936869466041037269e-01
9.925716975057825575e-01
9.881107011124982131e-01
9.988170924563807285e-01
9.878876512928339571e-01
1.019337675865489068e+00
9.823114058012284433e-01
9.720511140966742181e-01
1.023575622439109267e+00
1.013538380554219298e+00
9.965865942597385008e-01
1.013315330734555042e+00
1.025136971176758838e+00
1.015099729291868869e+00
1.010638732898584413e+00
1.006846885964292726e+00
9.832036050798853566e-01
1.009969583439591867e+00
9.854341032765274733e-01
1.031159316307692864e+00
9.894490000304835275e-01
9.758429610309660163e-01
1.008185184882278040e+00
1.012423131455898240e+00
1.047218903323516637e+00
1.012646181275562496e+00
9.950252455220890413e-01
9.878876512928339571e-01
9.907872989484688420e-01
9.932408469647752147e-01
1.005062487406978899e+00
1.007069935783956982e+00
9.852110534568633282e-01
1.011084832537912925e+00
9.950252455220890413e-01
1.005062487406978899e+00
1.015099729291868869e+00
1.004170288128322097e+00
9.925716975057825575e-01
1.018222426767168010e+00
9.861032527355201305e-01
9.881107011124982131e-01
9.789656585062651573e-01
9.762890606702944174e-01
1.013984480193547810e+00
1.020675974783474382e+00
1.019560725685153324e+00
9.923486476861183014e-01
1.024021722078437779e+00
1.013315330734555042e+00
9.997092917350376418e-01
9.901181494894761848e-01
9.939099964237678719e-01
9.974787935383954141e-01
1.002608939390672527e+00
9.999323415547018978e-01
1.000378441194030410e+00
1.024690871537430326e+00
1.024244771898102035e+00
1.001939789931679758e+00
9.968096440794027568e-01
9.903411993091403298e-01
9.843188541782064149e-01
1.006846885964292726e+00
9.838727545388780138e-01
1.013538380554219298e+00
1.026698319914408408e+00

# time bin value
-1.000000000000000000e+02
-9.900000000000000000e+01
-9.800000000000000000e+01
-9.700000000000000000e+01
-9.600000000000000000e+01
-9.500000000000000000e+01
-9.400000000000000000e+01
-9.300000000000000000e+01
-9.200000000000000000e+01
-9.100000000000000000e+01
-9.000000000000000000e+01
-8.900000000000000000e+01
-8.800000000000000000e+01
-8.700000000000000000e+01
-8.600000000000000000e+01
-8.500000000000000000e+01
-8.400000000000000000e+01
-8.300000000000000000e+01
-8.200000000000000000e+01
-8.100000000000000000e+01
-8.000000000000000000e+01
-7.900000000000000000e+01
-7.800000000000000000e+01
-7.700000000000000000e+01
-7.600000000000000000e+01
-7.500000000000000000e+01
-7.400000000000000000e+01
-7.300000000000000000e+01
-7.200000000000000000e+01
-7.100000000000000000e+01
-7.000000000000000000e+01
-6.900000000000000000e+01
-6.800000000000000000e+01
-6.700000000000000000e+01
-6.600000000000000000e+01
-6.500000000000000000e+01
-6.400000000000000000e+01
-6.300000000000000000e+01
-6.200000000000000000e+01
-6.100000000000000000e+01
-6.000000000000000000e+01
-5.900000000000000000e+01
-5.800000000000000000e+01
-5.700000000000000000e+01
-5.600000000000000000e+01
-5.500000000000000000e+01
-5.400000000000000000e+01
-5.300000000000000000e+01
-5.200000000000000000e+01
-5.100000000000000000e+01
-5.000000000000000000e+01
-4.900000000000000000e+01
-4.800000000000000000e+01
-4.700000000000000000e+01
-4.600000000000000000e+01
-4.500000000000000000e+01
-4.400000000000000000e+01
-4.300000000000000000e+01
-4.200000000000000000e+01
-4.100000000000000000e+01
-4.000000000000000000e+01
-3.900000000000000000e+01
-3.800000000000000000e+01
-3.700000000000000000e+01
-3.600000000000000000e+01
-3.500000000000000000e+01
-3.400000000000000000e+01
-3.300000000000000000e+01
-3.200000000000000000e+01
-3.100000000000000000e+01
-3.000000000000000000e+01
-2.900000000000000000e+01
-2.800000000000000000e+01
-2.700000000000000000e+01
-2.600000000000000000e+01
-2.500000000000000000e+01
-2.400000000000000000e+01
-2.300000000000000000e+01
-2.200000000000000000e+01
-2.100000000000000000e+01
-2.000000000000000000e+01
-1.900000000000000000e+01
-1.800000000000000000e+01
-1.700000000000000000e+01
-1.600000000000000000e+01
-1.500000000000000000e+01
-1.400000000000000000e+01
-1.300000000000000000e+01
-1.200000000000000000e+01
-1.100000000000000000e+01
-1.000000000000000000e+01
-9.000000000000000000e+00
-8.000000000000000000e+00
-7.000000000000000000e+00
-6.000000000000000000e+00
-5.000000000000000000e+00
-4.000000000000000000e+00
-3.000000000000000000e+00
-2.000000000000000000e+00
-1.000000000000000000e+00
0.000000000000000000e+00
1.000000000000000000e+00
2.000000000000000000e+00
3.000000000000000000e+00
4.000000000000000000e+00
5.000000000000000000e+00
6.000000000000000000e+00
7.000000000000000000e+00
8.000000000000000000e+00
9.000000000000000000e+00
1.000000000000000000e+01
1.100000000000000000e+01
1.200000000000000000e+01
1.300000000000000000e+01
1.400000000000000000e+01
1.500000000000000000e+01
1.600000000000000000e+01
1.700000000000000000e+01
1.800000000000000000e+01
1.900000000000000000e+01
2.000000000000000000e+01
2.100000000000000000e+01
2.200000000000000000e+01
2.300000000000000000e+01
2.400000000000000000e+01
2.500000000000000000e+01
2.600000000000000000e+01
2.700000000000000000e+01
2.800000000000000000e+01
2.900000000000000000e+01
3.000000000000000000e+01
3.100000000000000000e+01
3.200000000000000000e+01
3.300000000000000000e+01
3.400000000000000000e+01
3.500000000000000000e+01
3.600000000000000000e+01
3.700000000000000000e+01
3.800000000000000000e+01
3.900000000000000000e+01
4.000000000000000000e+01
4.100000000000000000e+01
4.200000000000000000e+01
4.300000000000000000e+01
4.400000000000000000e+01
4.500000000000000000e+01
4.600000000000000000e+01
4.700000000000000000e+01
4.800000000000000000e+01
4.900000000000000000e+01
5.000000000000000000e+01
5.100000000000000000e+01
5.200000000000000000e+01
5.300000000000000000e+01
5.400000000000000000e+01
5.500000000000000000e+01
5.600000000000000000e+01
5.700000000000000000e+01
5.800000000000000000e+01
5.900000000000000000e+01
6.000000000000000000e+01
6.100000000000000000e+01
6.200000000000000000e+01
6.300000000000000000e+01
6.400000000000000000e+01
6.500000000000000000e+01
6.600000000000000000e+01
6.700000000000000000e+01
6.800000000000000000e+01
6.900000000000000000e+01
7.000000000000000000e+01
7.100000000000000000e+01
7.200000000000000000e+01
7.300000000000000000e+01
7.400000000000000000e+01
7.500000000000000000e+01
7.600000000000000000e+01
7.700000000000000000e+01
7.800000000000000000e+01
7.900000000000000000e+01
8.000000000000000000e+01
8.100000000000000000e+01
8.200000000000000000e+01
8.300000000000000000e+01
8.400000000000000000e+01
8.500000000000000000e+01
8.600000000000000000e+01
8.700000000000000000e+01
8.800000000000000000e+01
8.900000000000000000e+01
9.000000000000000000e+01
9.100000000000000000e+01
9.200000000000000000e+01
9.300000000000000000e+01
9.400000000000000000e+01
9.500000000000000000e+01
9.600000000000000000e+01
9.700000000000000000e+01
9.800000000000000000e+01
9.900000000000000000e+01
