single photon fraction:    0.6000
laser fraction:    0.2000
thermal source fraction:    0.1000
non-detected fraction:    0.1000
number of bins:  200.0000
bin width (ns):    1.0000
average detection events per bin: 5000.0000

# binary result
1.000000000000000000e+00

# g2 signal
9.968570383607834318e-01
1.014251859164394531e+00
1.035660869384223304e+00
1.017374006488119598e+00
1.011129711840669465e+00
1.031869690491128644e+00
1.002209290915740736e+00
1.020942174858090912e+00
1.009122617132560462e+00
1.013359817071901592e+00
9.923968278983190672e-01
1.000871227777001327e+00
9.981951014995227300e-01
9.625134177998079243e-01
1.010683690794422995e+00
1.011575732886915935e+00
9.774551228490635513e-01
9.872675858664851090e-01
9.930658594676887718e-01
1.000425206730754857e+00
1.017820027534365845e+00
9.959649962682906033e-01
1.004885417193219332e+00
1.014028848641271185e+00
9.674196493085187587e-01
1.018043038057489191e+00
1.032761732583621583e+00
1.005331438239465802e+00
9.903897331902101753e-01
9.727719018634759518e-01
1.023618301135569508e+00
9.986411225457691998e-01
1.011575732886915935e+00
9.975260699301531364e-01
1.001986280392617390e+00
9.981951014995227300e-01
1.001763269869494266e+00
1.024510343228062448e+00
1.004439396146972863e+00
1.009568638178806932e+00
1.016704974918749782e+00
1.000871227777001327e+00
9.839224280196368078e-01
1.020719164334967788e+00
1.012690785502531998e+00
9.990871435920156696e-01
1.008899606609437338e+00
9.765630807565706117e-01
1.015366911780010595e+00
9.872675858664851090e-01
9.763400702334474879e-01
1.026294427413048327e+00
9.654125546004097558e-01
1.011798743410039059e+00
1.024956364274308918e+00
1.007784553993821053e+00
1.015589922303133719e+00
9.857065122046225758e-01
1.012467774979408652e+00
1.010237669748176526e+00
1.017597017011242722e+00
9.810232912190349763e-01
1.010237669748176526e+00
1.003101333008233675e+00
1.006669501378204989e+00
9.825843648808975095e-01
1.005331438239465802e+00
1.016704974918749782e+00
1.018043038057489191e+00
9.944039226064280701e-01
1.010237669748176526e+00
9.946269331295513050e-01
9.923968278983190672e-01
1.015589922303133719e+00
1.009568638178806932e+00
9.857065122046225758e-01
9.977490804532763713e-01
9.957419857451673684e-01
9.915047858058262387e-01
9.819153333115279159e-01
1.000871227777001327e+00
1.003993375100726393e+00
1.016927985441873128e+00
9.669736282622722889e-01
1.003101333008233675e+00
9.937348910370583654e-01
9.912817752827030038e-01
9.774551228490635513e-01
9.794622175571724432e-01
1.048149458679123569e+00
1.017150995964996252e+00
1.034768827291730586e+00
9.984181120226459649e-01
9.919508068520727084e-01
9.859295227277458107e-01
1.006000469808835396e+00
1.009791648701930056e+00
9.975260699301531364e-01
1.014474869687517655e+00
9.901667226670869404e-01
4.411148147377247919e-01
9.919508068520727084e-01
1.006000469808835396e+00
9.966340278376601969e-01
9.899437121439637055e-01
1.006446490855081866e+00
1.000425206730754857e+00
9.944039226064280701e-01
9.977490804532763713e-01
9.932888699908120067e-01
9.865985542971154043e-01
1.003770364577603269e+00
9.977490804532763713e-01
9.995331646382620283e-01
9.970800488839066666e-01
9.745559860484617198e-01
9.879366174358548136e-01
9.816923227884046810e-01
9.993101541151389045e-01
1.011352722363792589e+00
9.973030594070299015e-01
1.007115522424451459e+00
9.816923227884046810e-01
9.981951014995227300e-01
1.000871227777001327e+00
9.839224280196368078e-01
1.000871227777001327e+00
1.017374006488119598e+00
9.964110173145370730e-01
1.005554448762588926e+00
1.006669501378204989e+00
1.025625395843678511e+00
1.000425206730754857e+00
9.879366174358548136e-01
1.010014659225053402e+00
9.841454385427600426e-01
1.006669501378204989e+00
9.729949123865991867e-01
9.919508068520727084e-01
1.003101333008233675e+00
1.012021753933162183e+00
1.005554448762588926e+00
9.997561751613852632e-01
9.901667226670869404e-01
9.897207016208404706e-01
9.758940491872010181e-01
1.004439396146972863e+00
9.923968278983190672e-01
9.979720909763996062e-01
1.012913796025655122e+00
1.015143901256887249e+00
9.865985542971154043e-01
1.018266048580612315e+00
9.917277963289494735e-01
9.627364283229311592e-01
9.836994174965135729e-01
9.890516700514708770e-01
1.032092701014251768e+00
9.640744914616704575e-01
1.005554448762588926e+00
1.012690785502531998e+00
9.941809120833048352e-01
9.988641330688924347e-01
1.012244764456285528e+00
1.014251859164394531e+00
9.894976910977172357e-01
9.955189752220441335e-01
9.921738173751959433e-01
1.020273143288721318e+00
1.005554448762588926e+00
9.959649962682906033e-01
1.007115522424451459e+00
9.830303859271439793e-01
1.003547354054479923e+00
9.968570383607834318e-01
1.003547354054479923e+00
9.915047858058262387e-01
1.007784553993821053e+00
9.897207016208404706e-01
1.006446490855081866e+00
9.993101541151389045e-01
1.014697880210641001e+00
9.707648071553669489e-01
1.021165185381214258e+00
1.008007564516944399e+00
9.966340278376601969e-01
1.014920890733764125e+00
1.008453585563190869e+00
1.002655311961987206e+00
1.007115522424451459e+00
1.018489059103735661e+00
1.010014659225053402e+00
9.792392070340493193e-01
1.003547354054479923e+00
1.001317248823247796e+00
1.010460680271299649e+00
9.950729541757977747e-01
1.011575732886915935e+00
9.834764069733904490e-01
9.790161965109260844e-01

# time bin value
-1.000000000000000000e+02
-9.900000000000000000e+01
-9.800000000000000000e+01
-9.700000000000000000e+01
-9.600000000000000000e+01
-9.500000000000000000e+01
-9.400000000000000000e+01
-9.300000000000000000e+01
-9.200000000000000000e+01
-9.100000000000000000e+01
-9.000000000000000000e+01
-8.900000000000000000e+01
-8.800000000000000000e+01
-8.700000000000000000e+01
-8.600000000000000000e+01
-8.500000000000000000e+01
-8.400000000000000000e+01
-8.300000000000000000e+01
-8.200000000000000000e+01
-8.100000000000000000e+01
-8.000000000000000000e+01
-7.900000000000000000e+01
-7.800000000000000000e+01
-7.700000000000000000e+01
-7.600000000000000000e+01
-7.500000000000000000e+01
-7.400000000000000000e+01
-7.300000000000000000e+01
-7.200000000000000000e+01
-7.100000000000000000e+01
-7.000000000000000000e+01
-6.900000000000000000e+01
-6.800000000000000000e+01
-6.700000000000000000e+01
-6.600000000000000000e+01
-6.500000000000000000e+01
-6.400000000000000000e+01
-6.300000000000000000e+01
-6.200000000000000000e+01
-6.100000000000000000e+01
-6.000000000000000000e+01
-5.900000000000000000e+01
-5.800000000000000000e+01
-5.700000000000000000e+01
-5.600000000000000000e+01
-5.500000000000000000e+01
-5.400000000000000000e+01
-5.300000000000000000e+01
-5.200000000000000000e+01
-5.100000000000000000e+01
-5.000000000000000000e+01
-4.900000000000000000e+01
-4.800000000000000000e+01
-4.700000000000000000e+01
-4.600000000000000000e+01
-4.500000000000000000e+01
-4.400000000000000000e+01
-4.300000000000000000e+01
-4.200000000000000000e+01
-4.100000000000000000e+01
-4.000000000000000000e+01
-3.900000000000000000e+01
-3.800000000000000000e+01
-3.700000000000000000e+01
-3.600000000000000000e+01
-3.500000000000000000e+01
-3.400000000000000000e+01
-3.300000000000000000e+01
-3.200000000000000000e+01
-3.100000000000000000e+01
-3.000000000000000000e+01
-2.900000000000000000e+01
-2.800000000000000000e+01
-2.700000000000000000e+01
-2.600000000000000000e+01
-2.500000000000000000e+01
-2.400000000000000000e+01
-2.300000000000000000e+01
-2.200000000000000000e+01
-2.100000000000000000e+01
-2.000000000000000000e+01
-1.900000000000000000e+01
-1.800000000000000000e+01
-1.700000000000000000e+01
-1.600000000000000000e+01
-1.500000000000000000e+01
-1.400000000000000000e+01
-1.300000000000000000e+01
-1.200000000000000000e+01
-1.100000000000000000e+01
-1.000000000000000000e+01
-9.000000000000000000e+00
-8.000000000000000000e+00
-7.000000000000000000e+00
-6.000000000000000000e+00
-5.000000000000000000e+00
-4.000000000000000000e+00
-3.000000000000000000e+00
-2.000000000000000000e+00
-1.000000000000000000e+00
0.000000000000000000e+00
1.000000000000000000e+00
2.000000000000000000e+00
3.000000000000000000e+00
4.000000000000000000e+00
5.000000000000000000e+00
6.000000000000000000e+00
7.000000000000000000e+00
8.000000000000000000e+00
9.000000000000000000e+00
1.000000000000000000e+01
1.100000000000000000e+01
1.200000000000000000e+01
1.300000000000000000e+01
1.400000000000000000e+01
1.500000000000000000e+01
1.600000000000000000e+01
1.700000000000000000e+01
1.800000000000000000e+01
1.900000000000000000e+01
2.000000000000000000e+01
2.100000000000000000e+01
2.200000000000000000e+01
2.300000000000000000e+01
2.400000000000000000e+01
2.500000000000000000e+01
2.600000000000000000e+01
2.700000000000000000e+01
2.800000000000000000e+01
2.900000000000000000e+01
3.000000000000000000e+01
3.100000000000000000e+01
3.200000000000000000e+01
3.300000000000000000e+01
3.400000000000000000e+01
3.500000000000000000e+01
3.600000000000000000e+01
3.700000000000000000e+01
3.800000000000000000e+01
3.900000000000000000e+01
4.000000000000000000e+01
4.100000000000000000e+01
4.200000000000000000e+01
4.300000000000000000e+01
4.400000000000000000e+01
4.500000000000000000e+01
4.600000000000000000e+01
4.700000000000000000e+01
4.800000000000000000e+01
4.900000000000000000e+01
5.000000000000000000e+01
5.100000000000000000e+01
5.200000000000000000e+01
5.300000000000000000e+01
5.400000000000000000e+01
5.500000000000000000e+01
5.600000000000000000e+01
5.700000000000000000e+01
5.800000000000000000e+01
5.900000000000000000e+01
6.000000000000000000e+01
6.100000000000000000e+01
6.200000000000000000e+01
6.300000000000000000e+01
6.400000000000000000e+01
6.500000000000000000e+01
6.600000000000000000e+01
6.700000000000000000e+01
6.800000000000000000e+01
6.900000000000000000e+01
7.000000000000000000e+01
7.100000000000000000e+01
7.200000000000000000e+01
7.300000000000000000e+01
7.400000000000000000e+01
7.500000000000000000e+01
7.600000000000000000e+01
7.700000000000000000e+01
7.800000000000000000e+01
7.900000000000000000e+01
8.000000000000000000e+01
8.100000000000000000e+01
8.200000000000000000e+01
8.300000000000000000e+01
8.400000000000000000e+01
8.500000000000000000e+01
8.600000000000000000e+01
8.700000000000000000e+01
8.800000000000000000e+01
8.900000000000000000e+01
9.000000000000000000e+01
9.100000000000000000e+01
9.200000000000000000e+01
9.300000000000000000e+01
9.400000000000000000e+01
9.500000000000000000e+01
9.600000000000000000e+01
9.700000000000000000e+01
9.800000000000000000e+01
9.900000000000000000e+01
