single photon fraction:    0.6000
laser fraction:    0.2000
thermal source fraction:    0.1000
non-detected fraction:    0.1000
number of bins:  200.0000
bin width (ns):    1.0000
average detection events per bin: 5000.0000

# binary result
1.000000000000000000e+00

# g2 signal
9.800665562596539981e-01
1.017735705226650023e+00
1.001464416027888493e+00
9.974523173213445393e-01
1.018850177089579034e+00
1.020633332070265187e+00
9.923257467518716846e-01
1.010380190931319477e+00
9.987896835568591536e-01
9.994583666746165163e-01
1.000349944164959703e+00
1.004139148498917722e+00
1.006145197852189810e+00
1.008597035950633325e+00
1.012609134657177279e+00
1.008151247205461676e+00
1.013500712147520355e+00
9.646868445512355450e-01
1.004807831616675085e+00
1.026428585757495293e+00
1.007705458460290249e+00
9.847473380839553148e-01
1.028657529483353095e+00
1.008374141578047611e+00
1.006368092224775523e+00
1.021302015188022549e+00
9.776147181612104831e-01
1.004584937244089371e+00
1.003470465381160359e+00
9.952233735954867377e-01
1.009934402186148050e+00
1.000127049792373768e+00
1.025759902639737930e+00
9.985667891842734400e-01
9.974523173213445393e-01
9.905425917711855321e-01
9.965607398310014631e-01
1.008151247205461676e+00
1.001464416027888493e+00
9.938860073599721234e-01
9.961149510858299250e-01
9.836328662210264140e-01
1.028434635110767381e+00
9.867533874372272917e-01
1.035344360660926277e+00
1.000572838537545417e+00
9.912112748889427838e-01
9.896510142808423449e-01
9.820726056129259751e-01
9.974523173213445393e-01
9.999041554197880544e-01
9.999041554197880544e-01
1.001018627282716844e+00
1.020410437697679473e+00
1.020410437697679473e+00
9.876449649275703679e-01
9.956691623406582758e-01
1.012163345912005630e+00
1.020187543325093538e+00
9.758315631805243306e-01
1.016844127736306946e+00
1.009934402186148050e+00
1.012832029029762992e+00
1.005699409107018161e+00
1.007482564087704313e+00
1.004807831616675085e+00
9.769460350434532314e-01
1.001241521655302780e+00
9.956691623406582758e-01
9.914341692615286084e-01
1.007705458460290249e+00
9.736026194546665291e-01
9.711507813562230140e-01
1.008151247205461676e+00
9.722652532191519148e-01
1.005476514734432447e+00
9.914341692615286084e-01
9.731568307094949910e-01
1.000349944164959703e+00
9.943317961051436615e-01
1.004584937244089371e+00
1.014169395265277718e+00
9.613434289624489537e-01
1.005922303479603874e+00
9.938860073599721234e-01
1.006590986597361237e+00
9.856389155742983910e-01
9.963378454584156385e-01
9.985667891842734400e-01
9.950004792229010242e-01
1.009265719068390688e+00
9.649097389238213696e-01
9.854160212017126774e-01
1.016398338991135519e+00
1.001018627282716844e+00
1.015506761500792221e+00
1.008151247205461676e+00
9.836328662210264140e-01
1.016844127736306946e+00
1.005476514734432447e+00
4.569334638008393790e-01
1.004139148498917722e+00
1.006813880969947173e+00
1.010157296558733764e+00
1.003024676635988932e+00
1.018850177089579034e+00
1.013946500892692004e+00
9.925486411244575091e-01
1.009265719068390688e+00
9.985667891842734400e-01
9.816268168677544370e-01
1.008151247205461676e+00
1.003247571008574646e+00
1.007482564087704313e+00
1.001464416027888493e+00
1.003247571008574646e+00
9.867533874372272917e-01
1.011271768421662554e+00
1.013054923402348706e+00
9.914341692615286084e-01
9.898739086534281695e-01
1.004362042871503657e+00
1.025982797012323866e+00
1.007482564087704313e+00
1.014392289637863431e+00
9.814039224951687235e-01
1.018627282716993099e+00
1.014392289637863431e+00
1.032669628189897049e+00
9.990125779294449782e-01
1.010380190931319477e+00
1.028880423855938808e+00
9.883136480453277306e-01
1.001241521655302780e+00
1.021302015188022549e+00
1.008374141578047611e+00
9.889823311630850933e-01
9.733797250820808156e-01
9.996812610472022298e-01
1.010825979676491126e+00
1.032446733817311335e+00
1.020633332070265187e+00
9.733797250820808156e-01
1.001910204773059920e+00
1.004584937244089371e+00
9.992354723020306917e-01
1.004584937244089371e+00
9.990125779294449782e-01
1.003470465381160359e+00
9.927715354970432227e-01
1.006813880969947173e+00
1.003916254126332008e+00
1.008151247205461676e+00
9.825183943580976242e-01
1.011940451539419916e+00
9.958920567132441004e-01
1.016398338991135519e+00
9.918799580067001465e-01
9.934402186148005853e-01
9.896510142808423449e-01
9.952233735954867377e-01
1.009488613440976401e+00
1.023308064541294415e+00
9.936631129873862989e-01
1.010603085303905191e+00
9.860847043194699291e-01
9.987896835568591536e-01
9.849702324565411393e-01
1.018404388344407385e+00
9.965607398310014631e-01
9.820726056129259751e-01
1.008151247205461676e+00
9.709278869836373005e-01
9.981210004391019019e-01
9.880907536727419060e-01
9.709278869836373005e-01
1.020410437697679473e+00
1.018627282716993099e+00
1.002133099145645856e+00
1.003916254126332008e+00
9.941089017325579480e-01
9.947775848503151996e-01
9.887594367904992687e-01
1.003693359753746295e+00
1.018181493971821672e+00
9.856389155742983910e-01
1.014838078383035080e+00
1.009934402186148050e+00
9.916570636341143219e-01
1.006145197852189810e+00
9.814039224951687235e-01
1.021079120815436614e+00
9.892052255356708068e-01
9.892052255356708068e-01
9.798436618870682846e-01
1.014615184010449145e+00
9.956691623406582758e-01
1.007259669715118600e+00
1.009711507813562115e+00
1.012386240284591565e+00

# time bin value
-1.000000000000000000e+02
-9.900000000000000000e+01
-9.800000000000000000e+01
-9.700000000000000000e+01
-9.600000000000000000e+01
-9.500000000000000000e+01
-9.400000000000000000e+01
-9.300000000000000000e+01
-9.200000000000000000e+01
-9.100000000000000000e+01
-9.000000000000000000e+01
-8.900000000000000000e+01
-8.800000000000000000e+01
-8.700000000000000000e+01
-8.600000000000000000e+01
-8.500000000000000000e+01
-8.400000000000000000e+01
-8.300000000000000000e+01
-8.200000000000000000e+01
-8.100000000000000000e+01
-8.000000000000000000e+01
-7.900000000000000000e+01
-7.800000000000000000e+01
-7.700000000000000000e+01
-7.600000000000000000e+01
-7.500000000000000000e+01
-7.400000000000000000e+01
-7.300000000000000000e+01
-7.200000000000000000e+01
-7.100000000000000000e+01
-7.000000000000000000e+01
-6.900000000000000000e+01
-6.800000000000000000e+01
-6.700000000000000000e+01
-6.600000000000000000e+01
-6.500000000000000000e+01
-6.400000000000000000e+01
-6.300000000000000000e+01
-6.200000000000000000e+01
-6.100000000000000000e+01
-6.000000000000000000e+01
-5.900000000000000000e+01
-5.800000000000000000e+01
-5.700000000000000000e+01
-5.600000000000000000e+01
-5.500000000000000000e+01
-5.400000000000000000e+01
-5.300000000000000000e+01
-5.200000000000000000e+01
-5.100000000000000000e+01
-5.000000000000000000e+01
-4.900000000000000000e+01
-4.800000000000000000e+01
-4.700000000000000000e+01
-4.600000000000000000e+01
-4.500000000000000000e+01
-4.400000000000000000e+01
-4.300000000000000000e+01
-4.200000000000000000e+01
-4.100000000000000000e+01
-4.000000000000000000e+01
-3.900000000000000000e+01
-3.800000000000000000e+01
-3.700000000000000000e+01
-3.600000000000000000e+01
-3.500000000000000000e+01
-3.400000000000000000e+01
-3.300000000000000000e+01
-3.200000000000000000e+01
-3.100000000000000000e+01
-3.000000000000000000e+01
-2.900000000000000000e+01
-2.800000000000000000e+01
-2.700000000000000000e+01
-2.600000000000000000e+01
-2.500000000000000000e+01
-2.400000000000000000e+01
-2.300000000000000000e+01
-2.200000000000000000e+01
-2.100000000000000000e+01
-2.000000000000000000e+01
-1.900000000000000000e+01
-1.800000000000000000e+01
-1.700000000000000000e+01
-1.600000000000000000e+01
-1.500000000000000000e+01
-1.400000000000000000e+01
-1.300000000000000000e+01
-1.200000000000000000e+01
-1.100000000000000000e+01
-1.000000000000000000e+01
-9.000000000000000000e+00
-8.000000000000000000e+00
-7.000000000000000000e+00
-6.000000000000000000e+00
-5.000000000000000000e+00
-4.000000000000000000e+00
-3.000000000000000000e+00
-2.000000000000000000e+00
-1.000000000000000000e+00
0.000000000000000000e+00
1.000000000000000000e+00
2.000000000000000000e+00
3.000000000000000000e+00
4.000000000000000000e+00
5.000000000000000000e+00
6.000000000000000000e+00
7.000000000000000000e+00
8.000000000000000000e+00
9.000000000000000000e+00
1.000000000000000000e+01
1.100000000000000000e+01
1.200000000000000000e+01
1.300000000000000000e+01
1.400000000000000000e+01
1.500000000000000000e+01
1.600000000000000000e+01
1.700000000000000000e+01
1.800000000000000000e+01
1.900000000000000000e+01
2.000000000000000000e+01
2.100000000000000000e+01
2.200000000000000000e+01
2.300000000000000000e+01
2.400000000000000000e+01
2.500000000000000000e+01
2.600000000000000000e+01
2.700000000000000000e+01
2.800000000000000000e+01
2.900000000000000000e+01
3.000000000000000000e+01
3.100000000000000000e+01
3.200000000000000000e+01
3.300000000000000000e+01
3.400000000000000000e+01
3.500000000000000000e+01
3.600000000000000000e+01
3.700000000000000000e+01
3.800000000000000000e+01
3.900000000000000000e+01
4.000000000000000000e+01
4.100000000000000000e+01
4.200000000000000000e+01
4.300000000000000000e+01
4.400000000000000000e+01
4.500000000000000000e+01
4.600000000000000000e+01
4.700000000000000000e+01
4.800000000000000000e+01
4.900000000000000000e+01
5.000000000000000000e+01
5.100000000000000000e+01
5.200000000000000000e+01
5.300000000000000000e+01
5.400000000000000000e+01
5.500000000000000000e+01
5.600000000000000000e+01
5.700000000000000000e+01
5.800000000000000000e+01
5.900000000000000000e+01
6.000000000000000000e+01
6.100000000000000000e+01
6.200000000000000000e+01
6.300000000000000000e+01
6.400000000000000000e+01
6.500000000000000000e+01
6.600000000000000000e+01
6.700000000000000000e+01
6.800000000000000000e+01
6.900000000000000000e+01
7.000000000000000000e+01
7.100000000000000000e+01
7.200000000000000000e+01
7.300000000000000000e+01
7.400000000000000000e+01
7.500000000000000000e+01
7.600000000000000000e+01
7.700000000000000000e+01
7.800000000000000000e+01
7.900000000000000000e+01
8.000000000000000000e+01
8.100000000000000000e+01
8.200000000000000000e+01
8.300000000000000000e+01
8.400000000000000000e+01
8.500000000000000000e+01
8.600000000000000000e+01
8.700000000000000000e+01
8.800000000000000000e+01
8.900000000000000000e+01
9.000000000000000000e+01
9.100000000000000000e+01
9.200000000000000000e+01
9.300000000000000000e+01
9.400000000000000000e+01
9.500000000000000000e+01
9.600000000000000000e+01
9.700000000000000000e+01
9.800000000000000000e+01
9.900000000000000000e+01
