single photon fraction:    0.6000
laser fraction:    0.2000
thermal source fraction:    0.1000
non-detected fraction:    0.1000
number of bins:  200.0000
bin width (ns):    1.0000
average detection events per bin: 5000.0000

# binary result
1.000000000000000000e+00

# g2 signal
1.012705308259938208e+00
9.790079742918352812e-01
1.003778862175672471e+00
9.879344203761009080e-01
9.997619614377529773e-01
1.020515948583670562e+00
9.908355153534872395e-01
1.002886217567245941e+00
1.002439895263032676e+00
9.997619614377529773e-01
9.660646274696500502e-01
1.016275886693644326e+00
1.012705308259938208e+00
9.828017138776481421e-01
1.009581052130445133e+00
1.013821114020471370e+00
1.007795762913592075e+00
1.016052725541537693e+00
1.001547250654606147e+00
9.890502261366341807e-01
1.007126279457272178e+00
1.008688407522018604e+00
9.912818376577006152e-01
9.819090692692216127e-01
9.932902880266603063e-01
1.025202332777910064e+00
9.921744822661271446e-01
1.019846465127350665e+00
1.011589502499404825e+00
1.003778862175672471e+00
1.010696857890978295e+00
1.038368840752201816e+00
9.973071887645799105e-01
9.803469412044751863e-01
9.968608664603666458e-01
9.845870030945013118e-01
9.888270649845275484e-01
1.010027374434658398e+00
1.010250535586765031e+00
1.005117829088312265e+00
9.939597714829802033e-01
1.017614853606284342e+00
9.850333253987145765e-01
1.062247084027612587e+00
9.799006189002618106e-01
1.003109378719352573e+00
9.894965484408474454e-01
9.892733872887408131e-01
1.014044275172578002e+00
9.881575815282075403e-01
9.919513211140205122e-01
9.941829326350869467e-01
9.674035943822899553e-01
1.040823613425374994e+00
1.015606403237324429e+00
1.003555701023565838e+00
1.001993572958819412e+00
1.012258985955724944e+00
9.874880980718876433e-01
9.848101642466079442e-01
1.005564151392525529e+00
1.009804213282551766e+00
9.772226850749821114e-01
1.007795762913592075e+00
1.025202332777910064e+00
9.872649369197810110e-01
9.888270649845275484e-01
1.000877767198286028e+00
9.877112592239942757e-01
1.000654606046179396e+00
1.000208283741966131e+00
1.014713758628897899e+00
1.017614853606284342e+00
1.023863365865270270e+00
9.805701023565818186e-01
9.872649369197810110e-01
1.020515948583670562e+00
9.845870030945013118e-01
1.008242085217805339e+00
1.013597952868364738e+00
9.870417757676743786e-01
9.930671268745536739e-01
1.006679957153058913e+00
9.993156391335396016e-01
1.014267436324684635e+00
1.011812663651511457e+00
1.004225184479885735e+00
1.025871816234229961e+00
1.006679957153058913e+00
9.968608664603666458e-01
1.041716258033801523e+00
1.012928469412044841e+00
9.906123542013806071e-01
9.814627469650083480e-01
9.935134491787669386e-01
1.016722208997857591e+00
9.959682218519400054e-01
9.794542965960485459e-01
1.006233634848845426e+00
1.027433944298976387e+00
4.349410854558438677e-01
9.995388002856462339e-01
9.899428707450607101e-01
9.767763627707688467e-01
9.926208045703404093e-01
9.908355153534872395e-01
1.003778862175672471e+00
9.957450606998333731e-01
1.007572601761485442e+00
1.008688407522018604e+00
1.010027374434658398e+00
9.930671268745536739e-01
9.946292549393002114e-01
1.016275886693644326e+00
9.923976434182337769e-01
1.009581052130445133e+00
9.955218995477267407e-01
1.016052725541537693e+00
1.004225184479885735e+00
1.003555701023565838e+00
1.003109378719352573e+00
9.984229945251130722e-01
1.025648655082123328e+00
1.025425493930016696e+00
1.018507498214710871e+00
9.906123542013806071e-01
9.877112592239942757e-01
1.008242085217805339e+00
9.952987383956201084e-01
1.031004522732682727e+00
1.018730659366817504e+00
9.785616519876220165e-01
9.747679124018091557e-01
1.005564151392525529e+00
9.872649369197810110e-01
1.002886217567245941e+00
1.005787312544632162e+00
9.928439657224470416e-01
9.872649369197810110e-01
9.865954534634611139e-01
1.003332539871459206e+00
9.734289454891692506e-01
1.006679957153058913e+00
1.002439895263032676e+00
9.785616519876220165e-01
1.007572601761485442e+00
1.001324089502499515e+00
9.939597714829802033e-01
1.041716258033801523e+00
9.736521066412758829e-01
1.028549750059509549e+00
9.928439657224470416e-01
1.016052725541537693e+00
1.003555701023565838e+00
1.018953820518924136e+00
1.000877767198286028e+00
1.010920019043084928e+00
1.004671506784099000e+00
9.879344203761009080e-01
1.021185432039990459e+00
1.021408593192097092e+00
9.910586765055938718e-01
9.970840276124732782e-01
1.004225184479885735e+00
9.977535110687931752e-01
9.841406807902880471e-01
1.038815163056415081e+00
9.883807426803141727e-01
1.013374791716258105e+00
1.012705308259938208e+00
9.901660318971673425e-01
1.001324089502499515e+00
1.008465246369911972e+00
9.939597714829802033e-01
9.810164246607950833e-01
1.004671506784099000e+00
9.964145441561532701e-01
1.005787312544632162e+00
1.001324089502499515e+00
9.939597714829802033e-01
1.000654606046179396e+00
1.004448345631992368e+00
9.968608664603666458e-01
9.997619614377529773e-01
9.807932635086884510e-01
1.026318138538443225e+00
9.926208045703404093e-01
1.037029873839562022e+00
9.981998333730064399e-01
1.004225184479885735e+00
9.796774577481551782e-01
9.968608664603666458e-01
9.993156391335396016e-01
9.917281599619138799e-01
9.888270649845275484e-01
1.017614853606284342e+00
1.008242085217805339e+00
9.841406807902880471e-01
9.964145441561532701e-01
1.021631754344203724e+00

# time bin value
-1.000000000000000000e+02
-9.900000000000000000e+01
-9.800000000000000000e+01
-9.700000000000000000e+01
-9.600000000000000000e+01
-9.500000000000000000e+01
-9.400000000000000000e+01
-9.300000000000000000e+01
-9.200000000000000000e+01
-9.100000000000000000e+01
-9.000000000000000000e+01
-8.900000000000000000e+01
-8.800000000000000000e+01
-8.700000000000000000e+01
-8.600000000000000000e+01
-8.500000000000000000e+01
-8.400000000000000000e+01
-8.300000000000000000e+01
-8.200000000000000000e+01
-8.100000000000000000e+01
-8.000000000000000000e+01
-7.900000000000000000e+01
-7.800000000000000000e+01
-7.700000000000000000e+01
-7.600000000000000000e+01
-7.500000000000000000e+01
-7.400000000000000000e+01
-7.300000000000000000e+01
-7.200000000000000000e+01
-7.100000000000000000e+01
-7.000000000000000000e+01
-6.900000000000000000e+01
-6.800000000000000000e+01
-6.700000000000000000e+01
-6.600000000000000000e+01
-6.500000000000000000e+01
-6.400000000000000000e+01
-6.300000000000000000e+01
-6.200000000000000000e+01
-6.100000000000000000e+01
-6.000000000000000000e+01
-5.900000000000000000e+01
-5.800000000000000000e+01
-5.700000000000000000e+01
-5.600000000000000000e+01
-5.500000000000000000e+01
-5.400000000000000000e+01
-5.300000000000000000e+01
-5.200000000000000000e+01
-5.100000000000000000e+01
-5.000000000000000000e+01
-4.900000000000000000e+01
-4.800000000000000000e+01
-4.700000000000000000e+01
-4.600000000000000000e+01
-4.500000000000000000e+01
-4.400000000000000000e+01
-4.300000000000000000e+01
-4.200000000000000000e+01
-4.100000000000000000e+01
-4.000000000000000000e+01
-3.900000000000000000e+01
-3.800000000000000000e+01
-3.700000000000000000e+01
-3.600000000000000000e+01
-3.500000000000000000e+01
-3.400000000000000000e+01
-3.300000000000000000e+01
-3.200000000000000000e+01
-3.100000000000000000e+01
-3.000000000000000000e+01
-2.900000000000000000e+01
-2.800000000000000000e+01
-2.700000000000000000e+01
-2.600000000000000000e+01
-2.500000000000000000e+01
-2.400000000000000000e+01
-2.300000000000000000e+01
-2.200000000000000000e+01
-2.100000000000000000e+01
-2.000000000000000000e+01
-1.900000000000000000e+01
-1.800000000000000000e+01
-1.700000000000000000e+01
-1.600000000000000000e+01
-1.500000000000000000e+01
-1.400000000000000000e+01
-1.300000000000000000e+01
-1.200000000000000000e+01
-1.100000000000000000e+01
-1.000000000000000000e+01
-9.000000000000000000e+00
-8.000000000000000000e+00
-7.000000000000000000e+00
-6.000000000000000000e+00
-5.000000000000000000e+00
-4.000000000000000000e+00
-3.000000000000000000e+00
-2.000000000000000000e+00
-1.000000000000000000e+00
0.000000000000000000e+00
1.000000000000000000e+00
2.000000000000000000e+00
3.000000000000000000e+00
4.000000000000000000e+00
5.000000000000000000e+00
6.000000000000000000e+00
7.000000000000000000e+00
8.000000000000000000e+00
9.000000000000000000e+00
1.000000000000000000e+01
1.100000000000000000e+01
1.200000000000000000e+01
1.300000000000000000e+01
1.400000000000000000e+01
1.500000000000000000e+01
1.600000000000000000e+01
1.700000000000000000e+01
1.800000000000000000e+01
1.900000000000000000e+01
2.000000000000000000e+01
2.100000000000000000e+01
2.200000000000000000e+01
2.300000000000000000e+01
2.400000000000000000e+01
2.500000000000000000e+01
2.600000000000000000e+01
2.700000000000000000e+01
2.800000000000000000e+01
2.900000000000000000e+01
3.000000000000000000e+01
3.100000000000000000e+01
3.200000000000000000e+01
3.300000000000000000e+01
3.400000000000000000e+01
3.500000000000000000e+01
3.600000000000000000e+01
3.700000000000000000e+01
3.800000000000000000e+01
3.900000000000000000e+01
4.000000000000000000e+01
4.100000000000000000e+01
4.200000000000000000e+01
4.300000000000000000e+01
4.400000000000000000e+01
4.500000000000000000e+01
4.600000000000000000e+01
4.700000000000000000e+01
4.800000000000000000e+01
4.900000000000000000e+01
5.000000000000000000e+01
5.100000000000000000e+01
5.200000000000000000e+01
5.300000000000000000e+01
5.400000000000000000e+01
5.500000000000000000e+01
5.600000000000000000e+01
5.700000000000000000e+01
5.800000000000000000e+01
5.900000000000000000e+01
6.000000000000000000e+01
6.100000000000000000e+01
6.200000000000000000e+01
6.300000000000000000e+01
6.400000000000000000e+01
6.500000000000000000e+01
6.600000000000000000e+01
6.700000000000000000e+01
6.800000000000000000e+01
6.900000000000000000e+01
7.000000000000000000e+01
7.100000000000000000e+01
7.200000000000000000e+01
7.300000000000000000e+01
7.400000000000000000e+01
7.500000000000000000e+01
7.600000000000000000e+01
7.700000000000000000e+01
7.800000000000000000e+01
7.900000000000000000e+01
8.000000000000000000e+01
8.100000000000000000e+01
8.200000000000000000e+01
8.300000000000000000e+01
8.400000000000000000e+01
8.500000000000000000e+01
8.600000000000000000e+01
8.700000000000000000e+01
8.800000000000000000e+01
8.900000000000000000e+01
9.000000000000000000e+01
9.100000000000000000e+01
9.200000000000000000e+01
9.300000000000000000e+01
9.400000000000000000e+01
9.500000000000000000e+01
9.600000000000000000e+01
9.700000000000000000e+01
9.800000000000000000e+01
9.900000000000000000e+01
