single photon fraction:    0.6000
laser fraction:    0.2000
thermal source fraction:    0.1000
non-detected fraction:    0.1000
number of bins:  200.0000
bin width (ns):    1.0000
average detection events per bin: 5000.0000

# binary result
1.000000000000000000e+00

# g2 signal
9.876103981553292499e-01
9.693006417346335946e-01
9.835911833312741548e-01
1.026909387546090624e+00
9.985515940652571754e-01
1.032491630357278423e+00
9.909597438420418847e-01
1.048568489653499025e+00
9.987748837777046251e-01
9.911830335544893344e-01
1.005696864863577344e+00
9.983283043528096146e-01
9.851542113184066363e-01
1.006366734000919916e+00
1.019540827035323005e+00
1.007483182563157387e+00
1.013512004799240307e+00
1.010832528249870021e+00
9.842610524686166151e-01
9.844843421810641759e-01
1.014628453361477778e+00
1.005473575151129895e+00
1.011279107674765143e+00
1.001231070614627239e+00
9.889501364300142816e-01
9.994447529150471965e-01
9.931926409665169375e-01
9.898432952798043027e-01
1.015298322498820349e+00
1.001900939751969810e+00
9.864939495930916680e-01
1.007483182563157387e+00
9.934159306789644983e-01
1.004357126588892424e+00
9.844843421810641759e-01
9.900665849922518635e-01
1.031375181795040952e+00
1.004803706013787323e+00
9.925227718291744772e-01
9.952022483785445406e-01
1.010385948824975122e+00
1.000114622052389768e+00
9.813582862067989909e-01
9.965419866532295723e-01
1.015744901923715249e+00
9.987748837777046251e-01
1.001007780902179789e+00
1.025792938983853153e+00
9.820281553441415623e-01
1.014405163649030328e+00
9.873871084428816891e-01
9.967652763656771331e-01
9.998913323399422071e-01
1.014851743073925228e+00
1.001007780902179789e+00
9.905131644171468741e-01
1.032938209782173544e+00
9.978817249279146040e-01
9.960954072283345617e-01
1.014628453361477778e+00
1.008599631125395080e+00
1.011502397387212593e+00
1.022443593297140518e+00
1.005920154576025016e+00
9.972118557905721437e-01
9.960954072283345617e-01
1.005026995726234995e+00
9.909597438420418847e-01
9.994447529150471965e-01
9.981050146403621648e-01
9.981050146403621648e-01
9.987748837777046251e-01
9.842610524686166151e-01
9.996680426274946463e-01
1.002124229464417260e+00
9.605923429491807219e-01
1.013065425374345185e+00
9.793486787947714989e-01
9.862706598806442182e-01
9.940857998163069587e-01
1.005696864863577344e+00
9.813582862067989909e-01
1.013288715086792635e+00
1.019540827035323005e+00
1.003463967739102403e+00
1.012395556237002614e+00
1.019317537322875333e+00
1.017084640198400391e+00
9.889501364300142816e-01
9.969885660781245829e-01
1.016638060773505270e+00
9.777856508076389064e-01
1.007929761988052508e+00
1.001231070614627239e+00
9.648348474856833779e-01
1.001454360327074689e+00
1.004357126588892424e+00
9.974351455030195934e-01
1.017307929910847841e+00
9.780089405200863562e-01
4.535014059808893938e-01
1.002794098601759831e+00
9.753294639707162927e-01
1.001454360327074689e+00
9.878336878677768107e-01
1.005026995726234995e+00
9.800185479321139592e-01
1.008599631125395080e+00
9.630485297861033356e-01
9.880569775802242605e-01
1.007706472275605059e+00
9.826980244814840226e-01
9.920761924042794666e-01
1.023113462434483090e+00
1.015075032786372677e+00
1.006143444288472466e+00
1.005920154576025016e+00
1.003910547163997302e+00
1.009046210550289979e+00
1.013288715086792635e+00
9.902898747046993133e-01
9.952022483785445406e-01
9.672910343226059915e-01
1.017307929910847841e+00
9.867172393055392288e-01
1.001007780902179789e+00
9.998913323399422071e-01
1.003240678026654731e+00
9.960954072283345617e-01
1.017977799048190413e+00
1.005473575151129895e+00
1.028249125820775767e+00
1.005920154576025016e+00
9.987748837777046251e-01
9.978817249279146040e-01
1.021103855022455598e+00
9.934159306789644983e-01
1.015744901923715249e+00
9.920761924042794666e-01
9.896200055673568530e-01
9.893967158549092922e-01
9.947556689536495300e-01
9.992214632025996357e-01
1.016638060773505270e+00
1.014405163649030328e+00
1.002794098601759831e+00
9.981050146403621648e-01
9.929693512540694877e-01
9.911830335544893344e-01
1.012395556237002614e+00
1.001454360327074689e+00
1.013735294511687757e+00
9.860473701681966574e-01
1.003910547163997302e+00
1.002794098601759831e+00
1.031375181795040952e+00
1.008153051700499958e+00
9.952022483785445406e-01
9.981050146403621648e-01
9.954255380909919904e-01
9.907364541295943239e-01
9.887268467175668318e-01
1.005026995726234995e+00
9.842610524686166151e-01
1.014628453361477778e+00
1.016414771061057820e+00
9.963186969407821225e-01
1.005920154576025016e+00
9.920761924042794666e-01
1.010385948824975122e+00
1.028918994958118338e+00
1.025569649271405703e+00
9.755527536831638535e-01
1.005920154576025016e+00
9.871638187304342393e-01
9.695239314470810443e-01
9.896200055673568530e-01
9.820281553441415623e-01
1.031375181795040952e+00
1.020880565310007926e+00
1.025569649271405703e+00
1.005026995726234995e+00
1.021997013872245619e+00
1.016191481348610370e+00
1.013512004799240307e+00
9.914063232669368952e-01
1.028918994958118338e+00
1.029812153807908359e+00
1.034724527481753586e+00
1.005696864863577344e+00
9.987748837777046251e-01
1.012395556237002614e+00
1.015744901923715249e+00
9.965419866532295723e-01
9.985515940652571754e-01
1.022890172722035640e+00
9.931926409665169375e-01
1.011279107674765143e+00
1.017977799048190413e+00
9.905131644171468741e-01

# time bin value
-1.000000000000000000e+02
-9.900000000000000000e+01
-9.800000000000000000e+01
-9.700000000000000000e+01
-9.600000000000000000e+01
-9.500000000000000000e+01
-9.400000000000000000e+01
-9.300000000000000000e+01
-9.200000000000000000e+01
-9.100000000000000000e+01
-9.000000000000000000e+01
-8.900000000000000000e+01
-8.800000000000000000e+01
-8.700000000000000000e+01
-8.600000000000000000e+01
-8.500000000000000000e+01
-8.400000000000000000e+01
-8.300000000000000000e+01
-8.200000000000000000e+01
-8.100000000000000000e+01
-8.000000000000000000e+01
-7.900000000000000000e+01
-7.800000000000000000e+01
-7.700000000000000000e+01
-7.600000000000000000e+01
-7.500000000000000000e+01
-7.400000000000000000e+01
-7.300000000000000000e+01
-7.200000000000000000e+01
-7.100000000000000000e+01
-7.000000000000000000e+01
-6.900000000000000000e+01
-6.800000000000000000e+01
-6.700000000000000000e+01
-6.600000000000000000e+01
-6.500000000000000000e+01
-6.400000000000000000e+01
-6.300000000000000000e+01
-6.200000000000000000e+01
-6.100000000000000000e+01
-6.000000000000000000e+01
-5.900000000000000000e+01
-5.800000000000000000e+01
-5.700000000000000000e+01
-5.600000000000000000e+01
-5.500000000000000000e+01
-5.400000000000000000e+01
-5.300000000000000000e+01
-5.200000000000000000e+01
-5.100000000000000000e+01
-5.000000000000000000e+01
-4.900000000000000000e+01
-4.800000000000000000e+01
-4.700000000000000000e+01
-4.600000000000000000e+01
-4.500000000000000000e+01
-4.400000000000000000e+01
-4.300000000000000000e+01
-4.200000000000000000e+01
-4.100000000000000000e+01
-4.000000000000000000e+01
-3.900000000000000000e+01
-3.800000000000000000e+01
-3.700000000000000000e+01
-3.600000000000000000e+01
-3.500000000000000000e+01
-3.400000000000000000e+01
-3.300000000000000000e+01
-3.200000000000000000e+01
-3.100000000000000000e+01
-3.000000000000000000e+01
-2.900000000000000000e+01
-2.800000000000000000e+01
-2.700000000000000000e+01
-2.600000000000000000e+01
-2.500000000000000000e+01
-2.400000000000000000e+01
-2.300000000000000000e+01
-2.200000000000000000e+01
-2.100000000000000000e+01
-2.000000000000000000e+01
-1.900000000000000000e+01
-1.800000000000000000e+01
-1.700000000000000000e+01
-1.600000000000000000e+01
-1.500000000000000000e+01
-1.400000000000000000e+01
-1.300000000000000000e+01
-1.200000000000000000e+01
-1.100000000000000000e+01
-1.000000000000000000e+01
-9.000000000000000000e+00
-8.000000000000000000e+00
-7.000000000000000000e+00
-6.000000000000000000e+00
-5.000000000000000000e+00
-4.000000000000000000e+00
-3.000000000000000000e+00
-2.000000000000000000e+00
-1.000000000000000000e+00
0.000000000000000000e+00
1.000000000000000000e+00
2.000000000000000000e+00
3.000000000000000000e+00
4.000000000000000000e+00
5.000000000000000000e+00
6.000000000000000000e+00
7.000000000000000000e+00
8.000000000000000000e+00
9.000000000000000000e+00
1.000000000000000000e+01
1.100000000000000000e+01
1.200000000000000000e+01
1.300000000000000000e+01
1.400000000000000000e+01
1.500000000000000000e+01
1.600000000000000000e+01
1.700000000000000000e+01
1.800000000000000000e+01
1.900000000000000000e+01
2.000000000000000000e+01
2.100000000000000000e+01
2.200000000000000000e+01
2.300000000000000000e+01
2.400000000000000000e+01
2.500000000000000000e+01
2.600000000000000000e+01
2.700000000000000000e+01
2.800000000000000000e+01
2.900000000000000000e+01
3.000000000000000000e+01
3.100000000000000000e+01
3.200000000000000000e+01
3.300000000000000000e+01
3.400000000000000000e+01
3.500000000000000000e+01
3.600000000000000000e+01
3.700000000000000000e+01
3.800000000000000000e+01
3.900000000000000000e+01
4.000000000000000000e+01
4.100000000000000000e+01
4.200000000000000000e+01
4.300000000000000000e+01
4.400000000000000000e+01
4.500000000000000000e+01
4.600000000000000000e+01
4.700000000000000000e+01
4.800000000000000000e+01
4.900000000000000000e+01
5.000000000000000000e+01
5.100000000000000000e+01
5.200000000000000000e+01
5.300000000000000000e+01
5.400000000000000000e+01
5.500000000000000000e+01
5.600000000000000000e+01
5.700000000000000000e+01
5.800000000000000000e+01
5.900000000000000000e+01
6.000000000000000000e+01
6.100000000000000000e+01
6.200000000000000000e+01
6.300000000000000000e+01
6.400000000000000000e+01
6.500000000000000000e+01
6.600000000000000000e+01
6.700000000000000000e+01
6.800000000000000000e+01
6.900000000000000000e+01
7.000000000000000000e+01
7.100000000000000000e+01
7.200000000000000000e+01
7.300000000000000000e+01
7.400000000000000000e+01
7.500000000000000000e+01
7.600000000000000000e+01
7.700000000000000000e+01
7.800000000000000000e+01
7.900000000000000000e+01
8.000000000000000000e+01
8.100000000000000000e+01
8.200000000000000000e+01
8.300000000000000000e+01
8.400000000000000000e+01
8.500000000000000000e+01
8.600000000000000000e+01
8.700000000000000000e+01
8.800000000000000000e+01
8.900000000000000000e+01
9.000000000000000000e+01
9.100000000000000000e+01
9.200000000000000000e+01
9.300000000000000000e+01
9.400000000000000000e+01
9.500000000000000000e+01
9.600000000000000000e+01
9.700000000000000000e+01
9.800000000000000000e+01
9.900000000000000000e+01
