single photon fraction:    0.6000
laser fraction:    0.2000
thermal source fraction:    0.1000
non-detected fraction:    0.1000
number of bins:  200.0000
bin width (ns):    1.0000
average detection events per bin: 5000.0000

# binary result
1.000000000000000000e+00

# g2 signal
1.016848506315399359e+00
9.958641463607017519e-01
1.003454234003890333e+00
9.929620540265414741e-01
1.012383748878229683e+00
1.011267559518937320e+00
1.008365467184777042e+00
9.985430008230036236e-01
1.035600487551512128e+00
9.706382668406929870e-01
9.739868349185702989e-01
1.008142229312918525e+00
1.024215356086729312e+00
9.867113936145038844e-01
1.011937273134512649e+00
9.878275829737963587e-01
1.010374608031503252e+00
9.947479570014093886e-01
1.015285841212389961e+00
9.893902480768057561e-01
9.882740587175132818e-01
9.867113936145038844e-01
9.918458646672491108e-01
9.976500493355696664e-01
1.000105665926013021e+00
1.010151370159644957e+00
9.980965250792867005e-01
9.954176706169848288e-01
1.000105665926013021e+00
1.009928132287786440e+00
1.000105665926013021e+00
1.011714035262654354e+00
9.949711948732679057e-01
9.876043451019378416e-01
9.547883779387406067e-01
9.998824280541545040e-01
9.996591901822960979e-01
9.974268114637111493e-01
1.020866788008852222e+00
1.007472515697342974e+00
1.017964695674691722e+00
1.005240136978758247e+00
1.027563924164606624e+00
1.002114806772739453e+00
1.011937273134512649e+00
9.822466361773342092e-01
1.000775379541588572e+00
9.847022527677775638e-01
1.012606986750088200e+00
1.001221855285305384e+00
9.880508208456548758e-01
9.802374953306078886e-01
1.012383748878229683e+00
9.907296753079566365e-01
9.989894765667205467e-01
9.998824280541545040e-01
1.011714035262654354e+00
1.014392889724956115e+00
9.838093012803436066e-01
9.878275829737963587e-01
9.704150289688344699e-01
9.896134859486642732e-01
1.001668331029022418e+00
9.978732872074281834e-01
1.000998617413446867e+00
9.818001604336172861e-01
9.960873842325602689e-01
1.042967337322842081e+00
1.001891568900880936e+00
1.013276700365663530e+00
1.028903351395757504e+00
1.016625268443540842e+00
9.976500493355696664e-01
1.000998617413446867e+00
1.020197074393276671e+00
1.002784520388314782e+00
9.969803357199942262e-01
1.008811942928493854e+00
1.000775379541588572e+00
9.775586408683060169e-01
1.007695753569201491e+00
9.802374953306078886e-01
9.989894765667205467e-01
9.628249413256459999e-01
9.873811072300793246e-01
1.017071744187257876e+00
1.002338044644597970e+00
1.011937273134512649e+00
1.001891568900880936e+00
1.018187933546550239e+00
9.969803357199942262e-01
1.035823725423370645e+00
9.951944327451263117e-01
1.004347185491324179e+00
1.038502579885672406e+00
1.002338044644597970e+00
9.947479570014093886e-01
1.010374608031503252e+00
9.956409084888433458e-01
9.876043451019378416e-01
4.415645105360834211e-01
1.007918991441060008e+00
1.007695753569201491e+00
9.896134859486642732e-01
1.002338044644597970e+00
1.028233637780182175e+00
1.008811942928493854e+00
1.022875928855578431e+00
9.983197629511451066e-01
9.922923404109660339e-01
9.902831995642397134e-01
1.004570423363182696e+00
9.860416799989284442e-01
9.983197629511451066e-01
9.943014812576924655e-01
9.751030242778626622e-01
1.014392889724956115e+00
9.878275829737963587e-01
1.009258418672210889e+00
9.969803357199942262e-01
1.031582205858059487e+00
9.878275829737963587e-01
1.008811942928493854e+00
1.015509079084248478e+00
1.003230996132031816e+00
9.833628255366266835e-01
1.017294982059116393e+00
9.931852918983999912e-01
1.020866788008852222e+00
1.013276700365663530e+00
9.956409084888433458e-01
1.035377249679653611e+00
9.985430008230036236e-01
1.008142229312918525e+00
1.025554783317880414e+00
9.815769225617587690e-01
1.017071744187257876e+00
1.019304122905842824e+00
9.963106221044187860e-01
9.931852918983999912e-01
9.855952042552115211e-01
1.033368108832927401e+00
1.001445093157163901e+00
9.931852918983999912e-01
1.017964695674691722e+00
1.011267559518937320e+00
1.009481656544069406e+00
9.853719663833530040e-01
1.012383748878229683e+00
9.782283544838814571e-01
1.012383748878229683e+00
1.011490797390795837e+00
9.945247191295508715e-01
1.013946413981239081e+00
1.018411171418408756e+00
9.996591901822960979e-01
9.985430008230036236e-01
9.980965250792867005e-01
1.024438593958587829e+00
9.989894765667205467e-01
1.010151370159644957e+00
9.920691025391075168e-01
1.002784520388314782e+00
1.000775379541588572e+00
9.956409084888433458e-01
1.008365467184777042e+00
1.014616127596814632e+00
1.023992118214871017e+00
9.815769225617587690e-01
1.000328903797871538e+00
1.015509079084248478e+00
1.012160511006371166e+00
9.934085297702585082e-01
1.007918991441060008e+00
1.004123947619465662e+00
1.006802802081767645e+00
9.920691025391075168e-01
9.983197629511451066e-01
1.007695753569201491e+00
9.864881557426454783e-01
9.746565485341457391e-01
9.666199851472402349e-01
1.010374608031503252e+00
9.920691025391075168e-01
1.015955554827965512e+00
9.945247191295508715e-01
9.927388161546830680e-01
1.021090025880710517e+00
1.006133088466192094e+00
1.000105665926013021e+00
1.013499938237522047e+00
1.005016899106899730e+00
1.004793661235041213e+00
9.996591901822960979e-01
1.002561282516456265e+00
9.869346314863624015e-01
1.009481656544069406e+00
1.002114806772739453e+00
1.035823725423370645e+00
1.000775379541588572e+00

# time bin value
-1.000000000000000000e+02
-9.900000000000000000e+01
-9.800000000000000000e+01
-9.700000000000000000e+01
-9.600000000000000000e+01
-9.500000000000000000e+01
-9.400000000000000000e+01
-9.300000000000000000e+01
-9.200000000000000000e+01
-9.100000000000000000e+01
-9.000000000000000000e+01
-8.900000000000000000e+01
-8.800000000000000000e+01
-8.700000000000000000e+01
-8.600000000000000000e+01
-8.500000000000000000e+01
-8.400000000000000000e+01
-8.300000000000000000e+01
-8.200000000000000000e+01
-8.100000000000000000e+01
-8.000000000000000000e+01
-7.900000000000000000e+01
-7.800000000000000000e+01
-7.700000000000000000e+01
-7.600000000000000000e+01
-7.500000000000000000e+01
-7.400000000000000000e+01
-7.300000000000000000e+01
-7.200000000000000000e+01
-7.100000000000000000e+01
-7.000000000000000000e+01
-6.900000000000000000e+01
-6.800000000000000000e+01
-6.700000000000000000e+01
-6.600000000000000000e+01
-6.500000000000000000e+01
-6.400000000000000000e+01
-6.300000000000000000e+01
-6.200000000000000000e+01
-6.100000000000000000e+01
-6.000000000000000000e+01
-5.900000000000000000e+01
-5.800000000000000000e+01
-5.700000000000000000e+01
-5.600000000000000000e+01
-5.500000000000000000e+01
-5.400000000000000000e+01
-5.300000000000000000e+01
-5.200000000000000000e+01
-5.100000000000000000e+01
-5.000000000000000000e+01
-4.900000000000000000e+01
-4.800000000000000000e+01
-4.700000000000000000e+01
-4.600000000000000000e+01
-4.500000000000000000e+01
-4.400000000000000000e+01
-4.300000000000000000e+01
-4.200000000000000000e+01
-4.100000000000000000e+01
-4.000000000000000000e+01
-3.900000000000000000e+01
-3.800000000000000000e+01
-3.700000000000000000e+01
-3.600000000000000000e+01
-3.500000000000000000e+01
-3.400000000000000000e+01
-3.300000000000000000e+01
-3.200000000000000000e+01
-3.100000000000000000e+01
-3.000000000000000000e+01
-2.900000000000000000e+01
-2.800000000000000000e+01
-2.700000000000000000e+01
-2.600000000000000000e+01
-2.500000000000000000e+01
-2.400000000000000000e+01
-2.300000000000000000e+01
-2.200000000000000000e+01
-2.100000000000000000e+01
-2.000000000000000000e+01
-1.900000000000000000e+01
-1.800000000000000000e+01
-1.700000000000000000e+01
-1.600000000000000000e+01
-1.500000000000000000e+01
-1.400000000000000000e+01
-1.300000000000000000e+01
-1.200000000000000000e+01
-1.100000000000000000e+01
-1.000000000000000000e+01
-9.000000000000000000e+00
-8.000000000000000000e+00
-7.000000000000000000e+00
-6.000000000000000000e+00
-5.000000000000000000e+00
-4.000000000000000000e+00
-3.000000000000000000e+00
-2.000000000000000000e+00
-1.000000000000000000e+00
0.000000000000000000e+00
1.000000000000000000e+00
2.000000000000000000e+00
3.000000000000000000e+00
4.000000000000000000e+00
5.000000000000000000e+00
6.000000000000000000e+00
7.000000000000000000e+00
8.000000000000000000e+00
9.000000000000000000e+00
1.000000000000000000e+01
1.100000000000000000e+01
1.200000000000000000e+01
1.300000000000000000e+01
1.400000000000000000e+01
1.500000000000000000e+01
1.600000000000000000e+01
1.700000000000000000e+01
1.800000000000000000e+01
1.900000000000000000e+01
2.000000000000000000e+01
2.100000000000000000e+01
2.200000000000000000e+01
2.300000000000000000e+01
2.400000000000000000e+01
2.500000000000000000e+01
2.600000000000000000e+01
2.700000000000000000e+01
2.800000000000000000e+01
2.900000000000000000e+01
3.000000000000000000e+01
3.100000000000000000e+01
3.200000000000000000e+01
3.300000000000000000e+01
3.400000000000000000e+01
3.500000000000000000e+01
3.600000000000000000e+01
3.700000000000000000e+01
3.800000000000000000e+01
3.900000000000000000e+01
4.000000000000000000e+01
4.100000000000000000e+01
4.200000000000000000e+01
4.300000000000000000e+01
4.400000000000000000e+01
4.500000000000000000e+01
4.600000000000000000e+01
4.700000000000000000e+01
4.800000000000000000e+01
4.900000000000000000e+01
5.000000000000000000e+01
5.100000000000000000e+01
5.200000000000000000e+01
5.300000000000000000e+01
5.400000000000000000e+01
5.500000000000000000e+01
5.600000000000000000e+01
5.700000000000000000e+01
5.800000000000000000e+01
5.900000000000000000e+01
6.000000000000000000e+01
6.100000000000000000e+01
6.200000000000000000e+01
6.300000000000000000e+01
6.400000000000000000e+01
6.500000000000000000e+01
6.600000000000000000e+01
6.700000000000000000e+01
6.800000000000000000e+01
6.900000000000000000e+01
7.000000000000000000e+01
7.100000000000000000e+01
7.200000000000000000e+01
7.300000000000000000e+01
7.400000000000000000e+01
7.500000000000000000e+01
7.600000000000000000e+01
7.700000000000000000e+01
7.800000000000000000e+01
7.900000000000000000e+01
8.000000000000000000e+01
8.100000000000000000e+01
8.200000000000000000e+01
8.300000000000000000e+01
8.400000000000000000e+01
8.500000000000000000e+01
8.600000000000000000e+01
8.700000000000000000e+01
8.800000000000000000e+01
8.900000000000000000e+01
9.000000000000000000e+01
9.100000000000000000e+01
9.200000000000000000e+01
9.300000000000000000e+01
9.400000000000000000e+01
9.500000000000000000e+01
9.600000000000000000e+01
9.700000000000000000e+01
9.800000000000000000e+01
9.900000000000000000e+01
