single photon fraction:    0.6000
laser fraction:    0.2000
thermal source fraction:    0.1000
non-detected fraction:    0.1000
number of bins:  200.0000
bin width (ns):    1.0000
average detection events per bin: 5000.0000

# binary result
1.000000000000000000e+00

# g2 signal
9.899311264956616174e-01
1.007556675062972307e+00
1.005102484756131620e+00
1.005548701175557058e+00
9.997478877230244754e-01
9.881462608179593099e-01
1.011126406418376922e+00
9.894849100762360683e-01
9.990785630938860962e-01
9.981861302550349979e-01
9.870307197693953816e-01
9.769908503323196935e-01
1.000640320561875685e+00
9.736442271866277975e-01
1.016481003451483955e+00
9.993016713035989262e-01
1.022728033323442087e+00
9.843534212528418648e-01
1.031429253502241128e+00
1.008449107901823405e+00
1.037006958745060992e+00
9.981861302550349979e-01
1.026743981098272362e+00
9.946163988996302718e-01
9.932777496413535134e-01
1.018042760919473544e+00
1.017373436290335054e+00
9.939470742704918926e-01
1.007779783272685137e+00
1.007333566853259477e+00
9.769908503323196935e-01
9.946163988996302718e-01
1.012911272096079340e+00
1.004210051917280300e+00
9.899311264956616174e-01
1.006887350433833817e+00
9.955088317384814811e-01
1.012911272096079340e+00
9.906004511247999966e-01
9.921622085927895851e-01
1.003540727288142032e+00
1.002202078029865273e+00
1.004656268336705960e+00
1.019604518387463132e+00
9.999709959327373054e-01
1.004433160126993130e+00
1.012688163886366510e+00
9.988554548841733771e-01
9.856920705111186232e-01
9.961781563676198603e-01
9.812299063168626878e-01
9.995247795133117563e-01
1.013357488515504778e+00
9.968474809967582395e-01
9.903773429150872776e-01
9.957319399481942002e-01
1.018042760919473544e+00
1.004210051917280300e+00
9.950626153190558210e-01
1.013803704934930439e+00
9.995247795133117563e-01
9.818992309460010670e-01
9.868076115596825515e-01
1.026967089307985193e+00
1.028751954985687611e+00
1.003094510868716371e+00
1.020720059436027061e+00
1.004879376546418790e+00
9.792219324294475502e-01
1.028305738566261951e+00
1.025182223630282996e+00
9.653892234272544171e-01
9.696282794117975223e-01
1.026297764678846924e+00
9.997478877230244754e-01
1.004433160126993130e+00
1.010457081789238654e+00
1.016481003451483955e+00
9.870307197693953816e-01
9.801143652682987595e-01
1.017596544500047884e+00
9.852458540916929630e-01
1.011126406418376922e+00
1.001086536981301345e+00
1.012241947466940850e+00
9.970705892064709586e-01
1.007333566853259477e+00
1.005102484756131620e+00
1.016034787032058295e+00
1.005548701175557058e+00
1.003540727288142032e+00
1.030090604243964370e+00
9.852458540916929630e-01
9.930546414316406834e-01
1.025405331839995604e+00
9.984092384647477170e-01
1.003317619078429201e+00
9.709669286700742807e-01
1.014249921354356099e+00
9.776601749614580728e-01
4.433160126993193062e-01
1.035668309486784233e+00
1.020720059436027061e+00
1.005994917594982718e+00
9.812299063168626878e-01
1.003763835497854862e+00
1.020943167645739891e+00
9.908235593345128267e-01
1.008895324321249065e+00
9.993016713035989262e-01
9.894849100762360683e-01
1.000863428771588515e+00
1.008895324321249065e+00
1.021835600484590989e+00
1.030983037082815468e+00
9.807836898974371387e-01
1.012241947466940850e+00
9.823454473654267272e-01
1.010680189998951262e+00
9.928315332219279643e-01
1.008225999692110575e+00
1.000194104142450024e+00
9.972936974161837886e-01
1.000863428771588515e+00
1.009787757160100163e+00
1.001978969820152443e+00
9.789988242197348312e-01
1.027413305727410853e+00
1.013803704934930439e+00
1.006218025804695548e+00
9.928315332219279643e-01
1.011349514628089752e+00
9.981861302550349979e-01
9.825685555751394462e-01
9.859151787208313422e-01
1.009341540740674503e+00
9.970705892064709586e-01
1.004656268336705960e+00
9.966243727870454094e-01
9.903773429150872776e-01
1.012465055676653680e+00
1.035222093067358573e+00
9.861382869305441723e-01
1.012018839257228020e+00
9.919391003830767550e-01
1.005548701175557058e+00
9.738673353963405166e-01
9.789988242197348312e-01
9.901542347053744475e-01
9.743135518157661767e-01
1.010903298208664092e+00
1.014473029564068929e+00
9.729749025574894183e-01
9.758753092837556542e-01
1.026743981098272362e+00
9.932777496413535134e-01
1.005548701175557058e+00
1.036783850535348162e+00
9.865845033499697214e-01
9.897080182859488984e-01
9.937239660607790626e-01
9.990785630938860962e-01
1.004433160126993130e+00
1.020720059436027061e+00
9.981861302550349979e-01
1.026074656469134094e+00
1.006664242224120986e+00
1.002425186239578103e+00
9.959550481579070302e-01
1.006887350433833817e+00
9.914928839636512059e-01
1.011795731047515412e+00
1.016927219870909616e+00
1.016704111661196785e+00
9.854689623014057931e-01
1.010233973579525824e+00
1.003986943707567692e+00
9.883693690276721400e-01
1.026074656469134094e+00
1.001532753400726783e+00
9.702976040409359015e-01
9.711900368797869998e-01
9.910466675442255458e-01
1.008002891482397745e+00
1.007333566853259477e+00
1.006664242224120986e+00
1.004656268336705960e+00
9.932777496413535134e-01
9.774370667517452427e-01
9.941701824802047227e-01
1.000640320561875685e+00
1.006887350433833817e+00
9.961781563676198603e-01
1.007779783272685137e+00
1.005325592965844450e+00
1.002202078029865273e+00
9.930546414316406834e-01
1.009787757160100163e+00
1.020943167645739891e+00
1.002648294449290933e+00

# time bin value
-1.000000000000000000e+02
-9.900000000000000000e+01
-9.800000000000000000e+01
-9.700000000000000000e+01
-9.600000000000000000e+01
-9.500000000000000000e+01
-9.400000000000000000e+01
-9.300000000000000000e+01
-9.200000000000000000e+01
-9.100000000000000000e+01
-9.000000000000000000e+01
-8.900000000000000000e+01
-8.800000000000000000e+01
-8.700000000000000000e+01
-8.600000000000000000e+01
-8.500000000000000000e+01
-8.400000000000000000e+01
-8.300000000000000000e+01
-8.200000000000000000e+01
-8.100000000000000000e+01
-8.000000000000000000e+01
-7.900000000000000000e+01
-7.800000000000000000e+01
-7.700000000000000000e+01
-7.600000000000000000e+01
-7.500000000000000000e+01
-7.400000000000000000e+01
-7.300000000000000000e+01
-7.200000000000000000e+01
-7.100000000000000000e+01
-7.000000000000000000e+01
-6.900000000000000000e+01
-6.800000000000000000e+01
-6.700000000000000000e+01
-6.600000000000000000e+01
-6.500000000000000000e+01
-6.400000000000000000e+01
-6.300000000000000000e+01
-6.200000000000000000e+01
-6.100000000000000000e+01
-6.000000000000000000e+01
-5.900000000000000000e+01
-5.800000000000000000e+01
-5.700000000000000000e+01
-5.600000000000000000e+01
-5.500000000000000000e+01
-5.400000000000000000e+01
-5.300000000000000000e+01
-5.200000000000000000e+01
-5.100000000000000000e+01
-5.000000000000000000e+01
-4.900000000000000000e+01
-4.800000000000000000e+01
-4.700000000000000000e+01
-4.600000000000000000e+01
-4.500000000000000000e+01
-4.400000000000000000e+01
-4.300000000000000000e+01
-4.200000000000000000e+01
-4.100000000000000000e+01
-4.000000000000000000e+01
-3.900000000000000000e+01
-3.800000000000000000e+01
-3.700000000000000000e+01
-3.600000000000000000e+01
-3.500000000000000000e+01
-3.400000000000000000e+01
-3.300000000000000000e+01
-3.200000000000000000e+01
-3.100000000000000000e+01
-3.000000000000000000e+01
-2.900000000000000000e+01
-2.800000000000000000e+01
-2.700000000000000000e+01
-2.600000000000000000e+01
-2.500000000000000000e+01
-2.400000000000000000e+01
-2.300000000000000000e+01
-2.200000000000000000e+01
-2.100000000000000000e+01
-2.000000000000000000e+01
-1.900000000000000000e+01
-1.800000000000000000e+01
-1.700000000000000000e+01
-1.600000000000000000e+01
-1.500000000000000000e+01
-1.400000000000000000e+01
-1.300000000000000000e+01
-1.200000000000000000e+01
-1.100000000000000000e+01
-1.000000000000000000e+01
-9.000000000000000000e+00
-8.000000000000000000e+00
-7.000000000000000000e+00
-6.000000000000000000e+00
-5.000000000000000000e+00
-4.000000000000000000e+00
-3.000000000000000000e+00
-2.000000000000000000e+00
-1.000000000000000000e+00
0.000000000000000000e+00
1.000000000000000000e+00
2.000000000000000000e+00
3.000000000000000000e+00
4.000000000000000000e+00
5.000000000000000000e+00
6.000000000000000000e+00
7.000000000000000000e+00
8.000000000000000000e+00
9.000000000000000000e+00
1.000000000000000000e+01
1.100000000000000000e+01
1.200000000000000000e+01
1.300000000000000000e+01
1.400000000000000000e+01
1.500000000000000000e+01
1.600000000000000000e+01
1.700000000000000000e+01
1.800000000000000000e+01
1.900000000000000000e+01
2.000000000000000000e+01
2.100000000000000000e+01
2.200000000000000000e+01
2.300000000000000000e+01
2.400000000000000000e+01
2.500000000000000000e+01
2.600000000000000000e+01
2.700000000000000000e+01
2.800000000000000000e+01
2.900000000000000000e+01
3.000000000000000000e+01
3.100000000000000000e+01
3.200000000000000000e+01
3.300000000000000000e+01
3.400000000000000000e+01
3.500000000000000000e+01
3.600000000000000000e+01
3.700000000000000000e+01
3.800000000000000000e+01
3.900000000000000000e+01
4.000000000000000000e+01
4.100000000000000000e+01
4.200000000000000000e+01
4.300000000000000000e+01
4.400000000000000000e+01
4.500000000000000000e+01
4.600000000000000000e+01
4.700000000000000000e+01
4.800000000000000000e+01
4.900000000000000000e+01
5.000000000000000000e+01
5.100000000000000000e+01
5.200000000000000000e+01
5.300000000000000000e+01
5.400000000000000000e+01
5.500000000000000000e+01
5.600000000000000000e+01
5.700000000000000000e+01
5.800000000000000000e+01
5.900000000000000000e+01
6.000000000000000000e+01
6.100000000000000000e+01
6.200000000000000000e+01
6.300000000000000000e+01
6.400000000000000000e+01
6.500000000000000000e+01
6.600000000000000000e+01
6.700000000000000000e+01
6.800000000000000000e+01
6.900000000000000000e+01
7.000000000000000000e+01
7.100000000000000000e+01
7.200000000000000000e+01
7.300000000000000000e+01
7.400000000000000000e+01
7.500000000000000000e+01
7.600000000000000000e+01
7.700000000000000000e+01
7.800000000000000000e+01
7.900000000000000000e+01
8.000000000000000000e+01
8.100000000000000000e+01
8.200000000000000000e+01
8.300000000000000000e+01
8.400000000000000000e+01
8.500000000000000000e+01
8.600000000000000000e+01
8.700000000000000000e+01
8.800000000000000000e+01
8.900000000000000000e+01
9.000000000000000000e+01
9.100000000000000000e+01
9.200000000000000000e+01
9.300000000000000000e+01
9.400000000000000000e+01
9.500000000000000000e+01
9.600000000000000000e+01
9.700000000000000000e+01
9.800000000000000000e+01
9.900000000000000000e+01
