single photon fraction:    0.6000
laser fraction:    0.2000
thermal source fraction:    0.1000
non-detected fraction:    0.1000
number of bins:  200.0000
bin width (ns):    1.0000
average detection events per bin: 5000.0000

# binary result
1.000000000000000000e+00

# g2 signal
1.000317525708799948e+00
1.015933544174369985e+00
1.019279833845563532e+00
1.000317525708799948e+00
1.017048974064767686e+00
9.860400231117072423e-01
1.015264286240131097e+00
1.006340847116948378e+00
1.029987960793382840e+00
9.905017426732987129e-01
9.947403762568105545e-01
1.010133308744300962e+00
1.015041200262051690e+00
9.974174079937654369e-01
9.960788921252879957e-01
1.014148856349733396e+00
1.013479598415494731e+00
1.009240964831982668e+00
9.902786566952191949e-01
1.007010105051187043e+00
9.791243577912405183e-01
9.842553352870707650e-01
9.849245932213094301e-01
1.006117761138868749e+00
1.000094439730720319e+00
1.011025652656619256e+00
1.009464050810062297e+00
1.000986783643038613e+00
9.898324847390600478e-01
9.887170548486621247e-01
9.838091633309116180e-01
1.016825888086688279e+00
1.027534015034507586e+00
1.014148856349733396e+00
1.001209869621118242e+00
9.748857242077286767e-01
9.853707651774685772e-01
1.001432955599197649e+00
9.621698234571931518e-01
9.909479146294578600e-01
9.974174079937654369e-01
1.002548385489595573e+00
1.018164403955165609e+00
1.009910222766221555e+00
1.010133308744300962e+00
1.013925770371653767e+00
1.001432955599197649e+00
1.010356394722380591e+00
9.887170548486621247e-01
9.963019781033676248e-01
1.011248738634698885e+00
1.005225417226550455e+00
1.000540611686879355e+00
9.880477969144234596e-01
1.008348620919664373e+00
1.031326476661860392e+00
9.931787744102535953e-01
1.006340847116948378e+00
1.021956865582518414e+00
9.978635799499245840e-01
1.028426358946825880e+00
1.002548385489595573e+00
1.009017878853903261e+00
1.012587254503176437e+00
1.022179951560597821e+00
9.989790098403225072e-01
9.880477969144234596e-01
1.016602802108608650e+00
1.010356394722380591e+00
9.853707651774685772e-01
9.893863127829009008e-01
1.004779245270391419e+00
1.023741553407155003e+00
1.009017878853903261e+00
1.017495146020926944e+00
1.001432955599197649e+00
1.023072295472916116e+00
1.011471824612778514e+00
1.015933544174369985e+00
1.017495146020926944e+00
1.003663815379993496e+00
9.931787744102535953e-01
9.907248286513783420e-01
1.004556159292311790e+00
1.009464050810062297e+00
9.862631090897868713e-01
1.005894675160789120e+00
9.811321315939567356e-01
9.945172902787310365e-01
1.012141082547017179e+00
9.724317784488534233e-01
1.000986783643038613e+00
1.008571706897744003e+00
9.951865482129697016e-01
1.005894675160789120e+00
9.862631090897868713e-01
9.853707651774685772e-01
9.916171725636966361e-01
9.913940865856170070e-01
9.967481500595267718e-01
4.475104720276210091e-01
9.938480323444922604e-01
1.013033426459335473e+00
1.017495146020926944e+00
9.976404939718450660e-01
9.965250640814471428e-01
1.002771471467675202e+00
9.811321315939567356e-01
9.909479146294578600e-01
1.007233191029266672e+00
1.017048974064767686e+00
9.777858419227631881e-01
9.929556884321739663e-01
1.031995734596099057e+00
9.860400231117072423e-01
9.876016249582643125e-01
9.954096341910493306e-01
1.002994557445754831e+00
1.005671589182709713e+00
1.006563933095028007e+00
1.003886901358073125e+00
1.009910222766221555e+00
1.020395263735961455e+00
9.989790098403225072e-01
9.983097519060837310e-01
1.016825888086688279e+00
1.002548385489595573e+00
1.012141082547017179e+00
1.015933544174369985e+00
1.012810340481255844e+00
1.009910222766221555e+00
1.025526241231791591e+00
9.907248286513783420e-01
9.766704120323652649e-01
1.014595028305892432e+00
1.008125534941584966e+00
1.012810340481255844e+00
1.017495146020926944e+00
9.916171725636966361e-01
9.967481500595267718e-01
1.008794792875823632e+00
1.025972413187950627e+00
1.009017878853903261e+00
9.806859596377975885e-01
9.849245932213094301e-01
1.015041200262051690e+00
9.833629913747524709e-01
1.022179951560597821e+00
9.931787744102535953e-01
9.898324847390600478e-01
9.820244755062750297e-01
9.907248286513783420e-01
9.896093987609804188e-01
1.000763697664958984e+00
1.000986783643038613e+00
9.918402585417761541e-01
9.565926740052038690e-01
9.893863127829009008e-01
9.893863127829009008e-01
9.735472083392512355e-01
1.004779245270391419e+00
1.034003508398815274e+00
9.963019781033676248e-01
1.002994557445754831e+00
1.020172177757881826e+00
9.811321315939567356e-01
1.012810340481255844e+00
1.021956865582518414e+00
1.002548385489595573e+00
1.015710458196290356e+00
1.018610575911324867e+00
1.005894675160789120e+00
1.008348620919664373e+00
9.963019781033676248e-01
1.009240964831982668e+00
9.831399053966728419e-01
1.000540611686879355e+00
9.695316607338190229e-01
1.008794792875823632e+00
9.795705297473996653e-01
9.918402585417761541e-01
1.006117761138868749e+00
9.934018603883331133e-01
1.016156630152449392e+00
1.016379716130529021e+00
1.010133308744300962e+00
1.000317525708799948e+00
1.006340847116948378e+00
9.884939688705826066e-01
9.840322493089911360e-01
1.022403037538677451e+00
9.884939688705826066e-01
1.013479598415494731e+00
1.000094439730720319e+00
9.831399053966728419e-01
9.898324847390600478e-01
1.012364168525096808e+00
9.840322493089911360e-01
1.014148856349733396e+00
1.001209869621118242e+00

# time bin value
-1.000000000000000000e+02
-9.900000000000000000e+01
-9.800000000000000000e+01
-9.700000000000000000e+01
-9.600000000000000000e+01
-9.500000000000000000e+01
-9.400000000000000000e+01
-9.300000000000000000e+01
-9.200000000000000000e+01
-9.100000000000000000e+01
-9.000000000000000000e+01
-8.900000000000000000e+01
-8.800000000000000000e+01
-8.700000000000000000e+01
-8.600000000000000000e+01
-8.500000000000000000e+01
-8.400000000000000000e+01
-8.300000000000000000e+01
-8.200000000000000000e+01
-8.100000000000000000e+01
-8.000000000000000000e+01
-7.900000000000000000e+01
-7.800000000000000000e+01
-7.700000000000000000e+01
-7.600000000000000000e+01
-7.500000000000000000e+01
-7.400000000000000000e+01
-7.300000000000000000e+01
-7.200000000000000000e+01
-7.100000000000000000e+01
-7.000000000000000000e+01
-6.900000000000000000e+01
-6.800000000000000000e+01
-6.700000000000000000e+01
-6.600000000000000000e+01
-6.500000000000000000e+01
-6.400000000000000000e+01
-6.300000000000000000e+01
-6.200000000000000000e+01
-6.100000000000000000e+01
-6.000000000000000000e+01
-5.900000000000000000e+01
-5.800000000000000000e+01
-5.700000000000000000e+01
-5.600000000000000000e+01
-5.500000000000000000e+01
-5.400000000000000000e+01
-5.300000000000000000e+01
-5.200000000000000000e+01
-5.100000000000000000e+01
-5.000000000000000000e+01
-4.900000000000000000e+01
-4.800000000000000000e+01
-4.700000000000000000e+01
-4.600000000000000000e+01
-4.500000000000000000e+01
-4.400000000000000000e+01
-4.300000000000000000e+01
-4.200000000000000000e+01
-4.100000000000000000e+01
-4.000000000000000000e+01
-3.900000000000000000e+01
-3.800000000000000000e+01
-3.700000000000000000e+01
-3.600000000000000000e+01
-3.500000000000000000e+01
-3.400000000000000000e+01
-3.300000000000000000e+01
-3.200000000000000000e+01
-3.100000000000000000e+01
-3.000000000000000000e+01
-2.900000000000000000e+01
-2.800000000000000000e+01
-2.700000000000000000e+01
-2.600000000000000000e+01
-2.500000000000000000e+01
-2.400000000000000000e+01
-2.300000000000000000e+01
-2.200000000000000000e+01
-2.100000000000000000e+01
-2.000000000000000000e+01
-1.900000000000000000e+01
-1.800000000000000000e+01
-1.700000000000000000e+01
-1.600000000000000000e+01
-1.500000000000000000e+01
-1.400000000000000000e+01
-1.300000000000000000e+01
-1.200000000000000000e+01
-1.100000000000000000e+01
-1.000000000000000000e+01
-9.000000000000000000e+00
-8.000000000000000000e+00
-7.000000000000000000e+00
-6.000000000000000000e+00
-5.000000000000000000e+00
-4.000000000000000000e+00
-3.000000000000000000e+00
-2.000000000000000000e+00
-1.000000000000000000e+00
0.000000000000000000e+00
1.000000000000000000e+00
2.000000000000000000e+00
3.000000000000000000e+00
4.000000000000000000e+00
5.000000000000000000e+00
6.000000000000000000e+00
7.000000000000000000e+00
8.000000000000000000e+00
9.000000000000000000e+00
1.000000000000000000e+01
1.100000000000000000e+01
1.200000000000000000e+01
1.300000000000000000e+01
1.400000000000000000e+01
1.500000000000000000e+01
1.600000000000000000e+01
1.700000000000000000e+01
1.800000000000000000e+01
1.900000000000000000e+01
2.000000000000000000e+01
2.100000000000000000e+01
2.200000000000000000e+01
2.300000000000000000e+01
2.400000000000000000e+01
2.500000000000000000e+01
2.600000000000000000e+01
2.700000000000000000e+01
2.800000000000000000e+01
2.900000000000000000e+01
3.000000000000000000e+01
3.100000000000000000e+01
3.200000000000000000e+01
3.300000000000000000e+01
3.400000000000000000e+01
3.500000000000000000e+01
3.600000000000000000e+01
3.700000000000000000e+01
3.800000000000000000e+01
3.900000000000000000e+01
4.000000000000000000e+01
4.100000000000000000e+01
4.200000000000000000e+01
4.300000000000000000e+01
4.400000000000000000e+01
4.500000000000000000e+01
4.600000000000000000e+01
4.700000000000000000e+01
4.800000000000000000e+01
4.900000000000000000e+01
5.000000000000000000e+01
5.100000000000000000e+01
5.200000000000000000e+01
5.300000000000000000e+01
5.400000000000000000e+01
5.500000000000000000e+01
5.600000000000000000e+01
5.700000000000000000e+01
5.800000000000000000e+01
5.900000000000000000e+01
6.000000000000000000e+01
6.100000000000000000e+01
6.200000000000000000e+01
6.300000000000000000e+01
6.400000000000000000e+01
6.500000000000000000e+01
6.600000000000000000e+01
6.700000000000000000e+01
6.800000000000000000e+01
6.900000000000000000e+01
7.000000000000000000e+01
7.100000000000000000e+01
7.200000000000000000e+01
7.300000000000000000e+01
7.400000000000000000e+01
7.500000000000000000e+01
7.600000000000000000e+01
7.700000000000000000e+01
7.800000000000000000e+01
7.900000000000000000e+01
8.000000000000000000e+01
8.100000000000000000e+01
8.200000000000000000e+01
8.300000000000000000e+01
8.400000000000000000e+01
8.500000000000000000e+01
8.600000000000000000e+01
8.700000000000000000e+01
8.800000000000000000e+01
8.900000000000000000e+01
9.000000000000000000e+01
9.100000000000000000e+01
9.200000000000000000e+01
9.300000000000000000e+01
9.400000000000000000e+01
9.500000000000000000e+01
9.600000000000000000e+01
9.700000000000000000e+01
9.800000000000000000e+01
9.900000000000000000e+01
