single photon fraction:    0.6000
laser fraction:    0.2000
thermal source fraction:    0.1000
non-detected fraction:    0.1000
number of bins:  200.0000
bin width (ns):    1.0000
average detection events per bin: 5000.0000

# binary result
1.000000000000000000e+00

# g2 signal
1.003734376323489386e+00
1.020897944384095313e+00
9.957098509964528166e-01
1.000390824103890797e+00
9.783233794545402873e-01
9.854562908563505585e-01
9.994992101786644989e-01
1.024241496603693902e+00
1.002396955435649994e+00
1.020675040902788711e+00
9.990534032160514055e-01
1.030482794080277875e+00
9.952640440338397232e-01
9.885769395946425453e-01
1.011758901650525955e+00
9.830043525619782674e-01
1.003511472842182783e+00
1.029368276673745086e+00
9.796608003423796784e-01
1.001728244991730188e+00
1.004625990248715572e+00
9.883540361133359431e-01
9.890227465572556387e-01
1.022012461790628102e+00
1.019783426977562524e+00
1.023349882678467715e+00
1.004180183286102590e+00
9.990534032160514055e-01
1.011090191206606148e+00
9.908059744077082343e-01
1.001728244991730188e+00
9.928121057394674320e-01
1.011758901650525955e+00
1.026693434898066082e+00
1.005071797211328777e+00
1.020006330458869126e+00
9.914746848516279298e-01
9.879082291507228497e-01
1.012204708613139159e+00
1.019114716533642717e+00
9.950411405525331210e-01
9.908059744077082343e-01
1.011758901650525955e+00
9.992763066973578967e-01
1.006632121580474770e+00
9.841188699685111674e-01
1.012427612094445539e+00
1.021566654828015119e+00
1.011090191206606148e+00
9.696301436835840226e-01
9.769859585667008961e-01
1.007523735505701179e+00
9.950411405525331210e-01
9.772088620480073873e-01
9.874624221881096453e-01
1.003288569360876181e+00
1.005294700692635379e+00
1.011981805131832557e+00
1.021566654828015119e+00
9.963785614403725122e-01
9.970472718842922077e-01
1.009752770318766757e+00
1.008192445949620764e+00
9.881311326320293409e-01
9.921433952955476254e-01
9.923662987768542276e-01
1.001059534547810603e+00
9.865708082628833475e-01
9.939266231460002210e-01
9.870166152254965519e-01
1.018446006089723133e+00
9.986075962534382011e-01
1.011535998169219353e+00
9.932579127020805254e-01
9.970472718842922077e-01
9.986075962534382011e-01
9.852333873750439563e-01
1.013096322538365346e+00
9.756485376788613939e-01
9.582620661369488646e-01
9.765401516040876917e-01
9.923662987768542276e-01
9.928121057394674320e-01
9.685156262770511226e-01
1.008638252912233968e+00
1.019560523496255922e+00
1.004848893730022175e+00
9.863479047815768563e-01
1.000390824103890797e+00
1.022012461790628102e+00
1.009529866837460155e+00
1.040067643776460438e+00
9.945953335899199166e-01
9.963785614403725122e-01
1.030705697561584477e+00
9.814440281928322740e-01
1.012204708613139159e+00
1.003511472842182783e+00
1.020452137421482108e+00
1.001505341510423586e+00
4.495963217953538038e-01
1.001282438029116983e+00
1.007300832024394577e+00
9.756485376788613939e-01
9.850104838937373541e-01
9.740882133097154005e-01
1.004403086767409192e+00
9.974930788469054121e-01
9.847875804124308630e-01
1.027139241860679286e+00
1.010198577281379961e+00
9.945953335899199166e-01
9.865708082628833475e-01
1.017331488683190122e+00
9.963785614403725122e-01
1.017554392164496724e+00
1.024687303566307106e+00
9.752027307162483005e-01
9.945953335899199166e-01
1.019783426977562524e+00
1.020897944384095313e+00
1.037838608963394638e+00
9.986075962534382011e-01
9.798837038236862806e-01
1.007746638987007559e+00
9.809982212302190696e-01
1.007746638987007559e+00
9.945953335899199166e-01
1.005517604173941981e+00
9.952640440338397232e-01
9.937037196646936188e-01
1.013096322538365346e+00
9.901372639637885387e-01
1.016885681720577139e+00
1.011758901650525955e+00
9.754256341975549027e-01
1.021789558309321722e+00
9.979388858095185055e-01
1.011535998169219353e+00
1.000167920622584194e+00
1.001505341510423586e+00
9.792149933797665851e-01
1.022458268753241306e+00
9.966014649216791144e-01
9.881311326320293409e-01
9.834501595245913608e-01
9.883540361133359431e-01
9.876853256694162475e-01
1.001505341510423586e+00
1.007077928543087975e+00
1.010644384243993166e+00
1.026916338379372684e+00
1.000836631066504001e+00
1.017554392164496724e+00
1.017331488683190122e+00
1.000836631066504001e+00
1.008638252912233968e+00
9.727507924218760094e-01
9.916975883329345320e-01
1.002619858916956597e+00
1.014433743426204737e+00
9.785462829358468895e-01
1.006186314617861566e+00
1.007746638987007559e+00
9.952640440338397232e-01
1.021566654828015119e+00
1.005963411136555186e+00
9.805524142676059762e-01
1.001505341510423586e+00
1.017554392164496724e+00
9.948182370712265188e-01
9.734195028657957049e-01
1.004848893730022175e+00
9.954869475151462144e-01
1.021343751346708517e+00
1.007969542468314161e+00
9.994992101786644989e-01
1.013987936463591533e+00
9.986075962534382011e-01
1.009975673800073359e+00
9.896914570011754453e-01
1.029368276673745086e+00
9.881311326320293409e-01
1.011981805131832557e+00
9.937037196646936188e-01
1.003957279804795988e+00
1.004625990248715572e+00
9.736424063471023072e-01
1.046977651696964218e+00
9.923662987768542276e-01
9.932579127020805254e-01
9.921433952955476254e-01
9.950411405525331210e-01
9.769859585667008961e-01
9.963785614403725122e-01
9.983846927721317099e-01
9.941495266273068232e-01
9.983846927721317099e-01
9.874624221881096453e-01
9.905830709264016321e-01

# time bin value
-1.000000000000000000e+02
-9.900000000000000000e+01
-9.800000000000000000e+01
-9.700000000000000000e+01
-9.600000000000000000e+01
-9.500000000000000000e+01
-9.400000000000000000e+01
-9.300000000000000000e+01
-9.200000000000000000e+01
-9.100000000000000000e+01
-9.000000000000000000e+01
-8.900000000000000000e+01
-8.800000000000000000e+01
-8.700000000000000000e+01
-8.600000000000000000e+01
-8.500000000000000000e+01
-8.400000000000000000e+01
-8.300000000000000000e+01
-8.200000000000000000e+01
-8.100000000000000000e+01
-8.000000000000000000e+01
-7.900000000000000000e+01
-7.800000000000000000e+01
-7.700000000000000000e+01
-7.600000000000000000e+01
-7.500000000000000000e+01
-7.400000000000000000e+01
-7.300000000000000000e+01
-7.200000000000000000e+01
-7.100000000000000000e+01
-7.000000000000000000e+01
-6.900000000000000000e+01
-6.800000000000000000e+01
-6.700000000000000000e+01
-6.600000000000000000e+01
-6.500000000000000000e+01
-6.400000000000000000e+01
-6.300000000000000000e+01
-6.200000000000000000e+01
-6.100000000000000000e+01
-6.000000000000000000e+01
-5.900000000000000000e+01
-5.800000000000000000e+01
-5.700000000000000000e+01
-5.600000000000000000e+01
-5.500000000000000000e+01
-5.400000000000000000e+01
-5.300000000000000000e+01
-5.200000000000000000e+01
-5.100000000000000000e+01
-5.000000000000000000e+01
-4.900000000000000000e+01
-4.800000000000000000e+01
-4.700000000000000000e+01
-4.600000000000000000e+01
-4.500000000000000000e+01
-4.400000000000000000e+01
-4.300000000000000000e+01
-4.200000000000000000e+01
-4.100000000000000000e+01
-4.000000000000000000e+01
-3.900000000000000000e+01
-3.800000000000000000e+01
-3.700000000000000000e+01
-3.600000000000000000e+01
-3.500000000000000000e+01
-3.400000000000000000e+01
-3.300000000000000000e+01
-3.200000000000000000e+01
-3.100000000000000000e+01
-3.000000000000000000e+01
-2.900000000000000000e+01
-2.800000000000000000e+01
-2.700000000000000000e+01
-2.600000000000000000e+01
-2.500000000000000000e+01
-2.400000000000000000e+01
-2.300000000000000000e+01
-2.200000000000000000e+01
-2.100000000000000000e+01
-2.000000000000000000e+01
-1.900000000000000000e+01
-1.800000000000000000e+01
-1.700000000000000000e+01
-1.600000000000000000e+01
-1.500000000000000000e+01
-1.400000000000000000e+01
-1.300000000000000000e+01
-1.200000000000000000e+01
-1.100000000000000000e+01
-1.000000000000000000e+01
-9.000000000000000000e+00
-8.000000000000000000e+00
-7.000000000000000000e+00
-6.000000000000000000e+00
-5.000000000000000000e+00
-4.000000000000000000e+00
-3.000000000000000000e+00
-2.000000000000000000e+00
-1.000000000000000000e+00
0.000000000000000000e+00
1.000000000000000000e+00
2.000000000000000000e+00
3.000000000000000000e+00
4.000000000000000000e+00
5.000000000000000000e+00
6.000000000000000000e+00
7.000000000000000000e+00
8.000000000000000000e+00
9.000000000000000000e+00
1.000000000000000000e+01
1.100000000000000000e+01
1.200000000000000000e+01
1.300000000000000000e+01
1.400000000000000000e+01
1.500000000000000000e+01
1.600000000000000000e+01
1.700000000000000000e+01
1.800000000000000000e+01
1.900000000000000000e+01
2.000000000000000000e+01
2.100000000000000000e+01
2.200000000000000000e+01
2.300000000000000000e+01
2.400000000000000000e+01
2.500000000000000000e+01
2.600000000000000000e+01
2.700000000000000000e+01
2.800000000000000000e+01
2.900000000000000000e+01
3.000000000000000000e+01
3.100000000000000000e+01
3.200000000000000000e+01
3.300000000000000000e+01
3.400000000000000000e+01
3.500000000000000000e+01
3.600000000000000000e+01
3.700000000000000000e+01
3.800000000000000000e+01
3.900000000000000000e+01
4.000000000000000000e+01
4.100000000000000000e+01
4.200000000000000000e+01
4.300000000000000000e+01
4.400000000000000000e+01
4.500000000000000000e+01
4.600000000000000000e+01
4.700000000000000000e+01
4.800000000000000000e+01
4.900000000000000000e+01
5.000000000000000000e+01
5.100000000000000000e+01
5.200000000000000000e+01
5.300000000000000000e+01
5.400000000000000000e+01
5.500000000000000000e+01
5.600000000000000000e+01
5.700000000000000000e+01
5.800000000000000000e+01
5.900000000000000000e+01
6.000000000000000000e+01
6.100000000000000000e+01
6.200000000000000000e+01
6.300000000000000000e+01
6.400000000000000000e+01
6.500000000000000000e+01
6.600000000000000000e+01
6.700000000000000000e+01
6.800000000000000000e+01
6.900000000000000000e+01
7.000000000000000000e+01
7.100000000000000000e+01
7.200000000000000000e+01
7.300000000000000000e+01
7.400000000000000000e+01
7.500000000000000000e+01
7.600000000000000000e+01
7.700000000000000000e+01
7.800000000000000000e+01
7.900000000000000000e+01
8.000000000000000000e+01
8.100000000000000000e+01
8.200000000000000000e+01
8.300000000000000000e+01
8.400000000000000000e+01
8.500000000000000000e+01
8.600000000000000000e+01
8.700000000000000000e+01
8.800000000000000000e+01
8.900000000000000000e+01
9.000000000000000000e+01
9.100000000000000000e+01
9.200000000000000000e+01
9.300000000000000000e+01
9.400000000000000000e+01
9.500000000000000000e+01
9.600000000000000000e+01
9.700000000000000000e+01
9.800000000000000000e+01
9.900000000000000000e+01
