single photon fraction:    0.6000
laser fraction:    0.2000
thermal source fraction:    0.1000
non-detected fraction:    0.1000
number of bins:  200.0000
bin width (ns):    1.0000
average detection events per bin: 5000.0000

# binary result
1.000000000000000000e+00

# g2 signal
1.010028877096044386e+00
1.014268945294193980e+00
1.005788808897894793e+00
9.772241389314136883e-01
1.010028877096044386e+00
9.734303937014904262e-01
9.997634488268402064e-01
9.968623495333694962e-01
9.886053746211834747e-01
9.919527968828805164e-01
1.001995063667971531e+00
9.729840707332640948e-01
9.850347908753733783e-01
9.973086725015957166e-01
1.010475200064270718e+00
1.005788808897894793e+00
1.008913069675478669e+00
1.012706814905401931e+00
1.020071143881135400e+00
1.014492106778307035e+00
9.651734187893044048e-01
1.014715268262420089e+00
1.006235131866121124e+00
9.957465421128037786e-01
1.009805715611931110e+00
1.002441386636197862e+00
9.810178841613369505e-01
9.781167848678662402e-01
9.961928650810299990e-01
9.845884679071470469e-01
1.010252038580157441e+00
1.017839529040003965e+00
1.030336572150339469e+00
9.930686043034461230e-01
1.031452379570905187e+00
9.979781569539351027e-01
1.000209771795066427e+00
9.872664057165047025e-01
1.010028877096044386e+00
1.021856435754040504e+00
9.959697035969169443e-01
9.848116293912602126e-01
9.763314929949611365e-01
1.003110871088537248e+00
9.718682633126984882e-01
9.932917657875592887e-01
1.015384752714759475e+00
1.018732174976456628e+00
1.011144684516610104e+00
1.028104957309208256e+00
9.926222813352199026e-01
1.003557194056763580e+00
1.011144684516610104e+00
9.939612502398986749e-01
1.028774441761547642e+00
9.915064739146541850e-01
1.021186951301701118e+00
9.861505982959389849e-01
1.012037330453062545e+00
9.803483997089975643e-01
1.011591007484836213e+00
9.787862693202056263e-01
9.839189834548076607e-01
9.968623495333694962e-01
1.001102417731519090e+00
9.966391880492563304e-01
9.823568530660157228e-01
1.018732174976456628e+00
1.017616367555890911e+00
9.747693626061691985e-01
9.953002191445775582e-01
1.018509013492343351e+00
1.005788808897894793e+00
9.828031760342420542e-01
1.016054237167098862e+00
9.883822131370703090e-01
1.013376299357741317e+00
9.993171258586138750e-01
9.781167848678662402e-01
9.955233806286906129e-01
1.015607914198872752e+00
9.921759583669936822e-01
1.006458293350234179e+00
9.919527968828805164e-01
1.001995063667971531e+00
1.005788808897894793e+00
9.850347908753733783e-01
1.016500560135325193e+00
1.012483653421288876e+00
1.017393206071777856e+00
9.763314929949611365e-01
9.930686043034461230e-01
1.009805715611931110e+00
1.000209771795066427e+00
9.932917657875592887e-01
1.005342485929668461e+00
1.008689908191365614e+00
1.004449839993216020e+00
1.013153137873628262e+00
1.019624820912909069e+00
4.532409742337750735e-01
9.854811138435995987e-01
1.001548740699745199e+00
1.012706814905401931e+00
9.950770576604643924e-01
9.926222813352199026e-01
9.725377477650378744e-01
1.012483653421288876e+00
1.014492106778307035e+00
9.870432442323915367e-01
9.816873686136763366e-01
9.970855110174825509e-01
9.979781569539351027e-01
9.997634488268402064e-01
9.843653064230339922e-01
1.001771902183858476e+00
9.984244799221614342e-01
1.003110871088537248e+00
1.035915609253167835e+00
1.039263031514864988e+00
9.919527968828805164e-01
1.015607914198872752e+00
9.752156855743954189e-01
9.859274368118259302e-01
1.000432933279179704e+00
1.011367846000723159e+00
1.004226678509102966e+00
9.749925240902823642e-01
1.022302758722266613e+00
1.021633274269927227e+00
9.982013184380482684e-01
1.023641727626945608e+00
1.019624820912909069e+00
9.966391880492563304e-01
1.035692447769054780e+00
1.020294305365248455e+00
9.984244799221614342e-01
1.019401659428796014e+00
9.970855110174825509e-01
1.018732174976456628e+00
1.011367846000723159e+00
9.839189834548076607e-01
1.001102417731519090e+00
1.006011970382007847e+00
1.026096503952190098e+00
1.018732174976456628e+00
1.007574100770799896e+00
1.001548740699745199e+00
1.005119324445555407e+00
1.026096503952190098e+00
9.993171258586138750e-01
9.915064739146541850e-01
9.886053746211834747e-01
9.700829714397933845e-01
1.008243585223139283e+00
1.023418566142832331e+00
1.003780355540876634e+00
1.010252038580157441e+00
9.950770576604643924e-01
9.999866103109533721e-01
1.008466746707252337e+00
9.917296353987673507e-01
1.014938429746533366e+00
9.823568530660157228e-01
1.003334032572650303e+00
9.993171258586138750e-01
1.006235131866121124e+00
9.850347908753733783e-01
1.000209771795066427e+00
1.005119324445555407e+00
1.017170044587664579e+00
1.012929976389514986e+00
1.009136231159591723e+00
9.870432442323915367e-01
1.022079597238153559e+00
9.787862693202056263e-01
9.964160265651431647e-01
1.006681454834347456e+00
1.023641727626945608e+00
1.001771902183858476e+00
1.000209771795066427e+00
1.027435472856868870e+00
1.020963789817587841e+00
9.999866103109533721e-01
9.852579523594864330e-01
1.004449839993216020e+00
1.001325579215632144e+00
9.948538961763512267e-01
1.031898702539131518e+00
1.005342485929668461e+00
1.014268945294193980e+00
1.008020423739026228e+00
1.014045783810080703e+00
9.959697035969169443e-01
1.014715268262420089e+00
9.932917657875592887e-01
1.018062690524117242e+00
9.921759583669936822e-01
9.979781569539351027e-01
1.012929976389514986e+00

# time bin value
-1.000000000000000000e+02
-9.900000000000000000e+01
-9.800000000000000000e+01
-9.700000000000000000e+01
-9.600000000000000000e+01
-9.500000000000000000e+01
-9.400000000000000000e+01
-9.300000000000000000e+01
-9.200000000000000000e+01
-9.100000000000000000e+01
-9.000000000000000000e+01
-8.900000000000000000e+01
-8.800000000000000000e+01
-8.700000000000000000e+01
-8.600000000000000000e+01
-8.500000000000000000e+01
-8.400000000000000000e+01
-8.300000000000000000e+01
-8.200000000000000000e+01
-8.100000000000000000e+01
-8.000000000000000000e+01
-7.900000000000000000e+01
-7.800000000000000000e+01
-7.700000000000000000e+01
-7.600000000000000000e+01
-7.500000000000000000e+01
-7.400000000000000000e+01
-7.300000000000000000e+01
-7.200000000000000000e+01
-7.100000000000000000e+01
-7.000000000000000000e+01
-6.900000000000000000e+01
-6.800000000000000000e+01
-6.700000000000000000e+01
-6.600000000000000000e+01
-6.500000000000000000e+01
-6.400000000000000000e+01
-6.300000000000000000e+01
-6.200000000000000000e+01
-6.100000000000000000e+01
-6.000000000000000000e+01
-5.900000000000000000e+01
-5.800000000000000000e+01
-5.700000000000000000e+01
-5.600000000000000000e+01
-5.500000000000000000e+01
-5.400000000000000000e+01
-5.300000000000000000e+01
-5.200000000000000000e+01
-5.100000000000000000e+01
-5.000000000000000000e+01
-4.900000000000000000e+01
-4.800000000000000000e+01
-4.700000000000000000e+01
-4.600000000000000000e+01
-4.500000000000000000e+01
-4.400000000000000000e+01
-4.300000000000000000e+01
-4.200000000000000000e+01
-4.100000000000000000e+01
-4.000000000000000000e+01
-3.900000000000000000e+01
-3.800000000000000000e+01
-3.700000000000000000e+01
-3.600000000000000000e+01
-3.500000000000000000e+01
-3.400000000000000000e+01
-3.300000000000000000e+01
-3.200000000000000000e+01
-3.100000000000000000e+01
-3.000000000000000000e+01
-2.900000000000000000e+01
-2.800000000000000000e+01
-2.700000000000000000e+01
-2.600000000000000000e+01
-2.500000000000000000e+01
-2.400000000000000000e+01
-2.300000000000000000e+01
-2.200000000000000000e+01
-2.100000000000000000e+01
-2.000000000000000000e+01
-1.900000000000000000e+01
-1.800000000000000000e+01
-1.700000000000000000e+01
-1.600000000000000000e+01
-1.500000000000000000e+01
-1.400000000000000000e+01
-1.300000000000000000e+01
-1.200000000000000000e+01
-1.100000000000000000e+01
-1.000000000000000000e+01
-9.000000000000000000e+00
-8.000000000000000000e+00
-7.000000000000000000e+00
-6.000000000000000000e+00
-5.000000000000000000e+00
-4.000000000000000000e+00
-3.000000000000000000e+00
-2.000000000000000000e+00
-1.000000000000000000e+00
0.000000000000000000e+00
1.000000000000000000e+00
2.000000000000000000e+00
3.000000000000000000e+00
4.000000000000000000e+00
5.000000000000000000e+00
6.000000000000000000e+00
7.000000000000000000e+00
8.000000000000000000e+00
9.000000000000000000e+00
1.000000000000000000e+01
1.100000000000000000e+01
1.200000000000000000e+01
1.300000000000000000e+01
1.400000000000000000e+01
1.500000000000000000e+01
1.600000000000000000e+01
1.700000000000000000e+01
1.800000000000000000e+01
1.900000000000000000e+01
2.000000000000000000e+01
2.100000000000000000e+01
2.200000000000000000e+01
2.300000000000000000e+01
2.400000000000000000e+01
2.500000000000000000e+01
2.600000000000000000e+01
2.700000000000000000e+01
2.800000000000000000e+01
2.900000000000000000e+01
3.000000000000000000e+01
3.100000000000000000e+01
3.200000000000000000e+01
3.300000000000000000e+01
3.400000000000000000e+01
3.500000000000000000e+01
3.600000000000000000e+01
3.700000000000000000e+01
3.800000000000000000e+01
3.900000000000000000e+01
4.000000000000000000e+01
4.100000000000000000e+01
4.200000000000000000e+01
4.300000000000000000e+01
4.400000000000000000e+01
4.500000000000000000e+01
4.600000000000000000e+01
4.700000000000000000e+01
4.800000000000000000e+01
4.900000000000000000e+01
5.000000000000000000e+01
5.100000000000000000e+01
5.200000000000000000e+01
5.300000000000000000e+01
5.400000000000000000e+01
5.500000000000000000e+01
5.600000000000000000e+01
5.700000000000000000e+01
5.800000000000000000e+01
5.900000000000000000e+01
6.000000000000000000e+01
6.100000000000000000e+01
6.200000000000000000e+01
6.300000000000000000e+01
6.400000000000000000e+01
6.500000000000000000e+01
6.600000000000000000e+01
6.700000000000000000e+01
6.800000000000000000e+01
6.900000000000000000e+01
7.000000000000000000e+01
7.100000000000000000e+01
7.200000000000000000e+01
7.300000000000000000e+01
7.400000000000000000e+01
7.500000000000000000e+01
7.600000000000000000e+01
7.700000000000000000e+01
7.800000000000000000e+01
7.900000000000000000e+01
8.000000000000000000e+01
8.100000000000000000e+01
8.200000000000000000e+01
8.300000000000000000e+01
8.400000000000000000e+01
8.500000000000000000e+01
8.600000000000000000e+01
8.700000000000000000e+01
8.800000000000000000e+01
8.900000000000000000e+01
9.000000000000000000e+01
9.100000000000000000e+01
9.200000000000000000e+01
9.300000000000000000e+01
9.400000000000000000e+01
9.500000000000000000e+01
9.600000000000000000e+01
9.700000000000000000e+01
9.800000000000000000e+01
9.900000000000000000e+01
