single photon fraction:    0.6000
laser fraction:    0.2000
thermal source fraction:    0.1000
non-detected fraction:    0.1000
number of bins:  200.0000
bin width (ns):    1.0000
average detection events per bin: 5000.0000

# binary result
1.000000000000000000e+00

# g2 signal
1.018928475915965803e+00
9.839390247526221822e-01
1.007116750364009050e+00
1.006448162125219037e+00
1.006002436632692287e+00
9.895105934092055522e-01
1.017814162184649041e+00
1.026505809288918991e+00
9.955278875583155607e-01
1.021379966124862371e+00
1.010236828811695631e+00
1.016031260214542264e+00
9.944135738269989089e-01
1.048792083915252471e+00
1.001545181707425680e+00
1.004442397408848997e+00
9.705672599768221387e-01
9.730187501857188170e-01
9.948592993195255474e-01
9.966422012896322125e-01
1.010236828811695631e+00
1.000430867976108917e+00
1.001768044453688944e+00
9.939678483344722704e-01
1.031408789706712348e+00
1.007562475856535578e+00
9.935221228419455208e-01
1.008453926841589077e+00
1.020265652393545608e+00
9.928535346031555076e-01
1.020265652393545608e+00
1.005779573886429024e+00
1.009568240572905617e+00
9.917392208718388558e-01
9.995394169910556403e-01
9.966422012896322125e-01
1.016031260214542264e+00
9.988708287522656271e-01
9.961964757971055739e-01
1.008676789587852340e+00
1.008899652334115604e+00
9.979793777672122390e-01
9.950821620657889222e-01
1.012019730781802407e+00
1.000653730722372181e+00
9.837161620063588074e-01
1.014471220990698974e+00
9.961964757971055739e-01
1.012911181766855684e+00
1.002659495438742221e+00
9.941907110807355341e-01
9.877276914390988871e-01
1.008008201349062327e+00
9.946364365732621726e-01
9.959736130508421992e-01
1.020934240632335621e+00
9.901791816479955655e-01
9.979793777672122390e-01
1.010682554304222380e+00
9.785903188423021870e-01
1.013356907259382433e+00
1.014471220990698974e+00
9.632127893501321036e-01
9.890648679166789137e-01
9.908477698867855787e-01
1.000430867976108917e+00
1.001768044453688944e+00
9.941907110807355341e-01
9.752473776483521206e-01
9.957507503045789354e-01
9.955278875583155607e-01
9.759159658871421339e-01
1.007339613110272314e+00
9.993165542447922656e-01
9.819332600362521424e-01
1.030740201467922335e+00
9.761388286334055087e-01
1.015362671975752251e+00
1.017368436692122291e+00
9.928535346031555076e-01
9.935221228419455208e-01
1.010905417050485644e+00
9.752473776483521206e-01
9.912934953793122173e-01
1.033191691676819124e+00
1.020934240632335621e+00
9.973107895284222257e-01
1.003996671916322247e+00
1.003550946423795498e+00
1.008899652334115604e+00
9.814875345437255039e-01
9.970879267821588510e-01
1.012019730781802407e+00
1.023162868094969147e+00
1.018037024930912304e+00
9.957507503045789354e-01
9.957507503045789354e-01
1.012911181766855684e+00
9.979793777672122390e-01
9.975336522746856005e-01
4.417139630939291295e-01
1.018259887677175790e+00
9.819332600362521424e-01
9.797046325736188388e-01
1.001990907199952208e+00
1.004219534662585511e+00
9.770302796184587857e-01
9.821561227825155171e-01
1.007562475856535578e+00
1.004665260155112261e+00
9.904020443942588292e-01
9.861676522152554858e-01
9.993165542447922656e-01
9.928535346031555076e-01
9.957507503045789354e-01
9.748016521558254821e-01
9.955278875583155607e-01
9.975336522746856005e-01
9.950821620657889222e-01
1.001990907199952208e+00
9.768074168721954109e-01
9.997622797373189041e-01
1.005779573886429024e+00
1.020488515139809094e+00
9.892877306629421774e-01
9.937449855882088956e-01
1.021825691617389120e+00
9.772531423647221605e-01
9.877276914390988871e-01
9.901791816479955655e-01
9.955278875583155607e-01
9.792589070810920893e-01
9.950821620657889222e-01
9.908477698867855787e-01
1.017368436692122291e+00
9.839390247526221822e-01
1.005110985647639010e+00
1.006225299378955551e+00
1.020934240632335621e+00
1.017368436692122291e+00
1.017814162184649041e+00
9.881734169316255256e-01
9.805960835586721158e-01
9.939678483344722704e-01
9.808189463049354906e-01
1.004888122901375525e+00
1.020934240632335621e+00
9.977565150209488642e-01
9.968650640358955872e-01
1.006893887617745564e+00
1.001322318961162194e+00
9.772531423647221605e-01
9.834932992600955437e-01
1.022940005348705661e+00
9.792589070810920893e-01
1.006671024871482301e+00
1.020711377886072357e+00
9.999851424835822788e-01
1.023385730841232411e+00
1.006671024871482301e+00
1.024500044572548951e+00
9.986479660060022523e-01
1.026282946542655727e+00
1.017145573945859027e+00
9.984251032597388775e-01
1.011128279796748908e+00
9.837161620063588074e-01
9.852762012302022088e-01
1.012465456274328934e+00
9.823789855287787809e-01
9.770302796184587857e-01
1.006671024871482301e+00
9.819332600362521424e-01
1.049906397646569234e+00
1.002213769946215693e+00
1.027620123020235754e+00
9.984251032597388775e-01
9.879505541853621509e-01
9.948592993195255474e-01
1.002659495438742221e+00
1.001545181707425680e+00
9.921849463643654943e-01
9.944135738269989089e-01
9.890648679166789137e-01
9.919620836181022305e-01
9.810418090511988654e-01
1.006002436632692287e+00
9.801503580661454773e-01
1.014471220990698974e+00
1.011128279796748908e+00
1.009568240572905617e+00
1.016699848453332278e+00
1.001768044453688944e+00
9.881734169316255256e-01
1.010682554304222380e+00
9.919620836181022305e-01
9.763616913796687724e-01
1.015808397468279001e+00
1.013802632751908961e+00
1.013802632751908961e+00

# time bin value
-1.000000000000000000e+02
-9.900000000000000000e+01
-9.800000000000000000e+01
-9.700000000000000000e+01
-9.600000000000000000e+01
-9.500000000000000000e+01
-9.400000000000000000e+01
-9.300000000000000000e+01
-9.200000000000000000e+01
-9.100000000000000000e+01
-9.000000000000000000e+01
-8.900000000000000000e+01
-8.800000000000000000e+01
-8.700000000000000000e+01
-8.600000000000000000e+01
-8.500000000000000000e+01
-8.400000000000000000e+01
-8.300000000000000000e+01
-8.200000000000000000e+01
-8.100000000000000000e+01
-8.000000000000000000e+01
-7.900000000000000000e+01
-7.800000000000000000e+01
-7.700000000000000000e+01
-7.600000000000000000e+01
-7.500000000000000000e+01
-7.400000000000000000e+01
-7.300000000000000000e+01
-7.200000000000000000e+01
-7.100000000000000000e+01
-7.000000000000000000e+01
-6.900000000000000000e+01
-6.800000000000000000e+01
-6.700000000000000000e+01
-6.600000000000000000e+01
-6.500000000000000000e+01
-6.400000000000000000e+01
-6.300000000000000000e+01
-6.200000000000000000e+01
-6.100000000000000000e+01
-6.000000000000000000e+01
-5.900000000000000000e+01
-5.800000000000000000e+01
-5.700000000000000000e+01
-5.600000000000000000e+01
-5.500000000000000000e+01
-5.400000000000000000e+01
-5.300000000000000000e+01
-5.200000000000000000e+01
-5.100000000000000000e+01
-5.000000000000000000e+01
-4.900000000000000000e+01
-4.800000000000000000e+01
-4.700000000000000000e+01
-4.600000000000000000e+01
-4.500000000000000000e+01
-4.400000000000000000e+01
-4.300000000000000000e+01
-4.200000000000000000e+01
-4.100000000000000000e+01
-4.000000000000000000e+01
-3.900000000000000000e+01
-3.800000000000000000e+01
-3.700000000000000000e+01
-3.600000000000000000e+01
-3.500000000000000000e+01
-3.400000000000000000e+01
-3.300000000000000000e+01
-3.200000000000000000e+01
-3.100000000000000000e+01
-3.000000000000000000e+01
-2.900000000000000000e+01
-2.800000000000000000e+01
-2.700000000000000000e+01
-2.600000000000000000e+01
-2.500000000000000000e+01
-2.400000000000000000e+01
-2.300000000000000000e+01
-2.200000000000000000e+01
-2.100000000000000000e+01
-2.000000000000000000e+01
-1.900000000000000000e+01
-1.800000000000000000e+01
-1.700000000000000000e+01
-1.600000000000000000e+01
-1.500000000000000000e+01
-1.400000000000000000e+01
-1.300000000000000000e+01
-1.200000000000000000e+01
-1.100000000000000000e+01
-1.000000000000000000e+01
-9.000000000000000000e+00
-8.000000000000000000e+00
-7.000000000000000000e+00
-6.000000000000000000e+00
-5.000000000000000000e+00
-4.000000000000000000e+00
-3.000000000000000000e+00
-2.000000000000000000e+00
-1.000000000000000000e+00
0.000000000000000000e+00
1.000000000000000000e+00
2.000000000000000000e+00
3.000000000000000000e+00
4.000000000000000000e+00
5.000000000000000000e+00
6.000000000000000000e+00
7.000000000000000000e+00
8.000000000000000000e+00
9.000000000000000000e+00
1.000000000000000000e+01
1.100000000000000000e+01
1.200000000000000000e+01
1.300000000000000000e+01
1.400000000000000000e+01
1.500000000000000000e+01
1.600000000000000000e+01
1.700000000000000000e+01
1.800000000000000000e+01
1.900000000000000000e+01
2.000000000000000000e+01
2.100000000000000000e+01
2.200000000000000000e+01
2.300000000000000000e+01
2.400000000000000000e+01
2.500000000000000000e+01
2.600000000000000000e+01
2.700000000000000000e+01
2.800000000000000000e+01
2.900000000000000000e+01
3.000000000000000000e+01
3.100000000000000000e+01
3.200000000000000000e+01
3.300000000000000000e+01
3.400000000000000000e+01
3.500000000000000000e+01
3.600000000000000000e+01
3.700000000000000000e+01
3.800000000000000000e+01
3.900000000000000000e+01
4.000000000000000000e+01
4.100000000000000000e+01
4.200000000000000000e+01
4.300000000000000000e+01
4.400000000000000000e+01
4.500000000000000000e+01
4.600000000000000000e+01
4.700000000000000000e+01
4.800000000000000000e+01
4.900000000000000000e+01
5.000000000000000000e+01
5.100000000000000000e+01
5.200000000000000000e+01
5.300000000000000000e+01
5.400000000000000000e+01
5.500000000000000000e+01
5.600000000000000000e+01
5.700000000000000000e+01
5.800000000000000000e+01
5.900000000000000000e+01
6.000000000000000000e+01
6.100000000000000000e+01
6.200000000000000000e+01
6.300000000000000000e+01
6.400000000000000000e+01
6.500000000000000000e+01
6.600000000000000000e+01
6.700000000000000000e+01
6.800000000000000000e+01
6.900000000000000000e+01
7.000000000000000000e+01
7.100000000000000000e+01
7.200000000000000000e+01
7.300000000000000000e+01
7.400000000000000000e+01
7.500000000000000000e+01
7.600000000000000000e+01
7.700000000000000000e+01
7.800000000000000000e+01
7.900000000000000000e+01
8.000000000000000000e+01
8.100000000000000000e+01
8.200000000000000000e+01
8.300000000000000000e+01
8.400000000000000000e+01
8.500000000000000000e+01
8.600000000000000000e+01
8.700000000000000000e+01
8.800000000000000000e+01
8.900000000000000000e+01
9.000000000000000000e+01
9.100000000000000000e+01
9.200000000000000000e+01
9.300000000000000000e+01
9.400000000000000000e+01
9.500000000000000000e+01
9.600000000000000000e+01
9.700000000000000000e+01
9.800000000000000000e+01
9.900000000000000000e+01
