single photon fraction:    0.6000
laser fraction:    0.2000
thermal source fraction:    0.1000
non-detected fraction:    0.1000
number of bins:  200.0000
bin width (ns):    1.0000
average detection events per bin: 5000.0000

# binary result
1.000000000000000000e+00

# g2 signal
9.705619265799235729e-01
9.750232546726834704e-01
9.935377662576372337e-01
9.988913599689490663e-01
9.993374927782251449e-01
9.910840358066191902e-01
1.021198000432748776e+00
1.008260148963745051e+00
1.006252551322003086e+00
1.032574387069286503e+00
9.799307155747193354e-01
1.031235988641458601e+00
1.000452824801415064e+00
9.946530982808271526e-01
1.007367883345192894e+00
9.727925906263035216e-01
9.897456373787912876e-01
1.004021887275623026e+00
9.962145631132931500e-01
1.012721477056504948e+00
1.030566789427544538e+00
1.004691086489537089e+00
1.004021887275623026e+00
1.011606145033314919e+00
1.013390676270418789e+00
9.843920436674793439e-01
9.841689772628413602e-01
9.826075124303753627e-01
1.012275344247228981e+00
1.001568156824605094e+00
9.846151100721173277e-01
1.005806418512726896e+00
9.955453638993791987e-01
1.002460422443157029e+00
1.040158644826978396e+00
9.888533717602392414e-01
1.000675891206053159e+00
1.001568156824605094e+00
9.942069654715511851e-01
1.016513605935350784e+00
1.004468020084898994e+00
1.007590949749830989e+00
1.006475617726640959e+00
9.926455006390851876e-01
1.000006691992139096e+00
1.007814016154468861e+00
1.003129621657071091e+00
1.007814016154468861e+00
9.821613796210993952e-01
9.828305788350133465e-01
9.942069654715511851e-01
1.017182805149264846e+00
1.013167609865780916e+00
9.790384499561674003e-01
9.890764381648772252e-01
9.895225709741531928e-01
9.777000515283393867e-01
1.026997726953336576e+00
9.964376295179311338e-01
9.892995045695152090e-01
1.007367883345192894e+00
1.025436262120870801e+00
1.015621340316798848e+00
9.919763014251712363e-01
9.730156570309415054e-01
1.008929348177658891e+00
1.000006691992139096e+00
1.016290539530712911e+00
1.010490813010124889e+00
1.011160012224038951e+00
9.957684303040171825e-01
9.772539187190634191e-01
1.022090266051300711e+00
1.006475617726640959e+00
1.015844406721436943e+00
1.011606145033314919e+00
9.888533717602392414e-01
1.020528801218834714e+00
1.007144816940555021e+00
1.013167609865780916e+00
1.012052277842590886e+00
1.032574387069286503e+00
1.014729074698246913e+00
9.855073756906692628e-01
1.007590949749830989e+00
1.002237356038519156e+00
1.010267746605487016e+00
1.011606145033314919e+00
1.027443859762612766e+00
1.018075070767816781e+00
9.984452271596730988e-01
9.892995045695152090e-01
9.964376295179311338e-01
1.010490813010124889e+00
1.016959738744626751e+00
1.011160012224038951e+00
9.913071022112571740e-01
1.002237356038519156e+00
9.857304420953072466e-01
9.890764381648772252e-01
4.514864029873052464e-01
1.020082668409558746e+00
9.906379029973432226e-01
1.007367883345192894e+00
1.030789855832182633e+00
9.910840358066191902e-01
9.741309890541314243e-01
9.948761646854651364e-01
1.001122024015329126e+00
1.002683488847795124e+00
9.964376295179311338e-01
1.008260148963745051e+00
9.964376295179311338e-01
1.006921750535916926e+00
9.995605591828631287e-01
9.937608326622752175e-01
1.007367883345192894e+00
9.921993678298092201e-01
9.897456373787912876e-01
1.025213195716232706e+00
1.018967336386368716e+00
1.005806418512726896e+00
1.001568156824605094e+00
1.027889992571888733e+00
9.973298951364830689e-01
1.005806418512726896e+00
9.995605591828631287e-01
9.986682935643110826e-01
9.890764381648772252e-01
9.701157937706474943e-01
9.821613796210993952e-01
1.026105461334784641e+00
9.841689772628413602e-01
1.016736672339988878e+00
9.863996413092213089e-01
9.986682935643110826e-01
9.879611061416873063e-01
9.859535084999453414e-01
1.020305734814196841e+00
9.942069654715511851e-01
1.009375480986934859e+00
9.991144263735870501e-01
9.988913599689490663e-01
1.016067473126074816e+00
9.964376295179311338e-01
1.017628937958540813e+00
9.957684303040171825e-01
9.872919069277732440e-01
9.819383132164613004e-01
1.002906555252432996e+00
1.017628937958540813e+00
1.004468020084898994e+00
9.959914967086551663e-01
9.926455006390851876e-01
1.018967336386368716e+00
9.966606959225691176e-01
1.009152414582296986e+00
1.006921750535916926e+00
1.004021887275623026e+00
1.009375480986934859e+00
9.939838990669132013e-01
9.901917701880672551e-01
1.022982531669852646e+00
1.002906555252432996e+00
1.014059875484332851e+00
9.924224342344472038e-01
9.785923171468914328e-01
1.005583352108089024e+00
1.002237356038519156e+00
1.005806418512726896e+00
1.028559191785802573e+00
9.930916334483611552e-01
1.000229758396776969e+00
1.007814016154468861e+00
1.021644133242024743e+00
1.016290539530712911e+00
1.010936945819400856e+00
1.009598547391572954e+00
1.002237356038519156e+00
1.012944543461142821e+00
1.000898957610691031e+00
1.029451457404354731e+00
1.011829211437953013e+00
9.716772586031134917e-01
1.016067473126074816e+00
9.939838990669132013e-01
1.031012922236820728e+00
9.884072389509632739e-01
9.908609694019812064e-01
1.003575754466347059e+00
1.007144816940555021e+00
1.020751867623472808e+00
9.870688405231352602e-01
1.015398273912160754e+00
1.006475617726640959e+00
9.808229811932713815e-01
9.790384499561674003e-01
9.770308523144254353e-01
1.003352688061708964e+00
1.007814016154468861e+00

# time bin value
-1.000000000000000000e+02
-9.900000000000000000e+01
-9.800000000000000000e+01
-9.700000000000000000e+01
-9.600000000000000000e+01
-9.500000000000000000e+01
-9.400000000000000000e+01
-9.300000000000000000e+01
-9.200000000000000000e+01
-9.100000000000000000e+01
-9.000000000000000000e+01
-8.900000000000000000e+01
-8.800000000000000000e+01
-8.700000000000000000e+01
-8.600000000000000000e+01
-8.500000000000000000e+01
-8.400000000000000000e+01
-8.300000000000000000e+01
-8.200000000000000000e+01
-8.100000000000000000e+01
-8.000000000000000000e+01
-7.900000000000000000e+01
-7.800000000000000000e+01
-7.700000000000000000e+01
-7.600000000000000000e+01
-7.500000000000000000e+01
-7.400000000000000000e+01
-7.300000000000000000e+01
-7.200000000000000000e+01
-7.100000000000000000e+01
-7.000000000000000000e+01
-6.900000000000000000e+01
-6.800000000000000000e+01
-6.700000000000000000e+01
-6.600000000000000000e+01
-6.500000000000000000e+01
-6.400000000000000000e+01
-6.300000000000000000e+01
-6.200000000000000000e+01
-6.100000000000000000e+01
-6.000000000000000000e+01
-5.900000000000000000e+01
-5.800000000000000000e+01
-5.700000000000000000e+01
-5.600000000000000000e+01
-5.500000000000000000e+01
-5.400000000000000000e+01
-5.300000000000000000e+01
-5.200000000000000000e+01
-5.100000000000000000e+01
-5.000000000000000000e+01
-4.900000000000000000e+01
-4.800000000000000000e+01
-4.700000000000000000e+01
-4.600000000000000000e+01
-4.500000000000000000e+01
-4.400000000000000000e+01
-4.300000000000000000e+01
-4.200000000000000000e+01
-4.100000000000000000e+01
-4.000000000000000000e+01
-3.900000000000000000e+01
-3.800000000000000000e+01
-3.700000000000000000e+01
-3.600000000000000000e+01
-3.500000000000000000e+01
-3.400000000000000000e+01
-3.300000000000000000e+01
-3.200000000000000000e+01
-3.100000000000000000e+01
-3.000000000000000000e+01
-2.900000000000000000e+01
-2.800000000000000000e+01
-2.700000000000000000e+01
-2.600000000000000000e+01
-2.500000000000000000e+01
-2.400000000000000000e+01
-2.300000000000000000e+01
-2.200000000000000000e+01
-2.100000000000000000e+01
-2.000000000000000000e+01
-1.900000000000000000e+01
-1.800000000000000000e+01
-1.700000000000000000e+01
-1.600000000000000000e+01
-1.500000000000000000e+01
-1.400000000000000000e+01
-1.300000000000000000e+01
-1.200000000000000000e+01
-1.100000000000000000e+01
-1.000000000000000000e+01
-9.000000000000000000e+00
-8.000000000000000000e+00
-7.000000000000000000e+00
-6.000000000000000000e+00
-5.000000000000000000e+00
-4.000000000000000000e+00
-3.000000000000000000e+00
-2.000000000000000000e+00
-1.000000000000000000e+00
0.000000000000000000e+00
1.000000000000000000e+00
2.000000000000000000e+00
3.000000000000000000e+00
4.000000000000000000e+00
5.000000000000000000e+00
6.000000000000000000e+00
7.000000000000000000e+00
8.000000000000000000e+00
9.000000000000000000e+00
1.000000000000000000e+01
1.100000000000000000e+01
1.200000000000000000e+01
1.300000000000000000e+01
1.400000000000000000e+01
1.500000000000000000e+01
1.600000000000000000e+01
1.700000000000000000e+01
1.800000000000000000e+01
1.900000000000000000e+01
2.000000000000000000e+01
2.100000000000000000e+01
2.200000000000000000e+01
2.300000000000000000e+01
2.400000000000000000e+01
2.500000000000000000e+01
2.600000000000000000e+01
2.700000000000000000e+01
2.800000000000000000e+01
2.900000000000000000e+01
3.000000000000000000e+01
3.100000000000000000e+01
3.200000000000000000e+01
3.300000000000000000e+01
3.400000000000000000e+01
3.500000000000000000e+01
3.600000000000000000e+01
3.700000000000000000e+01
3.800000000000000000e+01
3.900000000000000000e+01
4.000000000000000000e+01
4.100000000000000000e+01
4.200000000000000000e+01
4.300000000000000000e+01
4.400000000000000000e+01
4.500000000000000000e+01
4.600000000000000000e+01
4.700000000000000000e+01
4.800000000000000000e+01
4.900000000000000000e+01
5.000000000000000000e+01
5.100000000000000000e+01
5.200000000000000000e+01
5.300000000000000000e+01
5.400000000000000000e+01
5.500000000000000000e+01
5.600000000000000000e+01
5.700000000000000000e+01
5.800000000000000000e+01
5.900000000000000000e+01
6.000000000000000000e+01
6.100000000000000000e+01
6.200000000000000000e+01
6.300000000000000000e+01
6.400000000000000000e+01
6.500000000000000000e+01
6.600000000000000000e+01
6.700000000000000000e+01
6.800000000000000000e+01
6.900000000000000000e+01
7.000000000000000000e+01
7.100000000000000000e+01
7.200000000000000000e+01
7.300000000000000000e+01
7.400000000000000000e+01
7.500000000000000000e+01
7.600000000000000000e+01
7.700000000000000000e+01
7.800000000000000000e+01
7.900000000000000000e+01
8.000000000000000000e+01
8.100000000000000000e+01
8.200000000000000000e+01
8.300000000000000000e+01
8.400000000000000000e+01
8.500000000000000000e+01
8.600000000000000000e+01
8.700000000000000000e+01
8.800000000000000000e+01
8.900000000000000000e+01
9.000000000000000000e+01
9.100000000000000000e+01
9.200000000000000000e+01
9.300000000000000000e+01
9.400000000000000000e+01
9.500000000000000000e+01
9.600000000000000000e+01
9.700000000000000000e+01
9.800000000000000000e+01
9.900000000000000000e+01
