single photon fraction:    0.6000
laser fraction:    0.2000
thermal source fraction:    0.1000
non-detected fraction:    0.1000
number of bins:  200.0000
bin width (ns):    1.0000
average detection events per bin: 5000.0000

# binary result
1.000000000000000000e+00

# g2 signal
9.726337185632478732e-01
9.782056349161537545e-01
1.000047547019544680e+00
1.010745626417123955e+00
1.008071106567729247e+00
1.007625353259496759e+00
1.030804525287585038e+00
1.006510969988915649e+00
9.773141282996887780e-01
1.005396586718334317e+00
9.686219387891557009e-01
1.014757406191216349e+00
1.013865899574751372e+00
1.007179599951264271e+00
1.003836450139520720e+00
1.014088776228867506e+00
1.004950833410101829e+00
1.004282203447753208e+00
1.009854119800658978e+00
1.011414256379472798e+00
1.005396586718334317e+00
1.003167820177172098e+00
9.964815205536849962e-01
1.007848229913612892e+00
1.020775075852354608e+00
9.773141282996887780e-01
1.012974392958286396e+00
1.018769185965308521e+00
1.002722066868939610e+00
1.002276313560707122e+00
9.975959038242662169e-01
9.857834411561057220e-01
1.006956723297148137e+00
1.023449595701749315e+00
1.012528639650053908e+00
1.002053436906590766e+00
9.889037143137330288e-01
1.025678362242911756e+00
9.958128905913362638e-01
9.766454983373401566e-01
9.906867275466628708e-01
9.911324808548953591e-01
9.938070007042901777e-01
9.944756306666389101e-01
1.020329322544122119e+00
1.006288093334799294e+00
1.018992062619424654e+00
9.951442606289876425e-01
1.003390696831288231e+00
9.973730271701499728e-01
9.942527540125226659e-01
1.029021512054655307e+00
1.009631243146542845e+00
9.991560404030798148e-01
1.007179599951264271e+00
9.804344014573160848e-01
1.014088776228867506e+00
9.701820753679692988e-01
9.993789170571960589e-01
1.016317542770029947e+00
9.699591987138530547e-01
9.940298773584064218e-01
1.010299873108891466e+00
1.013197269612402529e+00
1.005619463372450673e+00
1.014311652882983861e+00
9.958128905913362638e-01
1.001830560252474633e+00
1.026346992205260378e+00
1.023226719047633182e+00
9.831089213067109034e-01
1.004505080101869341e+00
1.031473155249933882e+00
9.799886481490835966e-01
1.000270423673661035e+00
9.826631679984784151e-01
9.804344014573160848e-01
9.973730271701499728e-01
1.003836450139520720e+00
1.014980282845332482e+00
9.953671372831037756e-01
1.001161930290126012e+00
9.770912516455725338e-01
1.009631243146542845e+00
9.891265909678492729e-01
1.034147675099328589e+00
9.831089213067109034e-01
9.940298773584064218e-01
1.002276313560707122e+00
1.037267948256956007e+00
9.980416571324985942e-01
1.020329322544122119e+00
9.893494676219655171e-01
1.015426036153564970e+00
1.021889459122935717e+00
9.962586438995687521e-01
1.009854119800658978e+00
1.021889459122935717e+00
9.920239874713603356e-01
9.853376878478732337e-01
4.597945374417920505e-01
9.953671372831037756e-01
1.008962613184194224e+00
9.973730271701499728e-01
1.001384806944242145e+00
1.008739736530077868e+00
9.744167317961778263e-01
9.797657714949673524e-01
9.942527540125226659e-01
1.019660692581773498e+00
9.741938551420615822e-01
9.768683749914564007e-01
9.840004279231758799e-01
9.817716613820135496e-01
1.008071106567729247e+00
9.822174146902460379e-01
1.012751516304170041e+00
1.026124115551144245e+00
9.998246703654285472e-01
9.902409742384303826e-01
1.018769185965308521e+00
1.015648912807681103e+00
9.882350843513842964e-01
1.014088776228867506e+00
9.998246703654285472e-01
9.960357672454525080e-01
1.020775075852354608e+00
9.913553575090116032e-01
9.795428948408512193e-01
9.766454983373401566e-01
9.842233045772921241e-01
1.025901238897027890e+00
1.019437815927657143e+00
1.013643022920635017e+00
9.975959038242662169e-01
1.013197269612402529e+00
1.000939053636009657e+00
9.761997450291076683e-01
1.005173710064218184e+00
9.996017937113123031e-01
1.014534529537099994e+00
9.922468641254765798e-01
1.001830560252474633e+00
1.000270423673661035e+00
9.929154940878252011e-01
1.005396586718334317e+00
1.011414256379472798e+00
9.815487847278973055e-01
9.868978244266869426e-01
9.973730271701499728e-01
9.860063178102219661e-01
1.015203159499448615e+00
1.014534529537099994e+00
9.935841240501739335e-01
9.895723442760817612e-01
9.920239874713603356e-01
1.029021512054655307e+00
1.001830560252474633e+00
1.004282203447753208e+00
1.003613573485404586e+00
1.026569868859376733e+00
9.911324808548953591e-01
1.017877679348843545e+00
9.882350843513842964e-01
9.848919345396407454e-01
1.015426036153564970e+00
9.766454983373401566e-01
1.010522749763007821e+00
1.018546309311192166e+00
1.006288093334799294e+00
9.817716613820135496e-01
1.015203159499448615e+00
9.768683749914564007e-01
1.004727956755985696e+00
9.897952209301980053e-01
9.996017937113123031e-01
9.978187804783824610e-01
9.909096042007791150e-01
1.023672472355865670e+00
9.938070007042901777e-01
9.951442606289876425e-01
9.837775512690596358e-01
1.018100556002959678e+00
9.855605645019894778e-01
1.011637133033588931e+00
1.021443705814703229e+00
9.795428948408512193e-01
9.993789170571960589e-01
1.004950833410101829e+00
1.007625353259496759e+00
1.017431926040611057e+00
1.029913018671120284e+00
9.837775512690596358e-01
1.000939053636009657e+00
9.958128905913362638e-01
9.953671372831037756e-01
9.913553575090116032e-01
1.017209049386494923e+00
1.024341102318214292e+00
9.982645337866148383e-01

# time bin value
-1.000000000000000000e+02
-9.900000000000000000e+01
-9.800000000000000000e+01
-9.700000000000000000e+01
-9.600000000000000000e+01
-9.500000000000000000e+01
-9.400000000000000000e+01
-9.300000000000000000e+01
-9.200000000000000000e+01
-9.100000000000000000e+01
-9.000000000000000000e+01
-8.900000000000000000e+01
-8.800000000000000000e+01
-8.700000000000000000e+01
-8.600000000000000000e+01
-8.500000000000000000e+01
-8.400000000000000000e+01
-8.300000000000000000e+01
-8.200000000000000000e+01
-8.100000000000000000e+01
-8.000000000000000000e+01
-7.900000000000000000e+01
-7.800000000000000000e+01
-7.700000000000000000e+01
-7.600000000000000000e+01
-7.500000000000000000e+01
-7.400000000000000000e+01
-7.300000000000000000e+01
-7.200000000000000000e+01
-7.100000000000000000e+01
-7.000000000000000000e+01
-6.900000000000000000e+01
-6.800000000000000000e+01
-6.700000000000000000e+01
-6.600000000000000000e+01
-6.500000000000000000e+01
-6.400000000000000000e+01
-6.300000000000000000e+01
-6.200000000000000000e+01
-6.100000000000000000e+01
-6.000000000000000000e+01
-5.900000000000000000e+01
-5.800000000000000000e+01
-5.700000000000000000e+01
-5.600000000000000000e+01
-5.500000000000000000e+01
-5.400000000000000000e+01
-5.300000000000000000e+01
-5.200000000000000000e+01
-5.100000000000000000e+01
-5.000000000000000000e+01
-4.900000000000000000e+01
-4.800000000000000000e+01
-4.700000000000000000e+01
-4.600000000000000000e+01
-4.500000000000000000e+01
-4.400000000000000000e+01
-4.300000000000000000e+01
-4.200000000000000000e+01
-4.100000000000000000e+01
-4.000000000000000000e+01
-3.900000000000000000e+01
-3.800000000000000000e+01
-3.700000000000000000e+01
-3.600000000000000000e+01
-3.500000000000000000e+01
-3.400000000000000000e+01
-3.300000000000000000e+01
-3.200000000000000000e+01
-3.100000000000000000e+01
-3.000000000000000000e+01
-2.900000000000000000e+01
-2.800000000000000000e+01
-2.700000000000000000e+01
-2.600000000000000000e+01
-2.500000000000000000e+01
-2.400000000000000000e+01
-2.300000000000000000e+01
-2.200000000000000000e+01
-2.100000000000000000e+01
-2.000000000000000000e+01
-1.900000000000000000e+01
-1.800000000000000000e+01
-1.700000000000000000e+01
-1.600000000000000000e+01
-1.500000000000000000e+01
-1.400000000000000000e+01
-1.300000000000000000e+01
-1.200000000000000000e+01
-1.100000000000000000e+01
-1.000000000000000000e+01
-9.000000000000000000e+00
-8.000000000000000000e+00
-7.000000000000000000e+00
-6.000000000000000000e+00
-5.000000000000000000e+00
-4.000000000000000000e+00
-3.000000000000000000e+00
-2.000000000000000000e+00
-1.000000000000000000e+00
0.000000000000000000e+00
1.000000000000000000e+00
2.000000000000000000e+00
3.000000000000000000e+00
4.000000000000000000e+00
5.000000000000000000e+00
6.000000000000000000e+00
7.000000000000000000e+00
8.000000000000000000e+00
9.000000000000000000e+00
1.000000000000000000e+01
1.100000000000000000e+01
1.200000000000000000e+01
1.300000000000000000e+01
1.400000000000000000e+01
1.500000000000000000e+01
1.600000000000000000e+01
1.700000000000000000e+01
1.800000000000000000e+01
1.900000000000000000e+01
2.000000000000000000e+01
2.100000000000000000e+01
2.200000000000000000e+01
2.300000000000000000e+01
2.400000000000000000e+01
2.500000000000000000e+01
2.600000000000000000e+01
2.700000000000000000e+01
2.800000000000000000e+01
2.900000000000000000e+01
3.000000000000000000e+01
3.100000000000000000e+01
3.200000000000000000e+01
3.300000000000000000e+01
3.400000000000000000e+01
3.500000000000000000e+01
3.600000000000000000e+01
3.700000000000000000e+01
3.800000000000000000e+01
3.900000000000000000e+01
4.000000000000000000e+01
4.100000000000000000e+01
4.200000000000000000e+01
4.300000000000000000e+01
4.400000000000000000e+01
4.500000000000000000e+01
4.600000000000000000e+01
4.700000000000000000e+01
4.800000000000000000e+01
4.900000000000000000e+01
5.000000000000000000e+01
5.100000000000000000e+01
5.200000000000000000e+01
5.300000000000000000e+01
5.400000000000000000e+01
5.500000000000000000e+01
5.600000000000000000e+01
5.700000000000000000e+01
5.800000000000000000e+01
5.900000000000000000e+01
6.000000000000000000e+01
6.100000000000000000e+01
6.200000000000000000e+01
6.300000000000000000e+01
6.400000000000000000e+01
6.500000000000000000e+01
6.600000000000000000e+01
6.700000000000000000e+01
6.800000000000000000e+01
6.900000000000000000e+01
7.000000000000000000e+01
7.100000000000000000e+01
7.200000000000000000e+01
7.300000000000000000e+01
7.400000000000000000e+01
7.500000000000000000e+01
7.600000000000000000e+01
7.700000000000000000e+01
7.800000000000000000e+01
7.900000000000000000e+01
8.000000000000000000e+01
8.100000000000000000e+01
8.200000000000000000e+01
8.300000000000000000e+01
8.400000000000000000e+01
8.500000000000000000e+01
8.600000000000000000e+01
8.700000000000000000e+01
8.800000000000000000e+01
8.900000000000000000e+01
9.000000000000000000e+01
9.100000000000000000e+01
9.200000000000000000e+01
9.300000000000000000e+01
9.400000000000000000e+01
9.500000000000000000e+01
9.600000000000000000e+01
9.700000000000000000e+01
9.800000000000000000e+01
9.900000000000000000e+01
