single photon fraction:    0.6000
laser fraction:    0.2000
thermal source fraction:    0.1000
non-detected fraction:    0.1000
number of bins:  200.0000
bin width (ns):    1.0000
average detection events per bin: 5000.0000

# binary result
1.000000000000000000e+00

# g2 signal
9.936691500962228085e-01
1.013961765145315219e+00
1.014630752454626084e+00
9.952301204846145666e-01
9.780594462123054500e-01
9.751605012052922961e-01
1.031578430957164949e+00
1.005041934354505395e+00
1.028679485950151573e+00
1.014630752454626084e+00
9.876482643124261385e-01
1.016414718612788093e+00
1.016191722843017731e+00
1.009947841289450920e+00
1.038714295589812764e+00
9.849723150751831247e-01
1.016860710152328595e+00
9.938921458659930597e-01
1.015522735533707088e+00
1.001919993577721879e+00
9.963450993334658223e-01
1.009055858210369916e+00
1.005710921663816260e+00
9.805123996797782127e-01
1.030909443647854085e+00
1.035592354813029248e+00
9.829653531472509753e-01
9.983520612613979717e-01
1.015522735533707088e+00
1.005264930124275757e+00
1.007271892052207907e+00
1.006602904742897264e+00
9.927771670171418039e-01
9.845263235356426224e-01
9.923311754776013016e-01
9.927771670171418039e-01
9.689166196517253749e-01
9.925541712473715528e-01
1.009501849749910418e+00
1.004372947045194753e+00
9.996900358800194786e-01
9.972370824125467159e-01
1.013292777836004577e+00
9.905472093194392924e-01
1.013738769375545079e+00
9.836343404565616177e-01
1.011285815908072427e+00
1.008386870901059051e+00
1.013515773605774939e+00
1.019090667850031107e+00
9.776134546727649477e-01
1.005933917433586400e+00
1.011062820138302065e+00
9.916621881682905482e-01
9.872022727728856362e-01
1.013515773605774939e+00
1.000805014728870734e+00
1.010170837059221061e+00
9.787284335216162034e-01
9.945611331753038131e-01
9.976830739520872182e-01
1.011731807447612930e+00
9.992440443404789763e-01
1.001028010498640874e+00
9.963450993334658223e-01
9.958991077939253200e-01
9.889862389310476454e-01
1.010393832828991423e+00
9.941151416357633108e-01
1.007271892052207907e+00
9.867562812333451339e-01
1.014407756684855721e+00
1.010170837059221061e+00
9.994670401102492274e-01
1.002811976656802884e+00
9.952301204846145666e-01
9.896552262403583988e-01
9.773904589029946965e-01
1.017529697461639238e+00
9.994670401102492274e-01
1.009055858210369916e+00
1.021320625547733396e+00
9.876482643124261385e-01
1.002588980887032744e+00
9.974600781823169671e-01
1.001474002038181377e+00
9.916621881682905482e-01
1.019090667850031107e+00
9.872022727728856362e-01
1.000805014728870734e+00
1.002811976656802884e+00
9.994670401102492274e-01
9.796204166006972081e-01
1.001696997807951739e+00
1.031132439417624447e+00
1.000359023189330232e+00
1.006602904742897264e+00
9.762754800541435518e-01
1.007048896282437545e+00
9.983520612613979717e-01
4.386326791380767975e-01
9.901012177798987901e-01
9.963450993334658223e-01
9.836343404565616177e-01
1.018198684770950102e+00
1.007940879361518549e+00
9.985750570311682228e-01
9.691396154214956260e-01
1.016191722843017731e+00
1.029348473259462438e+00
1.015076743994166586e+00
9.914391923985202970e-01
9.901012177798987901e-01
9.836343404565616177e-01
1.027341511331530066e+00
9.865332854635748827e-01
1.011285815908072427e+00
1.023550583245435908e+00
1.003480963966113748e+00
9.996900358800194786e-01
9.847493193054128735e-01
9.829653531472509753e-01
9.865332854635748827e-01
1.022881595936125265e+00
9.865332854635748827e-01
1.017752693231409600e+00
9.858642981542641293e-01
1.007048896282437545e+00
9.678016408028741191e-01
1.015076743994166586e+00
1.016860710152328595e+00
9.802894039100079615e-01
9.762754800541435518e-01
9.695856069610361283e-01
1.006379908973126902e+00
1.010393832828991423e+00
1.000582018959100372e+00
1.005264930124275757e+00
1.006379908973126902e+00
9.883172516217368919e-01
1.028456490180381433e+00
1.001251006268411237e+00
9.999130316497897297e-01
1.027341511331530066e+00
1.006156913203356762e+00
1.021097629777963256e+00
9.961221035636955712e-01
9.974600781823169671e-01
1.016637714382558233e+00
1.011954803217383070e+00
1.015968727073247591e+00
1.014853748224396224e+00
1.008386870901059051e+00
1.018421680540720242e+00
1.003257968196343386e+00
9.858642981542641293e-01
9.816273785286294684e-01
9.887632431612773942e-01
1.017306701691869097e+00
9.740455223564410403e-01
1.005264930124275757e+00
1.007717883591748409e+00
1.013515773605774939e+00
9.840803319961021201e-01
1.004149951275424391e+00
1.015745731303477228e+00
1.015968727073247591e+00
1.003703959735883888e+00
9.898782220101286500e-01
9.838573362263318689e-01
9.898782220101286500e-01
9.898782220101286500e-01
1.000805014728870734e+00
9.901012177798987901e-01
1.000136027419559870e+00
9.731535392773600357e-01
1.003257968196343386e+00
9.954531162543848177e-01
9.776134546727649477e-01
9.943381374055335620e-01
9.914391923985202970e-01
1.001028010498640874e+00
9.769444673634541942e-01
1.014853748224396224e+00
9.858642981542641293e-01
1.007940879361518549e+00
9.773904589029946965e-01
1.009724845519680558e+00
1.012846786296464074e+00
1.007717883591748409e+00
9.744915138959815426e-01
9.943381374055335620e-01
1.007271892052207907e+00
9.869792770031153850e-01
1.032247418266475592e+00
9.840803319961021201e-01
9.785054377518459523e-01
9.958991077939253200e-01
1.016637714382558233e+00
1.019090667850031107e+00

# time bin value
-1.000000000000000000e+02
-9.900000000000000000e+01
-9.800000000000000000e+01
-9.700000000000000000e+01
-9.600000000000000000e+01
-9.500000000000000000e+01
-9.400000000000000000e+01
-9.300000000000000000e+01
-9.200000000000000000e+01
-9.100000000000000000e+01
-9.000000000000000000e+01
-8.900000000000000000e+01
-8.800000000000000000e+01
-8.700000000000000000e+01
-8.600000000000000000e+01
-8.500000000000000000e+01
-8.400000000000000000e+01
-8.300000000000000000e+01
-8.200000000000000000e+01
-8.100000000000000000e+01
-8.000000000000000000e+01
-7.900000000000000000e+01
-7.800000000000000000e+01
-7.700000000000000000e+01
-7.600000000000000000e+01
-7.500000000000000000e+01
-7.400000000000000000e+01
-7.300000000000000000e+01
-7.200000000000000000e+01
-7.100000000000000000e+01
-7.000000000000000000e+01
-6.900000000000000000e+01
-6.800000000000000000e+01
-6.700000000000000000e+01
-6.600000000000000000e+01
-6.500000000000000000e+01
-6.400000000000000000e+01
-6.300000000000000000e+01
-6.200000000000000000e+01
-6.100000000000000000e+01
-6.000000000000000000e+01
-5.900000000000000000e+01
-5.800000000000000000e+01
-5.700000000000000000e+01
-5.600000000000000000e+01
-5.500000000000000000e+01
-5.400000000000000000e+01
-5.300000000000000000e+01
-5.200000000000000000e+01
-5.100000000000000000e+01
-5.000000000000000000e+01
-4.900000000000000000e+01
-4.800000000000000000e+01
-4.700000000000000000e+01
-4.600000000000000000e+01
-4.500000000000000000e+01
-4.400000000000000000e+01
-4.300000000000000000e+01
-4.200000000000000000e+01
-4.100000000000000000e+01
-4.000000000000000000e+01
-3.900000000000000000e+01
-3.800000000000000000e+01
-3.700000000000000000e+01
-3.600000000000000000e+01
-3.500000000000000000e+01
-3.400000000000000000e+01
-3.300000000000000000e+01
-3.200000000000000000e+01
-3.100000000000000000e+01
-3.000000000000000000e+01
-2.900000000000000000e+01
-2.800000000000000000e+01
-2.700000000000000000e+01
-2.600000000000000000e+01
-2.500000000000000000e+01
-2.400000000000000000e+01
-2.300000000000000000e+01
-2.200000000000000000e+01
-2.100000000000000000e+01
-2.000000000000000000e+01
-1.900000000000000000e+01
-1.800000000000000000e+01
-1.700000000000000000e+01
-1.600000000000000000e+01
-1.500000000000000000e+01
-1.400000000000000000e+01
-1.300000000000000000e+01
-1.200000000000000000e+01
-1.100000000000000000e+01
-1.000000000000000000e+01
-9.000000000000000000e+00
-8.000000000000000000e+00
-7.000000000000000000e+00
-6.000000000000000000e+00
-5.000000000000000000e+00
-4.000000000000000000e+00
-3.000000000000000000e+00
-2.000000000000000000e+00
-1.000000000000000000e+00
0.000000000000000000e+00
1.000000000000000000e+00
2.000000000000000000e+00
3.000000000000000000e+00
4.000000000000000000e+00
5.000000000000000000e+00
6.000000000000000000e+00
7.000000000000000000e+00
8.000000000000000000e+00
9.000000000000000000e+00
1.000000000000000000e+01
1.100000000000000000e+01
1.200000000000000000e+01
1.300000000000000000e+01
1.400000000000000000e+01
1.500000000000000000e+01
1.600000000000000000e+01
1.700000000000000000e+01
1.800000000000000000e+01
1.900000000000000000e+01
2.000000000000000000e+01
2.100000000000000000e+01
2.200000000000000000e+01
2.300000000000000000e+01
2.400000000000000000e+01
2.500000000000000000e+01
2.600000000000000000e+01
2.700000000000000000e+01
2.800000000000000000e+01
2.900000000000000000e+01
3.000000000000000000e+01
3.100000000000000000e+01
3.200000000000000000e+01
3.300000000000000000e+01
3.400000000000000000e+01
3.500000000000000000e+01
3.600000000000000000e+01
3.700000000000000000e+01
3.800000000000000000e+01
3.900000000000000000e+01
4.000000000000000000e+01
4.100000000000000000e+01
4.200000000000000000e+01
4.300000000000000000e+01
4.400000000000000000e+01
4.500000000000000000e+01
4.600000000000000000e+01
4.700000000000000000e+01
4.800000000000000000e+01
4.900000000000000000e+01
5.000000000000000000e+01
5.100000000000000000e+01
5.200000000000000000e+01
5.300000000000000000e+01
5.400000000000000000e+01
5.500000000000000000e+01
5.600000000000000000e+01
5.700000000000000000e+01
5.800000000000000000e+01
5.900000000000000000e+01
6.000000000000000000e+01
6.100000000000000000e+01
6.200000000000000000e+01
6.300000000000000000e+01
6.400000000000000000e+01
6.500000000000000000e+01
6.600000000000000000e+01
6.700000000000000000e+01
6.800000000000000000e+01
6.900000000000000000e+01
7.000000000000000000e+01
7.100000000000000000e+01
7.200000000000000000e+01
7.300000000000000000e+01
7.400000000000000000e+01
7.500000000000000000e+01
7.600000000000000000e+01
7.700000000000000000e+01
7.800000000000000000e+01
7.900000000000000000e+01
8.000000000000000000e+01
8.100000000000000000e+01
8.200000000000000000e+01
8.300000000000000000e+01
8.400000000000000000e+01
8.500000000000000000e+01
8.600000000000000000e+01
8.700000000000000000e+01
8.800000000000000000e+01
8.900000000000000000e+01
9.000000000000000000e+01
9.100000000000000000e+01
9.200000000000000000e+01
9.300000000000000000e+01
9.400000000000000000e+01
9.500000000000000000e+01
9.600000000000000000e+01
9.700000000000000000e+01
9.800000000000000000e+01
9.900000000000000000e+01
