single photon fraction:    0.6000
laser fraction:    0.2000
thermal source fraction:    0.1000
non-detected fraction:    0.1000
number of bins:  200.0000
bin width (ns):    1.0000
average detection events per bin: 5000.0000

# binary result
1.000000000000000000e+00

# g2 signal
9.981339332095234829e-01
9.874324749128834400e-01
9.930061511090501059e-01
1.013517279510943281e+00
9.992486684487567050e-01
1.007497709219083326e+00
1.009058338554010170e+00
9.967962509224433942e-01
9.758392284248568194e-01
9.881013160564234843e-01
1.031353043338676612e+00
1.005045291692770126e+00
9.889931042478101730e-01
1.005045291692770126e+00
1.016192644085103458e+00
1.027785890573130079e+00
9.867636337693435067e-01
1.004599397597076837e+00
1.016192644085103458e+00
9.865406867214967512e-01
9.874324749128834400e-01
1.004153503501383327e+00
1.008389497410470126e+00
9.907766806305834395e-01
9.945667804439767279e-01
1.000586350735836794e+00
1.004599397597076837e+00
9.829735339559501073e-01
9.856488985301101735e-01
9.872095278650367955e-01
1.000586350735836794e+00
1.012625491319556703e+00
9.959044627310568165e-01
9.811899575731768408e-01
1.023104002568349991e+00
1.028454731716669901e+00
9.996945625444501049e-01
9.916684688219701282e-01
1.028454731716669901e+00
1.031798937434369901e+00
1.038264401821923366e+00
1.014186120654483325e+00
9.814129046210234852e-01
1.023995790759736790e+00
1.001032244831530083e+00
1.013740226558790036e+00
9.954585686353634166e-01
1.007051815123390037e+00
1.001701085975070127e+00
9.970191979702901497e-01
1.002146980070763416e+00
1.001478138927223371e+00
9.709343933722301978e-01
1.006828868075543504e+00
1.014186120654483325e+00
1.008166550362623370e+00
9.912225747262768394e-01
1.020205690946343280e+00
9.836423750994901516e-01
9.825276398602568184e-01
9.938979393004367946e-01
9.938979393004367946e-01
9.840882691951834405e-01
1.006382973979849993e+00
9.930061511090501059e-01
9.733868108985435086e-01
1.003484662357843504e+00
9.945667804439767279e-01
1.003930556453536793e+00
1.007720656266930082e+00
1.005714132836310171e+00
1.010173073793243281e+00
1.017084432276490036e+00
9.999175095922967493e-01
1.021097479137730080e+00
1.015077908845870125e+00
1.010618967888936792e+00
1.002592874166456705e+00
9.802981693817901521e-01
9.887701571999634176e-01
1.006828868075543504e+00
1.000586350735836794e+00
9.932290981568967503e-01
1.008389497410470126e+00
9.889931042478101730e-01
1.004153503501383327e+00
9.976880391138300830e-01
9.952356215875167722e-01
9.990257214009100606e-01
1.011287809032476614e+00
9.720491286114635310e-01
1.004153503501383327e+00
1.000586350735836794e+00
1.003484662357843504e+00
9.769539636640901525e-01
9.936749922525901502e-01
1.001255191879376838e+00
1.014632014750176614e+00
9.729409168028502197e-01
9.881013160564234843e-01
4.543660835115052032e-01
1.039379137061156699e+00
9.894389983435034619e-01
1.004153503501383327e+00
1.018422114563570124e+00
9.959044627310568165e-01
9.606788291712835548e-01
9.996945625444501049e-01
9.905537335827367951e-01
1.005045291692770126e+00
9.992486684487567050e-01
1.006828868075543504e+00
9.996945625444501049e-01
9.994716154966034605e-01
9.903307865348901506e-01
9.840882691951834405e-01
9.758392284248568194e-01
1.008389497410470126e+00
9.800752223339435076e-01
9.932290981568967503e-01
9.856488985301101735e-01
9.849800573865701292e-01
1.005714132836310171e+00
1.003484662357843504e+00
1.006382973979849993e+00
9.800752223339435076e-01
9.760621754727034638e-01
1.045175760305169899e+00
9.990257214009100606e-01
9.934520452047433947e-01
9.820817457645635296e-01
9.941208863482834390e-01
9.985798273052167717e-01
9.999175095922967493e-01
1.000140456640143505e+00
1.006382973979849993e+00
9.716032345157701311e-01
1.002369927118610171e+00
9.972421450181367941e-01
9.872095278650367955e-01
1.015077908845870125e+00
1.006160026932003460e+00
9.967962509224433942e-01
1.022212214376963413e+00
1.013294332463096747e+00
1.017307379324336791e+00
1.007274762171236793e+00
1.021097479137730080e+00
1.019982743898496746e+00
9.831964810037968627e-01
1.010173073793243281e+00
1.002815821214303460e+00
1.018422114563570124e+00
1.008166550362623370e+00
1.006382973979849993e+00
9.983568802573701273e-01
9.947897274918234833e-01
9.791834341425568189e-01
9.872095278650367955e-01
9.863177396736501068e-01
9.970191979702901497e-01
1.015077908845870125e+00
9.918914158698167727e-01
1.004822344644923371e+00
1.013294332463096747e+00
1.023104002568349991e+00
1.017307379324336791e+00
9.713802874679234867e-01
1.018868008659263413e+00
1.017307379324336791e+00
1.017530326372183325e+00
1.013740226558790036e+00
9.771769107119367970e-01
1.022658108472656702e+00
1.013071385415249992e+00
9.954585686353634166e-01
9.963503568267501054e-01
1.008389497410470126e+00
1.022881055520503457e+00
1.012848438367403459e+00
9.918914158698167727e-01
1.001701085975070127e+00
1.030015361051596745e+00
9.789604870947101745e-01
1.002369927118610171e+00
1.023326949616196746e+00
9.934520452047433947e-01
1.008166550362623370e+00
9.785145929990167746e-01
1.017084432276490036e+00
9.863177396736501068e-01
1.006160026932003460e+00
9.970191979702901497e-01
1.018868008659263413e+00
1.024887578951123368e+00
9.950126745396701278e-01
1.007720656266930082e+00
9.856488985301101735e-01
1.037149666582690033e+00
9.840882691951834405e-01

# time bin value
-1.000000000000000000e+02
-9.900000000000000000e+01
-9.800000000000000000e+01
-9.700000000000000000e+01
-9.600000000000000000e+01
-9.500000000000000000e+01
-9.400000000000000000e+01
-9.300000000000000000e+01
-9.200000000000000000e+01
-9.100000000000000000e+01
-9.000000000000000000e+01
-8.900000000000000000e+01
-8.800000000000000000e+01
-8.700000000000000000e+01
-8.600000000000000000e+01
-8.500000000000000000e+01
-8.400000000000000000e+01
-8.300000000000000000e+01
-8.200000000000000000e+01
-8.100000000000000000e+01
-8.000000000000000000e+01
-7.900000000000000000e+01
-7.800000000000000000e+01
-7.700000000000000000e+01
-7.600000000000000000e+01
-7.500000000000000000e+01
-7.400000000000000000e+01
-7.300000000000000000e+01
-7.200000000000000000e+01
-7.100000000000000000e+01
-7.000000000000000000e+01
-6.900000000000000000e+01
-6.800000000000000000e+01
-6.700000000000000000e+01
-6.600000000000000000e+01
-6.500000000000000000e+01
-6.400000000000000000e+01
-6.300000000000000000e+01
-6.200000000000000000e+01
-6.100000000000000000e+01
-6.000000000000000000e+01
-5.900000000000000000e+01
-5.800000000000000000e+01
-5.700000000000000000e+01
-5.600000000000000000e+01
-5.500000000000000000e+01
-5.400000000000000000e+01
-5.300000000000000000e+01
-5.200000000000000000e+01
-5.100000000000000000e+01
-5.000000000000000000e+01
-4.900000000000000000e+01
-4.800000000000000000e+01
-4.700000000000000000e+01
-4.600000000000000000e+01
-4.500000000000000000e+01
-4.400000000000000000e+01
-4.300000000000000000e+01
-4.200000000000000000e+01
-4.100000000000000000e+01
-4.000000000000000000e+01
-3.900000000000000000e+01
-3.800000000000000000e+01
-3.700000000000000000e+01
-3.600000000000000000e+01
-3.500000000000000000e+01
-3.400000000000000000e+01
-3.300000000000000000e+01
-3.200000000000000000e+01
-3.100000000000000000e+01
-3.000000000000000000e+01
-2.900000000000000000e+01
-2.800000000000000000e+01
-2.700000000000000000e+01
-2.600000000000000000e+01
-2.500000000000000000e+01
-2.400000000000000000e+01
-2.300000000000000000e+01
-2.200000000000000000e+01
-2.100000000000000000e+01
-2.000000000000000000e+01
-1.900000000000000000e+01
-1.800000000000000000e+01
-1.700000000000000000e+01
-1.600000000000000000e+01
-1.500000000000000000e+01
-1.400000000000000000e+01
-1.300000000000000000e+01
-1.200000000000000000e+01
-1.100000000000000000e+01
-1.000000000000000000e+01
-9.000000000000000000e+00
-8.000000000000000000e+00
-7.000000000000000000e+00
-6.000000000000000000e+00
-5.000000000000000000e+00
-4.000000000000000000e+00
-3.000000000000000000e+00
-2.000000000000000000e+00
-1.000000000000000000e+00
0.000000000000000000e+00
1.000000000000000000e+00
2.000000000000000000e+00
3.000000000000000000e+00
4.000000000000000000e+00
5.000000000000000000e+00
6.000000000000000000e+00
7.000000000000000000e+00
8.000000000000000000e+00
9.000000000000000000e+00
1.000000000000000000e+01
1.100000000000000000e+01
1.200000000000000000e+01
1.300000000000000000e+01
1.400000000000000000e+01
1.500000000000000000e+01
1.600000000000000000e+01
1.700000000000000000e+01
1.800000000000000000e+01
1.900000000000000000e+01
2.000000000000000000e+01
2.100000000000000000e+01
2.200000000000000000e+01
2.300000000000000000e+01
2.400000000000000000e+01
2.500000000000000000e+01
2.600000000000000000e+01
2.700000000000000000e+01
2.800000000000000000e+01
2.900000000000000000e+01
3.000000000000000000e+01
3.100000000000000000e+01
3.200000000000000000e+01
3.300000000000000000e+01
3.400000000000000000e+01
3.500000000000000000e+01
3.600000000000000000e+01
3.700000000000000000e+01
3.800000000000000000e+01
3.900000000000000000e+01
4.000000000000000000e+01
4.100000000000000000e+01
4.200000000000000000e+01
4.300000000000000000e+01
4.400000000000000000e+01
4.500000000000000000e+01
4.600000000000000000e+01
4.700000000000000000e+01
4.800000000000000000e+01
4.900000000000000000e+01
5.000000000000000000e+01
5.100000000000000000e+01
5.200000000000000000e+01
5.300000000000000000e+01
5.400000000000000000e+01
5.500000000000000000e+01
5.600000000000000000e+01
5.700000000000000000e+01
5.800000000000000000e+01
5.900000000000000000e+01
6.000000000000000000e+01
6.100000000000000000e+01
6.200000000000000000e+01
6.300000000000000000e+01
6.400000000000000000e+01
6.500000000000000000e+01
6.600000000000000000e+01
6.700000000000000000e+01
6.800000000000000000e+01
6.900000000000000000e+01
7.000000000000000000e+01
7.100000000000000000e+01
7.200000000000000000e+01
7.300000000000000000e+01
7.400000000000000000e+01
7.500000000000000000e+01
7.600000000000000000e+01
7.700000000000000000e+01
7.800000000000000000e+01
7.900000000000000000e+01
8.000000000000000000e+01
8.100000000000000000e+01
8.200000000000000000e+01
8.300000000000000000e+01
8.400000000000000000e+01
8.500000000000000000e+01
8.600000000000000000e+01
8.700000000000000000e+01
8.800000000000000000e+01
8.900000000000000000e+01
9.000000000000000000e+01
9.100000000000000000e+01
9.200000000000000000e+01
9.300000000000000000e+01
9.400000000000000000e+01
9.500000000000000000e+01
9.600000000000000000e+01
9.700000000000000000e+01
9.800000000000000000e+01
9.900000000000000000e+01
