single photon fraction:    0.6000
laser fraction:    0.2000
thermal source fraction:    0.1000
non-detected fraction:    0.1000
number of bins:  200.0000
bin width (ns):    1.0000
average detection events per bin: 5000.0000

# binary result
1.000000000000000000e+00

# g2 signal
9.808214249341549174e-01
1.023417353120244844e+00
1.018288000511448743e+00
1.012712617241018132e+00
1.012935632571835276e+00
1.032337966352933734e+00
1.001115820038522397e+00
9.863968082045855290e-01
1.013827693895104076e+00
9.839436395655960510e-01
1.008475325955490831e+00
1.020072123157986344e+00
1.001561850700156686e+00
1.018957046503900399e+00
9.977705900762640079e-01
1.009813417940394142e+00
9.875118848586715847e-01
1.000669789376887886e+00
9.917491761441988851e-01
1.004907080662415186e+00
9.857277622121338734e-01
1.013158647902652421e+00
9.834976089039615399e-01
9.834976089039615399e-01
1.012935632571835276e+00
9.908571148209299739e-01
9.605270298297874376e-01
9.937563141215539630e-01
1.003792004008329020e+00
1.019626092496352054e+00
9.919721914750161407e-01
1.015388801210824754e+00
9.819365015882409731e-01
1.011374525256114598e+00
1.005799141985683987e+00
9.993316973919845747e-01
1.030107813044761622e+00
1.002453912023425708e+00
9.748000110020897946e-01
1.006245172647318498e+00
9.899650534976610627e-01
9.982166207378984080e-01
1.032560981683751100e+00
9.982166207378984080e-01
1.009590402609576776e+00
1.036129226976826745e+00
9.979936054070811524e-01
9.944253601140056187e-01
1.016057847203276410e+00
1.001784866030974053e+00
9.964324980913605856e-01
9.982166207378984080e-01
9.926412374674677963e-01
1.006914218639770153e+00
9.855047468813166178e-01
9.926412374674677963e-01
1.028100675067406433e+00
1.009367387278759631e+00
1.021856245804524166e+00
1.023417353120244844e+00
9.859507775429510179e-01
1.004461050000780675e+00
1.006691203308953009e+00
1.005130095993232331e+00
9.975475747454467523e-01
1.004684065331597820e+00
1.029884797713944256e+00
9.917491761441988851e-01
9.884039461819404959e-01
1.006914218639770153e+00
9.792603176184343505e-01
1.030330828375578767e+00
1.024086399112696499e+00
9.904110841592955738e-01
1.000000743384436230e+00
1.028769721059858311e+00
1.004907080662415186e+00
9.935332987907367075e-01
9.881809308511232404e-01
9.879579155203060958e-01
9.953174214372745299e-01
1.003568988677511875e+00
9.848357008888649622e-01
1.002453912023425708e+00
9.917491761441988851e-01
1.009144371947942487e+00
9.846126855580477066e-01
9.863968082045855290e-01
9.770301643102620170e-01
1.002230896692608564e+00
1.019849107827169199e+00
1.002676927354242853e+00
9.973245594146294968e-01
1.016280862534093554e+00
1.002453912023425708e+00
9.611960758222390933e-01
9.814904709266065730e-01
9.881809308511232404e-01
1.011151509925297454e+00
9.946483754448227632e-01
4.230600825602755521e-01
1.014496739887555732e+00
1.007583264632221809e+00
1.010928494594480309e+00
1.007806279963039175e+00
1.021856245804524166e+00
9.919721914750161407e-01
9.988856667303500636e-01
1.008698341286307976e+00
9.866198235354026735e-01
1.023194337789427699e+00
9.859507775429510179e-01
1.004907080662415186e+00
1.034345104330288923e+00
9.991086820611673192e-01
9.828285629115098843e-01
9.866198235354026735e-01
9.971015440838122412e-01
9.879579155203060958e-01
9.968785287529950967e-01
1.011597540586931965e+00
9.886269615127577515e-01
9.839436395655960510e-01
1.009813417940394142e+00
9.988856667303500636e-01
1.018734031173083032e+00
9.979936054070811524e-01
9.926412374674677963e-01
1.002899942685060219e+00
9.832745935731443954e-01
9.834976089039615399e-01
9.995547127228017192e-01
9.937563141215539630e-01
9.971015440838122412e-01
1.018957046503900399e+00
9.928642527982850519e-01
9.919721914750161407e-01
9.681095510775730162e-01
1.035460180984374867e+00
1.006468187978135642e+00
9.861737928737682735e-01
9.921952068058332852e-01
9.964324980913605856e-01
9.988856667303500636e-01
9.977705900762640079e-01
1.003122958015877364e+00
1.000000743384436230e+00
1.031222889698847789e+00
1.012935632571835276e+00
1.007360249301404664e+00
1.008252310624673465e+00
1.033007012345385389e+00
1.003792004008329020e+00
9.727928730247348277e-01
9.870658541970371846e-01
9.868428388662199291e-01
9.897420381668439182e-01
1.016503877864910921e+00
1.015165785880007387e+00
1.007360249301404664e+00
9.979936054070811524e-01
9.897420381668439182e-01
9.855047468813166178e-01
1.004684065331597820e+00
1.003122958015877364e+00
1.010482463932845798e+00
1.030553843706395911e+00
1.013604678564286932e+00
1.026985598413320488e+00
1.020295138488803710e+00
9.957634520989089300e-01
9.819365015882409731e-01
1.003792004008329020e+00
1.003122958015877364e+00
9.968785287529950967e-01
1.012935632571835276e+00
1.001338835369339542e+00
9.997777280536189748e-01
9.995547127228017192e-01
1.036129226976826745e+00
9.812674555957893174e-01
1.005353111324049697e+00
1.013158647902652421e+00
1.010036433271211287e+00
9.888499768435750070e-01
1.000223758715253375e+00
9.921952068058332852e-01
1.004461050000780675e+00
1.018957046503900399e+00
9.768071489794448725e-01
9.890729921743921516e-01
9.979936054070811524e-01
9.964324980913605856e-01
1.016503877864910921e+00
9.868428388662199291e-01
9.759150876561759613e-01
9.687785970700247828e-01
1.008921356617125120e+00
9.948713907756400188e-01
1.002007881361791197e+00

# time bin value
-1.000000000000000000e+02
-9.900000000000000000e+01
-9.800000000000000000e+01
-9.700000000000000000e+01
-9.600000000000000000e+01
-9.500000000000000000e+01
-9.400000000000000000e+01
-9.300000000000000000e+01
-9.200000000000000000e+01
-9.100000000000000000e+01
-9.000000000000000000e+01
-8.900000000000000000e+01
-8.800000000000000000e+01
-8.700000000000000000e+01
-8.600000000000000000e+01
-8.500000000000000000e+01
-8.400000000000000000e+01
-8.300000000000000000e+01
-8.200000000000000000e+01
-8.100000000000000000e+01
-8.000000000000000000e+01
-7.900000000000000000e+01
-7.800000000000000000e+01
-7.700000000000000000e+01
-7.600000000000000000e+01
-7.500000000000000000e+01
-7.400000000000000000e+01
-7.300000000000000000e+01
-7.200000000000000000e+01
-7.100000000000000000e+01
-7.000000000000000000e+01
-6.900000000000000000e+01
-6.800000000000000000e+01
-6.700000000000000000e+01
-6.600000000000000000e+01
-6.500000000000000000e+01
-6.400000000000000000e+01
-6.300000000000000000e+01
-6.200000000000000000e+01
-6.100000000000000000e+01
-6.000000000000000000e+01
-5.900000000000000000e+01
-5.800000000000000000e+01
-5.700000000000000000e+01
-5.600000000000000000e+01
-5.500000000000000000e+01
-5.400000000000000000e+01
-5.300000000000000000e+01
-5.200000000000000000e+01
-5.100000000000000000e+01
-5.000000000000000000e+01
-4.900000000000000000e+01
-4.800000000000000000e+01
-4.700000000000000000e+01
-4.600000000000000000e+01
-4.500000000000000000e+01
-4.400000000000000000e+01
-4.300000000000000000e+01
-4.200000000000000000e+01
-4.100000000000000000e+01
-4.000000000000000000e+01
-3.900000000000000000e+01
-3.800000000000000000e+01
-3.700000000000000000e+01
-3.600000000000000000e+01
-3.500000000000000000e+01
-3.400000000000000000e+01
-3.300000000000000000e+01
-3.200000000000000000e+01
-3.100000000000000000e+01
-3.000000000000000000e+01
-2.900000000000000000e+01
-2.800000000000000000e+01
-2.700000000000000000e+01
-2.600000000000000000e+01
-2.500000000000000000e+01
-2.400000000000000000e+01
-2.300000000000000000e+01
-2.200000000000000000e+01
-2.100000000000000000e+01
-2.000000000000000000e+01
-1.900000000000000000e+01
-1.800000000000000000e+01
-1.700000000000000000e+01
-1.600000000000000000e+01
-1.500000000000000000e+01
-1.400000000000000000e+01
-1.300000000000000000e+01
-1.200000000000000000e+01
-1.100000000000000000e+01
-1.000000000000000000e+01
-9.000000000000000000e+00
-8.000000000000000000e+00
-7.000000000000000000e+00
-6.000000000000000000e+00
-5.000000000000000000e+00
-4.000000000000000000e+00
-3.000000000000000000e+00
-2.000000000000000000e+00
-1.000000000000000000e+00
0.000000000000000000e+00
1.000000000000000000e+00
2.000000000000000000e+00
3.000000000000000000e+00
4.000000000000000000e+00
5.000000000000000000e+00
6.000000000000000000e+00
7.000000000000000000e+00
8.000000000000000000e+00
9.000000000000000000e+00
1.000000000000000000e+01
1.100000000000000000e+01
1.200000000000000000e+01
1.300000000000000000e+01
1.400000000000000000e+01
1.500000000000000000e+01
1.600000000000000000e+01
1.700000000000000000e+01
1.800000000000000000e+01
1.900000000000000000e+01
2.000000000000000000e+01
2.100000000000000000e+01
2.200000000000000000e+01
2.300000000000000000e+01
2.400000000000000000e+01
2.500000000000000000e+01
2.600000000000000000e+01
2.700000000000000000e+01
2.800000000000000000e+01
2.900000000000000000e+01
3.000000000000000000e+01
3.100000000000000000e+01
3.200000000000000000e+01
3.300000000000000000e+01
3.400000000000000000e+01
3.500000000000000000e+01
3.600000000000000000e+01
3.700000000000000000e+01
3.800000000000000000e+01
3.900000000000000000e+01
4.000000000000000000e+01
4.100000000000000000e+01
4.200000000000000000e+01
4.300000000000000000e+01
4.400000000000000000e+01
4.500000000000000000e+01
4.600000000000000000e+01
4.700000000000000000e+01
4.800000000000000000e+01
4.900000000000000000e+01
5.000000000000000000e+01
5.100000000000000000e+01
5.200000000000000000e+01
5.300000000000000000e+01
5.400000000000000000e+01
5.500000000000000000e+01
5.600000000000000000e+01
5.700000000000000000e+01
5.800000000000000000e+01
5.900000000000000000e+01
6.000000000000000000e+01
6.100000000000000000e+01
6.200000000000000000e+01
6.300000000000000000e+01
6.400000000000000000e+01
6.500000000000000000e+01
6.600000000000000000e+01
6.700000000000000000e+01
6.800000000000000000e+01
6.900000000000000000e+01
7.000000000000000000e+01
7.100000000000000000e+01
7.200000000000000000e+01
7.300000000000000000e+01
7.400000000000000000e+01
7.500000000000000000e+01
7.600000000000000000e+01
7.700000000000000000e+01
7.800000000000000000e+01
7.900000000000000000e+01
8.000000000000000000e+01
8.100000000000000000e+01
8.200000000000000000e+01
8.300000000000000000e+01
8.400000000000000000e+01
8.500000000000000000e+01
8.600000000000000000e+01
8.700000000000000000e+01
8.800000000000000000e+01
8.900000000000000000e+01
9.000000000000000000e+01
9.100000000000000000e+01
9.200000000000000000e+01
9.300000000000000000e+01
9.400000000000000000e+01
9.500000000000000000e+01
9.600000000000000000e+01
9.700000000000000000e+01
9.800000000000000000e+01
9.900000000000000000e+01
