single photon fraction:    0.6000
laser fraction:    0.2000
thermal source fraction:    0.1000
non-detected fraction:    0.1000
number of bins:  200.0000
bin width (ns):    1.0000
average detection events per bin: 5000.0000

# binary result
1.000000000000000000e+00

# g2 signal
9.829873020574344533e-01
1.017145161974488010e+00
1.001963890900241960e+00
9.858896038804519923e-01
1.003973176777715803e+00
1.001517382927470168e+00
9.883453977306977389e-01
9.974988111725225925e-01
1.016028892042558196e+00
1.009331272450979089e+00
1.010670796369294910e+00
9.878988897579258355e-01
1.007098732587119461e+00
1.006428970627961439e+00
1.012456828260382746e+00
1.003526668804943789e+00
1.007545240559891253e+00
9.890151596898556496e-01
1.003526668804943789e+00
1.012456828260382746e+00
9.928104774584172176e-01
9.923639694856452032e-01
9.930337314448031139e-01
9.988383350908384140e-01
1.003749922791329796e+00
1.022056749674979503e+00
9.698153168606620245e-01
1.038131036694769582e+00
9.905779375945574783e-01
1.040363576558629211e+00
1.010670796369294910e+00
9.908011915809433745e-01
9.912476995537153890e-01
9.745036505747675104e-01
9.758431744930833318e-01
1.016252146028944203e+00
1.002187144886627967e+00
1.002856906845785989e+00
1.033665956967050104e+00
1.005982462655189424e+00
9.838803180029782602e-01
1.019600955824733868e+00
1.004642938736873603e+00
1.001740636913855953e+00
9.934802394175751283e-01
9.986150811044524067e-01
9.925872234720312104e-01
9.856663498940660961e-01
1.000847620968312146e+00
9.910244455673293817e-01
9.914709535401013962e-01
9.948197633358909497e-01
1.003973176777715803e+00
1.002633652859399982e+00
9.963825412405927784e-01
1.017368415960874017e+00
1.017368415960874017e+00
9.751734125339254211e-01
1.012010320287610732e+00
1.017814923933646032e+00
1.021386987715821482e+00
9.845500799621361709e-01
1.006205716641575432e+00
9.941500013767330390e-01
9.910244455673293817e-01
1.012680082246768754e+00
1.010447542382908903e+00
9.861128578668379996e-01
1.001740636913855953e+00
9.740571426019954959e-01
1.000177859009154346e+00
1.015359130083400396e+00
1.003749922791329796e+00
1.024512543525225139e+00
1.000847620968312146e+00
1.002633652859399982e+00
9.838803180029782602e-01
1.026298575416312975e+00
9.883453977306977389e-01
9.966057952269786746e-01
9.823175400982765426e-01
1.028977623252944618e+00
9.957127792814347567e-01
1.017591669947260025e+00
1.003973176777715803e+00
9.905779375945574783e-01
1.001963890900241960e+00
1.019600955824733868e+00
9.863361118532240068e-01
9.849965879349081854e-01
1.006205716641575432e+00
1.015135876097014389e+00
1.005759208668803639e+00
9.747269045611534066e-01
1.027861353321014803e+00
1.010224288396522896e+00
9.930337314448031139e-01
9.950430173222768460e-01
1.012233574273996739e+00
1.020717225756663682e+00
4.447219408808560925e-01
1.023396273593295325e+00
9.910244455673293817e-01
1.005089446709645618e+00
9.945965093495049425e-01
9.959360332678207639e-01
1.027191591361856782e+00
1.001740636913855953e+00
1.015359130083400396e+00
9.963825412405927784e-01
1.022056749674979503e+00
9.992848430636103174e-01
1.026298575416312975e+00
1.006652224614347446e+00
9.977220651589085998e-01
9.950430173222768460e-01
9.979453191452944960e-01
1.019600955824733868e+00
1.010001034410137111e+00
1.019824209811119875e+00
9.861128578668379996e-01
9.798617462480307960e-01
1.001294128941084161e+00
9.943732553631189353e-01
9.640107132146268354e-01
1.016921907988102225e+00
1.016921907988102225e+00
1.003526668804943789e+00
1.009554526437365096e+00
9.923639694856452032e-01
9.885686517170837462e-01
1.004419684750487818e+00
1.046614688177436303e+00
1.016252146028944203e+00
9.660199990921005675e-01
1.004419684750487818e+00
1.008438256505435282e+00
9.899081756353995676e-01
9.930337314448031139e-01
9.829873020574344533e-01
9.899081756353995676e-01
1.007545240559891253e+00
1.009108018464593082e+00
9.771826984113991532e-01
9.642339672010127316e-01
1.021386987715821482e+00
9.912476995537153890e-01
1.005535954682417632e+00
1.022280003661365511e+00
9.974988111725225925e-01
9.939267473903470318e-01
1.003749922791329796e+00
9.894616676626275531e-01
1.009554526437365096e+00
1.002410398873013975e+00
1.006205716641575432e+00
9.820942861118905354e-01
9.899081756353995676e-01
9.999546050227682281e-01
1.018261431906418046e+00
9.854430959076800889e-01
1.016028892042558196e+00
9.957127792814347567e-01
9.977220651589085998e-01
1.043712386354418875e+00
1.013349844205926553e+00
9.910244455673293817e-01
1.007545240559891253e+00
9.593223795005213494e-01
1.001740636913855953e+00
9.912476995537153890e-01
9.995080970499963247e-01
9.988383350908384140e-01
1.027638099334628796e+00
1.013126590219540546e+00
1.028307861293786818e+00
9.849965879349081854e-01
1.007321986573505246e+00
1.014689368124242375e+00
1.025405559470769168e+00
9.914709535401013962e-01
1.009554526437365096e+00
9.966057952269786746e-01
1.010001034410137111e+00
1.014689368124242375e+00
9.805315082071887067e-01
9.901314296217854638e-01
9.914709535401013962e-01
1.002410398873013975e+00
9.925872234720312104e-01
1.002856906845785989e+00
9.992848430636103174e-01
1.017814923933646032e+00
9.870058738123819175e-01
9.977220651589085998e-01
1.001517382927470168e+00
1.019154447851961853e+00
1.011117304342066925e+00
1.030986909130418461e+00
9.972755571861365853e-01

# time bin value
-1.000000000000000000e+02
-9.900000000000000000e+01
-9.800000000000000000e+01
-9.700000000000000000e+01
-9.600000000000000000e+01
-9.500000000000000000e+01
-9.400000000000000000e+01
-9.300000000000000000e+01
-9.200000000000000000e+01
-9.100000000000000000e+01
-9.000000000000000000e+01
-8.900000000000000000e+01
-8.800000000000000000e+01
-8.700000000000000000e+01
-8.600000000000000000e+01
-8.500000000000000000e+01
-8.400000000000000000e+01
-8.300000000000000000e+01
-8.200000000000000000e+01
-8.100000000000000000e+01
-8.000000000000000000e+01
-7.900000000000000000e+01
-7.800000000000000000e+01
-7.700000000000000000e+01
-7.600000000000000000e+01
-7.500000000000000000e+01
-7.400000000000000000e+01
-7.300000000000000000e+01
-7.200000000000000000e+01
-7.100000000000000000e+01
-7.000000000000000000e+01
-6.900000000000000000e+01
-6.800000000000000000e+01
-6.700000000000000000e+01
-6.600000000000000000e+01
-6.500000000000000000e+01
-6.400000000000000000e+01
-6.300000000000000000e+01
-6.200000000000000000e+01
-6.100000000000000000e+01
-6.000000000000000000e+01
-5.900000000000000000e+01
-5.800000000000000000e+01
-5.700000000000000000e+01
-5.600000000000000000e+01
-5.500000000000000000e+01
-5.400000000000000000e+01
-5.300000000000000000e+01
-5.200000000000000000e+01
-5.100000000000000000e+01
-5.000000000000000000e+01
-4.900000000000000000e+01
-4.800000000000000000e+01
-4.700000000000000000e+01
-4.600000000000000000e+01
-4.500000000000000000e+01
-4.400000000000000000e+01
-4.300000000000000000e+01
-4.200000000000000000e+01
-4.100000000000000000e+01
-4.000000000000000000e+01
-3.900000000000000000e+01
-3.800000000000000000e+01
-3.700000000000000000e+01
-3.600000000000000000e+01
-3.500000000000000000e+01
-3.400000000000000000e+01
-3.300000000000000000e+01
-3.200000000000000000e+01
-3.100000000000000000e+01
-3.000000000000000000e+01
-2.900000000000000000e+01
-2.800000000000000000e+01
-2.700000000000000000e+01
-2.600000000000000000e+01
-2.500000000000000000e+01
-2.400000000000000000e+01
-2.300000000000000000e+01
-2.200000000000000000e+01
-2.100000000000000000e+01
-2.000000000000000000e+01
-1.900000000000000000e+01
-1.800000000000000000e+01
-1.700000000000000000e+01
-1.600000000000000000e+01
-1.500000000000000000e+01
-1.400000000000000000e+01
-1.300000000000000000e+01
-1.200000000000000000e+01
-1.100000000000000000e+01
-1.000000000000000000e+01
-9.000000000000000000e+00
-8.000000000000000000e+00
-7.000000000000000000e+00
-6.000000000000000000e+00
-5.000000000000000000e+00
-4.000000000000000000e+00
-3.000000000000000000e+00
-2.000000000000000000e+00
-1.000000000000000000e+00
0.000000000000000000e+00
1.000000000000000000e+00
2.000000000000000000e+00
3.000000000000000000e+00
4.000000000000000000e+00
5.000000000000000000e+00
6.000000000000000000e+00
7.000000000000000000e+00
8.000000000000000000e+00
9.000000000000000000e+00
1.000000000000000000e+01
1.100000000000000000e+01
1.200000000000000000e+01
1.300000000000000000e+01
1.400000000000000000e+01
1.500000000000000000e+01
1.600000000000000000e+01
1.700000000000000000e+01
1.800000000000000000e+01
1.900000000000000000e+01
2.000000000000000000e+01
2.100000000000000000e+01
2.200000000000000000e+01
2.300000000000000000e+01
2.400000000000000000e+01
2.500000000000000000e+01
2.600000000000000000e+01
2.700000000000000000e+01
2.800000000000000000e+01
2.900000000000000000e+01
3.000000000000000000e+01
3.100000000000000000e+01
3.200000000000000000e+01
3.300000000000000000e+01
3.400000000000000000e+01
3.500000000000000000e+01
3.600000000000000000e+01
3.700000000000000000e+01
3.800000000000000000e+01
3.900000000000000000e+01
4.000000000000000000e+01
4.100000000000000000e+01
4.200000000000000000e+01
4.300000000000000000e+01
4.400000000000000000e+01
4.500000000000000000e+01
4.600000000000000000e+01
4.700000000000000000e+01
4.800000000000000000e+01
4.900000000000000000e+01
5.000000000000000000e+01
5.100000000000000000e+01
5.200000000000000000e+01
5.300000000000000000e+01
5.400000000000000000e+01
5.500000000000000000e+01
5.600000000000000000e+01
5.700000000000000000e+01
5.800000000000000000e+01
5.900000000000000000e+01
6.000000000000000000e+01
6.100000000000000000e+01
6.200000000000000000e+01
6.300000000000000000e+01
6.400000000000000000e+01
6.500000000000000000e+01
6.600000000000000000e+01
6.700000000000000000e+01
6.800000000000000000e+01
6.900000000000000000e+01
7.000000000000000000e+01
7.100000000000000000e+01
7.200000000000000000e+01
7.300000000000000000e+01
7.400000000000000000e+01
7.500000000000000000e+01
7.600000000000000000e+01
7.700000000000000000e+01
7.800000000000000000e+01
7.900000000000000000e+01
8.000000000000000000e+01
8.100000000000000000e+01
8.200000000000000000e+01
8.300000000000000000e+01
8.400000000000000000e+01
8.500000000000000000e+01
8.600000000000000000e+01
8.700000000000000000e+01
8.800000000000000000e+01
8.900000000000000000e+01
9.000000000000000000e+01
9.100000000000000000e+01
9.200000000000000000e+01
9.300000000000000000e+01
9.400000000000000000e+01
9.500000000000000000e+01
9.600000000000000000e+01
9.700000000000000000e+01
9.800000000000000000e+01
9.900000000000000000e+01
