single photon fraction:    0.6000
laser fraction:    0.2000
thermal source fraction:    0.1000
non-detected fraction:    0.1000
number of bins:  200.0000
bin width (ns):    1.0000
average detection events per bin: 5000.0000

# binary result
1.000000000000000000e+00

# g2 signal
1.001077098855061687e+00
9.899193068482062818e-01
1.001523410535335890e+00
9.970602937325936388e-01
1.006209683178215020e+00
1.014466449263287995e+00
1.017367475185070314e+00
9.727363071576490272e-01
9.696121253957294961e-01
1.019599033586441550e+00
9.912582418890288904e-01
1.007994929899311831e+00
1.006655994858489223e+00
9.836709433243672196e-01
1.018706410225893144e+00
1.025401085430006187e+00
1.011565423341505676e+00
9.888035276475207747e-01
9.954982028516339287e-01
9.874645926066980550e-01
9.885803718073835622e-01
1.014912760943562198e+00
9.997381638142389670e-01
1.025624241270143289e+00
9.990686962938276627e-01
1.012904358382328285e+00
9.832246316440930167e-01
9.988455404536905613e-01
9.903656185284804847e-01
9.803236057223106981e-01
9.635869177120276463e-01
1.018260098545618941e+00
1.000407631334650382e+00
1.026740020470828796e+00
1.029864202232748438e+00
1.021161124467401260e+00
1.022946371188498071e+00
9.970602937325936388e-01
9.930434886101257019e-01
1.014689605103425096e+00
9.894729951679320790e-01
1.016698007664659009e+00
1.012458046702054082e+00
9.859025017257383450e-01
1.009333864940134662e+00
9.854561900454641421e-01
1.000184475494513281e+00
1.030087358072885539e+00
1.009557020780271763e+00
1.000853943014924585e+00
1.003085501416295600e+00
1.004201280616981107e+00
1.001077098855061687e+00
1.009780176620408865e+00
1.000184475494513281e+00
1.002192878055747194e+00
9.718436837971006215e-01
9.912582418890288904e-01
9.914813977291659919e-01
9.941592678108113201e-01
9.854561900454641421e-01
1.001746566375472991e+00
9.919277094094401948e-01
1.012681202542191183e+00
1.007102306538763425e+00
1.017590631025207415e+00
1.020268501106852854e+00
1.010003332460545966e+00
1.006209683178215020e+00
9.957213586917710302e-01
9.903656185284804847e-01
9.823320082835446110e-01
1.003085501416295600e+00
1.001077098855061687e+00
9.854561900454641421e-01
1.020045345266715753e+00
1.003531813096569802e+00
9.959445145319081316e-01
9.745215538787458387e-01
1.000630787174787484e+00
9.861256575658754464e-01
1.010226488300683068e+00
1.012011735021779879e+00
9.937129561305371173e-01
1.010672799980957270e+00
1.005317059817666614e+00
1.009110709099997560e+00
9.827783199638188139e-01
1.023838994549046477e+00
1.000184475494513281e+00
1.006655994858489223e+00
1.007548618219037628e+00
1.012904358382328285e+00
9.894729951679320790e-01
9.946055794910855230e-01
9.765299564399798626e-01
9.892498393277949775e-01
1.011119111661231473e+00
1.016028540144247705e+00
9.968371378924565374e-01
4.226571612196804995e-01
9.711742162766893172e-01
1.016921163504796111e+00
9.981760729332792570e-01
1.027409487991240322e+00
1.045708266882483084e+00
1.012681202542191183e+00
9.937129561305371173e-01
1.033434695674942061e+00
1.032988383994667858e+00
9.852330342053270407e-01
9.930434886101257019e-01
9.863488134060125478e-01
1.011565423341505676e+00
1.021384280307538361e+00
1.007102306538763425e+00
9.874645926066980550e-01
1.011565423341505676e+00
1.011119111661231473e+00
9.749678655590200416e-01
1.036112565756587278e+00
1.016028540144247705e+00
1.015582228463973502e+00
9.983992287734163584e-01
1.014243293423150893e+00
9.921508652495772962e-01
9.832246316440930167e-01
9.959445145319081316e-01
9.671574111542213803e-01
1.003085501416295600e+00
9.975066054128678417e-01
9.874645926066980550e-01
1.012458046702054082e+00
1.038567279998095616e+00
9.952750470114968273e-01
9.879109042869722579e-01
9.983992287734163584e-01
1.016698007664659009e+00
9.749678655590200416e-01
1.006879150698626324e+00
1.010226488300683068e+00
9.850098783651899392e-01
1.013573825902739589e+00
1.029194734712337134e+00
9.865719692461496493e-01
1.009780176620408865e+00
1.027855799671514525e+00
1.012904358382328285e+00
1.001746566375472991e+00
9.696121253957294961e-01
1.017367475185070314e+00
1.001300254695198788e+00
1.014243293423150893e+00
1.003531813096569802e+00
1.009110709099997560e+00
1.026516864630691694e+00
9.832246316440930167e-01
1.003085501416295600e+00
9.729594629977861286e-01
9.834477874842301182e-01
9.885803718073835622e-01
9.923740210897143976e-01
9.834477874842301182e-01
9.865719692461496493e-01
9.850098783651899392e-01
9.921508652495772962e-01
9.890266834876578761e-01
1.006209683178215020e+00
1.008664397419723135e+00
9.983992287734163584e-01
9.977297612530049431e-01
1.001969722215610092e+00
9.870182809264238522e-01
9.979529170931421556e-01
1.007325462378900527e+00
9.946055794910855230e-01
9.533217490657207582e-01
1.003754968936706904e+00
1.016698007664659009e+00
9.957213586917710302e-01
9.905887743686175861e-01
1.016028540144247705e+00
1.024062150389183579e+00
1.005093903977529513e+00
1.004201280616981107e+00
1.013573825902739589e+00
1.013350670062602488e+00
1.000853943014924585e+00
9.859025017257383450e-01
1.020714812787127057e+00
1.018483254385756043e+00
9.796541382018992827e-01
9.928203327699886005e-01
1.004424436457118208e+00
9.903656185284804847e-01
1.021830591987812564e+00
9.832246316440930167e-01
1.012904358382328285e+00
1.000184475494513281e+00
9.975066054128678417e-01

# time bin value
-1.000000000000000000e+02
-9.900000000000000000e+01
-9.800000000000000000e+01
-9.700000000000000000e+01
-9.600000000000000000e+01
-9.500000000000000000e+01
-9.400000000000000000e+01
-9.300000000000000000e+01
-9.200000000000000000e+01
-9.100000000000000000e+01
-9.000000000000000000e+01
-8.900000000000000000e+01
-8.800000000000000000e+01
-8.700000000000000000e+01
-8.600000000000000000e+01
-8.500000000000000000e+01
-8.400000000000000000e+01
-8.300000000000000000e+01
-8.200000000000000000e+01
-8.100000000000000000e+01
-8.000000000000000000e+01
-7.900000000000000000e+01
-7.800000000000000000e+01
-7.700000000000000000e+01
-7.600000000000000000e+01
-7.500000000000000000e+01
-7.400000000000000000e+01
-7.300000000000000000e+01
-7.200000000000000000e+01
-7.100000000000000000e+01
-7.000000000000000000e+01
-6.900000000000000000e+01
-6.800000000000000000e+01
-6.700000000000000000e+01
-6.600000000000000000e+01
-6.500000000000000000e+01
-6.400000000000000000e+01
-6.300000000000000000e+01
-6.200000000000000000e+01
-6.100000000000000000e+01
-6.000000000000000000e+01
-5.900000000000000000e+01
-5.800000000000000000e+01
-5.700000000000000000e+01
-5.600000000000000000e+01
-5.500000000000000000e+01
-5.400000000000000000e+01
-5.300000000000000000e+01
-5.200000000000000000e+01
-5.100000000000000000e+01
-5.000000000000000000e+01
-4.900000000000000000e+01
-4.800000000000000000e+01
-4.700000000000000000e+01
-4.600000000000000000e+01
-4.500000000000000000e+01
-4.400000000000000000e+01
-4.300000000000000000e+01
-4.200000000000000000e+01
-4.100000000000000000e+01
-4.000000000000000000e+01
-3.900000000000000000e+01
-3.800000000000000000e+01
-3.700000000000000000e+01
-3.600000000000000000e+01
-3.500000000000000000e+01
-3.400000000000000000e+01
-3.300000000000000000e+01
-3.200000000000000000e+01
-3.100000000000000000e+01
-3.000000000000000000e+01
-2.900000000000000000e+01
-2.800000000000000000e+01
-2.700000000000000000e+01
-2.600000000000000000e+01
-2.500000000000000000e+01
-2.400000000000000000e+01
-2.300000000000000000e+01
-2.200000000000000000e+01
-2.100000000000000000e+01
-2.000000000000000000e+01
-1.900000000000000000e+01
-1.800000000000000000e+01
-1.700000000000000000e+01
-1.600000000000000000e+01
-1.500000000000000000e+01
-1.400000000000000000e+01
-1.300000000000000000e+01
-1.200000000000000000e+01
-1.100000000000000000e+01
-1.000000000000000000e+01
-9.000000000000000000e+00
-8.000000000000000000e+00
-7.000000000000000000e+00
-6.000000000000000000e+00
-5.000000000000000000e+00
-4.000000000000000000e+00
-3.000000000000000000e+00
-2.000000000000000000e+00
-1.000000000000000000e+00
0.000000000000000000e+00
1.000000000000000000e+00
2.000000000000000000e+00
3.000000000000000000e+00
4.000000000000000000e+00
5.000000000000000000e+00
6.000000000000000000e+00
7.000000000000000000e+00
8.000000000000000000e+00
9.000000000000000000e+00
1.000000000000000000e+01
1.100000000000000000e+01
1.200000000000000000e+01
1.300000000000000000e+01
1.400000000000000000e+01
1.500000000000000000e+01
1.600000000000000000e+01
1.700000000000000000e+01
1.800000000000000000e+01
1.900000000000000000e+01
2.000000000000000000e+01
2.100000000000000000e+01
2.200000000000000000e+01
2.300000000000000000e+01
2.400000000000000000e+01
2.500000000000000000e+01
2.600000000000000000e+01
2.700000000000000000e+01
2.800000000000000000e+01
2.900000000000000000e+01
3.000000000000000000e+01
3.100000000000000000e+01
3.200000000000000000e+01
3.300000000000000000e+01
3.400000000000000000e+01
3.500000000000000000e+01
3.600000000000000000e+01
3.700000000000000000e+01
3.800000000000000000e+01
3.900000000000000000e+01
4.000000000000000000e+01
4.100000000000000000e+01
4.200000000000000000e+01
4.300000000000000000e+01
4.400000000000000000e+01
4.500000000000000000e+01
4.600000000000000000e+01
4.700000000000000000e+01
4.800000000000000000e+01
4.900000000000000000e+01
5.000000000000000000e+01
5.100000000000000000e+01
5.200000000000000000e+01
5.300000000000000000e+01
5.400000000000000000e+01
5.500000000000000000e+01
5.600000000000000000e+01
5.700000000000000000e+01
5.800000000000000000e+01
5.900000000000000000e+01
6.000000000000000000e+01
6.100000000000000000e+01
6.200000000000000000e+01
6.300000000000000000e+01
6.400000000000000000e+01
6.500000000000000000e+01
6.600000000000000000e+01
6.700000000000000000e+01
6.800000000000000000e+01
6.900000000000000000e+01
7.000000000000000000e+01
7.100000000000000000e+01
7.200000000000000000e+01
7.300000000000000000e+01
7.400000000000000000e+01
7.500000000000000000e+01
7.600000000000000000e+01
7.700000000000000000e+01
7.800000000000000000e+01
7.900000000000000000e+01
8.000000000000000000e+01
8.100000000000000000e+01
8.200000000000000000e+01
8.300000000000000000e+01
8.400000000000000000e+01
8.500000000000000000e+01
8.600000000000000000e+01
8.700000000000000000e+01
8.800000000000000000e+01
8.900000000000000000e+01
9.000000000000000000e+01
9.100000000000000000e+01
9.200000000000000000e+01
9.300000000000000000e+01
9.400000000000000000e+01
9.500000000000000000e+01
9.600000000000000000e+01
9.700000000000000000e+01
9.800000000000000000e+01
9.900000000000000000e+01
