single photon fraction:    0.6000
laser fraction:    0.2000
thermal source fraction:    0.1000
non-detected fraction:    0.1000
number of bins:  200.0000
bin width (ns):    1.0000
average detection events per bin: 5000.0000

# binary result
1.000000000000000000e+00

# g2 signal
1.002738527859054152e+00
9.984990903803443452e-01
1.023043202099190863e+00
9.799794424470329446e-01
9.947059094783408106e-01
9.971603206502254180e-01
9.911358568646904121e-01
9.904664719996308930e-01
1.005639195607645142e+00
9.980528338036380731e-01
1.031298948768257340e+00
1.013671813988358483e+00
1.012109915969886531e+00
1.027728896154606941e+00
9.969371923618722819e-01
9.875658042510400136e-01
1.010771146239767493e+00
1.005639195607645142e+00
9.920283700181029563e-01
1.005862323895998278e+00
9.902433437112777570e-01
9.980528338036380731e-01
1.006754837049410822e+00
9.891277022695120769e-01
9.902433437112777570e-01
1.013671813988358483e+00
9.672611300109034138e-01
1.013894942276711619e+00
9.984990903803443452e-01
9.955984226317533548e-01
9.913589851530435482e-01
9.973834489385785540e-01
9.784175444285608814e-01
1.014564327141771027e+00
1.010548017951414357e+00
1.013448685700005347e+00
9.969371923618722819e-01
1.019026892908834192e+00
1.003184784435760424e+00
9.955984226317533548e-01
9.962678074968128739e-01
1.037323412553792457e+00
1.003407912724113560e+00
1.006085452184351414e+00
1.001846014705641608e+00
1.017911251467068290e+00
1.015903096871890066e+00
1.001846014705641608e+00
9.777481595635013623e-01
9.918052417297498202e-01
9.998378601104632724e-01
9.873426759626868776e-01
9.775250312751482262e-01
9.880120608277462857e-01
1.006085452184351414e+00
9.938133963249281555e-01
1.001622886417288472e+00
9.918052417297498202e-01
1.011217402816473765e+00
1.005862323895998278e+00
9.868964193859804945e-01
1.009655504798001813e+00
9.902433437112777570e-01
1.003631041012466696e+00
9.871195476743337416e-01
1.010324889663061221e+00
1.002515399570701016e+00
9.953752943434002187e-01
1.008539863356236133e+00
9.855576496558616784e-01
9.958215509201064908e-01
1.009432376509648677e+00
1.007201093626117094e+00
9.976065772269316900e-01
1.013671813988358483e+00
1.001622886417288472e+00
1.030406435614844796e+00
1.010994274528120629e+00
1.005639195607645142e+00
9.978297055152848261e-01
1.004523554165879462e+00
1.035761514535320282e+00
9.835494950606833431e-01
1.002515399570701016e+00
1.026166998136134767e+00
9.973834489385785540e-01
1.011440531104826901e+00
9.964909357851660099e-01
9.989453469570506172e-01
9.987222186686974812e-01
9.944827811899876746e-01
9.955984226317533548e-01
1.005862323895998278e+00
1.002069142993994744e+00
9.909127285763372761e-01
1.018134379755421426e+00
1.017241866602008882e+00
1.018134379755421426e+00
1.016795610025302610e+00
9.918052417297498202e-01
4.384470866139388856e-01
9.906896002879841401e-01
9.951521660550470827e-01
1.004077297589172968e+00
9.842188799257427512e-01
1.009209248221295541e+00
1.018357508043774562e+00
1.016349353448596338e+00
1.013448685700005347e+00
1.027728896154606941e+00
1.031745205344963612e+00
9.911358568646904121e-01
9.766325181217356821e-01
1.010101761374708085e+00
9.938133963249281555e-01
1.013448685700005347e+00
1.000730373263875927e+00
1.001176629840582200e+00
1.030852692191551068e+00
9.960446792084596268e-01
1.007870478491176502e+00
1.007424221914470230e+00
9.598978964952494808e-01
9.967140640735191459e-01
1.005192939030938870e+00
1.005639195607645142e+00
9.860039062325679504e-01
1.005416067319292006e+00
9.982759620919912091e-01
1.001622886417288472e+00
9.831032384839769600e-01
1.025943869847781631e+00
1.004746682454232598e+00
9.958215509201064908e-01
1.015456840295183794e+00
9.922514983064560923e-01
9.893508305578652129e-01
1.035315257958614010e+00
1.011440531104826901e+00
1.021704432369071824e+00
9.893508305578652129e-01
9.942596529016344276e-01
9.744012352382042108e-01
1.006977965337763958e+00
9.982759620919912091e-01
9.721699523546726285e-01
9.848882647908021593e-01
9.933671397482218834e-01
9.871195476743337416e-01
1.023935715252603407e+00
9.922514983064560923e-01
9.938133963249281555e-01
1.009878633086354949e+00
9.929208831715156114e-01
1.025274484982722223e+00
1.013448685700005347e+00
9.980528338036380731e-01
9.978297055152848261e-01
1.010324889663061221e+00
9.947059094783408106e-01
9.955984226317533548e-01
9.982759620919912091e-01
9.855576496558616784e-01
1.002292271282347880e+00
1.009655504798001813e+00
9.873426759626868776e-01
9.918052417297498202e-01
9.955984226317533548e-01
1.035092129670260874e+00
9.940365246132812915e-01
1.000953501552229064e+00
9.902433437112777570e-01
1.009432376509648677e+00
1.008986119932942405e+00
9.906896002879841401e-01
9.880120608277462857e-01
1.005416067319292006e+00
9.802025707353860806e-01
9.931440114598687474e-01
1.006531708761057686e+00
9.860039062325679504e-01
9.964909357851660099e-01
1.042455363185914807e+00
1.019026892908834192e+00
1.005192939030938870e+00
9.779712878518546093e-01
9.980528338036380731e-01
1.012109915969886531e+00
1.008762991644589269e+00
1.000953501552229064e+00
9.942596529016344276e-01
1.016126225160243202e+00
9.998378601104632724e-01
1.003407912724113560e+00
1.017688123178715154e+00
1.004523554165879462e+00
9.882351891160994217e-01
9.906896002879841401e-01
9.931440114598687474e-01
1.013671813988358483e+00

# time bin value
-1.000000000000000000e+02
-9.900000000000000000e+01
-9.800000000000000000e+01
-9.700000000000000000e+01
-9.600000000000000000e+01
-9.500000000000000000e+01
-9.400000000000000000e+01
-9.300000000000000000e+01
-9.200000000000000000e+01
-9.100000000000000000e+01
-9.000000000000000000e+01
-8.900000000000000000e+01
-8.800000000000000000e+01
-8.700000000000000000e+01
-8.600000000000000000e+01
-8.500000000000000000e+01
-8.400000000000000000e+01
-8.300000000000000000e+01
-8.200000000000000000e+01
-8.100000000000000000e+01
-8.000000000000000000e+01
-7.900000000000000000e+01
-7.800000000000000000e+01
-7.700000000000000000e+01
-7.600000000000000000e+01
-7.500000000000000000e+01
-7.400000000000000000e+01
-7.300000000000000000e+01
-7.200000000000000000e+01
-7.100000000000000000e+01
-7.000000000000000000e+01
-6.900000000000000000e+01
-6.800000000000000000e+01
-6.700000000000000000e+01
-6.600000000000000000e+01
-6.500000000000000000e+01
-6.400000000000000000e+01
-6.300000000000000000e+01
-6.200000000000000000e+01
-6.100000000000000000e+01
-6.000000000000000000e+01
-5.900000000000000000e+01
-5.800000000000000000e+01
-5.700000000000000000e+01
-5.600000000000000000e+01
-5.500000000000000000e+01
-5.400000000000000000e+01
-5.300000000000000000e+01
-5.200000000000000000e+01
-5.100000000000000000e+01
-5.000000000000000000e+01
-4.900000000000000000e+01
-4.800000000000000000e+01
-4.700000000000000000e+01
-4.600000000000000000e+01
-4.500000000000000000e+01
-4.400000000000000000e+01
-4.300000000000000000e+01
-4.200000000000000000e+01
-4.100000000000000000e+01
-4.000000000000000000e+01
-3.900000000000000000e+01
-3.800000000000000000e+01
-3.700000000000000000e+01
-3.600000000000000000e+01
-3.500000000000000000e+01
-3.400000000000000000e+01
-3.300000000000000000e+01
-3.200000000000000000e+01
-3.100000000000000000e+01
-3.000000000000000000e+01
-2.900000000000000000e+01
-2.800000000000000000e+01
-2.700000000000000000e+01
-2.600000000000000000e+01
-2.500000000000000000e+01
-2.400000000000000000e+01
-2.300000000000000000e+01
-2.200000000000000000e+01
-2.100000000000000000e+01
-2.000000000000000000e+01
-1.900000000000000000e+01
-1.800000000000000000e+01
-1.700000000000000000e+01
-1.600000000000000000e+01
-1.500000000000000000e+01
-1.400000000000000000e+01
-1.300000000000000000e+01
-1.200000000000000000e+01
-1.100000000000000000e+01
-1.000000000000000000e+01
-9.000000000000000000e+00
-8.000000000000000000e+00
-7.000000000000000000e+00
-6.000000000000000000e+00
-5.000000000000000000e+00
-4.000000000000000000e+00
-3.000000000000000000e+00
-2.000000000000000000e+00
-1.000000000000000000e+00
0.000000000000000000e+00
1.000000000000000000e+00
2.000000000000000000e+00
3.000000000000000000e+00
4.000000000000000000e+00
5.000000000000000000e+00
6.000000000000000000e+00
7.000000000000000000e+00
8.000000000000000000e+00
9.000000000000000000e+00
1.000000000000000000e+01
1.100000000000000000e+01
1.200000000000000000e+01
1.300000000000000000e+01
1.400000000000000000e+01
1.500000000000000000e+01
1.600000000000000000e+01
1.700000000000000000e+01
1.800000000000000000e+01
1.900000000000000000e+01
2.000000000000000000e+01
2.100000000000000000e+01
2.200000000000000000e+01
2.300000000000000000e+01
2.400000000000000000e+01
2.500000000000000000e+01
2.600000000000000000e+01
2.700000000000000000e+01
2.800000000000000000e+01
2.900000000000000000e+01
3.000000000000000000e+01
3.100000000000000000e+01
3.200000000000000000e+01
3.300000000000000000e+01
3.400000000000000000e+01
3.500000000000000000e+01
3.600000000000000000e+01
3.700000000000000000e+01
3.800000000000000000e+01
3.900000000000000000e+01
4.000000000000000000e+01
4.100000000000000000e+01
4.200000000000000000e+01
4.300000000000000000e+01
4.400000000000000000e+01
4.500000000000000000e+01
4.600000000000000000e+01
4.700000000000000000e+01
4.800000000000000000e+01
4.900000000000000000e+01
5.000000000000000000e+01
5.100000000000000000e+01
5.200000000000000000e+01
5.300000000000000000e+01
5.400000000000000000e+01
5.500000000000000000e+01
5.600000000000000000e+01
5.700000000000000000e+01
5.800000000000000000e+01
5.900000000000000000e+01
6.000000000000000000e+01
6.100000000000000000e+01
6.200000000000000000e+01
6.300000000000000000e+01
6.400000000000000000e+01
6.500000000000000000e+01
6.600000000000000000e+01
6.700000000000000000e+01
6.800000000000000000e+01
6.900000000000000000e+01
7.000000000000000000e+01
7.100000000000000000e+01
7.200000000000000000e+01
7.300000000000000000e+01
7.400000000000000000e+01
7.500000000000000000e+01
7.600000000000000000e+01
7.700000000000000000e+01
7.800000000000000000e+01
7.900000000000000000e+01
8.000000000000000000e+01
8.100000000000000000e+01
8.200000000000000000e+01
8.300000000000000000e+01
8.400000000000000000e+01
8.500000000000000000e+01
8.600000000000000000e+01
8.700000000000000000e+01
8.800000000000000000e+01
8.900000000000000000e+01
9.000000000000000000e+01
9.100000000000000000e+01
9.200000000000000000e+01
9.300000000000000000e+01
9.400000000000000000e+01
9.500000000000000000e+01
9.600000000000000000e+01
9.700000000000000000e+01
9.800000000000000000e+01
9.900000000000000000e+01
