single photon fraction:    0.6000
laser fraction:    0.2000
thermal source fraction:    0.1000
non-detected fraction:    0.1000
number of bins:  200.0000
bin width (ns):    1.0000
average detection events per bin: 5000.0000

# binary result
1.000000000000000000e+00

# g2 signal
1.013236412914269469e+00
1.023266249821692009e+00
1.000977723360753302e+00
1.000754838096143962e+00
9.844842137796586679e-01
1.022820479292473106e+00
1.007218510769816167e+00
1.001646379154581545e+00
1.004321002329894075e+00
9.949598212162998889e-01
1.041988612048880380e+00
1.004766772859112756e+00
9.958513622747373617e-01
9.994175265084875859e-01
1.021260282440207501e+00
9.983031001854406616e-01
9.833697874566117436e-01
9.889419190718464758e-01
9.931767390994248323e-01
1.007218510769816167e+00
9.878274927487995516e-01
1.007664281299034847e+00
1.012344871855831885e+00
1.009224478151300675e+00
1.003206576006847150e+00
1.012567757120441447e+00
1.024157790880129371e+00
9.795807379582521790e-01
9.855986401027057031e-01
9.880503780134088920e-01
1.020145856117160577e+00
1.018585659264894749e+00
9.889419190718464758e-01
1.002092149683800226e+00
9.833697874566117436e-01
1.013459298178879031e+00
1.004543887594503415e+00
1.015911036089582220e+00
1.002092149683800226e+00
9.983031001854406616e-01
9.844842137796586679e-01
9.913936569825496647e-01
1.015019495031144636e+00
1.024380676144738933e+00
9.991946412438782454e-01
9.965200180685656051e-01
9.980802149208313212e-01
1.019477200323332333e+00
1.000086182302315718e+00
9.962971328039561536e-01
1.008332937092863091e+00
1.044440349959583569e+00
9.951827064809092294e-01
1.014573724501925955e+00
1.015242380295753977e+00
1.009001592886691112e+00
1.009670248680519355e+00
1.003875231800675394e+00
9.983031001854406616e-01
1.015911036089582220e+00
1.000977723360753302e+00
9.815867053397366870e-01
9.733399505491894255e-01
9.936225096286435132e-01
9.911707717179403243e-01
1.037976677285911364e+00
9.829240169273930627e-01
1.019700085587941674e+00
1.015911036089582220e+00
9.900563453948934001e-01
1.012567757120441447e+00
9.929538538348153809e-01
1.034187627787551911e+00
1.010784675003566280e+00
1.005658313917550339e+00
1.006995625505206826e+00
9.880503780134088920e-01
9.646474252294233720e-01
9.876046074841901001e-01
9.889419190718464758e-01
1.004766772859112756e+00
9.907250011887215324e-01
1.010338904474347599e+00
1.010784675003566280e+00
9.913936569825496647e-01
9.976344443916125293e-01
9.871588369549713082e-01
9.905021159241121920e-01
1.012790642385050788e+00
9.831469021920024032e-01
1.013905068708097712e+00
9.644245399648139205e-01
1.011007560268175620e+00
1.002092149683800226e+00
9.913936569825496647e-01
1.015019495031144636e+00
9.989717559792687940e-01
1.010561789738956939e+00
1.008332937092863091e+00
1.009224478151300675e+00
4.337347249298654783e-01
9.942911654224717566e-01
1.001423493889971983e+00
1.015242380295753977e+00
1.019700085587941674e+00
9.871588369549713082e-01
9.713339831677049174e-01
9.989717559792687940e-01
1.020368741381769917e+00
9.789120821644240467e-01
9.940682801578623051e-01
9.887190338072370244e-01
9.775747705767677820e-01
9.889419190718464758e-01
9.780205411059865739e-01
1.016133921354191560e+00
1.023934905615520030e+00
9.679907041985641447e-01
9.726712947553612931e-01
1.019031429794113652e+00
1.020814511910988598e+00
1.008778707622081772e+00
9.847070990442681193e-01
1.009224478151300675e+00
9.869359516903619678e-01
9.913936569825496647e-01
1.008778707622081772e+00
9.971886738623937374e-01
1.009001592886691112e+00
1.007664281299034847e+00
1.000977723360753302e+00
9.965200180685656051e-01
9.958513622747373617e-01
9.720026389615330498e-01
1.012121986591222544e+00
1.037085136227473781e+00
1.012121986591222544e+00
1.000309067566925059e+00
1.038645333079739608e+00
1.015911036089582220e+00
1.025049331938566954e+00
9.998632970377063778e-01
1.010116019209738036e+00
9.989717559792687940e-01
1.010338904474347599e+00
1.012344871855831885e+00
9.985259854500500021e-01
9.682135894631734852e-01
9.905021159241121920e-01
9.907250011887215324e-01
1.000309067566925059e+00
1.004098117065284734e+00
1.001869264419190886e+00
1.017917003471066728e+00
1.019254315058722993e+00
9.913936569825496647e-01
1.011899101326613204e+00
9.918394275117684566e-01
9.818095906043461385e-01
9.887190338072370244e-01
1.003875231800675394e+00
9.773518853121583305e-01
1.009447363415910015e+00
9.969657885977843970e-01
9.878274927487995516e-01
1.018139888735676069e+00
1.015911036089582220e+00
9.983031001854406616e-01
9.900563453948934001e-01
9.983031001854406616e-01
1.018139888735676069e+00
9.920623127763777971e-01
1.000086182302315718e+00
1.016579691883410241e+00
1.009447363415910015e+00
1.009670248680519355e+00
9.682135894631734852e-01
1.007218510769816167e+00
1.000977723360753302e+00
9.969657885977843970e-01
1.006326969711378583e+00
9.980802149208313212e-01
9.916165422471591162e-01
9.798036232228616305e-01
1.006549854975987923e+00
9.878274927487995516e-01
1.000754838096143962e+00
9.849299843088774598e-01
9.835926727212211951e-01
9.876046074841901001e-01
1.002537920213018907e+00
9.887190338072370244e-01
9.795807379582521790e-01
9.833697874566117436e-01
1.000754838096143962e+00
1.017025462412629144e+00
9.913936569825496647e-01
1.014796609766535296e+00
9.876046074841901001e-01
1.013459298178879031e+00

# time bin value
-1.000000000000000000e+02
-9.900000000000000000e+01
-9.800000000000000000e+01
-9.700000000000000000e+01
-9.600000000000000000e+01
-9.500000000000000000e+01
-9.400000000000000000e+01
-9.300000000000000000e+01
-9.200000000000000000e+01
-9.100000000000000000e+01
-9.000000000000000000e+01
-8.900000000000000000e+01
-8.800000000000000000e+01
-8.700000000000000000e+01
-8.600000000000000000e+01
-8.500000000000000000e+01
-8.400000000000000000e+01
-8.300000000000000000e+01
-8.200000000000000000e+01
-8.100000000000000000e+01
-8.000000000000000000e+01
-7.900000000000000000e+01
-7.800000000000000000e+01
-7.700000000000000000e+01
-7.600000000000000000e+01
-7.500000000000000000e+01
-7.400000000000000000e+01
-7.300000000000000000e+01
-7.200000000000000000e+01
-7.100000000000000000e+01
-7.000000000000000000e+01
-6.900000000000000000e+01
-6.800000000000000000e+01
-6.700000000000000000e+01
-6.600000000000000000e+01
-6.500000000000000000e+01
-6.400000000000000000e+01
-6.300000000000000000e+01
-6.200000000000000000e+01
-6.100000000000000000e+01
-6.000000000000000000e+01
-5.900000000000000000e+01
-5.800000000000000000e+01
-5.700000000000000000e+01
-5.600000000000000000e+01
-5.500000000000000000e+01
-5.400000000000000000e+01
-5.300000000000000000e+01
-5.200000000000000000e+01
-5.100000000000000000e+01
-5.000000000000000000e+01
-4.900000000000000000e+01
-4.800000000000000000e+01
-4.700000000000000000e+01
-4.600000000000000000e+01
-4.500000000000000000e+01
-4.400000000000000000e+01
-4.300000000000000000e+01
-4.200000000000000000e+01
-4.100000000000000000e+01
-4.000000000000000000e+01
-3.900000000000000000e+01
-3.800000000000000000e+01
-3.700000000000000000e+01
-3.600000000000000000e+01
-3.500000000000000000e+01
-3.400000000000000000e+01
-3.300000000000000000e+01
-3.200000000000000000e+01
-3.100000000000000000e+01
-3.000000000000000000e+01
-2.900000000000000000e+01
-2.800000000000000000e+01
-2.700000000000000000e+01
-2.600000000000000000e+01
-2.500000000000000000e+01
-2.400000000000000000e+01
-2.300000000000000000e+01
-2.200000000000000000e+01
-2.100000000000000000e+01
-2.000000000000000000e+01
-1.900000000000000000e+01
-1.800000000000000000e+01
-1.700000000000000000e+01
-1.600000000000000000e+01
-1.500000000000000000e+01
-1.400000000000000000e+01
-1.300000000000000000e+01
-1.200000000000000000e+01
-1.100000000000000000e+01
-1.000000000000000000e+01
-9.000000000000000000e+00
-8.000000000000000000e+00
-7.000000000000000000e+00
-6.000000000000000000e+00
-5.000000000000000000e+00
-4.000000000000000000e+00
-3.000000000000000000e+00
-2.000000000000000000e+00
-1.000000000000000000e+00
0.000000000000000000e+00
1.000000000000000000e+00
2.000000000000000000e+00
3.000000000000000000e+00
4.000000000000000000e+00
5.000000000000000000e+00
6.000000000000000000e+00
7.000000000000000000e+00
8.000000000000000000e+00
9.000000000000000000e+00
1.000000000000000000e+01
1.100000000000000000e+01
1.200000000000000000e+01
1.300000000000000000e+01
1.400000000000000000e+01
1.500000000000000000e+01
1.600000000000000000e+01
1.700000000000000000e+01
1.800000000000000000e+01
1.900000000000000000e+01
2.000000000000000000e+01
2.100000000000000000e+01
2.200000000000000000e+01
2.300000000000000000e+01
2.400000000000000000e+01
2.500000000000000000e+01
2.600000000000000000e+01
2.700000000000000000e+01
2.800000000000000000e+01
2.900000000000000000e+01
3.000000000000000000e+01
3.100000000000000000e+01
3.200000000000000000e+01
3.300000000000000000e+01
3.400000000000000000e+01
3.500000000000000000e+01
3.600000000000000000e+01
3.700000000000000000e+01
3.800000000000000000e+01
3.900000000000000000e+01
4.000000000000000000e+01
4.100000000000000000e+01
4.200000000000000000e+01
4.300000000000000000e+01
4.400000000000000000e+01
4.500000000000000000e+01
4.600000000000000000e+01
4.700000000000000000e+01
4.800000000000000000e+01
4.900000000000000000e+01
5.000000000000000000e+01
5.100000000000000000e+01
5.200000000000000000e+01
5.300000000000000000e+01
5.400000000000000000e+01
5.500000000000000000e+01
5.600000000000000000e+01
5.700000000000000000e+01
5.800000000000000000e+01
5.900000000000000000e+01
6.000000000000000000e+01
6.100000000000000000e+01
6.200000000000000000e+01
6.300000000000000000e+01
6.400000000000000000e+01
6.500000000000000000e+01
6.600000000000000000e+01
6.700000000000000000e+01
6.800000000000000000e+01
6.900000000000000000e+01
7.000000000000000000e+01
7.100000000000000000e+01
7.200000000000000000e+01
7.300000000000000000e+01
7.400000000000000000e+01
7.500000000000000000e+01
7.600000000000000000e+01
7.700000000000000000e+01
7.800000000000000000e+01
7.900000000000000000e+01
8.000000000000000000e+01
8.100000000000000000e+01
8.200000000000000000e+01
8.300000000000000000e+01
8.400000000000000000e+01
8.500000000000000000e+01
8.600000000000000000e+01
8.700000000000000000e+01
8.800000000000000000e+01
8.900000000000000000e+01
9.000000000000000000e+01
9.100000000000000000e+01
9.200000000000000000e+01
9.300000000000000000e+01
9.400000000000000000e+01
9.500000000000000000e+01
9.600000000000000000e+01
9.700000000000000000e+01
9.800000000000000000e+01
9.900000000000000000e+01
