single photon fraction:    0.4000
laser fraction:    0.2000
thermal source fraction:    0.2000
non-detected fraction:    0.2000
number of bins:  200.0000
bin width (ns):    1.0000
average detection events per bin: 5000.0000

# binary result
0.000000000000000000e+00

# g2 signal
9.859024229975346110e-01
9.854008191191334642e-01
1.010982616917593946e+00
9.954328966871571760e-01
9.996965296535672563e-01
9.828927997271275085e-01
9.884104423895405667e-01
1.004963370376779741e+00
9.954328966871571760e-01
1.018005071215210666e+00
9.981917180183637051e-01
9.934264811735524781e-01
9.941788869911541981e-01
1.025529129391228533e+00
9.981917180183637051e-01
1.008725399464788675e+00
9.924232734167500736e-01
1.011484220795995093e+00
1.001201341288770807e+00
1.003960162619977448e+00
1.007220587829585012e+00
1.030545168175240223e+00
1.020262288668015938e+00
1.018757477032812497e+00
9.944296889303547715e-01
1.007471389768785697e+00
9.773751570647144504e-01
1.014493844066402417e+00
9.894136501463429711e-01
1.006969785890384550e+00
1.006969785890384550e+00
9.961853025047590071e-01
1.028037148783234489e+00
1.006969785890384550e+00
9.906676598423458380e-01
1.031297573992842054e+00
1.000448935471168976e+00
9.743655337943072370e-01
9.713559105239001346e-01
1.006718983951183866e+00
1.014995447944803564e+00
1.003458558741576079e+00
9.818895919703251041e-01
9.859024229975346110e-01
9.891628482071422868e-01
1.011484220795995093e+00
1.017252665397608835e+00
9.828927997271275085e-01
1.010982616917593946e+00
1.026030733269629680e+00
1.013490636309599902e+00
9.996965296535672563e-01
9.645842581654840986e-01
9.996965296535672563e-01
9.959345005655583227e-01
1.003960162619977448e+00
1.035561206959252134e+00
9.813879880919239573e-01
9.889120462679417134e-01
1.008976201403989137e+00
9.996965296535672563e-01
1.009979409160791652e+00
9.846484133015316331e-01
1.006718983951183866e+00
9.979409160791631317e-01
1.018005071215210666e+00
9.670922775574900543e-01
1.033303989506446863e+00
1.000198133531968514e+00
1.001201341288770807e+00
1.008223795586387528e+00
9.876580365719387355e-01
9.841468094231304864e-01
9.964361044439595805e-01
1.003207756802375616e+00
1.030545168175240223e+00
9.738639299159060903e-01
9.781275628823161705e-01
9.951820947479566026e-01
9.811371861527232729e-01
9.979409160791631317e-01
1.004963370376779741e+00
9.991949257751661095e-01
1.035310405020051672e+00
9.838960074839298020e-01
9.949312928087560293e-01
9.949312928087560293e-01
1.015747853762405173e+00
1.022017902242420062e+00
9.881596404503399933e-01
9.816387900311245307e-01
1.004963370376779741e+00
1.004210964559177910e+00
9.986933218967648518e-01
9.959345005655583227e-01
1.013490636309599902e+00
9.919216695383488158e-01
9.921724714775495002e-01
9.768735531863131927e-01
1.008976201403989137e+00
7.754795960082363493e-01
9.974393122007618739e-01
1.020262288668015938e+00
1.004712568437579057e+00
1.002956954863174932e+00
9.841468094231304864e-01
1.024525921634426018e+00
1.005214172315980425e+00
9.916708675991482425e-01
1.013992240188001048e+00
1.008725399464788675e+00
1.012487428552797608e+00
1.020763892546417084e+00
1.000699737410369661e+00
1.017252665397608835e+00
1.000448935471168976e+00
9.996965296535672563e-01
9.816387900311245307e-01
9.939280850519536248e-01
9.931756792343517937e-01
1.015497051823204711e+00
1.022017902242420062e+00
9.846484133015316331e-01
1.010481013039192799e+00
9.836452055447292286e-01
1.003960162619977448e+00
9.899152540247441179e-01
9.633302484694811207e-01
9.763719493079120459e-01
1.018005071215210666e+00
9.969377083223607272e-01
1.002455350984773785e+00
1.025027525512827165e+00
9.906676598423458380e-01
9.959345005655583227e-01
1.024024317756024871e+00
9.929248772951512203e-01
9.848992152407322065e-01
9.618254368342775695e-01
9.901660559639446912e-01
1.013490636309599902e+00
9.846484133015316331e-01
1.028789554600836098e+00
9.906676598423458380e-01
1.014493844066402417e+00
9.783783648215167439e-01
1.003458558741576079e+00
9.859024229975346110e-01
9.961853025047590071e-01
1.022017902242420062e+00
9.989441238359655362e-01
1.000950539349570345e+00
9.756195434903102148e-01
1.012989032431198755e+00
9.826419977879269352e-01
1.023522713877623724e+00
9.931756792343517937e-01
9.869056307543370155e-01
9.889120462679417134e-01
9.921724714775495002e-01
9.936772831127530514e-01
9.941788869911541981e-01
1.017252665397608835e+00
9.879088385111393089e-01
1.005715776194381572e+00
1.004210964559177910e+00
9.991949257751661095e-01
9.974393122007618739e-01
1.003709360680776763e+00
1.020011486728815475e+00
9.936772831127530514e-01
9.969377083223607272e-01
9.696002969494960100e-01
9.879088385111393089e-01
1.006969785890384550e+00
9.843976113623310598e-01
1.004210964559177910e+00
1.010731814978393484e+00
9.916708675991482425e-01
9.771243551255138771e-01
1.003709360680776763e+00
9.896644520855435445e-01
1.048352105858482597e+00
9.891628482071422868e-01
1.007972993647186843e+00
9.776259590039150238e-01
9.929248772951512203e-01
1.008725399464788675e+00
1.029541960418437929e+00
1.013239834370399439e+00
1.000198133531968514e+00
1.008474597525587990e+00
9.906676598423458380e-01
9.979409160791631317e-01
9.944296889303547715e-01
9.891628482071422868e-01
9.889120462679417134e-01
1.001953747106372639e+00
1.003709360680776763e+00
1.010481013039192799e+00

# time bin value
-1.000000000000000000e+02
-9.900000000000000000e+01
-9.800000000000000000e+01
-9.700000000000000000e+01
-9.600000000000000000e+01
-9.500000000000000000e+01
-9.400000000000000000e+01
-9.300000000000000000e+01
-9.200000000000000000e+01
-9.100000000000000000e+01
-9.000000000000000000e+01
-8.900000000000000000e+01
-8.800000000000000000e+01
-8.700000000000000000e+01
-8.600000000000000000e+01
-8.500000000000000000e+01
-8.400000000000000000e+01
-8.300000000000000000e+01
-8.200000000000000000e+01
-8.100000000000000000e+01
-8.000000000000000000e+01
-7.900000000000000000e+01
-7.800000000000000000e+01
-7.700000000000000000e+01
-7.600000000000000000e+01
-7.500000000000000000e+01
-7.400000000000000000e+01
-7.300000000000000000e+01
-7.200000000000000000e+01
-7.100000000000000000e+01
-7.000000000000000000e+01
-6.900000000000000000e+01
-6.800000000000000000e+01
-6.700000000000000000e+01
-6.600000000000000000e+01
-6.500000000000000000e+01
-6.400000000000000000e+01
-6.300000000000000000e+01
-6.200000000000000000e+01
-6.100000000000000000e+01
-6.000000000000000000e+01
-5.900000000000000000e+01
-5.800000000000000000e+01
-5.700000000000000000e+01
-5.600000000000000000e+01
-5.500000000000000000e+01
-5.400000000000000000e+01
-5.300000000000000000e+01
-5.200000000000000000e+01
-5.100000000000000000e+01
-5.000000000000000000e+01
-4.900000000000000000e+01
-4.800000000000000000e+01
-4.700000000000000000e+01
-4.600000000000000000e+01
-4.500000000000000000e+01
-4.400000000000000000e+01
-4.300000000000000000e+01
-4.200000000000000000e+01
-4.100000000000000000e+01
-4.000000000000000000e+01
-3.900000000000000000e+01
-3.800000000000000000e+01
-3.700000000000000000e+01
-3.600000000000000000e+01
-3.500000000000000000e+01
-3.400000000000000000e+01
-3.300000000000000000e+01
-3.200000000000000000e+01
-3.100000000000000000e+01
-3.000000000000000000e+01
-2.900000000000000000e+01
-2.800000000000000000e+01
-2.700000000000000000e+01
-2.600000000000000000e+01
-2.500000000000000000e+01
-2.400000000000000000e+01
-2.300000000000000000e+01
-2.200000000000000000e+01
-2.100000000000000000e+01
-2.000000000000000000e+01
-1.900000000000000000e+01
-1.800000000000000000e+01
-1.700000000000000000e+01
-1.600000000000000000e+01
-1.500000000000000000e+01
-1.400000000000000000e+01
-1.300000000000000000e+01
-1.200000000000000000e+01
-1.100000000000000000e+01
-1.000000000000000000e+01
-9.000000000000000000e+00
-8.000000000000000000e+00
-7.000000000000000000e+00
-6.000000000000000000e+00
-5.000000000000000000e+00
-4.000000000000000000e+00
-3.000000000000000000e+00
-2.000000000000000000e+00
-1.000000000000000000e+00
0.000000000000000000e+00
1.000000000000000000e+00
2.000000000000000000e+00
3.000000000000000000e+00
4.000000000000000000e+00
5.000000000000000000e+00
6.000000000000000000e+00
7.000000000000000000e+00
8.000000000000000000e+00
9.000000000000000000e+00
1.000000000000000000e+01
1.100000000000000000e+01
1.200000000000000000e+01
1.300000000000000000e+01
1.400000000000000000e+01
1.500000000000000000e+01
1.600000000000000000e+01
1.700000000000000000e+01
1.800000000000000000e+01
1.900000000000000000e+01
2.000000000000000000e+01
2.100000000000000000e+01
2.200000000000000000e+01
2.300000000000000000e+01
2.400000000000000000e+01
2.500000000000000000e+01
2.600000000000000000e+01
2.700000000000000000e+01
2.800000000000000000e+01
2.900000000000000000e+01
3.000000000000000000e+01
3.100000000000000000e+01
3.200000000000000000e+01
3.300000000000000000e+01
3.400000000000000000e+01
3.500000000000000000e+01
3.600000000000000000e+01
3.700000000000000000e+01
3.800000000000000000e+01
3.900000000000000000e+01
4.000000000000000000e+01
4.100000000000000000e+01
4.200000000000000000e+01
4.300000000000000000e+01
4.400000000000000000e+01
4.500000000000000000e+01
4.600000000000000000e+01
4.700000000000000000e+01
4.800000000000000000e+01
4.900000000000000000e+01
5.000000000000000000e+01
5.100000000000000000e+01
5.200000000000000000e+01
5.300000000000000000e+01
5.400000000000000000e+01
5.500000000000000000e+01
5.600000000000000000e+01
5.700000000000000000e+01
5.800000000000000000e+01
5.900000000000000000e+01
6.000000000000000000e+01
6.100000000000000000e+01
6.200000000000000000e+01
6.300000000000000000e+01
6.400000000000000000e+01
6.500000000000000000e+01
6.600000000000000000e+01
6.700000000000000000e+01
6.800000000000000000e+01
6.900000000000000000e+01
7.000000000000000000e+01
7.100000000000000000e+01
7.200000000000000000e+01
7.300000000000000000e+01
7.400000000000000000e+01
7.500000000000000000e+01
7.600000000000000000e+01
7.700000000000000000e+01
7.800000000000000000e+01
7.900000000000000000e+01
8.000000000000000000e+01
8.100000000000000000e+01
8.200000000000000000e+01
8.300000000000000000e+01
8.400000000000000000e+01
8.500000000000000000e+01
8.600000000000000000e+01
8.700000000000000000e+01
8.800000000000000000e+01
8.900000000000000000e+01
9.000000000000000000e+01
9.100000000000000000e+01
9.200000000000000000e+01
9.300000000000000000e+01
9.400000000000000000e+01
9.500000000000000000e+01
9.600000000000000000e+01
9.700000000000000000e+01
9.800000000000000000e+01
9.900000000000000000e+01
