single photon fraction:    0.4000
laser fraction:    0.2000
thermal source fraction:    0.2000
non-detected fraction:    0.2000
number of bins:  200.0000
bin width (ns):    1.0000
average detection events per bin: 5000.0000

# binary result
0.000000000000000000e+00

# g2 signal
1.020510707574189269e+00
1.003175592157493190e+00
1.028801414947391635e+00
9.888552794219618303e-01
9.584560190535529323e-01
9.860917102975610415e-01
9.956385854545819480e-01
9.805645720487593531e-01
1.008953963963058476e+00
1.030560049844737591e+00
9.855892431840336254e-01
9.875991116381432899e-01
9.833281411731601418e-01
1.015737269995678815e+00
9.893577465354892464e-01
9.840818418434512660e-01
9.963922861248730722e-01
9.863429438543247496e-01
9.770473022540674402e-01
9.767960686973037321e-01
9.903626807625440787e-01
1.006441628395421395e+00
1.010963832417168362e+00
9.685053613241012549e-01
1.035082253866484336e+00
1.020510707574189269e+00
1.010210131746877238e+00
1.019003306233607020e+00
9.906139143193077867e-01
9.825744405028690176e-01
1.004682993498075438e+00
1.022520576028298933e+00
1.031564984071792423e+00
1.015234802882151399e+00
9.881015787516707061e-01
1.007697796179239935e+00
9.996583223628012771e-01
1.010210131746877238e+00
1.004682993498075438e+00
1.020259474017425561e+00
1.001165723703383525e+00
9.757911344702488998e-01
1.011215065973932070e+00
1.027294013606809386e+00
9.868454109678521657e-01
9.898602136490166625e-01
1.001416957260147234e+00
9.695102955511561982e-01
1.001668190816910942e+00
9.933774834437085755e-01
9.820719733893416015e-01
9.795596378217045208e-01
9.971459867951641964e-01
9.956385854545819480e-01
1.039855691444994790e+00
1.012973700871278027e+00
1.033072385412374672e+00
1.008200263292767351e+00
9.903626807625440787e-01
9.931262498869448674e-01
1.010963832417168362e+00
9.707664633349747385e-01
9.697615291079199062e-01
9.941311841139996996e-01
1.000914490146619817e+00
1.013727401541569151e+00
1.008953963963058476e+00
1.008200263292767351e+00
9.853380096272699173e-01
1.021766875358007809e+00
9.951361183410545319e-01
1.000914490146619817e+00
9.981509210222190287e-01
1.020510707574189269e+00
9.913676149895989109e-01
9.875991116381432899e-01
1.021515641801244101e+00
1.015988503552442523e+00
1.018752072676843312e+00
1.011717533087459486e+00
1.006944095508948811e+00
9.762936015837763160e-01
1.023776743812117473e+00
1.003426825714256898e+00
1.020259474017425561e+00
1.020761941130952977e+00
1.008953963963058476e+00
1.016239737109206231e+00
9.810670391622867692e-01
1.014732335768623983e+00
9.790571707081771047e-01
9.820719733893416015e-01
1.004431759941311730e+00
9.951361183410545319e-01
1.008702730406294767e+00
1.007195329065712519e+00
1.042619260569395800e+00
9.755399009134851918e-01
9.933774834437085755e-01
9.921213156598900351e-01
7.562130058587664960e-01
9.707664633349747385e-01
9.956385854545819480e-01
1.005939161281893979e+00
9.931262498869448674e-01
1.010712598860404654e+00
1.031062516958265007e+00
9.963922861248730722e-01
1.015234802882151399e+00
1.013978635098332859e+00
9.845843089569786821e-01
1.015234802882151399e+00
1.002673125043965774e+00
1.035835954536775461e+00
1.010461365303640946e+00
9.984021545789827368e-01
1.003426825714256898e+00
9.850867760705062093e-01
1.000412023033092401e+00
9.875991116381432899e-01
9.747862002431940676e-01
1.011466299530695778e+00
9.948848847842908238e-01
1.024027977368881182e+00
1.003426825714256898e+00
1.010712598860404654e+00
1.009707664633349822e+00
9.946336512275271158e-01
1.025786612266227138e+00
1.012973700871278027e+00
1.012722467314514319e+00
1.000412023033092401e+00
1.010963832417168362e+00
1.027545247163573094e+00
9.938799505572359916e-01
9.971459867951641964e-01
9.750374337999577756e-01
9.830769076163964337e-01
1.002924358600729482e+00
1.010210131746877238e+00
9.820719733893416015e-01
1.004431759941311730e+00
9.966435196816367803e-01
9.903626807625440787e-01
1.011968766644223194e+00
1.012722467314514319e+00
9.692590619943924901e-01
1.005939161281893979e+00
1.003929292827784314e+00
1.015234802882151399e+00
9.973972203519279045e-01
1.014481102211860275e+00
9.808158056055230611e-01
9.966435196816367803e-01
9.669979599835190065e-01
9.953873518978182400e-01
1.012722467314514319e+00
1.003175592157493190e+00
1.006190394838657687e+00
9.730275653458481111e-01
9.805645720487593531e-01
9.677516606538101307e-01
9.958898190113456561e-01
9.991558552492738610e-01
1.027042780050045678e+00
9.875991116381432899e-01
9.896089800922529545e-01
1.009958898190113530e+00
1.007697796179239935e+00
9.913676149895989109e-01
9.948848847842908238e-01
9.968947532384004884e-01
9.961410525681093642e-01
1.019757006903898144e+00
9.971459867951641964e-01
1.007697796179239935e+00
9.953873518978182400e-01
1.011717533087459486e+00
1.001919424373674650e+00
1.025284145152699722e+00
1.029806349174446467e+00
9.868454109678521657e-01
1.010461365303640946e+00
1.000412023033092401e+00
9.941311841139996996e-01
9.878503451949069980e-01
9.946336512275271158e-01
1.011466299530695778e+00
1.008953963963058476e+00
9.913676149895989109e-01
1.006692861952185103e+00
1.019505773347134436e+00
1.016993437779497356e+00
9.800621049352319369e-01
9.928750163301811593e-01
1.029303882060919051e+00
9.963922861248730722e-01
9.938799505572359916e-01
1.022269342471535225e+00
1.020510707574189269e+00

# time bin value
-1.000000000000000000e+02
-9.900000000000000000e+01
-9.800000000000000000e+01
-9.700000000000000000e+01
-9.600000000000000000e+01
-9.500000000000000000e+01
-9.400000000000000000e+01
-9.300000000000000000e+01
-9.200000000000000000e+01
-9.100000000000000000e+01
-9.000000000000000000e+01
-8.900000000000000000e+01
-8.800000000000000000e+01
-8.700000000000000000e+01
-8.600000000000000000e+01
-8.500000000000000000e+01
-8.400000000000000000e+01
-8.300000000000000000e+01
-8.200000000000000000e+01
-8.100000000000000000e+01
-8.000000000000000000e+01
-7.900000000000000000e+01
-7.800000000000000000e+01
-7.700000000000000000e+01
-7.600000000000000000e+01
-7.500000000000000000e+01
-7.400000000000000000e+01
-7.300000000000000000e+01
-7.200000000000000000e+01
-7.100000000000000000e+01
-7.000000000000000000e+01
-6.900000000000000000e+01
-6.800000000000000000e+01
-6.700000000000000000e+01
-6.600000000000000000e+01
-6.500000000000000000e+01
-6.400000000000000000e+01
-6.300000000000000000e+01
-6.200000000000000000e+01
-6.100000000000000000e+01
-6.000000000000000000e+01
-5.900000000000000000e+01
-5.800000000000000000e+01
-5.700000000000000000e+01
-5.600000000000000000e+01
-5.500000000000000000e+01
-5.400000000000000000e+01
-5.300000000000000000e+01
-5.200000000000000000e+01
-5.100000000000000000e+01
-5.000000000000000000e+01
-4.900000000000000000e+01
-4.800000000000000000e+01
-4.700000000000000000e+01
-4.600000000000000000e+01
-4.500000000000000000e+01
-4.400000000000000000e+01
-4.300000000000000000e+01
-4.200000000000000000e+01
-4.100000000000000000e+01
-4.000000000000000000e+01
-3.900000000000000000e+01
-3.800000000000000000e+01
-3.700000000000000000e+01
-3.600000000000000000e+01
-3.500000000000000000e+01
-3.400000000000000000e+01
-3.300000000000000000e+01
-3.200000000000000000e+01
-3.100000000000000000e+01
-3.000000000000000000e+01
-2.900000000000000000e+01
-2.800000000000000000e+01
-2.700000000000000000e+01
-2.600000000000000000e+01
-2.500000000000000000e+01
-2.400000000000000000e+01
-2.300000000000000000e+01
-2.200000000000000000e+01
-2.100000000000000000e+01
-2.000000000000000000e+01
-1.900000000000000000e+01
-1.800000000000000000e+01
-1.700000000000000000e+01
-1.600000000000000000e+01
-1.500000000000000000e+01
-1.400000000000000000e+01
-1.300000000000000000e+01
-1.200000000000000000e+01
-1.100000000000000000e+01
-1.000000000000000000e+01
-9.000000000000000000e+00
-8.000000000000000000e+00
-7.000000000000000000e+00
-6.000000000000000000e+00
-5.000000000000000000e+00
-4.000000000000000000e+00
-3.000000000000000000e+00
-2.000000000000000000e+00
-1.000000000000000000e+00
0.000000000000000000e+00
1.000000000000000000e+00
2.000000000000000000e+00
3.000000000000000000e+00
4.000000000000000000e+00
5.000000000000000000e+00
6.000000000000000000e+00
7.000000000000000000e+00
8.000000000000000000e+00
9.000000000000000000e+00
1.000000000000000000e+01
1.100000000000000000e+01
1.200000000000000000e+01
1.300000000000000000e+01
1.400000000000000000e+01
1.500000000000000000e+01
1.600000000000000000e+01
1.700000000000000000e+01
1.800000000000000000e+01
1.900000000000000000e+01
2.000000000000000000e+01
2.100000000000000000e+01
2.200000000000000000e+01
2.300000000000000000e+01
2.400000000000000000e+01
2.500000000000000000e+01
2.600000000000000000e+01
2.700000000000000000e+01
2.800000000000000000e+01
2.900000000000000000e+01
3.000000000000000000e+01
3.100000000000000000e+01
3.200000000000000000e+01
3.300000000000000000e+01
3.400000000000000000e+01
3.500000000000000000e+01
3.600000000000000000e+01
3.700000000000000000e+01
3.800000000000000000e+01
3.900000000000000000e+01
4.000000000000000000e+01
4.100000000000000000e+01
4.200000000000000000e+01
4.300000000000000000e+01
4.400000000000000000e+01
4.500000000000000000e+01
4.600000000000000000e+01
4.700000000000000000e+01
4.800000000000000000e+01
4.900000000000000000e+01
5.000000000000000000e+01
5.100000000000000000e+01
5.200000000000000000e+01
5.300000000000000000e+01
5.400000000000000000e+01
5.500000000000000000e+01
5.600000000000000000e+01
5.700000000000000000e+01
5.800000000000000000e+01
5.900000000000000000e+01
6.000000000000000000e+01
6.100000000000000000e+01
6.200000000000000000e+01
6.300000000000000000e+01
6.400000000000000000e+01
6.500000000000000000e+01
6.600000000000000000e+01
6.700000000000000000e+01
6.800000000000000000e+01
6.900000000000000000e+01
7.000000000000000000e+01
7.100000000000000000e+01
7.200000000000000000e+01
7.300000000000000000e+01
7.400000000000000000e+01
7.500000000000000000e+01
7.600000000000000000e+01
7.700000000000000000e+01
7.800000000000000000e+01
7.900000000000000000e+01
8.000000000000000000e+01
8.100000000000000000e+01
8.200000000000000000e+01
8.300000000000000000e+01
8.400000000000000000e+01
8.500000000000000000e+01
8.600000000000000000e+01
8.700000000000000000e+01
8.800000000000000000e+01
8.900000000000000000e+01
9.000000000000000000e+01
9.100000000000000000e+01
9.200000000000000000e+01
9.300000000000000000e+01
9.400000000000000000e+01
9.500000000000000000e+01
9.600000000000000000e+01
9.700000000000000000e+01
9.800000000000000000e+01
9.900000000000000000e+01
