single photon fraction:    0.4000
laser fraction:    0.2000
thermal source fraction:    0.2000
non-detected fraction:    0.2000
number of bins:  200.0000
bin width (ns):    1.0000
average detection events per bin: 5000.0000

# binary result
0.000000000000000000e+00

# g2 signal
9.933483678252940097e-01
1.031785975381507958e+00
1.007919487029610428e+00
9.729990461778865729e-01
9.800333795868669817e-01
9.843042248708907538e-01
1.006412129870543293e+00
9.928459154389382979e-01
9.863140344163137119e-01
9.963630821434283913e-01
1.012441558506812056e+00
1.022993058620282447e+00
1.001387606006985731e+00
9.951069511775391119e-01
1.009426844188677563e+00
1.027263903904306330e+00
9.619450936780603589e-01
1.004151094131942479e+00
1.001638832200163698e+00
1.004402320325120224e+00
1.005407225097831647e+00
1.009678070381855530e+00
9.973679869161399258e-01
1.002392510779697377e+00
9.659647127689062751e-01
1.009426844188677563e+00
1.037564177824598977e+00
9.946044987911834001e-01
9.971167607229620700e-01
9.925946892457604420e-01
9.747576295301316751e-01
1.007668260836432461e+00
9.765162128823767773e-01
9.807870581664005494e-01
9.792797010073333031e-01
9.699843318597521913e-01
1.014702594245412870e+00
9.961118559502505354e-01
1.004653546518298191e+00
1.011436653734100632e+00
9.933483678252940097e-01
1.016461177597657972e+00
1.005658451291009614e+00
1.032037201574685925e+00
1.012944010893167768e+00
1.010682975154566954e+00
1.009426844188677563e+00
1.010180522768211242e+00
9.863140344163137119e-01
9.930971416321161538e-01
9.865652606094915678e-01
9.993777964615628839e-01
9.875701653822029913e-01
1.021234475268037567e+00
9.991265702683850281e-01
1.026258999131594907e+00
9.795309272005111589e-01
9.958606297570726795e-01
1.011185427540922666e+00
9.905848797003374839e-01
9.900824273139816611e-01
1.008421939415966140e+00
1.009929296575033275e+00
9.634524508371276053e-01
9.951069511775391119e-01
9.963630821434283913e-01
9.888262963480923817e-01
1.023746737199816126e+00
1.009678070381855530e+00
1.009426844188677563e+00
9.878213915753808472e-01
1.005909677484187359e+00
9.752600819164873869e-01
9.750088557233095310e-01
9.858115820299578891e-01
1.010431748961389209e+00
9.865652606094915678e-01
1.016461177597657972e+00
1.013446463279523480e+00
9.810382843595784053e-01
9.923434630525825861e-01
9.968655345297842141e-01
1.013195237086345735e+00
9.694818794733964795e-01
9.971167607229620700e-01
1.018219760949903074e+00
9.662159389620841310e-01
1.025254094358883261e+00
1.021234475268037567e+00
9.895799749276259494e-01
1.001638832200163698e+00
1.006412129870543293e+00
9.775211176550883119e-01
1.031785975381507958e+00
9.986241178820292053e-01
1.001638832200163698e+00
9.948557249843612560e-01
9.903336535071596280e-01
1.014200141859057158e+00
1.004904772711475935e+00
7.220240791931954449e-01
1.015958725211302260e+00
1.002141284586519410e+00
1.015456272824946549e+00
1.015456272824946549e+00
9.697331056665743354e-01
1.016963629984013684e+00
9.835505462913570751e-01
9.832993200981792192e-01
9.928459154389382979e-01
1.004653546518298191e+00
1.023746737199816126e+00
9.704867842461079031e-01
9.817919629391120839e-01
9.787772486209775913e-01
9.855603558367800332e-01
1.014451368052234903e+00
1.009929296575033275e+00
1.012944010893167768e+00
1.029524939642907144e+00
1.025002868165705516e+00
1.010682975154566954e+00
9.998802488479185957e-01
9.910873320866931957e-01
9.843042248708907538e-01
1.012692784699990023e+00
1.009426844188677563e+00
1.016963629984013684e+00
1.028771261063373466e+00
9.976192131093177817e-01
1.011185427540922666e+00
9.903336535071596280e-01
1.037564177824598977e+00
1.001890058393341443e+00
1.012190332313634089e+00
9.775211176550883119e-01
1.004653546518298191e+00
9.777723438482661678e-01
9.958606297570726795e-01
9.978704393024956376e-01
1.032539653961041637e+00
1.000382701234274307e+00
9.863140344163137119e-01
1.019978344302148177e+00
9.885750701549145258e-01
1.009426844188677563e+00
1.020983249074859600e+00
9.976192131093177817e-01
9.976192131093177817e-01
1.002141284586519410e+00
9.873189391890251354e-01
9.953581773707169678e-01
9.988753440752071722e-01
1.002894963166053088e+00
1.010431748961389209e+00
1.004151094131942479e+00
9.845554510640686097e-01
1.025505320552061228e+00
9.810382843595784053e-01
1.010180522768211242e+00
1.017968534756725107e+00
1.006663356063721038e+00
9.694818794733964795e-01
9.941020464048275773e-01
1.009175617995499818e+00
1.003146189359230833e+00
9.564181174281473075e-01
1.004653546518298191e+00
1.003648641745586545e+00
1.021234475268037567e+00
9.890775225412702376e-01
1.029776165836085111e+00
1.014451368052234903e+00
9.920922368594046192e-01
9.953581773707169678e-01
1.004151094131942479e+00
9.925946892457604420e-01
1.012190332313634089e+00
1.000885153620630019e+00
9.843042248708907538e-01
1.031534749188329991e+00
1.014702594245412870e+00
1.009175617995499818e+00
1.002392510779697377e+00
9.860628082231358560e-01
9.976192131093177817e-01
9.966143083366063582e-01
1.006663356063721038e+00
1.016963629984013684e+00
1.014702594245412870e+00
1.039322761176844079e+00
1.007919487029610428e+00
1.024751641972527549e+00
9.986241178820292053e-01
9.883238439617366700e-01
1.038569082597310400e+00
1.011939106120456344e+00
1.029022487256551432e+00
1.001638832200163698e+00
9.983728916888513494e-01

# time bin value
-1.000000000000000000e+02
-9.900000000000000000e+01
-9.800000000000000000e+01
-9.700000000000000000e+01
-9.600000000000000000e+01
-9.500000000000000000e+01
-9.400000000000000000e+01
-9.300000000000000000e+01
-9.200000000000000000e+01
-9.100000000000000000e+01
-9.000000000000000000e+01
-8.900000000000000000e+01
-8.800000000000000000e+01
-8.700000000000000000e+01
-8.600000000000000000e+01
-8.500000000000000000e+01
-8.400000000000000000e+01
-8.300000000000000000e+01
-8.200000000000000000e+01
-8.100000000000000000e+01
-8.000000000000000000e+01
-7.900000000000000000e+01
-7.800000000000000000e+01
-7.700000000000000000e+01
-7.600000000000000000e+01
-7.500000000000000000e+01
-7.400000000000000000e+01
-7.300000000000000000e+01
-7.200000000000000000e+01
-7.100000000000000000e+01
-7.000000000000000000e+01
-6.900000000000000000e+01
-6.800000000000000000e+01
-6.700000000000000000e+01
-6.600000000000000000e+01
-6.500000000000000000e+01
-6.400000000000000000e+01
-6.300000000000000000e+01
-6.200000000000000000e+01
-6.100000000000000000e+01
-6.000000000000000000e+01
-5.900000000000000000e+01
-5.800000000000000000e+01
-5.700000000000000000e+01
-5.600000000000000000e+01
-5.500000000000000000e+01
-5.400000000000000000e+01
-5.300000000000000000e+01
-5.200000000000000000e+01
-5.100000000000000000e+01
-5.000000000000000000e+01
-4.900000000000000000e+01
-4.800000000000000000e+01
-4.700000000000000000e+01
-4.600000000000000000e+01
-4.500000000000000000e+01
-4.400000000000000000e+01
-4.300000000000000000e+01
-4.200000000000000000e+01
-4.100000000000000000e+01
-4.000000000000000000e+01
-3.900000000000000000e+01
-3.800000000000000000e+01
-3.700000000000000000e+01
-3.600000000000000000e+01
-3.500000000000000000e+01
-3.400000000000000000e+01
-3.300000000000000000e+01
-3.200000000000000000e+01
-3.100000000000000000e+01
-3.000000000000000000e+01
-2.900000000000000000e+01
-2.800000000000000000e+01
-2.700000000000000000e+01
-2.600000000000000000e+01
-2.500000000000000000e+01
-2.400000000000000000e+01
-2.300000000000000000e+01
-2.200000000000000000e+01
-2.100000000000000000e+01
-2.000000000000000000e+01
-1.900000000000000000e+01
-1.800000000000000000e+01
-1.700000000000000000e+01
-1.600000000000000000e+01
-1.500000000000000000e+01
-1.400000000000000000e+01
-1.300000000000000000e+01
-1.200000000000000000e+01
-1.100000000000000000e+01
-1.000000000000000000e+01
-9.000000000000000000e+00
-8.000000000000000000e+00
-7.000000000000000000e+00
-6.000000000000000000e+00
-5.000000000000000000e+00
-4.000000000000000000e+00
-3.000000000000000000e+00
-2.000000000000000000e+00
-1.000000000000000000e+00
0.000000000000000000e+00
1.000000000000000000e+00
2.000000000000000000e+00
3.000000000000000000e+00
4.000000000000000000e+00
5.000000000000000000e+00
6.000000000000000000e+00
7.000000000000000000e+00
8.000000000000000000e+00
9.000000000000000000e+00
1.000000000000000000e+01
1.100000000000000000e+01
1.200000000000000000e+01
1.300000000000000000e+01
1.400000000000000000e+01
1.500000000000000000e+01
1.600000000000000000e+01
1.700000000000000000e+01
1.800000000000000000e+01
1.900000000000000000e+01
2.000000000000000000e+01
2.100000000000000000e+01
2.200000000000000000e+01
2.300000000000000000e+01
2.400000000000000000e+01
2.500000000000000000e+01
2.600000000000000000e+01
2.700000000000000000e+01
2.800000000000000000e+01
2.900000000000000000e+01
3.000000000000000000e+01
3.100000000000000000e+01
3.200000000000000000e+01
3.300000000000000000e+01
3.400000000000000000e+01
3.500000000000000000e+01
3.600000000000000000e+01
3.700000000000000000e+01
3.800000000000000000e+01
3.900000000000000000e+01
4.000000000000000000e+01
4.100000000000000000e+01
4.200000000000000000e+01
4.300000000000000000e+01
4.400000000000000000e+01
4.500000000000000000e+01
4.600000000000000000e+01
4.700000000000000000e+01
4.800000000000000000e+01
4.900000000000000000e+01
5.000000000000000000e+01
5.100000000000000000e+01
5.200000000000000000e+01
5.300000000000000000e+01
5.400000000000000000e+01
5.500000000000000000e+01
5.600000000000000000e+01
5.700000000000000000e+01
5.800000000000000000e+01
5.900000000000000000e+01
6.000000000000000000e+01
6.100000000000000000e+01
6.200000000000000000e+01
6.300000000000000000e+01
6.400000000000000000e+01
6.500000000000000000e+01
6.600000000000000000e+01
6.700000000000000000e+01
6.800000000000000000e+01
6.900000000000000000e+01
7.000000000000000000e+01
7.100000000000000000e+01
7.200000000000000000e+01
7.300000000000000000e+01
7.400000000000000000e+01
7.500000000000000000e+01
7.600000000000000000e+01
7.700000000000000000e+01
7.800000000000000000e+01
7.900000000000000000e+01
8.000000000000000000e+01
8.100000000000000000e+01
8.200000000000000000e+01
8.300000000000000000e+01
8.400000000000000000e+01
8.500000000000000000e+01
8.600000000000000000e+01
8.700000000000000000e+01
8.800000000000000000e+01
8.900000000000000000e+01
9.000000000000000000e+01
9.100000000000000000e+01
9.200000000000000000e+01
9.300000000000000000e+01
9.400000000000000000e+01
9.500000000000000000e+01
9.600000000000000000e+01
9.700000000000000000e+01
9.800000000000000000e+01
9.900000000000000000e+01
