single photon fraction:    0.4000
laser fraction:    0.2000
thermal source fraction:    0.2000
non-detected fraction:    0.2000
number of bins:  200.0000
bin width (ns):    1.0000
average detection events per bin: 5000.0000

# binary result
0.000000000000000000e+00

# g2 signal
1.016642516730461576e+00
1.012370909517308348e+00
1.031970048495305381e+00
1.016391245717923164e+00
1.018150142805692271e+00
9.849823691506203183e-01
1.005335321166232587e+00
9.804594909249286783e-01
1.008853115341770579e+00
1.035739113683381785e+00
9.892539763637734351e-01
9.947819386396188346e-01
1.005586592178770999e+00
1.004330237116078939e+00
9.993048168653104746e-01
9.917666864891576672e-01
9.857361821882355546e-01
1.031718777482766969e+00
9.982997328151567151e-01
1.002571340028309832e+00
9.940281256020034872e-01
1.022170479006306865e+00
9.694035663732379904e-01
9.962895647148493072e-01
1.019155226855845919e+00
9.776955097870060341e-01
9.731726315613143941e-01
9.907616024390040188e-01
1.014883619642692691e+00
9.925204995267730146e-01
1.017647600780615447e+00
1.000309900915464123e+00
1.011868367492231524e+00
9.927717705393114267e-01
9.912641444640808430e-01
9.950332096521572467e-01
1.020411581918537980e+00
9.890027053512350230e-01
1.002320069015771420e+00
9.874950792760045504e-01
9.950332096521572467e-01
9.977971907900798909e-01
9.932743125643882509e-01
9.779467807995444462e-01
1.008601844329232167e+00
9.817158459876207388e-01
1.000309900915464123e+00
9.794544068747749188e-01
1.015888703692846340e+00
1.026693357231998505e+00
9.912641444640808430e-01
1.032723861532920839e+00
9.885001633261581988e-01
9.937768545894650751e-01
1.002571340028309832e+00
9.905103314264656067e-01
1.020160310905999568e+00
9.849823691506203183e-01
1.041015804946688661e+00
9.869925372509276151e-01
1.005837863191309411e+00
9.957870226897724830e-01
9.990535458527719515e-01
1.033728945583074488e+00
1.000309900915464123e+00
1.021919207993768453e+00
9.892539763637734351e-01
1.009104386354308991e+00
1.015637432680307928e+00
1.033226403557997664e+00
9.957870226897724830e-01
9.945306676270804225e-01
1.016893787742999988e+00
1.001817526990694596e+00
1.017647600780615447e+00
9.990535458527719515e-01
1.003325153065925290e+00
9.769416967493906867e-01
1.006591676228924648e+00
1.007094218254001472e+00
1.008350573316693755e+00
1.004078966103540527e+00
1.031718777482766969e+00
1.008853115341770579e+00
9.837260140879281467e-01
9.822183880126976740e-01
9.882488923136197867e-01
1.013878535592539043e+00
9.985510038276951272e-01
1.028954796344844436e+00
1.010109470404462639e+00
9.950332096521572467e-01
9.842285561130049709e-01
9.970433777524646546e-01
9.867412662383892030e-01
1.021667936981230040e+00
9.490506143576257214e-01
9.952844806646956588e-01
1.011617096479693112e+00
9.965408357273877193e-01
7.369778797751962429e-01
1.008350573316693755e+00
1.007094218254001472e+00
9.849823691506203183e-01
1.002571340028309832e+00
9.646294171350079383e-01
9.877463502885429625e-01
9.744289866240064546e-01
1.007596760279078296e+00
9.927717705393114267e-01
9.885001633261581988e-01
1.012873451542385395e+00
1.023678105081537559e+00
9.807107619374670904e-01
1.002822611040848244e+00
9.802082199123902662e-01
1.002068798003233008e+00
9.975459197775414788e-01
9.631217910597774656e-01
9.739264445989296304e-01
1.009104386354308991e+00
1.011617096479693112e+00
1.019155226855845919e+00
1.003073882053386878e+00
1.008601844329232167e+00
1.010612012429539464e+00
1.030964964445151733e+00
1.009858199391924227e+00
9.945306676270804225e-01
1.021165394956153216e+00
9.890027053512350230e-01
1.021667936981230040e+00
1.006089134203847824e+00
1.002571340028309832e+00
9.716650054860838104e-01
1.008853115341770579e+00
9.879976213010813746e-01
9.960382937023108951e-01
9.972946487650030667e-01
9.892539763637734351e-01
1.002571340028309832e+00
9.628705200472390535e-01
1.004078966103540527e+00
9.927717705393114267e-01
1.014129806605077455e+00
9.935255835769266630e-01
9.726700895362375698e-01
9.960382937023108951e-01
9.998073588903872988e-01
9.892539763637734351e-01
1.007596760279078296e+00
9.769416967493906867e-01
1.015888703692846340e+00
1.005335321166232587e+00
9.885001633261581988e-01
9.719162764986222225e-01
1.015888703692846340e+00
9.812133039625439146e-01
1.015134890655231104e+00
9.970433777524646546e-01
1.014632348630154279e+00
1.005335321166232587e+00
1.023426834068999147e+00
1.011617096479693112e+00
9.829722010503129104e-01
1.008099302304155342e+00
1.018401413818230683e+00
1.000309900915464123e+00
1.029708609382459672e+00
1.012622180529846760e+00
1.013878535592539043e+00
1.008350573316693755e+00
9.915154154766192551e-01
1.037498010771150891e+00
1.006591676228924648e+00
9.714137344735453983e-01
9.560862027087015935e-01
9.781980518120828583e-01
9.947819386396188346e-01
1.017647600780615447e+00
9.809620329500055025e-01
1.020160310905999568e+00
1.009355657366847403e+00
9.761878837117754504e-01
1.018652684830769095e+00
1.003827695091002115e+00
9.817158459876207388e-01
9.962895647148493072e-01
9.872438082634661383e-01
1.009355657366847403e+00
9.962895647148493072e-01
1.001817526990694596e+00
9.947819386396188346e-01
9.900077894013887825e-01
9.887514343386966109e-01
1.022673021031383911e+00
1.014632348630154279e+00
1.024934460144229620e+00
9.942793966145418993e-01
1.020662852931076392e+00

# time bin value
-1.000000000000000000e+02
-9.900000000000000000e+01
-9.800000000000000000e+01
-9.700000000000000000e+01
-9.600000000000000000e+01
-9.500000000000000000e+01
-9.400000000000000000e+01
-9.300000000000000000e+01
-9.200000000000000000e+01
-9.100000000000000000e+01
-9.000000000000000000e+01
-8.900000000000000000e+01
-8.800000000000000000e+01
-8.700000000000000000e+01
-8.600000000000000000e+01
-8.500000000000000000e+01
-8.400000000000000000e+01
-8.300000000000000000e+01
-8.200000000000000000e+01
-8.100000000000000000e+01
-8.000000000000000000e+01
-7.900000000000000000e+01
-7.800000000000000000e+01
-7.700000000000000000e+01
-7.600000000000000000e+01
-7.500000000000000000e+01
-7.400000000000000000e+01
-7.300000000000000000e+01
-7.200000000000000000e+01
-7.100000000000000000e+01
-7.000000000000000000e+01
-6.900000000000000000e+01
-6.800000000000000000e+01
-6.700000000000000000e+01
-6.600000000000000000e+01
-6.500000000000000000e+01
-6.400000000000000000e+01
-6.300000000000000000e+01
-6.200000000000000000e+01
-6.100000000000000000e+01
-6.000000000000000000e+01
-5.900000000000000000e+01
-5.800000000000000000e+01
-5.700000000000000000e+01
-5.600000000000000000e+01
-5.500000000000000000e+01
-5.400000000000000000e+01
-5.300000000000000000e+01
-5.200000000000000000e+01
-5.100000000000000000e+01
-5.000000000000000000e+01
-4.900000000000000000e+01
-4.800000000000000000e+01
-4.700000000000000000e+01
-4.600000000000000000e+01
-4.500000000000000000e+01
-4.400000000000000000e+01
-4.300000000000000000e+01
-4.200000000000000000e+01
-4.100000000000000000e+01
-4.000000000000000000e+01
-3.900000000000000000e+01
-3.800000000000000000e+01
-3.700000000000000000e+01
-3.600000000000000000e+01
-3.500000000000000000e+01
-3.400000000000000000e+01
-3.300000000000000000e+01
-3.200000000000000000e+01
-3.100000000000000000e+01
-3.000000000000000000e+01
-2.900000000000000000e+01
-2.800000000000000000e+01
-2.700000000000000000e+01
-2.600000000000000000e+01
-2.500000000000000000e+01
-2.400000000000000000e+01
-2.300000000000000000e+01
-2.200000000000000000e+01
-2.100000000000000000e+01
-2.000000000000000000e+01
-1.900000000000000000e+01
-1.800000000000000000e+01
-1.700000000000000000e+01
-1.600000000000000000e+01
-1.500000000000000000e+01
-1.400000000000000000e+01
-1.300000000000000000e+01
-1.200000000000000000e+01
-1.100000000000000000e+01
-1.000000000000000000e+01
-9.000000000000000000e+00
-8.000000000000000000e+00
-7.000000000000000000e+00
-6.000000000000000000e+00
-5.000000000000000000e+00
-4.000000000000000000e+00
-3.000000000000000000e+00
-2.000000000000000000e+00
-1.000000000000000000e+00
0.000000000000000000e+00
1.000000000000000000e+00
2.000000000000000000e+00
3.000000000000000000e+00
4.000000000000000000e+00
5.000000000000000000e+00
6.000000000000000000e+00
7.000000000000000000e+00
8.000000000000000000e+00
9.000000000000000000e+00
1.000000000000000000e+01
1.100000000000000000e+01
1.200000000000000000e+01
1.300000000000000000e+01
1.400000000000000000e+01
1.500000000000000000e+01
1.600000000000000000e+01
1.700000000000000000e+01
1.800000000000000000e+01
1.900000000000000000e+01
2.000000000000000000e+01
2.100000000000000000e+01
2.200000000000000000e+01
2.300000000000000000e+01
2.400000000000000000e+01
2.500000000000000000e+01
2.600000000000000000e+01
2.700000000000000000e+01
2.800000000000000000e+01
2.900000000000000000e+01
3.000000000000000000e+01
3.100000000000000000e+01
3.200000000000000000e+01
3.300000000000000000e+01
3.400000000000000000e+01
3.500000000000000000e+01
3.600000000000000000e+01
3.700000000000000000e+01
3.800000000000000000e+01
3.900000000000000000e+01
4.000000000000000000e+01
4.100000000000000000e+01
4.200000000000000000e+01
4.300000000000000000e+01
4.400000000000000000e+01
4.500000000000000000e+01
4.600000000000000000e+01
4.700000000000000000e+01
4.800000000000000000e+01
4.900000000000000000e+01
5.000000000000000000e+01
5.100000000000000000e+01
5.200000000000000000e+01
5.300000000000000000e+01
5.400000000000000000e+01
5.500000000000000000e+01
5.600000000000000000e+01
5.700000000000000000e+01
5.800000000000000000e+01
5.900000000000000000e+01
6.000000000000000000e+01
6.100000000000000000e+01
6.200000000000000000e+01
6.300000000000000000e+01
6.400000000000000000e+01
6.500000000000000000e+01
6.600000000000000000e+01
6.700000000000000000e+01
6.800000000000000000e+01
6.900000000000000000e+01
7.000000000000000000e+01
7.100000000000000000e+01
7.200000000000000000e+01
7.300000000000000000e+01
7.400000000000000000e+01
7.500000000000000000e+01
7.600000000000000000e+01
7.700000000000000000e+01
7.800000000000000000e+01
7.900000000000000000e+01
8.000000000000000000e+01
8.100000000000000000e+01
8.200000000000000000e+01
8.300000000000000000e+01
8.400000000000000000e+01
8.500000000000000000e+01
8.600000000000000000e+01
8.700000000000000000e+01
8.800000000000000000e+01
8.900000000000000000e+01
9.000000000000000000e+01
9.100000000000000000e+01
9.200000000000000000e+01
9.300000000000000000e+01
9.400000000000000000e+01
9.500000000000000000e+01
9.600000000000000000e+01
9.700000000000000000e+01
9.800000000000000000e+01
9.900000000000000000e+01
