single photon fraction:    0.4000
laser fraction:    0.2000
thermal source fraction:    0.2000
non-detected fraction:    0.2000
number of bins:  200.0000
bin width (ns):    1.0000
average detection events per bin: 5000.0000

# binary result
0.000000000000000000e+00

# g2 signal
9.917956999594177425e-01
9.943059396454704268e-01
1.033214654779287089e+00
1.037231038276971384e+00
1.014889905071102438e+00
1.021918576192049954e+00
1.005099970295497025e+00
1.012630689353655189e+00
1.002087682672233804e+00
9.920467239280230665e-01
1.001836658703628480e+00
9.985733471117600457e-01
9.975692512373389720e-01
9.965651553629178983e-01
1.028947247312997693e+00
9.820057651838123292e-01
9.885323883675493084e-01
9.948079875826809637e-01
1.024428815878102750e+00
9.794955254977596448e-01
1.010622497604813042e+00
9.847670288384702264e-01
9.927997958338388163e-01
1.009116353793181320e+00
1.007359186012944496e+00
9.993264190175757955e-01
1.003342802515260201e+00
9.815037172466017923e-01
1.007610209981549820e+00
1.001334610766418054e+00
9.797465494663648578e-01
1.002589730609444452e+00
9.769852858117069605e-01
9.887834123361545213e-01
9.737219742198384154e-01
1.002338706640839128e+00
9.900385321791809190e-01
9.787424535919437840e-01
1.006104066169918099e+00
1.006606114107128747e+00
9.845160048698650135e-01
1.006857138075733848e+00
9.875282924931282347e-01
9.998284669547863324e-01
9.895364842419703821e-01
1.014136833165286689e+00
1.022922672066471028e+00
1.007359186012944496e+00
1.005853042201312775e+00
9.973182272687336480e-01
1.018404240631576307e+00
1.011877617447839217e+00
9.737219742198384154e-01
1.015894000945523512e+00
9.940549156768652139e-01
9.975692512373389720e-01
1.016647072851339484e+00
1.018655264600181631e+00
1.014889905071102438e+00
1.007359186012944496e+00
9.945569636140757508e-01
9.692035427849435836e-01
9.870262445559176978e-01
9.920467239280230665e-01
9.900385321791809190e-01
9.912936520222072057e-01
1.013132737290865615e+00
1.011375569510628791e+00
1.030955439061839840e+00
1.005099970295497025e+00
9.930508198024441402e-01
1.025934959689734249e+00
9.817547412152070052e-01
9.910426280536019927e-01
9.925487718652336033e-01
9.852690767756807633e-01
9.666933030988908992e-01
1.024177791909497426e+00
1.029951343187418766e+00
9.973182272687336480e-01
9.802485974035753946e-01
1.024679839846708074e+00
9.762322139058910997e-01
1.023424720003681676e+00
9.742240221570489522e-01
1.000581538860602082e+00
9.973182272687336480e-01
1.007108162044339172e+00
1.000581538860602082e+00
9.915446759908125296e-01
1.003593826483865525e+00
1.008865329824575996e+00
9.779893816861280342e-01
9.724668543768120177e-01
9.822567891524175421e-01
1.014889905071102438e+00
9.978202752059441849e-01
1.002840754578049554e+00
1.015140929039707762e+00
1.019157312537392057e+00
7.397676354797276810e-01
1.015894000945523512e+00
1.017400144757155234e+00
9.875282924931282347e-01
9.980712991745495088e-01
1.004848946326891701e+00
1.005853042201312775e+00
9.767342618431016366e-01
9.822567891524175421e-01
1.007359186012944496e+00
9.734709502512330914e-01
9.892854602733650582e-01
9.985733471117600457e-01
1.015894000945523512e+00
1.002589730609444452e+00
1.007108162044339172e+00
9.827588370896280789e-01
9.927997958338388163e-01
9.862731726501018370e-01
9.973182272687336480e-01
9.646851113500487518e-01
1.004346898389681275e+00
1.004597922358286599e+00
9.990753950489705826e-01
9.902895561477861319e-01
1.005350994264102349e+00
1.000832562829207406e+00
9.985733471117600457e-01
1.002589730609444452e+00
1.006606114107128747e+00
1.008865329824575996e+00
9.764832378744964236e-01
1.001334610766418054e+00
9.910426280536019927e-01
9.845160048698650135e-01
1.004346898389681275e+00
1.007861233950154922e+00
1.021416528254839529e+00
9.988243710803652586e-01
1.002338706640839128e+00
9.920467239280230665e-01
9.832608850268386158e-01
9.968161793315231112e-01
1.016396048882734160e+00
9.963141313943125743e-01
1.011124545542023467e+00
1.005602018232707673e+00
1.025683935721129147e+00
9.832608850268386158e-01
9.935528677396546771e-01
9.945569636140757508e-01
9.915446759908125296e-01
1.022671648097865926e+00
1.004597922358286599e+00
9.832608850268386158e-01
9.837629329640491527e-01
1.026688031595550221e+00
9.872772685245229107e-01
1.032963630810681988e+00
1.008112257918760246e+00
9.958120834571020374e-01
1.036226942402550311e+00
1.015140929039707762e+00
9.920467239280230665e-01
1.000330514891996980e+00
1.015642976976918410e+00
1.008614305855970894e+00
1.016647072851339484e+00
9.922977478966282794e-01
9.933018437710493531e-01
1.012630689353655189e+00
1.022420624129260602e+00
1.016898096819944586e+00
9.958120834571020374e-01
1.012630689353655189e+00
1.003342802515260201e+00
1.009618401730391968e+00
1.037482062245576708e+00
1.028947247312997693e+00
1.020412432380418455e+00
9.832608850268386158e-01
1.014136833165286689e+00
9.794955254977596448e-01
9.912936520222072057e-01
9.995774429861811194e-01
1.008112257918760246e+00
1.000832562829207406e+00
9.669443270674961122e-01
1.010371473636207718e+00
1.009618401730391968e+00
1.018655264600181631e+00
1.015391953008313086e+00
9.998284669547863324e-01
9.897875082105755951e-01
1.009618401730391968e+00
1.009367377761786644e+00
1.002840754578049554e+00
9.835119089954439398e-01
1.019659360474602705e+00
1.001836658703628480e+00

# time bin value
-1.000000000000000000e+02
-9.900000000000000000e+01
-9.800000000000000000e+01
-9.700000000000000000e+01
-9.600000000000000000e+01
-9.500000000000000000e+01
-9.400000000000000000e+01
-9.300000000000000000e+01
-9.200000000000000000e+01
-9.100000000000000000e+01
-9.000000000000000000e+01
-8.900000000000000000e+01
-8.800000000000000000e+01
-8.700000000000000000e+01
-8.600000000000000000e+01
-8.500000000000000000e+01
-8.400000000000000000e+01
-8.300000000000000000e+01
-8.200000000000000000e+01
-8.100000000000000000e+01
-8.000000000000000000e+01
-7.900000000000000000e+01
-7.800000000000000000e+01
-7.700000000000000000e+01
-7.600000000000000000e+01
-7.500000000000000000e+01
-7.400000000000000000e+01
-7.300000000000000000e+01
-7.200000000000000000e+01
-7.100000000000000000e+01
-7.000000000000000000e+01
-6.900000000000000000e+01
-6.800000000000000000e+01
-6.700000000000000000e+01
-6.600000000000000000e+01
-6.500000000000000000e+01
-6.400000000000000000e+01
-6.300000000000000000e+01
-6.200000000000000000e+01
-6.100000000000000000e+01
-6.000000000000000000e+01
-5.900000000000000000e+01
-5.800000000000000000e+01
-5.700000000000000000e+01
-5.600000000000000000e+01
-5.500000000000000000e+01
-5.400000000000000000e+01
-5.300000000000000000e+01
-5.200000000000000000e+01
-5.100000000000000000e+01
-5.000000000000000000e+01
-4.900000000000000000e+01
-4.800000000000000000e+01
-4.700000000000000000e+01
-4.600000000000000000e+01
-4.500000000000000000e+01
-4.400000000000000000e+01
-4.300000000000000000e+01
-4.200000000000000000e+01
-4.100000000000000000e+01
-4.000000000000000000e+01
-3.900000000000000000e+01
-3.800000000000000000e+01
-3.700000000000000000e+01
-3.600000000000000000e+01
-3.500000000000000000e+01
-3.400000000000000000e+01
-3.300000000000000000e+01
-3.200000000000000000e+01
-3.100000000000000000e+01
-3.000000000000000000e+01
-2.900000000000000000e+01
-2.800000000000000000e+01
-2.700000000000000000e+01
-2.600000000000000000e+01
-2.500000000000000000e+01
-2.400000000000000000e+01
-2.300000000000000000e+01
-2.200000000000000000e+01
-2.100000000000000000e+01
-2.000000000000000000e+01
-1.900000000000000000e+01
-1.800000000000000000e+01
-1.700000000000000000e+01
-1.600000000000000000e+01
-1.500000000000000000e+01
-1.400000000000000000e+01
-1.300000000000000000e+01
-1.200000000000000000e+01
-1.100000000000000000e+01
-1.000000000000000000e+01
-9.000000000000000000e+00
-8.000000000000000000e+00
-7.000000000000000000e+00
-6.000000000000000000e+00
-5.000000000000000000e+00
-4.000000000000000000e+00
-3.000000000000000000e+00
-2.000000000000000000e+00
-1.000000000000000000e+00
0.000000000000000000e+00
1.000000000000000000e+00
2.000000000000000000e+00
3.000000000000000000e+00
4.000000000000000000e+00
5.000000000000000000e+00
6.000000000000000000e+00
7.000000000000000000e+00
8.000000000000000000e+00
9.000000000000000000e+00
1.000000000000000000e+01
1.100000000000000000e+01
1.200000000000000000e+01
1.300000000000000000e+01
1.400000000000000000e+01
1.500000000000000000e+01
1.600000000000000000e+01
1.700000000000000000e+01
1.800000000000000000e+01
1.900000000000000000e+01
2.000000000000000000e+01
2.100000000000000000e+01
2.200000000000000000e+01
2.300000000000000000e+01
2.400000000000000000e+01
2.500000000000000000e+01
2.600000000000000000e+01
2.700000000000000000e+01
2.800000000000000000e+01
2.900000000000000000e+01
3.000000000000000000e+01
3.100000000000000000e+01
3.200000000000000000e+01
3.300000000000000000e+01
3.400000000000000000e+01
3.500000000000000000e+01
3.600000000000000000e+01
3.700000000000000000e+01
3.800000000000000000e+01
3.900000000000000000e+01
4.000000000000000000e+01
4.100000000000000000e+01
4.200000000000000000e+01
4.300000000000000000e+01
4.400000000000000000e+01
4.500000000000000000e+01
4.600000000000000000e+01
4.700000000000000000e+01
4.800000000000000000e+01
4.900000000000000000e+01
5.000000000000000000e+01
5.100000000000000000e+01
5.200000000000000000e+01
5.300000000000000000e+01
5.400000000000000000e+01
5.500000000000000000e+01
5.600000000000000000e+01
5.700000000000000000e+01
5.800000000000000000e+01
5.900000000000000000e+01
6.000000000000000000e+01
6.100000000000000000e+01
6.200000000000000000e+01
6.300000000000000000e+01
6.400000000000000000e+01
6.500000000000000000e+01
6.600000000000000000e+01
6.700000000000000000e+01
6.800000000000000000e+01
6.900000000000000000e+01
7.000000000000000000e+01
7.100000000000000000e+01
7.200000000000000000e+01
7.300000000000000000e+01
7.400000000000000000e+01
7.500000000000000000e+01
7.600000000000000000e+01
7.700000000000000000e+01
7.800000000000000000e+01
7.900000000000000000e+01
8.000000000000000000e+01
8.100000000000000000e+01
8.200000000000000000e+01
8.300000000000000000e+01
8.400000000000000000e+01
8.500000000000000000e+01
8.600000000000000000e+01
8.700000000000000000e+01
8.800000000000000000e+01
8.900000000000000000e+01
9.000000000000000000e+01
9.100000000000000000e+01
9.200000000000000000e+01
9.300000000000000000e+01
9.400000000000000000e+01
9.500000000000000000e+01
9.600000000000000000e+01
9.700000000000000000e+01
9.800000000000000000e+01
9.900000000000000000e+01
