single photon fraction:    0.4000
laser fraction:    0.2000
thermal source fraction:    0.2000
non-detected fraction:    0.2000
number of bins:  200.0000
bin width (ns):    1.0000
average detection events per bin: 5000.0000

# binary result
0.000000000000000000e+00

# g2 signal
9.876611450437299267e-01
9.982136172115845252e-01
1.004494850644831461e+00
9.987161158862443155e-01
9.891686410677091867e-01
1.027861039016509492e+00
1.024343548293891404e+00
1.027861039016509492e+00
9.972086198622650555e-01
1.018062314860644468e+00
9.889173917303792916e-01
9.776111715505350075e-01
9.871586463690701363e-01
9.901736384170286565e-01
1.021328556245932884e+00
1.001228609259543045e+00
1.018816062872634154e+00
1.007509842692789759e+00
9.793699169118441628e-01
1.024092298956561509e+00
1.003992351970171670e+00
1.023338550944571823e+00
9.622849619734127335e-01
9.987161158862443155e-01
9.886661423930493964e-01
1.033137275100436847e+00
9.813799116104831022e-01
9.977111185369248458e-01
9.906761370916883358e-01
9.866561476944104569e-01
9.685661954066595580e-01
1.008263590704779444e+00
1.026856041667190134e+00
1.001982357271532731e+00
1.012786078776717114e+00
9.733399328159271224e-01
1.007007344018130190e+00
1.013037328114047009e+00
1.007258593355460086e+00
1.013288577451376904e+00
1.011529832090067860e+00
9.884148930557195012e-01
9.969573705249351603e-01
9.838924049837818320e-01
9.992186145609041059e-01
1.002736105283522194e+00
1.001228609259543045e+00
9.798724155865038421e-01
1.004494850644831461e+00
1.003238603958181985e+00
9.773599222132051123e-01
9.911786357663481262e-01
9.911786357663481262e-01
1.007509842692789759e+00
1.031127280401797908e+00
1.016554818836665319e+00
9.838924049837818320e-01
1.009268588054099025e+00
1.001479858596872941e+00
9.931886304649870656e-01
9.949473758262962209e-01
9.914298851036780214e-01
1.036403516485725262e+00
1.011278582752737965e+00
9.974598691995949507e-01
1.011529832090067860e+00
1.023841049619231613e+00
1.015549821487345739e+00
9.899223890796987613e-01
9.977111185369248458e-01
9.821336596224726767e-01
1.014796073475356275e+00
9.914298851036780214e-01
9.650487046840413585e-01
9.914298851036780214e-01
1.027358540341849924e+00
1.001731107934202836e+00
9.941936278143066463e-01
9.944448771516364305e-01
9.957011238382857954e-01
9.733399328159271224e-01
1.000223611910223465e+00
9.665562007080206186e-01
9.864048983570805618e-01
1.010524834740748279e+00
9.921836331156675959e-01
1.018313564197974364e+00
1.006756094680800295e+00
1.008012341367449549e+00
9.853999010077610921e-01
1.027609789679179597e+00
1.001228609259543045e+00
9.864048983570805618e-01
9.861536490197506666e-01
1.025599794980540658e+00
1.021579805583262779e+00
9.962036225129455858e-01
1.004494850644831461e+00
1.007761092030119654e+00
1.036654765823055158e+00
7.266130835579921454e-01
9.949473758262962209e-01
1.025097296305880867e+00
9.972086198622650555e-01
1.010273585403418384e+00
1.007761092030119654e+00
9.801236649238337373e-01
1.018564813535304259e+00
1.002233606608862626e+00
9.964548718502754809e-01
9.959523731756156906e-01
1.017559816185984678e+00
9.833899063091220416e-01
9.710786887799582878e-01
1.004997349319491029e+00
1.022584802932582138e+00
9.964548718502754809e-01
9.786161688998544772e-01
1.000223611910223465e+00
1.011278582752737965e+00
1.001982357271532731e+00
9.951986251636261160e-01
1.003238603958181985e+00
9.894198904050389709e-01
1.009268588054099025e+00
1.016554818836665319e+00
9.974598691995949507e-01
1.035147269799075787e+00
9.886661423930493964e-01
9.791186675745142676e-01
9.813799116104831022e-01
9.733399328159271224e-01
9.936911291396468560e-01
9.936911291396468560e-01
1.026353542992530343e+00
1.005751097331480715e+00
9.949473758262962209e-01
1.027861039016509492e+00
9.906761370916883358e-01
1.001982357271532731e+00
1.000726110584883255e+00
9.869073970317403521e-01
1.008012341367449549e+00
1.026353542992530343e+00
9.967061211876053761e-01
1.011027333415408069e+00
1.013539826788706799e+00
9.891686410677091867e-01
1.003992351970171670e+00
1.002736105283522194e+00
1.036654765823055158e+00
1.007258593355460086e+00
1.001479858596872941e+00
1.008766089379439235e+00
1.012032330764727650e+00
9.977111185369248458e-01
9.964548718502754809e-01
1.020323558896613303e+00
9.783649195625245820e-01
1.017308566848655005e+00
9.836411556464519368e-01
9.911786357663481262e-01
9.919323837783377007e-01
1.004997349319491029e+00
9.974598691995949507e-01
9.916811344410079165e-01
1.021579805583262779e+00
1.005248598656820924e+00
1.012786078776717114e+00
9.826361582971324671e-01
9.663049513706907234e-01
1.003238603958181985e+00
9.869073970317403521e-01
1.001228609259543045e+00
1.002484855946192299e+00
1.007509842692789759e+00
9.964548718502754809e-01
9.843949036584416223e-01
9.909273864290182310e-01
1.008514840042109340e+00
9.813799116104831022e-01
9.708274394426283926e-01
1.003238603958181985e+00
1.004243601307501566e+00
1.006756094680800295e+00
9.836411556464519368e-01
1.008012341367449549e+00
9.959523731756156906e-01
1.022333553595252464e+00
9.859023996824207714e-01
1.003741102632841775e+00
1.039167259196353887e+00
1.007509842692789759e+00
9.911786357663481262e-01
9.967061211876053761e-01
1.002233606608862626e+00
9.936911291396468560e-01
9.924348824529974911e-01
1.036403516485725262e+00
9.874098957064000315e-01

# time bin value
-1.000000000000000000e+02
-9.900000000000000000e+01
-9.800000000000000000e+01
-9.700000000000000000e+01
-9.600000000000000000e+01
-9.500000000000000000e+01
-9.400000000000000000e+01
-9.300000000000000000e+01
-9.200000000000000000e+01
-9.100000000000000000e+01
-9.000000000000000000e+01
-8.900000000000000000e+01
-8.800000000000000000e+01
-8.700000000000000000e+01
-8.600000000000000000e+01
-8.500000000000000000e+01
-8.400000000000000000e+01
-8.300000000000000000e+01
-8.200000000000000000e+01
-8.100000000000000000e+01
-8.000000000000000000e+01
-7.900000000000000000e+01
-7.800000000000000000e+01
-7.700000000000000000e+01
-7.600000000000000000e+01
-7.500000000000000000e+01
-7.400000000000000000e+01
-7.300000000000000000e+01
-7.200000000000000000e+01
-7.100000000000000000e+01
-7.000000000000000000e+01
-6.900000000000000000e+01
-6.800000000000000000e+01
-6.700000000000000000e+01
-6.600000000000000000e+01
-6.500000000000000000e+01
-6.400000000000000000e+01
-6.300000000000000000e+01
-6.200000000000000000e+01
-6.100000000000000000e+01
-6.000000000000000000e+01
-5.900000000000000000e+01
-5.800000000000000000e+01
-5.700000000000000000e+01
-5.600000000000000000e+01
-5.500000000000000000e+01
-5.400000000000000000e+01
-5.300000000000000000e+01
-5.200000000000000000e+01
-5.100000000000000000e+01
-5.000000000000000000e+01
-4.900000000000000000e+01
-4.800000000000000000e+01
-4.700000000000000000e+01
-4.600000000000000000e+01
-4.500000000000000000e+01
-4.400000000000000000e+01
-4.300000000000000000e+01
-4.200000000000000000e+01
-4.100000000000000000e+01
-4.000000000000000000e+01
-3.900000000000000000e+01
-3.800000000000000000e+01
-3.700000000000000000e+01
-3.600000000000000000e+01
-3.500000000000000000e+01
-3.400000000000000000e+01
-3.300000000000000000e+01
-3.200000000000000000e+01
-3.100000000000000000e+01
-3.000000000000000000e+01
-2.900000000000000000e+01
-2.800000000000000000e+01
-2.700000000000000000e+01
-2.600000000000000000e+01
-2.500000000000000000e+01
-2.400000000000000000e+01
-2.300000000000000000e+01
-2.200000000000000000e+01
-2.100000000000000000e+01
-2.000000000000000000e+01
-1.900000000000000000e+01
-1.800000000000000000e+01
-1.700000000000000000e+01
-1.600000000000000000e+01
-1.500000000000000000e+01
-1.400000000000000000e+01
-1.300000000000000000e+01
-1.200000000000000000e+01
-1.100000000000000000e+01
-1.000000000000000000e+01
-9.000000000000000000e+00
-8.000000000000000000e+00
-7.000000000000000000e+00
-6.000000000000000000e+00
-5.000000000000000000e+00
-4.000000000000000000e+00
-3.000000000000000000e+00
-2.000000000000000000e+00
-1.000000000000000000e+00
0.000000000000000000e+00
1.000000000000000000e+00
2.000000000000000000e+00
3.000000000000000000e+00
4.000000000000000000e+00
5.000000000000000000e+00
6.000000000000000000e+00
7.000000000000000000e+00
8.000000000000000000e+00
9.000000000000000000e+00
1.000000000000000000e+01
1.100000000000000000e+01
1.200000000000000000e+01
1.300000000000000000e+01
1.400000000000000000e+01
1.500000000000000000e+01
1.600000000000000000e+01
1.700000000000000000e+01
1.800000000000000000e+01
1.900000000000000000e+01
2.000000000000000000e+01
2.100000000000000000e+01
2.200000000000000000e+01
2.300000000000000000e+01
2.400000000000000000e+01
2.500000000000000000e+01
2.600000000000000000e+01
2.700000000000000000e+01
2.800000000000000000e+01
2.900000000000000000e+01
3.000000000000000000e+01
3.100000000000000000e+01
3.200000000000000000e+01
3.300000000000000000e+01
3.400000000000000000e+01
3.500000000000000000e+01
3.600000000000000000e+01
3.700000000000000000e+01
3.800000000000000000e+01
3.900000000000000000e+01
4.000000000000000000e+01
4.100000000000000000e+01
4.200000000000000000e+01
4.300000000000000000e+01
4.400000000000000000e+01
4.500000000000000000e+01
4.600000000000000000e+01
4.700000000000000000e+01
4.800000000000000000e+01
4.900000000000000000e+01
5.000000000000000000e+01
5.100000000000000000e+01
5.200000000000000000e+01
5.300000000000000000e+01
5.400000000000000000e+01
5.500000000000000000e+01
5.600000000000000000e+01
5.700000000000000000e+01
5.800000000000000000e+01
5.900000000000000000e+01
6.000000000000000000e+01
6.100000000000000000e+01
6.200000000000000000e+01
6.300000000000000000e+01
6.400000000000000000e+01
6.500000000000000000e+01
6.600000000000000000e+01
6.700000000000000000e+01
6.800000000000000000e+01
6.900000000000000000e+01
7.000000000000000000e+01
7.100000000000000000e+01
7.200000000000000000e+01
7.300000000000000000e+01
7.400000000000000000e+01
7.500000000000000000e+01
7.600000000000000000e+01
7.700000000000000000e+01
7.800000000000000000e+01
7.900000000000000000e+01
8.000000000000000000e+01
8.100000000000000000e+01
8.200000000000000000e+01
8.300000000000000000e+01
8.400000000000000000e+01
8.500000000000000000e+01
8.600000000000000000e+01
8.700000000000000000e+01
8.800000000000000000e+01
8.900000000000000000e+01
9.000000000000000000e+01
9.100000000000000000e+01
9.200000000000000000e+01
9.300000000000000000e+01
9.400000000000000000e+01
9.500000000000000000e+01
9.600000000000000000e+01
9.700000000000000000e+01
9.800000000000000000e+01
9.900000000000000000e+01
