single photon fraction:    0.4000
laser fraction:    0.2000
thermal source fraction:    0.2000
non-detected fraction:    0.2000
number of bins:  200.0000
bin width (ns):    1.0000
average detection events per bin: 5000.0000

# binary result
0.000000000000000000e+00

# g2 signal
1.022459868032508323e+00
1.021457456397182328e+00
1.017447809855878349e+00
9.908839015197395961e-01
1.007924899320281398e+00
1.012936957496911372e+00
9.936405335168860820e-01
1.001659826599494041e+00
9.918863131550655909e-01
1.020204441853024724e+00
1.035992425109409032e+00
1.012686354588079762e+00
9.891296811579191051e-01
9.999056062376735499e-01
1.000406812055336436e+00
1.001409223690662431e+00
9.833658142547946346e-01
1.012686354588079762e+00
9.816115938929742546e-01
9.966477684228640666e-01
9.991537975111790537e-01
1.014189972041068755e+00
1.003163444052483033e+00
9.750959182633552880e-01
1.008676708046776005e+00
1.007423693502618400e+00
1.011433340043922380e+00
1.008426105137944395e+00
9.868742549784356166e-01
9.923875189727285884e-01
1.009177913864439002e+00
1.014189972041068755e+00
9.938911364257175807e-01
1.010430928408596385e+00
9.973995771493585627e-01
1.010932134226259382e+00
1.030479161115116060e+00
9.913851073374025935e-01
9.901320927932450999e-01
9.913851073374025935e-01
1.046768350189163366e+00
9.996550033288420511e-01
9.948935480610435755e-01
1.014440574949900364e+00
9.908839015197395961e-01
9.836164171636261333e-01
9.878766666137616115e-01
1.009177913864439002e+00
9.963971655140325678e-01
1.015693589494057747e+00
9.908839015197395961e-01
9.710862717220513085e-01
9.966477684228640666e-01
1.008927310955607393e+00
1.001409223690662431e+00
1.006922487684955403e+00
9.745947124456922905e-01
1.012435751679248375e+00
9.898814898844136012e-01
9.828646084371317482e-01
1.003664649870146031e+00
9.868742549784356166e-01
9.996550033288420511e-01
9.705850659043883111e-01
1.000156209146505049e+00
9.803585793488167610e-01
1.006671884776124015e+00
9.896308869755821025e-01
9.891296811579191051e-01
1.000406812055336436e+00
1.003163444052483033e+00
9.908839015197395961e-01
9.918863131550655909e-01
9.866236520696041179e-01
9.996550033288420511e-01
9.883778724314246089e-01
9.971489742405270640e-01
9.911345044285710948e-01
1.011683942952753767e+00
9.921369160638970897e-01
1.013939369132237367e+00
9.908839015197395961e-01
9.963971655140325678e-01
1.040252674559544621e+00
9.856212404342781230e-01
9.858718433431096217e-01
9.908839015197395961e-01
9.968983713316955653e-01
1.007924899320281398e+00
1.004165855687809028e+00
9.953947538787065730e-01
9.958959596963695704e-01
9.853706375254466243e-01
1.021958662214845326e+00
1.003664649870146031e+00
1.022459868032508323e+00
1.001659826599494041e+00
1.006421281867292405e+00
1.002912841143651423e+00
1.014941780767563362e+00
7.417846101412314264e-01
1.001659826599494041e+00
9.948935480610435755e-01
1.029727352388621675e+00
9.908839015197395961e-01
1.014691177858731752e+00
9.695826542690623162e-01
1.007173090593787013e+00
9.913851073374025935e-01
9.996550033288420511e-01
9.989031946023475550e-01
9.931393276992230845e-01
1.019703236035361726e+00
9.984019887846845576e-01
9.738429037191977944e-01
1.011934545861585377e+00
9.853706375254466243e-01
1.005669473140798020e+00
9.956453567875380717e-01
9.891296811579191051e-01
1.006421281867292405e+00
1.007924899320281398e+00
9.778525502605017738e-01
9.994044004200105524e-01
9.989031946023475550e-01
1.005669473140798020e+00
1.001158620781831043e+00
9.776019473516702751e-01
1.007924899320281398e+00
1.003664649870146031e+00
9.979007829670215601e-01
9.540452739215095068e-01
9.901320927932450999e-01
9.966477684228640666e-01
1.014189972041068755e+00
1.000406812055336436e+00
1.016946604038215352e+00
9.896308869755821025e-01
9.943923422433805781e-01
9.911345044285710948e-01
1.011683942952753767e+00
9.806091822576482597e-01
1.027471926209138076e+00
9.923875189727285884e-01
9.881272695225931102e-01
1.001409223690662431e+00
9.958959596963695704e-01
1.016445398220552354e+00
9.996550033288420511e-01
1.010932134226259382e+00
9.786043589869962700e-01
1.008927310955607393e+00
1.005168267323135023e+00
9.973995771493585627e-01
9.979007829670215601e-01
9.791055648046592674e-01
9.868742549784356166e-01
9.986525916935160563e-01
1.010681531317427773e+00
1.010932134226259382e+00
9.530428622861835120e-01
1.007173090593787013e+00
1.026218911664980693e+00
9.898814898844136012e-01
9.948935480610435755e-01
9.996550033288420511e-01
1.016946604038215352e+00
9.958959596963695704e-01
1.006170678958461018e+00
1.019953838944193336e+00
9.991537975111790537e-01
9.783537560781647713e-01
1.007924899320281398e+00
1.002411635325988426e+00
9.868742549784356166e-01
9.750959182633552880e-01
1.006421281867292405e+00
1.009428516773270390e+00
1.013187560405742760e+00
9.958959596963695704e-01
9.713368746308828072e-01
1.004165855687809028e+00
1.018199618582372734e+00
9.828646084371317482e-01
9.755971240810182854e-01
9.963971655140325678e-01
9.973995771493585627e-01
9.948935480610435755e-01
1.034238204747588652e+00
9.778525502605017738e-01
9.826140055283002495e-01
9.984019887846845576e-01
9.645705960924324529e-01
9.891296811579191051e-01
1.002161032417157038e+00
1.019703236035361726e+00
9.863730491607726192e-01
1.012686354588079762e+00
1.000156209146505049e+00
1.043761115283185603e+00

# time bin value
-1.000000000000000000e+02
-9.900000000000000000e+01
-9.800000000000000000e+01
-9.700000000000000000e+01
-9.600000000000000000e+01
-9.500000000000000000e+01
-9.400000000000000000e+01
-9.300000000000000000e+01
-9.200000000000000000e+01
-9.100000000000000000e+01
-9.000000000000000000e+01
-8.900000000000000000e+01
-8.800000000000000000e+01
-8.700000000000000000e+01
-8.600000000000000000e+01
-8.500000000000000000e+01
-8.400000000000000000e+01
-8.300000000000000000e+01
-8.200000000000000000e+01
-8.100000000000000000e+01
-8.000000000000000000e+01
-7.900000000000000000e+01
-7.800000000000000000e+01
-7.700000000000000000e+01
-7.600000000000000000e+01
-7.500000000000000000e+01
-7.400000000000000000e+01
-7.300000000000000000e+01
-7.200000000000000000e+01
-7.100000000000000000e+01
-7.000000000000000000e+01
-6.900000000000000000e+01
-6.800000000000000000e+01
-6.700000000000000000e+01
-6.600000000000000000e+01
-6.500000000000000000e+01
-6.400000000000000000e+01
-6.300000000000000000e+01
-6.200000000000000000e+01
-6.100000000000000000e+01
-6.000000000000000000e+01
-5.900000000000000000e+01
-5.800000000000000000e+01
-5.700000000000000000e+01
-5.600000000000000000e+01
-5.500000000000000000e+01
-5.400000000000000000e+01
-5.300000000000000000e+01
-5.200000000000000000e+01
-5.100000000000000000e+01
-5.000000000000000000e+01
-4.900000000000000000e+01
-4.800000000000000000e+01
-4.700000000000000000e+01
-4.600000000000000000e+01
-4.500000000000000000e+01
-4.400000000000000000e+01
-4.300000000000000000e+01
-4.200000000000000000e+01
-4.100000000000000000e+01
-4.000000000000000000e+01
-3.900000000000000000e+01
-3.800000000000000000e+01
-3.700000000000000000e+01
-3.600000000000000000e+01
-3.500000000000000000e+01
-3.400000000000000000e+01
-3.300000000000000000e+01
-3.200000000000000000e+01
-3.100000000000000000e+01
-3.000000000000000000e+01
-2.900000000000000000e+01
-2.800000000000000000e+01
-2.700000000000000000e+01
-2.600000000000000000e+01
-2.500000000000000000e+01
-2.400000000000000000e+01
-2.300000000000000000e+01
-2.200000000000000000e+01
-2.100000000000000000e+01
-2.000000000000000000e+01
-1.900000000000000000e+01
-1.800000000000000000e+01
-1.700000000000000000e+01
-1.600000000000000000e+01
-1.500000000000000000e+01
-1.400000000000000000e+01
-1.300000000000000000e+01
-1.200000000000000000e+01
-1.100000000000000000e+01
-1.000000000000000000e+01
-9.000000000000000000e+00
-8.000000000000000000e+00
-7.000000000000000000e+00
-6.000000000000000000e+00
-5.000000000000000000e+00
-4.000000000000000000e+00
-3.000000000000000000e+00
-2.000000000000000000e+00
-1.000000000000000000e+00
0.000000000000000000e+00
1.000000000000000000e+00
2.000000000000000000e+00
3.000000000000000000e+00
4.000000000000000000e+00
5.000000000000000000e+00
6.000000000000000000e+00
7.000000000000000000e+00
8.000000000000000000e+00
9.000000000000000000e+00
1.000000000000000000e+01
1.100000000000000000e+01
1.200000000000000000e+01
1.300000000000000000e+01
1.400000000000000000e+01
1.500000000000000000e+01
1.600000000000000000e+01
1.700000000000000000e+01
1.800000000000000000e+01
1.900000000000000000e+01
2.000000000000000000e+01
2.100000000000000000e+01
2.200000000000000000e+01
2.300000000000000000e+01
2.400000000000000000e+01
2.500000000000000000e+01
2.600000000000000000e+01
2.700000000000000000e+01
2.800000000000000000e+01
2.900000000000000000e+01
3.000000000000000000e+01
3.100000000000000000e+01
3.200000000000000000e+01
3.300000000000000000e+01
3.400000000000000000e+01
3.500000000000000000e+01
3.600000000000000000e+01
3.700000000000000000e+01
3.800000000000000000e+01
3.900000000000000000e+01
4.000000000000000000e+01
4.100000000000000000e+01
4.200000000000000000e+01
4.300000000000000000e+01
4.400000000000000000e+01
4.500000000000000000e+01
4.600000000000000000e+01
4.700000000000000000e+01
4.800000000000000000e+01
4.900000000000000000e+01
5.000000000000000000e+01
5.100000000000000000e+01
5.200000000000000000e+01
5.300000000000000000e+01
5.400000000000000000e+01
5.500000000000000000e+01
5.600000000000000000e+01
5.700000000000000000e+01
5.800000000000000000e+01
5.900000000000000000e+01
6.000000000000000000e+01
6.100000000000000000e+01
6.200000000000000000e+01
6.300000000000000000e+01
6.400000000000000000e+01
6.500000000000000000e+01
6.600000000000000000e+01
6.700000000000000000e+01
6.800000000000000000e+01
6.900000000000000000e+01
7.000000000000000000e+01
7.100000000000000000e+01
7.200000000000000000e+01
7.300000000000000000e+01
7.400000000000000000e+01
7.500000000000000000e+01
7.600000000000000000e+01
7.700000000000000000e+01
7.800000000000000000e+01
7.900000000000000000e+01
8.000000000000000000e+01
8.100000000000000000e+01
8.200000000000000000e+01
8.300000000000000000e+01
8.400000000000000000e+01
8.500000000000000000e+01
8.600000000000000000e+01
8.700000000000000000e+01
8.800000000000000000e+01
8.900000000000000000e+01
9.000000000000000000e+01
9.100000000000000000e+01
9.200000000000000000e+01
9.300000000000000000e+01
9.400000000000000000e+01
9.500000000000000000e+01
9.600000000000000000e+01
9.700000000000000000e+01
9.800000000000000000e+01
9.900000000000000000e+01
