single photon fraction:    0.4000
laser fraction:    0.2000
thermal source fraction:    0.2000
non-detected fraction:    0.2000
number of bins:  200.0000
bin width (ns):    1.0000
average detection events per bin: 5000.0000

# binary result
0.000000000000000000e+00

# g2 signal
9.986553985830612934e-01
9.883573927123607827e-01
1.006944037454600815e+00
9.926272975855781056e-01
1.013223309326979127e+00
9.860968548383045595e-01
1.011465113202713262e+00
9.966460315839001938e-01
9.958925189592148230e-01
9.908691014613121295e-01
9.991577403328516516e-01
1.018246726824882042e+00
1.012218625827398633e+00
1.013976821951664720e+00
1.011967454952503509e+00
1.004934670455439827e+00
1.000915936457117628e+00
9.871015383378850538e-01
9.903667597115218824e-01
1.011716284077608385e+00
9.958925189592148230e-01
9.853433422136190778e-01
9.956413480843196995e-01
1.022516631698099365e+00
9.916226140859975002e-01
9.855945130885143124e-01
1.008199891829076433e+00
9.923761267106829820e-01
1.017995555949986919e+00
1.016739701575511079e+00
9.790640703412407664e-01
1.003427645206068863e+00
9.798175829659261371e-01
1.011967454952503509e+00
9.838363169642483363e-01
1.003929986955859111e+00
1.020256093824043031e+00
9.657520139717985508e-01
1.021009606448728402e+00
9.979018859583759227e-01
1.001167107332012751e+00
1.005185841330334950e+00
9.916226140859975002e-01
1.012720967577188880e+00
1.009706917078447397e+00
9.976507150834807991e-01
9.961436898341099466e-01
1.021511948198518649e+00
9.876038800876753010e-01
1.011967454952503509e+00
1.004181157830754234e+00
1.007195208329495939e+00
9.883573927123607827e-01
1.023772486072574983e+00
1.009706917078447397e+00
9.700219188450157626e-01
9.825804625897726075e-01
1.023018973447889612e+00
1.005688183080125198e+00
9.891109053370461535e-01
9.943854937098439706e-01
1.013725651076769596e+00
1.007446379204391063e+00
1.012218625827398633e+00
1.007948720954181310e+00
9.707754314697012443e-01
1.003427645206068863e+00
9.881062218374656592e-01
9.923761267106829820e-01
9.891109053370461535e-01
9.871015383378850538e-01
9.946366645847392052e-01
1.014981505451245214e+00
1.014730334576350090e+00
1.001418278206907875e+00
9.860968548383045595e-01
9.923761267106829820e-01
9.780593868416601611e-01
9.785617285914504082e-01
9.785617285914504082e-01
1.025781853071735972e+00
1.029047074445372800e+00
1.012218625827398633e+00
9.727847984688623439e-01
1.021511948198518649e+00
9.813246082152969896e-01
9.871015383378850538e-01
1.003678816080963987e+00
9.973995442085856755e-01
9.926272975855781056e-01
1.040349763815654027e+00
1.019251410324462537e+00
1.002171790831593245e+00
9.833339752144579782e-01
9.725336275939672204e-01
9.966460315839001938e-01
9.778082159667650375e-01
1.007446379204391063e+00
1.008953404453762026e+00
1.004432328705649580e+00
7.607965800573673887e-01
9.878550509625705356e-01
1.000915936457117628e+00
1.021009606448728402e+00
9.881062218374656592e-01
1.019502581199357660e+00
1.015232676326140338e+00
9.963948607090050702e-01
1.005939353955020321e+00
9.702730897199109972e-01
1.000664765582222504e+00
9.918737849608926238e-01
1.005688183080125198e+00
1.006441695704810568e+00
1.024777169572155477e+00
1.002171790831593245e+00
1.007948720954181310e+00
1.005688183080125198e+00
1.001669449081802998e+00
9.833339752144579782e-01
9.853433422136190778e-01
9.966460315839001938e-01
9.835851460893532128e-01
9.783105577165552846e-01
9.948878354596343287e-01
9.639938178475325747e-01
1.004683499580544703e+00
1.021260777323623525e+00
1.000915936457117628e+00
9.996600820826418987e-01
9.785617285914504082e-01
9.981530568332710462e-01
1.000162423832432257e+00
1.040098592940758904e+00
9.916226140859975002e-01
9.639938178475325747e-01
1.014227992826559843e+00
9.936319810851585999e-01
1.035075175442855988e+00
1.000915936457117628e+00
1.003176474331173740e+00
1.019251410324462537e+00
1.002171790831593245e+00
1.006944037454600815e+00
1.003176474331173740e+00
1.009455746203552273e+00
9.891109053370461535e-01
1.001669449081802998e+00
1.005437012205230074e+00
9.697707479701206390e-01
9.878550509625705356e-01
1.011213942327818138e+00
1.021009606448728402e+00
9.891109053370461535e-01
1.001418278206907875e+00
1.030051757944953295e+00
1.010962771452923015e+00
9.943854937098439706e-01
1.039093909441178187e+00
1.013223309326979127e+00
1.023018973447889612e+00
1.021763119073413772e+00
1.000664765582222504e+00
1.004683499580544703e+00
9.853433422136190778e-01
1.012218625827398633e+00
1.031307612319429134e+00
1.007697550079286186e+00
1.004181157830754234e+00
9.860968548383045595e-01
9.958925189592148230e-01
9.886085635872559063e-01
9.800687538408212607e-01
1.013976821951664720e+00
1.026535365696421342e+00
9.838363169642483363e-01
1.005437012205230074e+00
9.936319810851585999e-01
1.017242043325301326e+00
1.003176474331173740e+00
1.001167107332012751e+00
1.000162423832432257e+00
1.010209258828237644e+00
1.002925303456278616e+00
9.956413480843196995e-01
9.906179305864170059e-01
9.818269499650872367e-01
1.000162423832432257e+00
1.005437012205230074e+00
1.011465113202713262e+00
9.695195770952255154e-01
1.012469796702293756e+00
9.855945130885143124e-01
9.973995442085856755e-01
1.019251410324462537e+00
1.000413594707327380e+00
1.010460429703132768e+00
9.973995442085856755e-01
1.003929986955859111e+00
9.853433422136190778e-01

# time bin value
-1.000000000000000000e+02
-9.900000000000000000e+01
-9.800000000000000000e+01
-9.700000000000000000e+01
-9.600000000000000000e+01
-9.500000000000000000e+01
-9.400000000000000000e+01
-9.300000000000000000e+01
-9.200000000000000000e+01
-9.100000000000000000e+01
-9.000000000000000000e+01
-8.900000000000000000e+01
-8.800000000000000000e+01
-8.700000000000000000e+01
-8.600000000000000000e+01
-8.500000000000000000e+01
-8.400000000000000000e+01
-8.300000000000000000e+01
-8.200000000000000000e+01
-8.100000000000000000e+01
-8.000000000000000000e+01
-7.900000000000000000e+01
-7.800000000000000000e+01
-7.700000000000000000e+01
-7.600000000000000000e+01
-7.500000000000000000e+01
-7.400000000000000000e+01
-7.300000000000000000e+01
-7.200000000000000000e+01
-7.100000000000000000e+01
-7.000000000000000000e+01
-6.900000000000000000e+01
-6.800000000000000000e+01
-6.700000000000000000e+01
-6.600000000000000000e+01
-6.500000000000000000e+01
-6.400000000000000000e+01
-6.300000000000000000e+01
-6.200000000000000000e+01
-6.100000000000000000e+01
-6.000000000000000000e+01
-5.900000000000000000e+01
-5.800000000000000000e+01
-5.700000000000000000e+01
-5.600000000000000000e+01
-5.500000000000000000e+01
-5.400000000000000000e+01
-5.300000000000000000e+01
-5.200000000000000000e+01
-5.100000000000000000e+01
-5.000000000000000000e+01
-4.900000000000000000e+01
-4.800000000000000000e+01
-4.700000000000000000e+01
-4.600000000000000000e+01
-4.500000000000000000e+01
-4.400000000000000000e+01
-4.300000000000000000e+01
-4.200000000000000000e+01
-4.100000000000000000e+01
-4.000000000000000000e+01
-3.900000000000000000e+01
-3.800000000000000000e+01
-3.700000000000000000e+01
-3.600000000000000000e+01
-3.500000000000000000e+01
-3.400000000000000000e+01
-3.300000000000000000e+01
-3.200000000000000000e+01
-3.100000000000000000e+01
-3.000000000000000000e+01
-2.900000000000000000e+01
-2.800000000000000000e+01
-2.700000000000000000e+01
-2.600000000000000000e+01
-2.500000000000000000e+01
-2.400000000000000000e+01
-2.300000000000000000e+01
-2.200000000000000000e+01
-2.100000000000000000e+01
-2.000000000000000000e+01
-1.900000000000000000e+01
-1.800000000000000000e+01
-1.700000000000000000e+01
-1.600000000000000000e+01
-1.500000000000000000e+01
-1.400000000000000000e+01
-1.300000000000000000e+01
-1.200000000000000000e+01
-1.100000000000000000e+01
-1.000000000000000000e+01
-9.000000000000000000e+00
-8.000000000000000000e+00
-7.000000000000000000e+00
-6.000000000000000000e+00
-5.000000000000000000e+00
-4.000000000000000000e+00
-3.000000000000000000e+00
-2.000000000000000000e+00
-1.000000000000000000e+00
0.000000000000000000e+00
1.000000000000000000e+00
2.000000000000000000e+00
3.000000000000000000e+00
4.000000000000000000e+00
5.000000000000000000e+00
6.000000000000000000e+00
7.000000000000000000e+00
8.000000000000000000e+00
9.000000000000000000e+00
1.000000000000000000e+01
1.100000000000000000e+01
1.200000000000000000e+01
1.300000000000000000e+01
1.400000000000000000e+01
1.500000000000000000e+01
1.600000000000000000e+01
1.700000000000000000e+01
1.800000000000000000e+01
1.900000000000000000e+01
2.000000000000000000e+01
2.100000000000000000e+01
2.200000000000000000e+01
2.300000000000000000e+01
2.400000000000000000e+01
2.500000000000000000e+01
2.600000000000000000e+01
2.700000000000000000e+01
2.800000000000000000e+01
2.900000000000000000e+01
3.000000000000000000e+01
3.100000000000000000e+01
3.200000000000000000e+01
3.300000000000000000e+01
3.400000000000000000e+01
3.500000000000000000e+01
3.600000000000000000e+01
3.700000000000000000e+01
3.800000000000000000e+01
3.900000000000000000e+01
4.000000000000000000e+01
4.100000000000000000e+01
4.200000000000000000e+01
4.300000000000000000e+01
4.400000000000000000e+01
4.500000000000000000e+01
4.600000000000000000e+01
4.700000000000000000e+01
4.800000000000000000e+01
4.900000000000000000e+01
5.000000000000000000e+01
5.100000000000000000e+01
5.200000000000000000e+01
5.300000000000000000e+01
5.400000000000000000e+01
5.500000000000000000e+01
5.600000000000000000e+01
5.700000000000000000e+01
5.800000000000000000e+01
5.900000000000000000e+01
6.000000000000000000e+01
6.100000000000000000e+01
6.200000000000000000e+01
6.300000000000000000e+01
6.400000000000000000e+01
6.500000000000000000e+01
6.600000000000000000e+01
6.700000000000000000e+01
6.800000000000000000e+01
6.900000000000000000e+01
7.000000000000000000e+01
7.100000000000000000e+01
7.200000000000000000e+01
7.300000000000000000e+01
7.400000000000000000e+01
7.500000000000000000e+01
7.600000000000000000e+01
7.700000000000000000e+01
7.800000000000000000e+01
7.900000000000000000e+01
8.000000000000000000e+01
8.100000000000000000e+01
8.200000000000000000e+01
8.300000000000000000e+01
8.400000000000000000e+01
8.500000000000000000e+01
8.600000000000000000e+01
8.700000000000000000e+01
8.800000000000000000e+01
8.900000000000000000e+01
9.000000000000000000e+01
9.100000000000000000e+01
9.200000000000000000e+01
9.300000000000000000e+01
9.400000000000000000e+01
9.500000000000000000e+01
9.600000000000000000e+01
9.700000000000000000e+01
9.800000000000000000e+01
9.900000000000000000e+01
