single photon fraction:    0.4000
laser fraction:    0.2000
thermal source fraction:    0.2000
non-detected fraction:    0.2000
number of bins:  200.0000
bin width (ns):    1.0000
average detection events per bin: 5000.0000

# binary result
0.000000000000000000e+00

# g2 signal
1.010114536560053233e+00
1.032963262094968693e+00
9.975602917606490871e-01
9.978113766566372167e-01
1.015638404271790973e+00
9.910320844649590510e-01
1.017898168335683806e+00
1.014634064687838677e+00
1.018651423023648084e+00
9.945472730087921986e-01
9.927896787368756248e-01
1.027439394383230953e+00
9.975602917606490871e-01
9.988157162405895129e-01
9.872658110251377739e-01
1.015638404271790973e+00
1.009612366768076974e+00
1.016893828751731510e+00
1.014634064687838677e+00
9.764691604976502015e-01
9.940451032168159395e-01
1.015387319375802955e+00
9.762180756016621830e-01
9.824951980013642006e-01
9.937940183208279210e-01
9.789800094575310530e-01
9.980624615526253463e-01
9.764691604976502015e-01
1.022166611567481231e+00
1.004841753744303512e+00
1.002833074576398920e+00
9.988157162405895129e-01
1.015136234479814936e+00
1.002581989680410679e+00
9.953005276967563653e-01
1.016642743855743269e+00
9.862614714411854777e-01
9.905299146729827919e-01
9.834995375853164967e-01
9.942961881128040691e-01
1.008608027184124678e+00
1.032210007407004415e+00
9.895255750890304958e-01
9.749626511217217573e-01
9.892744901930424772e-01
1.021915526671492991e+00
9.880190657131020515e-01
1.001075480304482346e+00
9.850060469612450520e-01
1.002833074576398920e+00
1.026937224591254694e+00
9.953005276967563653e-01
9.759669907056740534e-01
9.955516125927444948e-01
9.915342542569351991e-01
9.905299146729827919e-01
9.860103865451973482e-01
1.003837414160351216e+00
1.009361281872088956e+00
1.023422036047421546e+00
1.012876470415922103e+00
1.006599348016220086e+00
9.807376037294476268e-01
1.010867791248017511e+00
1.001828734992446623e+00
9.769713302896264606e-01
9.832484526893284782e-01
9.716985474738767392e-01
9.860103865451973482e-01
1.003084159472386938e+00
9.955516125927444948e-01
1.011118876144005529e+00
1.008608027184124678e+00
9.885212355050781996e-01
9.762180756016621830e-01
1.008356942288136660e+00
1.013880809999874399e+00
9.960537823847206429e-01
1.009361281872088956e+00
9.942961881128040691e-01
9.870147261291496443e-01
9.958026974887325133e-01
9.857593016492093296e-01
9.867636412331616258e-01
1.007603687600172382e+00
1.009863451664065215e+00
9.885212355050781996e-01
9.734561417457933130e-01
1.011872130831969807e+00
9.910320844649590510e-01
1.044262082414432413e+00
1.009110196976100937e+00
1.033967601678920989e+00
9.742093964337574796e-01
9.935429334248397915e-01
1.005846093328255808e+00
9.958026974887325133e-01
9.840017073772927558e-01
9.907809995689709215e-01
9.902788297769947734e-01
7.309081322213062393e-01
9.882701506090900700e-01
1.010365621456041252e+00
9.865125563371734962e-01
1.010365621456041252e+00
1.030452413135087841e+00
1.004590668848315493e+00
9.870147261291496443e-01
9.875168959211259034e-01
1.021413356879516954e+00
1.017144913647719529e+00
9.752137360177098868e-01
9.950494428007683467e-01
1.003335244368374957e+00
1.013127555311910122e+00
9.940451032168159395e-01
9.945472730087921986e-01
1.003335244368374957e+00
1.026937224591254694e+00
1.003084159472386938e+00
1.000573310512506087e+00
1.015387319375802955e+00
9.847549620652569224e-01
1.011118876144005529e+00
9.877679808171139220e-01
1.015136234479814936e+00
1.021915526671492991e+00
9.927896787368756248e-01
1.008105857392148641e+00
9.875168959211259034e-01
1.033465431886944730e+00
9.824951980013642006e-01
1.023170951151433528e+00
1.020157932399576417e+00
1.016893828751731510e+00
1.005092838640291530e+00
9.754648209136979053e-01
1.038487129806706433e+00
9.915342542569351991e-01
1.018902507919636102e+00
1.005092838640291530e+00
1.025932885007302398e+00
1.030452413135087841e+00
1.000573310512506087e+00
9.691876985139958878e-01
1.019655762607600380e+00
1.008859112080112919e+00
9.985646313446014943e-01
1.010365621456041252e+00
1.016391658959755251e+00
9.840017073772927558e-01
9.947983579047802172e-01
1.004841753744303512e+00
9.895255750890304958e-01
1.002581989680410679e+00
9.983135464486133648e-01
1.008859112080112919e+00
1.011118876144005529e+00
9.905299146729827919e-01
1.009110196976100937e+00
9.922875089448993657e-01
9.925385938408874953e-01
9.985646313446014943e-01
9.897766599850186253e-01
9.912831693609470696e-01
9.895255750890304958e-01
1.009361281872088956e+00
9.970581219686729391e-01
9.945472730087921986e-01
1.006348263120232067e+00
9.706942078899243320e-01
1.002330904784422660e+00
1.000573310512506087e+00
9.850060469612450520e-01
9.817419433133999229e-01
1.015387319375802955e+00
9.807376037294476268e-01
1.015638404271790973e+00
9.945472730087921986e-01
9.915342542569351991e-01
1.001075480304482346e+00
9.887723204010662181e-01
1.003084159472386938e+00
9.912831693609470696e-01
9.902788297769947734e-01
1.016893828751731510e+00
9.829973677933403486e-01
1.014382979791850659e+00
1.022668781359457268e+00
9.927896787368756248e-01
9.993178860325656609e-01
1.007603687600172382e+00
9.885212355050781996e-01
1.026183969903290416e+00
1.016893828751731510e+00
9.980624615526253463e-01
1.020157932399576417e+00
1.023924205839397805e+00
9.932918485288517729e-01
9.865125563371734962e-01

# time bin value
-1.000000000000000000e+02
-9.900000000000000000e+01
-9.800000000000000000e+01
-9.700000000000000000e+01
-9.600000000000000000e+01
-9.500000000000000000e+01
-9.400000000000000000e+01
-9.300000000000000000e+01
-9.200000000000000000e+01
-9.100000000000000000e+01
-9.000000000000000000e+01
-8.900000000000000000e+01
-8.800000000000000000e+01
-8.700000000000000000e+01
-8.600000000000000000e+01
-8.500000000000000000e+01
-8.400000000000000000e+01
-8.300000000000000000e+01
-8.200000000000000000e+01
-8.100000000000000000e+01
-8.000000000000000000e+01
-7.900000000000000000e+01
-7.800000000000000000e+01
-7.700000000000000000e+01
-7.600000000000000000e+01
-7.500000000000000000e+01
-7.400000000000000000e+01
-7.300000000000000000e+01
-7.200000000000000000e+01
-7.100000000000000000e+01
-7.000000000000000000e+01
-6.900000000000000000e+01
-6.800000000000000000e+01
-6.700000000000000000e+01
-6.600000000000000000e+01
-6.500000000000000000e+01
-6.400000000000000000e+01
-6.300000000000000000e+01
-6.200000000000000000e+01
-6.100000000000000000e+01
-6.000000000000000000e+01
-5.900000000000000000e+01
-5.800000000000000000e+01
-5.700000000000000000e+01
-5.600000000000000000e+01
-5.500000000000000000e+01
-5.400000000000000000e+01
-5.300000000000000000e+01
-5.200000000000000000e+01
-5.100000000000000000e+01
-5.000000000000000000e+01
-4.900000000000000000e+01
-4.800000000000000000e+01
-4.700000000000000000e+01
-4.600000000000000000e+01
-4.500000000000000000e+01
-4.400000000000000000e+01
-4.300000000000000000e+01
-4.200000000000000000e+01
-4.100000000000000000e+01
-4.000000000000000000e+01
-3.900000000000000000e+01
-3.800000000000000000e+01
-3.700000000000000000e+01
-3.600000000000000000e+01
-3.500000000000000000e+01
-3.400000000000000000e+01
-3.300000000000000000e+01
-3.200000000000000000e+01
-3.100000000000000000e+01
-3.000000000000000000e+01
-2.900000000000000000e+01
-2.800000000000000000e+01
-2.700000000000000000e+01
-2.600000000000000000e+01
-2.500000000000000000e+01
-2.400000000000000000e+01
-2.300000000000000000e+01
-2.200000000000000000e+01
-2.100000000000000000e+01
-2.000000000000000000e+01
-1.900000000000000000e+01
-1.800000000000000000e+01
-1.700000000000000000e+01
-1.600000000000000000e+01
-1.500000000000000000e+01
-1.400000000000000000e+01
-1.300000000000000000e+01
-1.200000000000000000e+01
-1.100000000000000000e+01
-1.000000000000000000e+01
-9.000000000000000000e+00
-8.000000000000000000e+00
-7.000000000000000000e+00
-6.000000000000000000e+00
-5.000000000000000000e+00
-4.000000000000000000e+00
-3.000000000000000000e+00
-2.000000000000000000e+00
-1.000000000000000000e+00
0.000000000000000000e+00
1.000000000000000000e+00
2.000000000000000000e+00
3.000000000000000000e+00
4.000000000000000000e+00
5.000000000000000000e+00
6.000000000000000000e+00
7.000000000000000000e+00
8.000000000000000000e+00
9.000000000000000000e+00
1.000000000000000000e+01
1.100000000000000000e+01
1.200000000000000000e+01
1.300000000000000000e+01
1.400000000000000000e+01
1.500000000000000000e+01
1.600000000000000000e+01
1.700000000000000000e+01
1.800000000000000000e+01
1.900000000000000000e+01
2.000000000000000000e+01
2.100000000000000000e+01
2.200000000000000000e+01
2.300000000000000000e+01
2.400000000000000000e+01
2.500000000000000000e+01
2.600000000000000000e+01
2.700000000000000000e+01
2.800000000000000000e+01
2.900000000000000000e+01
3.000000000000000000e+01
3.100000000000000000e+01
3.200000000000000000e+01
3.300000000000000000e+01
3.400000000000000000e+01
3.500000000000000000e+01
3.600000000000000000e+01
3.700000000000000000e+01
3.800000000000000000e+01
3.900000000000000000e+01
4.000000000000000000e+01
4.100000000000000000e+01
4.200000000000000000e+01
4.300000000000000000e+01
4.400000000000000000e+01
4.500000000000000000e+01
4.600000000000000000e+01
4.700000000000000000e+01
4.800000000000000000e+01
4.900000000000000000e+01
5.000000000000000000e+01
5.100000000000000000e+01
5.200000000000000000e+01
5.300000000000000000e+01
5.400000000000000000e+01
5.500000000000000000e+01
5.600000000000000000e+01
5.700000000000000000e+01
5.800000000000000000e+01
5.900000000000000000e+01
6.000000000000000000e+01
6.100000000000000000e+01
6.200000000000000000e+01
6.300000000000000000e+01
6.400000000000000000e+01
6.500000000000000000e+01
6.600000000000000000e+01
6.700000000000000000e+01
6.800000000000000000e+01
6.900000000000000000e+01
7.000000000000000000e+01
7.100000000000000000e+01
7.200000000000000000e+01
7.300000000000000000e+01
7.400000000000000000e+01
7.500000000000000000e+01
7.600000000000000000e+01
7.700000000000000000e+01
7.800000000000000000e+01
7.900000000000000000e+01
8.000000000000000000e+01
8.100000000000000000e+01
8.200000000000000000e+01
8.300000000000000000e+01
8.400000000000000000e+01
8.500000000000000000e+01
8.600000000000000000e+01
8.700000000000000000e+01
8.800000000000000000e+01
8.900000000000000000e+01
9.000000000000000000e+01
9.100000000000000000e+01
9.200000000000000000e+01
9.300000000000000000e+01
9.400000000000000000e+01
9.500000000000000000e+01
9.600000000000000000e+01
9.700000000000000000e+01
9.800000000000000000e+01
9.900000000000000000e+01
