single photon fraction:    0.4000
laser fraction:    0.2000
thermal source fraction:    0.2000
non-detected fraction:    0.2000
number of bins:  200.0000
bin width (ns):    1.0000
average detection events per bin: 5000.0000

# binary result
0.000000000000000000e+00

# g2 signal
9.900061781207463163e-01
9.884993194021455265e-01
1.014367060738126547e+00
1.012106772660225085e+00
1.014869346977659958e+00
9.799604533300740883e-01
1.011855629540458379e+00
1.013111345139292352e+00
1.010851057061391112e+00
1.013864774498592913e+00
9.837276001265762293e-01
9.992984735521180939e-01
9.945267542765487967e-01
9.782024514917064817e-01
1.022654783690430946e+00
1.010348770821857478e+00
9.598690037487297433e-01
1.000303046031185250e+00
9.987961873125844603e-01
1.012860202019525646e+00
9.884993194021455265e-01
1.005074765306754658e+00
1.005828194666054998e+00
1.014618203857893253e+00
1.026421930486933087e+00
1.015371633217193592e+00
9.995496166718849107e-01
1.016125062576494154e+00
1.022654783690430946e+00
9.784535946114732985e-01
9.867413175637778089e-01
1.036216512157838388e+00
9.859878882044774695e-01
9.922664661986475565e-01
9.915130368393471061e-01
1.040737088313641090e+00
9.892527487614458659e-01
1.006832767145122265e+00
9.897550350009794995e-01
9.912618937195804003e-01
9.957824698753828807e-01
9.900061781207463163e-01
1.016627348816027787e+00
9.955313267556160639e-01
1.028179932325300694e+00
9.598690037487297433e-01
1.007335053384655899e+00
1.009093055223023505e+00
1.008088482743956238e+00
1.001809904749786151e+00
1.000303046031185250e+00
9.947778973963156135e-01
1.013111345139292352e+00
1.005577051546288292e+00
1.018887636893929027e+00
1.022654783690430946e+00
1.005325908426521364e+00
1.000051902911418544e+00
1.003065620348620124e+00
1.000051902911418544e+00
9.922664661986475565e-01
9.799604533300740883e-01
1.005325908426521364e+00
9.792070239707737489e-01
9.734307322161371845e-01
9.761933065335720583e-01
1.001056475390485812e+00
9.952801836358492471e-01
9.900061781207463163e-01
1.000805332270718884e+00
1.013613631378825986e+00
9.920153230788807397e-01
1.015371633217193592e+00
1.003316763468387052e+00
9.982939010730509377e-01
1.010097627702090772e+00
1.000051902911418544e+00
1.016627348816027787e+00
1.028431075445067622e+00
9.761933065335720583e-01
1.015371633217193592e+00
9.764444496533388751e-01
9.669010111022002807e-01
9.912618937195804003e-01
9.724261597370699173e-01
9.975404717137504873e-01
9.739330184556708181e-01
9.995496166718849107e-01
9.721750166173032115e-01
1.000051902911418544e+00
1.009595341462557139e+00
1.005325908426521364e+00
9.967870423544500369e-01
9.972893285939836705e-01
1.002312190989319785e+00
9.892527487614458659e-01
1.008339625863723166e+00
1.027175359846233427e+00
1.009093055223023505e+00
1.012609058899758718e+00
7.672422308875900265e-01
9.927687524381811901e-01
1.011604486420691673e+00
9.955313267556160639e-01
9.935221817974816405e-01
9.992984735521180939e-01
1.013613631378825986e+00
1.040485945193874162e+00
9.663987248626666471e-01
9.709193010184691275e-01
9.754398771742716079e-01
9.965358992346832201e-01
9.877458900428450761e-01
1.018385350654395394e+00
1.010348770821857478e+00
9.897550350009794995e-01
9.864901744440111031e-01
1.001809904749786151e+00
9.998007597916517275e-01
9.897550350009794995e-01
1.005325908426521364e+00
1.018385350654395394e+00
1.004070192827687391e+00
9.782024514917064817e-01
1.011855629540458379e+00
1.014367060738126547e+00
9.809650258091413555e-01
9.932710386777148237e-01
9.859878882044774695e-01
9.930198955579480069e-01
1.026421930486933087e+00
1.002814477228853418e+00
9.950290405160824303e-01
1.005577051546288292e+00
1.026421930486933087e+00
9.832253138870425957e-01
1.017883064414861760e+00
9.920153230788807397e-01
9.852344588451770191e-01
9.879970331626118929e-01
1.014618203857893253e+00
9.766955927731056919e-01
1.016376205696260859e+00
9.711704441382359443e-01
9.910107505998135835e-01
9.942756111567819799e-01
9.927687524381811901e-01
9.623804349463978003e-01
1.022152497450897313e+00
9.965358992346832201e-01
9.867413175637778089e-01
9.970381854742168537e-01
9.756910202940384247e-01
1.012357915779992013e+00
1.025919644247399454e+00
9.930198955579480069e-01
1.010851057061391112e+00
1.021650211211363901e+00
9.970381854742168537e-01
9.774490221324060313e-01
9.998007597916517275e-01
9.992984735521180939e-01
1.012609058899758718e+00
1.007335053384655899e+00
9.922664661986475565e-01
1.014115917618359619e+00
1.017883064414861760e+00
1.030942506642735568e+00
1.033453937840403736e+00
9.897550350009794995e-01
1.015120490097426886e+00
1.012860202019525646e+00
9.666498679824334639e-01
1.007586196504422604e+00
1.002563334109086490e+00
1.007837339624189532e+00
1.009846484582323844e+00
1.008590768983489872e+00
9.965358992346832201e-01
9.784535946114732985e-01
1.018636493774162100e+00
1.013864774498592913e+00
9.902573212405131331e-01
9.495721358382906985e-01
1.027175359846233427e+00
9.724261597370699173e-01
1.010851057061391112e+00
1.008590768983489872e+00
9.799604533300740883e-01
1.008088482743956238e+00
9.952801836358492471e-01
9.817184551684418059e-01
9.982939010730509377e-01
1.005074765306754658e+00
1.017631921295094832e+00
1.003567906588153757e+00
1.001056475390485812e+00
1.003316763468387052e+00
1.015371633217193592e+00
9.930198955579480069e-01

# time bin value
-1.000000000000000000e+02
-9.900000000000000000e+01
-9.800000000000000000e+01
-9.700000000000000000e+01
-9.600000000000000000e+01
-9.500000000000000000e+01
-9.400000000000000000e+01
-9.300000000000000000e+01
-9.200000000000000000e+01
-9.100000000000000000e+01
-9.000000000000000000e+01
-8.900000000000000000e+01
-8.800000000000000000e+01
-8.700000000000000000e+01
-8.600000000000000000e+01
-8.500000000000000000e+01
-8.400000000000000000e+01
-8.300000000000000000e+01
-8.200000000000000000e+01
-8.100000000000000000e+01
-8.000000000000000000e+01
-7.900000000000000000e+01
-7.800000000000000000e+01
-7.700000000000000000e+01
-7.600000000000000000e+01
-7.500000000000000000e+01
-7.400000000000000000e+01
-7.300000000000000000e+01
-7.200000000000000000e+01
-7.100000000000000000e+01
-7.000000000000000000e+01
-6.900000000000000000e+01
-6.800000000000000000e+01
-6.700000000000000000e+01
-6.600000000000000000e+01
-6.500000000000000000e+01
-6.400000000000000000e+01
-6.300000000000000000e+01
-6.200000000000000000e+01
-6.100000000000000000e+01
-6.000000000000000000e+01
-5.900000000000000000e+01
-5.800000000000000000e+01
-5.700000000000000000e+01
-5.600000000000000000e+01
-5.500000000000000000e+01
-5.400000000000000000e+01
-5.300000000000000000e+01
-5.200000000000000000e+01
-5.100000000000000000e+01
-5.000000000000000000e+01
-4.900000000000000000e+01
-4.800000000000000000e+01
-4.700000000000000000e+01
-4.600000000000000000e+01
-4.500000000000000000e+01
-4.400000000000000000e+01
-4.300000000000000000e+01
-4.200000000000000000e+01
-4.100000000000000000e+01
-4.000000000000000000e+01
-3.900000000000000000e+01
-3.800000000000000000e+01
-3.700000000000000000e+01
-3.600000000000000000e+01
-3.500000000000000000e+01
-3.400000000000000000e+01
-3.300000000000000000e+01
-3.200000000000000000e+01
-3.100000000000000000e+01
-3.000000000000000000e+01
-2.900000000000000000e+01
-2.800000000000000000e+01
-2.700000000000000000e+01
-2.600000000000000000e+01
-2.500000000000000000e+01
-2.400000000000000000e+01
-2.300000000000000000e+01
-2.200000000000000000e+01
-2.100000000000000000e+01
-2.000000000000000000e+01
-1.900000000000000000e+01
-1.800000000000000000e+01
-1.700000000000000000e+01
-1.600000000000000000e+01
-1.500000000000000000e+01
-1.400000000000000000e+01
-1.300000000000000000e+01
-1.200000000000000000e+01
-1.100000000000000000e+01
-1.000000000000000000e+01
-9.000000000000000000e+00
-8.000000000000000000e+00
-7.000000000000000000e+00
-6.000000000000000000e+00
-5.000000000000000000e+00
-4.000000000000000000e+00
-3.000000000000000000e+00
-2.000000000000000000e+00
-1.000000000000000000e+00
0.000000000000000000e+00
1.000000000000000000e+00
2.000000000000000000e+00
3.000000000000000000e+00
4.000000000000000000e+00
5.000000000000000000e+00
6.000000000000000000e+00
7.000000000000000000e+00
8.000000000000000000e+00
9.000000000000000000e+00
1.000000000000000000e+01
1.100000000000000000e+01
1.200000000000000000e+01
1.300000000000000000e+01
1.400000000000000000e+01
1.500000000000000000e+01
1.600000000000000000e+01
1.700000000000000000e+01
1.800000000000000000e+01
1.900000000000000000e+01
2.000000000000000000e+01
2.100000000000000000e+01
2.200000000000000000e+01
2.300000000000000000e+01
2.400000000000000000e+01
2.500000000000000000e+01
2.600000000000000000e+01
2.700000000000000000e+01
2.800000000000000000e+01
2.900000000000000000e+01
3.000000000000000000e+01
3.100000000000000000e+01
3.200000000000000000e+01
3.300000000000000000e+01
3.400000000000000000e+01
3.500000000000000000e+01
3.600000000000000000e+01
3.700000000000000000e+01
3.800000000000000000e+01
3.900000000000000000e+01
4.000000000000000000e+01
4.100000000000000000e+01
4.200000000000000000e+01
4.300000000000000000e+01
4.400000000000000000e+01
4.500000000000000000e+01
4.600000000000000000e+01
4.700000000000000000e+01
4.800000000000000000e+01
4.900000000000000000e+01
5.000000000000000000e+01
5.100000000000000000e+01
5.200000000000000000e+01
5.300000000000000000e+01
5.400000000000000000e+01
5.500000000000000000e+01
5.600000000000000000e+01
5.700000000000000000e+01
5.800000000000000000e+01
5.900000000000000000e+01
6.000000000000000000e+01
6.100000000000000000e+01
6.200000000000000000e+01
6.300000000000000000e+01
6.400000000000000000e+01
6.500000000000000000e+01
6.600000000000000000e+01
6.700000000000000000e+01
6.800000000000000000e+01
6.900000000000000000e+01
7.000000000000000000e+01
7.100000000000000000e+01
7.200000000000000000e+01
7.300000000000000000e+01
7.400000000000000000e+01
7.500000000000000000e+01
7.600000000000000000e+01
7.700000000000000000e+01
7.800000000000000000e+01
7.900000000000000000e+01
8.000000000000000000e+01
8.100000000000000000e+01
8.200000000000000000e+01
8.300000000000000000e+01
8.400000000000000000e+01
8.500000000000000000e+01
8.600000000000000000e+01
8.700000000000000000e+01
8.800000000000000000e+01
8.900000000000000000e+01
9.000000000000000000e+01
9.100000000000000000e+01
9.200000000000000000e+01
9.300000000000000000e+01
9.400000000000000000e+01
9.500000000000000000e+01
9.600000000000000000e+01
9.700000000000000000e+01
9.800000000000000000e+01
9.900000000000000000e+01
