single photon fraction:    0.4000
laser fraction:    0.2000
thermal source fraction:    0.2000
non-detected fraction:    0.2000
number of bins:  200.0000
bin width (ns):    1.0000
average detection events per bin: 5000.0000

# binary result
0.000000000000000000e+00

# g2 signal
1.014267326857205109e+00
9.757795041862844521e-01
1.000431835047397078e+00
1.001941161426648907e+00
9.956523015130996912e-01
1.013009554874495288e+00
1.004205150995526541e+00
9.717546338416129803e-01
9.966585190992676146e-01
9.787981569447880004e-01
9.850870168583371056e-01
9.858416800479630204e-01
9.888603328064666798e-01
9.868478976341309439e-01
1.014015772460663101e+00
9.916274311684282194e-01
1.009236238926365825e+00
1.001941161426648907e+00
1.006972249357488192e+00
1.007978466943656004e+00
1.004708259788610558e+00
9.931367575476800491e-01
9.896149959960924836e-01
9.991740630646872567e-01
9.858416800479630204e-01
9.918789855649702281e-01
9.971616278923515209e-01
9.850870168583371056e-01
1.001941161426648907e+00
9.931367575476800491e-01
9.860932344445050290e-01
1.002695824616274711e+00
1.016028207632998948e+00
9.941429751338478615e-01
9.964069647027256060e-01
1.011248674098701672e+00
1.015021990046831135e+00
9.589253596179727612e-01
1.010494010909075646e+00
1.004959814185152345e+00
9.984193998750613419e-01
1.013512663667579305e+00
1.018292197201876581e+00
1.032379243408226621e+00
9.986709542716032395e-01
1.017789088408792564e+00
9.966585190992676146e-01
1.028857481856639167e+00
9.886087784099246711e-01
9.979162910819774357e-01
1.021310849960380240e+00
1.008984684529823816e+00
1.032882352201310638e+00
1.000683389443939086e+00
1.003953596598984532e+00
9.991740630646872567e-01
1.001438052633564890e+00
9.984193998750613419e-01
1.024329502718883678e+00
1.024329502718883678e+00
1.008230021340198013e+00
1.012254891684869484e+00
1.002695824616274711e+00
9.933883119442220577e-01
1.017034425219166760e+00
9.979162910819774357e-01
1.006972249357488192e+00
9.810621465136657449e-01
9.886087784099246711e-01
9.848354624617952080e-01
1.008984684529823816e+00
1.028102818667013363e+00
1.035649450563272289e+00
9.933883119442220577e-01
1.021059295563838232e+00
9.959038559096416998e-01
9.976647366854354271e-01
1.024832611511967695e+00
9.878541152202987563e-01
9.793012657378719066e-01
1.004456705392068550e+00
9.707484162554450569e-01
1.015525098839914930e+00
9.994256174612291543e-01
9.755279497897424434e-01
9.873510064272148501e-01
1.006972249357488192e+00
9.813137009102076425e-01
1.001689607030106899e+00
1.019801523581128411e+00
1.001941161426648907e+00
1.016028207632998948e+00
9.906212135822604070e-01
1.008230021340198013e+00
9.785466025482459917e-01
9.777919393586201879e-01
1.000431835047397078e+00
9.848354624617952080e-01
9.921305399615122367e-01
1.022065513150006044e+00
7.664862462633690310e-01
1.011248674098701672e+00
9.662204371176896789e-01
1.008733130133281808e+00
1.028102818667013363e+00
1.004205150995526541e+00
9.684844266865674234e-01
1.002444270219732703e+00
9.913758767718863218e-01
1.001941161426648907e+00
1.014015772460663101e+00
9.808105921171237362e-01
9.984193998750613419e-01
1.006469140564404174e+00
1.000683389443939086e+00
1.030366808235890996e+00
9.876025608237568587e-01
9.981678454785193333e-01
9.906212135822604070e-01
1.008984684529823816e+00
9.984193998750613419e-01
1.028354373063555149e+00
1.013009554874495288e+00
9.878541152202987563e-01
1.000180280650855069e+00
1.001941161426648907e+00
1.008733130133281808e+00
1.001689607030106899e+00
9.853385712548791142e-01
9.959038559096416998e-01
9.906212135822604070e-01
1.021562404356922249e+00
9.994256174612291543e-01
9.735155146174067076e-01
1.028605927460097158e+00
9.974131822888934185e-01
9.853385712548791142e-01
1.016531316426082743e+00
1.039422766511401752e+00
1.000934943840480873e+00
1.010242456512533638e+00
1.012003337288327476e+00
1.001689607030106899e+00
9.873510064272148501e-01
1.039171212114859744e+00
1.006469140564404174e+00
9.798043745309559238e-01
9.991740630646872567e-01
1.011751782891785467e+00
1.016028207632998948e+00
9.903696591857183984e-01
9.994256174612291543e-01
1.008481575736740021e+00
9.813137009102076425e-01
1.000431835047397078e+00
9.863447888410469266e-01
9.938914207373059639e-01
1.005966031771320379e+00
1.015525098839914930e+00
9.936398663407639553e-01
1.033888569787478451e+00
1.001689607030106899e+00
9.863447888410469266e-01
9.969100734958095122e-01
9.735155146174067076e-01
9.823199184963755659e-01
1.023323285132715865e+00
1.006469140564404174e+00
9.853385712548791142e-01
1.037158776942524119e+00
1.003198933409358728e+00
9.981678454785193333e-01
9.921305399615122367e-01
1.010745565305617655e+00
9.976647366854354271e-01
1.008230021340198013e+00
1.013009554874495288e+00
9.624471211695602157e-01
1.005966031771320379e+00
1.015525098839914930e+00
1.031624580218600817e+00
1.008481575736740021e+00
1.003198933409358728e+00
9.931367575476800491e-01
1.009487793322907834e+00
1.013009554874495288e+00
9.996771718577711630e-01
9.948976383234737764e-01
1.038164994528691931e+00
1.016028207632998948e+00
1.013009554874495288e+00
1.001438052633564890e+00
1.009739347719449842e+00
9.938914207373059639e-01
1.005462922978236362e+00
9.707484162554450569e-01
9.868478976341309439e-01
9.737670690139487162e-01
1.006972249357488192e+00
1.021310849960380240e+00

# time bin value
-1.000000000000000000e+02
-9.900000000000000000e+01
-9.800000000000000000e+01
-9.700000000000000000e+01
-9.600000000000000000e+01
-9.500000000000000000e+01
-9.400000000000000000e+01
-9.300000000000000000e+01
-9.200000000000000000e+01
-9.100000000000000000e+01
-9.000000000000000000e+01
-8.900000000000000000e+01
-8.800000000000000000e+01
-8.700000000000000000e+01
-8.600000000000000000e+01
-8.500000000000000000e+01
-8.400000000000000000e+01
-8.300000000000000000e+01
-8.200000000000000000e+01
-8.100000000000000000e+01
-8.000000000000000000e+01
-7.900000000000000000e+01
-7.800000000000000000e+01
-7.700000000000000000e+01
-7.600000000000000000e+01
-7.500000000000000000e+01
-7.400000000000000000e+01
-7.300000000000000000e+01
-7.200000000000000000e+01
-7.100000000000000000e+01
-7.000000000000000000e+01
-6.900000000000000000e+01
-6.800000000000000000e+01
-6.700000000000000000e+01
-6.600000000000000000e+01
-6.500000000000000000e+01
-6.400000000000000000e+01
-6.300000000000000000e+01
-6.200000000000000000e+01
-6.100000000000000000e+01
-6.000000000000000000e+01
-5.900000000000000000e+01
-5.800000000000000000e+01
-5.700000000000000000e+01
-5.600000000000000000e+01
-5.500000000000000000e+01
-5.400000000000000000e+01
-5.300000000000000000e+01
-5.200000000000000000e+01
-5.100000000000000000e+01
-5.000000000000000000e+01
-4.900000000000000000e+01
-4.800000000000000000e+01
-4.700000000000000000e+01
-4.600000000000000000e+01
-4.500000000000000000e+01
-4.400000000000000000e+01
-4.300000000000000000e+01
-4.200000000000000000e+01
-4.100000000000000000e+01
-4.000000000000000000e+01
-3.900000000000000000e+01
-3.800000000000000000e+01
-3.700000000000000000e+01
-3.600000000000000000e+01
-3.500000000000000000e+01
-3.400000000000000000e+01
-3.300000000000000000e+01
-3.200000000000000000e+01
-3.100000000000000000e+01
-3.000000000000000000e+01
-2.900000000000000000e+01
-2.800000000000000000e+01
-2.700000000000000000e+01
-2.600000000000000000e+01
-2.500000000000000000e+01
-2.400000000000000000e+01
-2.300000000000000000e+01
-2.200000000000000000e+01
-2.100000000000000000e+01
-2.000000000000000000e+01
-1.900000000000000000e+01
-1.800000000000000000e+01
-1.700000000000000000e+01
-1.600000000000000000e+01
-1.500000000000000000e+01
-1.400000000000000000e+01
-1.300000000000000000e+01
-1.200000000000000000e+01
-1.100000000000000000e+01
-1.000000000000000000e+01
-9.000000000000000000e+00
-8.000000000000000000e+00
-7.000000000000000000e+00
-6.000000000000000000e+00
-5.000000000000000000e+00
-4.000000000000000000e+00
-3.000000000000000000e+00
-2.000000000000000000e+00
-1.000000000000000000e+00
0.000000000000000000e+00
1.000000000000000000e+00
2.000000000000000000e+00
3.000000000000000000e+00
4.000000000000000000e+00
5.000000000000000000e+00
6.000000000000000000e+00
7.000000000000000000e+00
8.000000000000000000e+00
9.000000000000000000e+00
1.000000000000000000e+01
1.100000000000000000e+01
1.200000000000000000e+01
1.300000000000000000e+01
1.400000000000000000e+01
1.500000000000000000e+01
1.600000000000000000e+01
1.700000000000000000e+01
1.800000000000000000e+01
1.900000000000000000e+01
2.000000000000000000e+01
2.100000000000000000e+01
2.200000000000000000e+01
2.300000000000000000e+01
2.400000000000000000e+01
2.500000000000000000e+01
2.600000000000000000e+01
2.700000000000000000e+01
2.800000000000000000e+01
2.900000000000000000e+01
3.000000000000000000e+01
3.100000000000000000e+01
3.200000000000000000e+01
3.300000000000000000e+01
3.400000000000000000e+01
3.500000000000000000e+01
3.600000000000000000e+01
3.700000000000000000e+01
3.800000000000000000e+01
3.900000000000000000e+01
4.000000000000000000e+01
4.100000000000000000e+01
4.200000000000000000e+01
4.300000000000000000e+01
4.400000000000000000e+01
4.500000000000000000e+01
4.600000000000000000e+01
4.700000000000000000e+01
4.800000000000000000e+01
4.900000000000000000e+01
5.000000000000000000e+01
5.100000000000000000e+01
5.200000000000000000e+01
5.300000000000000000e+01
5.400000000000000000e+01
5.500000000000000000e+01
5.600000000000000000e+01
5.700000000000000000e+01
5.800000000000000000e+01
5.900000000000000000e+01
6.000000000000000000e+01
6.100000000000000000e+01
6.200000000000000000e+01
6.300000000000000000e+01
6.400000000000000000e+01
6.500000000000000000e+01
6.600000000000000000e+01
6.700000000000000000e+01
6.800000000000000000e+01
6.900000000000000000e+01
7.000000000000000000e+01
7.100000000000000000e+01
7.200000000000000000e+01
7.300000000000000000e+01
7.400000000000000000e+01
7.500000000000000000e+01
7.600000000000000000e+01
7.700000000000000000e+01
7.800000000000000000e+01
7.900000000000000000e+01
8.000000000000000000e+01
8.100000000000000000e+01
8.200000000000000000e+01
8.300000000000000000e+01
8.400000000000000000e+01
8.500000000000000000e+01
8.600000000000000000e+01
8.700000000000000000e+01
8.800000000000000000e+01
8.900000000000000000e+01
9.000000000000000000e+01
9.100000000000000000e+01
9.200000000000000000e+01
9.300000000000000000e+01
9.400000000000000000e+01
9.500000000000000000e+01
9.600000000000000000e+01
9.700000000000000000e+01
9.800000000000000000e+01
9.900000000000000000e+01
