single photon fraction:    0.4000
laser fraction:    0.2000
thermal source fraction:    0.2000
non-detected fraction:    0.2000
number of bins:  200.0000
bin width (ns):    1.0000
average detection events per bin: 5000.0000

# binary result
0.000000000000000000e+00

# g2 signal
9.991658976806599979e-01
1.000169832267628678e+00
1.025017213295105645e+00
9.705537619520503423e-01
1.010209178137316366e+00
1.007197374376410215e+00
1.036060493751762124e+00
1.003432619675277193e+00
1.006444423436183566e+00
1.003683603322019557e+00
9.841068788761285768e-01
9.876206499305192343e-01
1.002679668735050766e+00
9.996678649741443934e-01
1.015479834718902463e+00
1.004687537908988126e+00
1.014224916485191530e+00
1.036813444691988551e+00
9.976599958002069224e-01
9.999188486208866466e-01
1.002428685088308402e+00
1.008201308963378784e+00
9.815970424087067103e-01
1.025519180588589929e+00
9.740675330064409998e-01
9.961540939197537359e-01
1.002930652381792909e+00
9.625222852563002363e-01
9.981619630936912069e-01
1.010209178137316366e+00
1.000922783207855327e+00
1.013973932838449166e+00
9.790872059412848438e-01
1.019746556713519547e+00
1.016985736599355539e+00
9.886245845174880253e-01
9.820990097021911058e-01
1.010209178137316366e+00
1.035558526458277617e+00
9.826009769956755013e-01
1.018491638479808614e+00
9.831029442891597858e-01
1.014475900131933672e+00
1.011966063664511806e+00
1.016483769305871254e+00
1.033550657284340035e+00
9.956521266262693404e-01
9.873696662837770921e-01
1.004436554262245984e+00
9.883736008707458831e-01
1.010711145430800872e+00
9.926403228653630784e-01
9.826009769956755013e-01
1.022507376827683778e+00
9.964050775664958781e-01
9.938952410990740116e-01
9.996678649741443934e-01
9.881226172240036298e-01
9.775813040608316573e-01
1.014977867425417957e+00
1.004687537908988126e+00
1.034052624577824542e+00
9.820990097021911058e-01
9.931422901588474739e-01
9.818480260554488526e-01
9.841068788761285768e-01
1.002679668735050766e+00
9.868676989902926966e-01
1.005691472495956917e+00
1.012719014604738232e+00
9.996678649741443934e-01
9.916363882783942874e-01
1.011464096371027299e+00
9.826009769956755013e-01
9.682949091313706180e-01
1.024264262354878996e+00
9.836049115826441813e-01
1.024264262354878996e+00
1.015981802012386748e+00
9.803421241749957771e-01
1.027276066115785369e+00
1.024766229648363502e+00
9.873696662837770921e-01
9.893775354577145631e-01
1.029283935289722951e+00
9.984129467404334601e-01
1.012719014604738232e+00
9.999188486208866466e-01
1.027025082469043227e+00
1.042586068567058932e+00
1.000922783207855327e+00
9.999188486208866466e-01
1.010460161784058508e+00
9.760754021803784708e-01
1.019244589420035263e+00
1.007448358023152357e+00
9.800911405282535238e-01
9.803421241749957771e-01
9.979109794469490646e-01
1.002679668735050766e+00
7.388958560090085337e-01
1.006695407082925708e+00
9.959031102730115936e-01
1.008954259903605433e+00
9.660360563106908938e-01
1.011464096371027299e+00
9.836049115826441813e-01
9.936442574523318694e-01
9.876206499305192343e-01
9.828519606424176436e-01
1.002177701441566260e+00
9.868676989902926966e-01
9.926403228653630784e-01
9.775813040608316573e-01
1.004938521555730491e+00
9.815970424087067103e-01
9.868676989902926966e-01
9.788362222945425906e-01
9.728126147727300665e-01
9.943972083925584071e-01
9.780832713543160528e-01
9.969070448599802736e-01
9.981619630936912069e-01
9.798401568815113816e-01
9.964050775664958781e-01
9.969070448599802736e-01
9.858637644033239056e-01
1.010209178137316366e+00
1.003683603322019557e+00
1.006444423436183566e+00
9.989149140339178556e-01
1.009205243550347575e+00
1.007950325316636642e+00
1.003934586968761700e+00
9.933932738055896161e-01
9.981619630936912069e-01
1.018742622126550978e+00
1.007699341669894499e+00
9.984129467404334601e-01
1.008452292610121148e+00
1.002428685088308402e+00
1.007699341669894499e+00
1.001675734148081975e+00
1.027527049762527511e+00
1.013471965544964881e+00
1.001424750501339833e+00
1.025770164235332294e+00
9.537378576203235925e-01
1.016232785659128890e+00
1.015730818365644605e+00
1.039825248452894924e+00
9.800911405282535238e-01
9.748204839466675375e-01
1.023009344121168063e+00
9.612673670225893030e-01
1.009707210843832081e+00
9.868676989902926966e-01
9.898795027511989586e-01
1.013220981898222739e+00
1.009707210843832081e+00
1.002679668735050766e+00
9.876206499305192343e-01
9.898795027511989586e-01
1.003934586968761700e+00
9.984129467404334601e-01
9.861147480500661588e-01
1.001173766854597469e+00
1.012217047311253948e+00
1.000169832267628678e+00
9.831029442891597858e-01
9.871186826370348388e-01
9.981619630936912069e-01
1.007950325316636642e+00
1.001424750501339833e+00
1.011213112724285157e+00
9.893775354577145631e-01
9.798401568815113816e-01
1.022758360474425920e+00
9.966560612132381314e-01
9.838558952293864346e-01
9.893775354577145631e-01
1.045848855974707448e+00
1.007950325316636642e+00
9.690478600715971558e-01
1.012969998251480597e+00
1.021754425887457129e+00
9.971580285067225269e-01
9.800911405282535238e-01
1.011213112724285157e+00
9.793381895880269861e-01
9.670399908976596848e-01
9.898795027511989586e-01
1.002428685088308402e+00
1.003432619675277193e+00
9.908834373381677496e-01
1.001424750501339833e+00
9.790872059412848438e-01
9.718086801857612755e-01
1.013471965544964881e+00
1.002428685088308402e+00

# time bin value
-1.000000000000000000e+02
-9.900000000000000000e+01
-9.800000000000000000e+01
-9.700000000000000000e+01
-9.600000000000000000e+01
-9.500000000000000000e+01
-9.400000000000000000e+01
-9.300000000000000000e+01
-9.200000000000000000e+01
-9.100000000000000000e+01
-9.000000000000000000e+01
-8.900000000000000000e+01
-8.800000000000000000e+01
-8.700000000000000000e+01
-8.600000000000000000e+01
-8.500000000000000000e+01
-8.400000000000000000e+01
-8.300000000000000000e+01
-8.200000000000000000e+01
-8.100000000000000000e+01
-8.000000000000000000e+01
-7.900000000000000000e+01
-7.800000000000000000e+01
-7.700000000000000000e+01
-7.600000000000000000e+01
-7.500000000000000000e+01
-7.400000000000000000e+01
-7.300000000000000000e+01
-7.200000000000000000e+01
-7.100000000000000000e+01
-7.000000000000000000e+01
-6.900000000000000000e+01
-6.800000000000000000e+01
-6.700000000000000000e+01
-6.600000000000000000e+01
-6.500000000000000000e+01
-6.400000000000000000e+01
-6.300000000000000000e+01
-6.200000000000000000e+01
-6.100000000000000000e+01
-6.000000000000000000e+01
-5.900000000000000000e+01
-5.800000000000000000e+01
-5.700000000000000000e+01
-5.600000000000000000e+01
-5.500000000000000000e+01
-5.400000000000000000e+01
-5.300000000000000000e+01
-5.200000000000000000e+01
-5.100000000000000000e+01
-5.000000000000000000e+01
-4.900000000000000000e+01
-4.800000000000000000e+01
-4.700000000000000000e+01
-4.600000000000000000e+01
-4.500000000000000000e+01
-4.400000000000000000e+01
-4.300000000000000000e+01
-4.200000000000000000e+01
-4.100000000000000000e+01
-4.000000000000000000e+01
-3.900000000000000000e+01
-3.800000000000000000e+01
-3.700000000000000000e+01
-3.600000000000000000e+01
-3.500000000000000000e+01
-3.400000000000000000e+01
-3.300000000000000000e+01
-3.200000000000000000e+01
-3.100000000000000000e+01
-3.000000000000000000e+01
-2.900000000000000000e+01
-2.800000000000000000e+01
-2.700000000000000000e+01
-2.600000000000000000e+01
-2.500000000000000000e+01
-2.400000000000000000e+01
-2.300000000000000000e+01
-2.200000000000000000e+01
-2.100000000000000000e+01
-2.000000000000000000e+01
-1.900000000000000000e+01
-1.800000000000000000e+01
-1.700000000000000000e+01
-1.600000000000000000e+01
-1.500000000000000000e+01
-1.400000000000000000e+01
-1.300000000000000000e+01
-1.200000000000000000e+01
-1.100000000000000000e+01
-1.000000000000000000e+01
-9.000000000000000000e+00
-8.000000000000000000e+00
-7.000000000000000000e+00
-6.000000000000000000e+00
-5.000000000000000000e+00
-4.000000000000000000e+00
-3.000000000000000000e+00
-2.000000000000000000e+00
-1.000000000000000000e+00
0.000000000000000000e+00
1.000000000000000000e+00
2.000000000000000000e+00
3.000000000000000000e+00
4.000000000000000000e+00
5.000000000000000000e+00
6.000000000000000000e+00
7.000000000000000000e+00
8.000000000000000000e+00
9.000000000000000000e+00
1.000000000000000000e+01
1.100000000000000000e+01
1.200000000000000000e+01
1.300000000000000000e+01
1.400000000000000000e+01
1.500000000000000000e+01
1.600000000000000000e+01
1.700000000000000000e+01
1.800000000000000000e+01
1.900000000000000000e+01
2.000000000000000000e+01
2.100000000000000000e+01
2.200000000000000000e+01
2.300000000000000000e+01
2.400000000000000000e+01
2.500000000000000000e+01
2.600000000000000000e+01
2.700000000000000000e+01
2.800000000000000000e+01
2.900000000000000000e+01
3.000000000000000000e+01
3.100000000000000000e+01
3.200000000000000000e+01
3.300000000000000000e+01
3.400000000000000000e+01
3.500000000000000000e+01
3.600000000000000000e+01
3.700000000000000000e+01
3.800000000000000000e+01
3.900000000000000000e+01
4.000000000000000000e+01
4.100000000000000000e+01
4.200000000000000000e+01
4.300000000000000000e+01
4.400000000000000000e+01
4.500000000000000000e+01
4.600000000000000000e+01
4.700000000000000000e+01
4.800000000000000000e+01
4.900000000000000000e+01
5.000000000000000000e+01
5.100000000000000000e+01
5.200000000000000000e+01
5.300000000000000000e+01
5.400000000000000000e+01
5.500000000000000000e+01
5.600000000000000000e+01
5.700000000000000000e+01
5.800000000000000000e+01
5.900000000000000000e+01
6.000000000000000000e+01
6.100000000000000000e+01
6.200000000000000000e+01
6.300000000000000000e+01
6.400000000000000000e+01
6.500000000000000000e+01
6.600000000000000000e+01
6.700000000000000000e+01
6.800000000000000000e+01
6.900000000000000000e+01
7.000000000000000000e+01
7.100000000000000000e+01
7.200000000000000000e+01
7.300000000000000000e+01
7.400000000000000000e+01
7.500000000000000000e+01
7.600000000000000000e+01
7.700000000000000000e+01
7.800000000000000000e+01
7.900000000000000000e+01
8.000000000000000000e+01
8.100000000000000000e+01
8.200000000000000000e+01
8.300000000000000000e+01
8.400000000000000000e+01
8.500000000000000000e+01
8.600000000000000000e+01
8.700000000000000000e+01
8.800000000000000000e+01
8.900000000000000000e+01
9.000000000000000000e+01
9.100000000000000000e+01
9.200000000000000000e+01
9.300000000000000000e+01
9.400000000000000000e+01
9.500000000000000000e+01
9.600000000000000000e+01
9.700000000000000000e+01
9.800000000000000000e+01
9.900000000000000000e+01
