single photon fraction:    0.3614
laser fraction:    0.2169
thermal source fraction:    0.3253
non-detected fraction:    0.0964
number of bins:  200.0000
bin width (ns):    1.0000
average detection events per bin: 5000.0000

# binary result
0.000000000000000000e+00

# g2 signal
1.005279086104532427e+00
1.015060660582329799e+00
9.974982882244664006e-01
1.018617596756074217e+00
9.990544478004796947e-01
1.009502947810854145e+00
9.939413520507219824e-01
9.837151605512065577e-01
9.899397988552594008e-01
1.012837575473739538e+00
1.005723703126250479e+00
9.857159371489379041e-01
9.790466818231670088e-01
9.892728733226823223e-01
1.004389852061096322e+00
9.794912988448850610e-01
9.841597775729246100e-01
1.003500618017660218e+00
1.007502171213122688e+00
9.932744265181449039e-01
1.000388298865633852e+00
9.952752031158761392e-01
9.923851924747087994e-01
1.010392181854290250e+00
1.017061437180061034e+00
1.002833692485083139e+00
1.011059107386867328e+00
9.808251499100392179e-01
1.000832915887351904e+00
1.006612937169686584e+00
9.959421286484532176e-01
1.002166766952506061e+00
9.846043945946426623e-01
1.005723703126250479e+00
1.005723703126250479e+00
1.025286852081845224e+00
1.010169873343431224e+00
1.018172979734356165e+00
9.959421286484532176e-01
1.006612937169686584e+00
9.692651073453696364e-01
9.846043945946426623e-01
1.014838352071470773e+00
1.012392958452021485e+00
1.006168320147968531e+00
1.015727586114906877e+00
9.921628839638497732e-01
9.874944052358101132e-01
9.897174903444003746e-01
9.917182669421316099e-01
1.020618373353805453e+00
9.846043945946426623e-01
1.016839128669202008e+00
1.005501394615391453e+00
1.004389852061096322e+00
1.023730692505832041e+00
1.004389852061096322e+00
9.477011817920437675e-01
9.792689903340260349e-01
9.630404690413167934e-01
9.894951818335413485e-01
9.772682137362946886e-01
9.970536712027483484e-01
9.912736499204135576e-01
9.863828626815149825e-01
9.957198201375941915e-01
9.868274797032330348e-01
1.002833692485083139e+00
9.977205967353254268e-01
1.007057554191404636e+00
1.012837575473739538e+00
9.810474584208982440e-01
1.026176086125281328e+00
9.961644371593122438e-01
1.013949118028034668e+00
1.007724479723981714e+00
9.974982882244664006e-01
1.026398394636140354e+00
9.930521180072858778e-01
9.972759797136073745e-01
1.014171426538893694e+00
1.008613713767417819e+00
9.788243733123079826e-01
1.007057554191404636e+00
1.003278309506801191e+00
9.937190435398629562e-01
1.005056777593673401e+00
1.009502947810854145e+00
1.008836022278276845e+00
1.011281415897726355e+00
9.701543413888057410e-01
9.874944052358101132e-01
9.966090541810302961e-01
9.846043945946426623e-01
1.025286852081845224e+00
9.854936286380788779e-01
1.007946788234840740e+00
1.029288405277307694e+00
9.950528946050171131e-01
1.005501394615391453e+00
9.957198201375941915e-01
1.038847671244246040e+00
9.661527881933432704e-01
1.007279862702263662e+00
1.008169096745699767e+00
9.974982882244664006e-01
9.894951818335413485e-01
1.006168320147968531e+00
9.966090541810302961e-01
9.941636605615810085e-01
1.009947564832572198e+00
9.801582243774621395e-01
9.990544478004796947e-01
9.846043945946426623e-01
1.012170649941162459e+00
9.894951818335413485e-01
1.017283745690920060e+00
9.948305860941580869e-01
9.946082775832990608e-01
9.881613307683871916e-01
9.814920754426162963e-01
1.003500618017660218e+00
9.903844158769774531e-01
1.016172203136624930e+00
9.990544478004796947e-01
1.006168320147968531e+00
9.841597775729246100e-01
1.012615266962880511e+00
9.661527881933432704e-01
1.024842235060127171e+00
9.937190435398629562e-01
1.019506830799510322e+00
1.012392958452021485e+00
1.022174532929818636e+00
1.011948341430303433e+00
9.899397988552594008e-01
9.990544478004796947e-01
1.024175309527550093e+00
1.009947564832572198e+00
9.872720967249510871e-01
1.011059107386867328e+00
9.794912988448850610e-01
9.914959584312725838e-01
1.007057554191404636e+00
9.932744265181449039e-01
9.710435754322418456e-01
9.923851924747087994e-01
1.024175309527550093e+00
9.906067243878364792e-01
9.723774264973961134e-01
9.994990648221977469e-01
9.946082775832990608e-01
9.797136073557440872e-01
1.009502947810854145e+00
9.797136073557440872e-01
9.890505648118232962e-01
1.000832915887351904e+00
9.979429052461844529e-01
1.013059883984598564e+00
9.870497882140920609e-01
1.020618373353805453e+00
9.974982882244664006e-01
9.826036179969114270e-01
9.894951818335413485e-01
9.886059477901052439e-01
1.014616043560611747e+00
1.033067649961911139e+00
1.005056777593673401e+00
9.919405754529907471e-01
1.002389075463365087e+00
1.018839905266933243e+00
1.011726032919444407e+00
9.908290328986955053e-01
1.014393735049752721e+00
1.036179969113937505e+00
9.877167137466691393e-01
1.000388298865633852e+00
9.868274797032330348e-01
1.022841458462395936e+00
1.012170649941162459e+00
9.772682137362946886e-01
9.899397988552594008e-01
1.009725256321713172e+00
9.983875222679025052e-01
1.002389075463365087e+00
9.934967350290039301e-01
9.968313626918893222e-01
1.013726809517175642e+00
1.006168320147968531e+00
1.010614490365149276e+00
1.001722149930788008e+00
1.030177639320743799e+00
9.923851924747087994e-01
9.910513414095545315e-01
9.952752031158761392e-01
9.963867456701712699e-01
1.017950671223497139e+00
1.013949118028034668e+00
1.010392181854290250e+00
1.004834469082814374e+00

# time bin value
-1.000000000000000000e+02
-9.900000000000000000e+01
-9.800000000000000000e+01
-9.700000000000000000e+01
-9.600000000000000000e+01
-9.500000000000000000e+01
-9.400000000000000000e+01
-9.300000000000000000e+01
-9.200000000000000000e+01
-9.100000000000000000e+01
-9.000000000000000000e+01
-8.900000000000000000e+01
-8.800000000000000000e+01
-8.700000000000000000e+01
-8.600000000000000000e+01
-8.500000000000000000e+01
-8.400000000000000000e+01
-8.300000000000000000e+01
-8.200000000000000000e+01
-8.100000000000000000e+01
-8.000000000000000000e+01
-7.900000000000000000e+01
-7.800000000000000000e+01
-7.700000000000000000e+01
-7.600000000000000000e+01
-7.500000000000000000e+01
-7.400000000000000000e+01
-7.300000000000000000e+01
-7.200000000000000000e+01
-7.100000000000000000e+01
-7.000000000000000000e+01
-6.900000000000000000e+01
-6.800000000000000000e+01
-6.700000000000000000e+01
-6.600000000000000000e+01
-6.500000000000000000e+01
-6.400000000000000000e+01
-6.300000000000000000e+01
-6.200000000000000000e+01
-6.100000000000000000e+01
-6.000000000000000000e+01
-5.900000000000000000e+01
-5.800000000000000000e+01
-5.700000000000000000e+01
-5.600000000000000000e+01
-5.500000000000000000e+01
-5.400000000000000000e+01
-5.300000000000000000e+01
-5.200000000000000000e+01
-5.100000000000000000e+01
-5.000000000000000000e+01
-4.900000000000000000e+01
-4.800000000000000000e+01
-4.700000000000000000e+01
-4.600000000000000000e+01
-4.500000000000000000e+01
-4.400000000000000000e+01
-4.300000000000000000e+01
-4.200000000000000000e+01
-4.100000000000000000e+01
-4.000000000000000000e+01
-3.900000000000000000e+01
-3.800000000000000000e+01
-3.700000000000000000e+01
-3.600000000000000000e+01
-3.500000000000000000e+01
-3.400000000000000000e+01
-3.300000000000000000e+01
-3.200000000000000000e+01
-3.100000000000000000e+01
-3.000000000000000000e+01
-2.900000000000000000e+01
-2.800000000000000000e+01
-2.700000000000000000e+01
-2.600000000000000000e+01
-2.500000000000000000e+01
-2.400000000000000000e+01
-2.300000000000000000e+01
-2.200000000000000000e+01
-2.100000000000000000e+01
-2.000000000000000000e+01
-1.900000000000000000e+01
-1.800000000000000000e+01
-1.700000000000000000e+01
-1.600000000000000000e+01
-1.500000000000000000e+01
-1.400000000000000000e+01
-1.300000000000000000e+01
-1.200000000000000000e+01
-1.100000000000000000e+01
-1.000000000000000000e+01
-9.000000000000000000e+00
-8.000000000000000000e+00
-7.000000000000000000e+00
-6.000000000000000000e+00
-5.000000000000000000e+00
-4.000000000000000000e+00
-3.000000000000000000e+00
-2.000000000000000000e+00
-1.000000000000000000e+00
0.000000000000000000e+00
1.000000000000000000e+00
2.000000000000000000e+00
3.000000000000000000e+00
4.000000000000000000e+00
5.000000000000000000e+00
6.000000000000000000e+00
7.000000000000000000e+00
8.000000000000000000e+00
9.000000000000000000e+00
1.000000000000000000e+01
1.100000000000000000e+01
1.200000000000000000e+01
1.300000000000000000e+01
1.400000000000000000e+01
1.500000000000000000e+01
1.600000000000000000e+01
1.700000000000000000e+01
1.800000000000000000e+01
1.900000000000000000e+01
2.000000000000000000e+01
2.100000000000000000e+01
2.200000000000000000e+01
2.300000000000000000e+01
2.400000000000000000e+01
2.500000000000000000e+01
2.600000000000000000e+01
2.700000000000000000e+01
2.800000000000000000e+01
2.900000000000000000e+01
3.000000000000000000e+01
3.100000000000000000e+01
3.200000000000000000e+01
3.300000000000000000e+01
3.400000000000000000e+01
3.500000000000000000e+01
3.600000000000000000e+01
3.700000000000000000e+01
3.800000000000000000e+01
3.900000000000000000e+01
4.000000000000000000e+01
4.100000000000000000e+01
4.200000000000000000e+01
4.300000000000000000e+01
4.400000000000000000e+01
4.500000000000000000e+01
4.600000000000000000e+01
4.700000000000000000e+01
4.800000000000000000e+01
4.900000000000000000e+01
5.000000000000000000e+01
5.100000000000000000e+01
5.200000000000000000e+01
5.300000000000000000e+01
5.400000000000000000e+01
5.500000000000000000e+01
5.600000000000000000e+01
5.700000000000000000e+01
5.800000000000000000e+01
5.900000000000000000e+01
6.000000000000000000e+01
6.100000000000000000e+01
6.200000000000000000e+01
6.300000000000000000e+01
6.400000000000000000e+01
6.500000000000000000e+01
6.600000000000000000e+01
6.700000000000000000e+01
6.800000000000000000e+01
6.900000000000000000e+01
7.000000000000000000e+01
7.100000000000000000e+01
7.200000000000000000e+01
7.300000000000000000e+01
7.400000000000000000e+01
7.500000000000000000e+01
7.600000000000000000e+01
7.700000000000000000e+01
7.800000000000000000e+01
7.900000000000000000e+01
8.000000000000000000e+01
8.100000000000000000e+01
8.200000000000000000e+01
8.300000000000000000e+01
8.400000000000000000e+01
8.500000000000000000e+01
8.600000000000000000e+01
8.700000000000000000e+01
8.800000000000000000e+01
8.900000000000000000e+01
9.000000000000000000e+01
9.100000000000000000e+01
9.200000000000000000e+01
9.300000000000000000e+01
9.400000000000000000e+01
9.500000000000000000e+01
9.600000000000000000e+01
9.700000000000000000e+01
9.800000000000000000e+01
9.900000000000000000e+01
