single photon fraction:    0.1510
laser fraction:    0.5104
thermal source fraction:    0.1823
non-detected fraction:    0.1562
number of bins:  200.0000
bin width (ns):    1.0000
average detection events per bin: 5000.0000

# binary result
0.000000000000000000e+00

# g2 signal
1.031905071407799079e+00
9.811321954064451401e-01
9.899518968714691169e-01
1.005922707632458390e+00
1.017364482506002865e+00
1.008544781040978888e+00
9.766031595190004522e-01
9.992483389562240026e-01
1.002347152984475631e+00
9.992483389562240026e-01
1.020940037153985624e+00
9.982948577167619630e-01
9.899518968714691169e-01
9.930507108997207455e-01
9.947193030687793147e-01
9.785101219979245313e-01
1.000678560815417173e+00
1.005684337322592770e+00
9.992483389562240026e-01
1.009736632590306549e+00
1.000201820195686153e+00
9.646846440257248467e-01
1.014504038787616746e+00
1.006637818562054809e+00
1.005684337322592770e+00
9.916204890405276862e-01
1.005445967012727371e+00
9.820856766459071796e-01
1.011881965379096027e+00
1.010451743519902967e+00
1.006399448252189410e+00
1.017364482506002865e+00
1.019986555914523585e+00
1.010928484139633987e+00
9.925739702799897257e-01
9.928123405898552356e-01
1.017602852815868486e+00
9.820856766459071796e-01
1.010928484139633987e+00
9.894751562517380972e-01
1.022608629323044083e+00
9.978181170970309433e-01
9.642079034059938270e-01
1.015457520027078786e+00
1.001393671745013592e+00
9.797019735472520807e-01
9.832775281952347290e-01
9.646846440257248467e-01
1.010213373210037568e+00
9.882833047024104367e-01
1.004969226392996351e+00
9.825624172656381994e-01
9.904286374912001367e-01
9.763647892091349423e-01
9.963878952378378839e-01
1.047875882168788353e+00
9.847077500544277884e-01
1.000678560815417173e+00
9.971030061674344136e-01
1.010928484139633987e+00
9.904286374912001367e-01
1.012120335688961648e+00
1.021655148083582043e+00
1.029521368309143980e+00
9.973413764772999235e-01
9.973413764772999235e-01
1.024753962111833783e+00
1.012120335688961648e+00
1.013073816928423687e+00
9.940041921391827850e-01
9.928123405898552356e-01
9.563416831804320006e-01
9.982948577167619630e-01
1.008068040421247868e+00
1.003300634223937671e+00
9.968646358575689037e-01
9.754113079696729027e-01
9.935274515194517653e-01
9.942425624490482949e-01
1.007352929491651450e+00
1.005207596702861750e+00
9.999634498858205323e-01
1.007829670111382470e+00
9.935274515194517653e-01
1.008783151350844509e+00
9.916204890405276862e-01
1.047399141549057333e+00
1.017126112196137466e+00
9.951960436885103345e-01
1.001155301435148193e+00
1.017602852815868486e+00
9.928123405898552356e-01
9.780333813781935115e-01
9.880449343925449268e-01
1.018794704365195924e+00
9.966262655477033938e-01
9.892367859418724763e-01
1.011405224759365007e+00
9.754113079696729027e-01
1.013312187238289086e+00
1.034527144816319799e+00
9.997250795759550224e-01
1.016649371576406446e+00
1.023800480872371743e+00
9.816089360261761598e-01
1.018556334055330526e+00
1.017126112196137466e+00
1.001632042054879213e+00
1.003062263914072272e+00
9.866147125333518675e-01
1.017841223125733885e+00
9.858996016037553378e-01
9.904286374912001367e-01
1.008544781040978888e+00
9.997250795759550224e-01
9.746961970400763731e-01
9.920972296602587059e-01
9.887600453221414565e-01
1.009021521660709908e+00
1.006161077942323789e+00
1.009021521660709908e+00
9.966262655477033938e-01
1.019748185604657964e+00
9.913821187306621763e-01
1.008783151350844509e+00
1.000678560815417173e+00
9.997250795759550224e-01
1.003300634223937671e+00
9.749345673499418830e-01
1.023085369942775102e+00
9.990099686463584927e-01
9.820856766459071796e-01
1.013550557548154707e+00
9.849461203642932983e-01
9.677834580539764753e-01
1.001155301435148193e+00
1.020463296534254605e+00
1.010213373210037568e+00
1.006161077942323789e+00
1.008783151350844509e+00
9.789868626176555511e-01
1.005207596702861750e+00
1.011643595069230628e+00
1.011881965379096027e+00
1.006161077942323789e+00
9.997250795759550224e-01
9.823240469557726895e-01
9.782717516880590214e-01
9.692136799131695346e-01
9.980564874068964532e-01
1.015695890336944407e+00
1.005445967012727371e+00
1.004969226392996351e+00
1.017602852815868486e+00
9.920972296602587059e-01
1.015934260646809806e+00
1.007591299801516849e+00
9.925739702799897257e-01
1.011405224759365007e+00
9.725508642512867841e-01
9.909053781109311565e-01
9.768415298288659621e-01
9.832775281952347290e-01
9.956727843082413543e-01
1.008783151350844509e+00
9.978181170970309433e-01
9.928123405898552356e-01
1.006399448252189410e+00
1.017841223125733885e+00
1.039771291633361017e+00
1.018556334055330526e+00
9.997250795759550224e-01
1.016172630956675427e+00
9.920972296602587059e-01
9.966262655477033938e-01
1.029282997999278360e+00
9.909053781109311565e-01
9.901902671813346268e-01
9.673067174342454555e-01
9.887600453221414565e-01
9.918588593503931961e-01
1.033096922957126740e+00
1.017841223125733885e+00
9.849461203642932983e-01
1.017126112196137466e+00
9.835158985051002389e-01
9.906670078010656466e-01
9.780333813781935115e-01
9.932890812095862554e-01
9.832775281952347290e-01
1.001870412364744611e+00
9.904286374912001367e-01
1.015695890336944407e+00
1.004254115463399710e+00
9.878065640826794169e-01
1.002585523294341252e+00
1.015457520027078786e+00
9.892367859418724763e-01
9.942425624490482949e-01
1.017841223125733885e+00

# time bin value
-1.000000000000000000e+02
-9.900000000000000000e+01
-9.800000000000000000e+01
-9.700000000000000000e+01
-9.600000000000000000e+01
-9.500000000000000000e+01
-9.400000000000000000e+01
-9.300000000000000000e+01
-9.200000000000000000e+01
-9.100000000000000000e+01
-9.000000000000000000e+01
-8.900000000000000000e+01
-8.800000000000000000e+01
-8.700000000000000000e+01
-8.600000000000000000e+01
-8.500000000000000000e+01
-8.400000000000000000e+01
-8.300000000000000000e+01
-8.200000000000000000e+01
-8.100000000000000000e+01
-8.000000000000000000e+01
-7.900000000000000000e+01
-7.800000000000000000e+01
-7.700000000000000000e+01
-7.600000000000000000e+01
-7.500000000000000000e+01
-7.400000000000000000e+01
-7.300000000000000000e+01
-7.200000000000000000e+01
-7.100000000000000000e+01
-7.000000000000000000e+01
-6.900000000000000000e+01
-6.800000000000000000e+01
-6.700000000000000000e+01
-6.600000000000000000e+01
-6.500000000000000000e+01
-6.400000000000000000e+01
-6.300000000000000000e+01
-6.200000000000000000e+01
-6.100000000000000000e+01
-6.000000000000000000e+01
-5.900000000000000000e+01
-5.800000000000000000e+01
-5.700000000000000000e+01
-5.600000000000000000e+01
-5.500000000000000000e+01
-5.400000000000000000e+01
-5.300000000000000000e+01
-5.200000000000000000e+01
-5.100000000000000000e+01
-5.000000000000000000e+01
-4.900000000000000000e+01
-4.800000000000000000e+01
-4.700000000000000000e+01
-4.600000000000000000e+01
-4.500000000000000000e+01
-4.400000000000000000e+01
-4.300000000000000000e+01
-4.200000000000000000e+01
-4.100000000000000000e+01
-4.000000000000000000e+01
-3.900000000000000000e+01
-3.800000000000000000e+01
-3.700000000000000000e+01
-3.600000000000000000e+01
-3.500000000000000000e+01
-3.400000000000000000e+01
-3.300000000000000000e+01
-3.200000000000000000e+01
-3.100000000000000000e+01
-3.000000000000000000e+01
-2.900000000000000000e+01
-2.800000000000000000e+01
-2.700000000000000000e+01
-2.600000000000000000e+01
-2.500000000000000000e+01
-2.400000000000000000e+01
-2.300000000000000000e+01
-2.200000000000000000e+01
-2.100000000000000000e+01
-2.000000000000000000e+01
-1.900000000000000000e+01
-1.800000000000000000e+01
-1.700000000000000000e+01
-1.600000000000000000e+01
-1.500000000000000000e+01
-1.400000000000000000e+01
-1.300000000000000000e+01
-1.200000000000000000e+01
-1.100000000000000000e+01
-1.000000000000000000e+01
-9.000000000000000000e+00
-8.000000000000000000e+00
-7.000000000000000000e+00
-6.000000000000000000e+00
-5.000000000000000000e+00
-4.000000000000000000e+00
-3.000000000000000000e+00
-2.000000000000000000e+00
-1.000000000000000000e+00
0.000000000000000000e+00
1.000000000000000000e+00
2.000000000000000000e+00
3.000000000000000000e+00
4.000000000000000000e+00
5.000000000000000000e+00
6.000000000000000000e+00
7.000000000000000000e+00
8.000000000000000000e+00
9.000000000000000000e+00
1.000000000000000000e+01
1.100000000000000000e+01
1.200000000000000000e+01
1.300000000000000000e+01
1.400000000000000000e+01
1.500000000000000000e+01
1.600000000000000000e+01
1.700000000000000000e+01
1.800000000000000000e+01
1.900000000000000000e+01
2.000000000000000000e+01
2.100000000000000000e+01
2.200000000000000000e+01
2.300000000000000000e+01
2.400000000000000000e+01
2.500000000000000000e+01
2.600000000000000000e+01
2.700000000000000000e+01
2.800000000000000000e+01
2.900000000000000000e+01
3.000000000000000000e+01
3.100000000000000000e+01
3.200000000000000000e+01
3.300000000000000000e+01
3.400000000000000000e+01
3.500000000000000000e+01
3.600000000000000000e+01
3.700000000000000000e+01
3.800000000000000000e+01
3.900000000000000000e+01
4.000000000000000000e+01
4.100000000000000000e+01
4.200000000000000000e+01
4.300000000000000000e+01
4.400000000000000000e+01
4.500000000000000000e+01
4.600000000000000000e+01
4.700000000000000000e+01
4.800000000000000000e+01
4.900000000000000000e+01
5.000000000000000000e+01
5.100000000000000000e+01
5.200000000000000000e+01
5.300000000000000000e+01
5.400000000000000000e+01
5.500000000000000000e+01
5.600000000000000000e+01
5.700000000000000000e+01
5.800000000000000000e+01
5.900000000000000000e+01
6.000000000000000000e+01
6.100000000000000000e+01
6.200000000000000000e+01
6.300000000000000000e+01
6.400000000000000000e+01
6.500000000000000000e+01
6.600000000000000000e+01
6.700000000000000000e+01
6.800000000000000000e+01
6.900000000000000000e+01
7.000000000000000000e+01
7.100000000000000000e+01
7.200000000000000000e+01
7.300000000000000000e+01
7.400000000000000000e+01
7.500000000000000000e+01
7.600000000000000000e+01
7.700000000000000000e+01
7.800000000000000000e+01
7.900000000000000000e+01
8.000000000000000000e+01
8.100000000000000000e+01
8.200000000000000000e+01
8.300000000000000000e+01
8.400000000000000000e+01
8.500000000000000000e+01
8.600000000000000000e+01
8.700000000000000000e+01
8.800000000000000000e+01
8.900000000000000000e+01
9.000000000000000000e+01
9.100000000000000000e+01
9.200000000000000000e+01
9.300000000000000000e+01
9.400000000000000000e+01
9.500000000000000000e+01
9.600000000000000000e+01
9.700000000000000000e+01
9.800000000000000000e+01
9.900000000000000000e+01
