single photon fraction:    0.1138
laser fraction:    0.1617
thermal source fraction:    0.4731
non-detected fraction:    0.2515
number of bins:  200.0000
bin width (ns):    1.0000
average detection events per bin: 5000.0000

# binary result
0.000000000000000000e+00

# g2 signal
9.823283145172572173e-01
9.890547477856580505e-01
1.005198187629820161e+00
9.944358944003787171e-01
1.003314786314667861e+00
9.804449132021050284e-01
1.019189168828093850e+00
1.009503104921596561e+00
1.000624213007307528e+00
1.000624213007307528e+00
1.007081588944972239e+00
1.016767652851469528e+00
1.006005359622028195e+00
9.756018812488563841e-01
9.976645823692111836e-01
9.721041359492880174e-01
1.017843882174413572e+00
9.834045438402013728e-01
1.013538964882637172e+00
1.004391015637611906e+00
9.941668370696427059e-01
9.804449132021050284e-01
9.930906077466985504e-01
9.944358944003787171e-01
9.955121237233228726e-01
9.825973718479933394e-01
9.812520851943131728e-01
9.694135626419276841e-01
9.812520851943131728e-01
1.007888760937180495e+00
1.017574824843677561e+00
1.013538964882637172e+00
1.035601666002991861e+00
1.008695932929388528e+00
9.874404038012418727e-01
1.018381996835885817e+00
9.747947092566483507e-01
9.971264677077390504e-01
1.006005359622028195e+00
9.850188878246175506e-01
9.917453210930183838e-01
9.898619197778661949e-01
1.002507614322459828e+00
1.012193678228956895e+00
9.807139705328410395e-01
9.858260598168256950e-01
1.009503104921596561e+00
9.979336396999471948e-01
1.005467244960556172e+00
9.696826199726636952e-01
1.010310276913804817e+00
9.745256519259123396e-01
9.973955250384751725e-01
1.010041219583068584e+00
1.036408837995199894e+00
1.011655563567484872e+00
1.033449207357103550e+00
9.648395880194150509e-01
1.004391015637611906e+00
9.992789263536273614e-01
9.640324160272070175e-01
1.007081588944972239e+00
9.817901998557851950e-01
9.976645823692111836e-01
1.008426875598652517e+00
1.002776671653195839e+00
1.019189168828093850e+00
9.852879451553536727e-01
9.901309771086022060e-01
9.764090532410645285e-01
1.009503104921596561e+00
9.893238051163941726e-01
9.922834357544905171e-01
9.973955250384751725e-01
1.008157818267916506e+00
1.009234047590860550e+00
9.817901998557851950e-01
9.885166331241860282e-01
9.895928624471301838e-01
9.817901998557851950e-01
9.898619197778661949e-01
1.002776671653195839e+00
1.003045728983931850e+00
9.955121237233228726e-01
1.000086098345835506e+00
9.992789263536273614e-01
9.893238051163941726e-01
1.004391015637611906e+00
1.004929130299084150e+00
9.904000344393382171e-01
1.019458226158829861e+00
1.038561296641088205e+00
1.018381996835885817e+00
1.012193678228956895e+00
9.984717543614192170e-01
9.965883530462670281e-01
1.003314786314667861e+00
9.901309771086022060e-01
1.017036710182205539e+00
9.904000344393382171e-01
1.509680682759882320e+00
1.022417856796926205e+00
1.030220519388271194e+00
1.019189168828093850e+00
1.040444697956240505e+00
1.002776671653195839e+00
9.774852825640086840e-01
1.013808022213373183e+00
9.855570024860896838e-01
9.965883530462670281e-01
9.904000344393382171e-01
9.850188878246175506e-01
9.895928624471301838e-01
1.017574824843677561e+00
9.839426585016735061e-01
9.648395880194150509e-01
9.901309771086022060e-01
9.793686838791608729e-01
1.012193678228956895e+00
1.010310276913804817e+00
1.030758634049743216e+00
1.002238556991723817e+00
1.003852900976139884e+00
1.016229538189997506e+00
1.012193678228956895e+00
9.893238051163941726e-01
1.038023181979616183e+00
9.963192957155310170e-01
9.976645823692111836e-01
9.979336396999471948e-01
9.796377412098968840e-01
9.734494226029681840e-01
9.820592571865212062e-01
9.879785184627140060e-01
1.010041219583068584e+00
1.020803512812509917e+00
1.015691423528525483e+00
9.928215504159625393e-01
1.001162327668779550e+00
1.015960480859261494e+00
9.917453210930183838e-01
9.831354865094653617e-01
1.015960480859261494e+00
1.017305767512941550e+00
9.839426585016735061e-01
9.990098690228913503e-01
9.866332318090338394e-01
9.721041359492880174e-01
9.941668370696427059e-01
9.998170410150993836e-01
1.032642035364895516e+00
9.828664291787293505e-01
9.963192957155310170e-01
1.016229538189997506e+00
1.028337118073118894e+00
9.984717543614192170e-01
9.831354865094653617e-01
1.027799003411646872e+00
1.015153308867053239e+00
1.013269907551901161e+00
1.019458226158829861e+00
1.010041219583068584e+00
9.718350786185520063e-01
1.026453716757966816e+00
9.855570024860896838e-01
1.006543474283500217e+00
1.013808022213373183e+00
1.015153308867053239e+00
9.796377412098968840e-01
9.761399959103285173e-01
1.014346136874845206e+00
1.018651054166621828e+00
9.901309771086022060e-01
9.901309771086022060e-01
9.925524930852265282e-01
9.990098690228913503e-01
9.922834357544905171e-01
9.850188878246175506e-01
9.987408116921553392e-01
1.000624213007307528e+00
1.005198187629820161e+00
1.019458226158829861e+00
9.979336396999471948e-01
9.922834357544905171e-01
9.739875372644402063e-01
9.788305692176888506e-01
1.019996340820301883e+00
9.933596650774346726e-01
9.809830278635770506e-01
9.823283145172572173e-01
9.855570024860896838e-01
9.973955250384751725e-01
1.014077079544109194e+00
9.914762637622823727e-01
9.793686838791608729e-01
9.839426585016735061e-01
1.000624213007307528e+00
9.780233972254807062e-01
9.890547477856580505e-01
9.930906077466985504e-01

# time bin value
-1.000000000000000000e+02
-9.900000000000000000e+01
-9.800000000000000000e+01
-9.700000000000000000e+01
-9.600000000000000000e+01
-9.500000000000000000e+01
-9.400000000000000000e+01
-9.300000000000000000e+01
-9.200000000000000000e+01
-9.100000000000000000e+01
-9.000000000000000000e+01
-8.900000000000000000e+01
-8.800000000000000000e+01
-8.700000000000000000e+01
-8.600000000000000000e+01
-8.500000000000000000e+01
-8.400000000000000000e+01
-8.300000000000000000e+01
-8.200000000000000000e+01
-8.100000000000000000e+01
-8.000000000000000000e+01
-7.900000000000000000e+01
-7.800000000000000000e+01
-7.700000000000000000e+01
-7.600000000000000000e+01
-7.500000000000000000e+01
-7.400000000000000000e+01
-7.300000000000000000e+01
-7.200000000000000000e+01
-7.100000000000000000e+01
-7.000000000000000000e+01
-6.900000000000000000e+01
-6.800000000000000000e+01
-6.700000000000000000e+01
-6.600000000000000000e+01
-6.500000000000000000e+01
-6.400000000000000000e+01
-6.300000000000000000e+01
-6.200000000000000000e+01
-6.100000000000000000e+01
-6.000000000000000000e+01
-5.900000000000000000e+01
-5.800000000000000000e+01
-5.700000000000000000e+01
-5.600000000000000000e+01
-5.500000000000000000e+01
-5.400000000000000000e+01
-5.300000000000000000e+01
-5.200000000000000000e+01
-5.100000000000000000e+01
-5.000000000000000000e+01
-4.900000000000000000e+01
-4.800000000000000000e+01
-4.700000000000000000e+01
-4.600000000000000000e+01
-4.500000000000000000e+01
-4.400000000000000000e+01
-4.300000000000000000e+01
-4.200000000000000000e+01
-4.100000000000000000e+01
-4.000000000000000000e+01
-3.900000000000000000e+01
-3.800000000000000000e+01
-3.700000000000000000e+01
-3.600000000000000000e+01
-3.500000000000000000e+01
-3.400000000000000000e+01
-3.300000000000000000e+01
-3.200000000000000000e+01
-3.100000000000000000e+01
-3.000000000000000000e+01
-2.900000000000000000e+01
-2.800000000000000000e+01
-2.700000000000000000e+01
-2.600000000000000000e+01
-2.500000000000000000e+01
-2.400000000000000000e+01
-2.300000000000000000e+01
-2.200000000000000000e+01
-2.100000000000000000e+01
-2.000000000000000000e+01
-1.900000000000000000e+01
-1.800000000000000000e+01
-1.700000000000000000e+01
-1.600000000000000000e+01
-1.500000000000000000e+01
-1.400000000000000000e+01
-1.300000000000000000e+01
-1.200000000000000000e+01
-1.100000000000000000e+01
-1.000000000000000000e+01
-9.000000000000000000e+00
-8.000000000000000000e+00
-7.000000000000000000e+00
-6.000000000000000000e+00
-5.000000000000000000e+00
-4.000000000000000000e+00
-3.000000000000000000e+00
-2.000000000000000000e+00
-1.000000000000000000e+00
0.000000000000000000e+00
1.000000000000000000e+00
2.000000000000000000e+00
3.000000000000000000e+00
4.000000000000000000e+00
5.000000000000000000e+00
6.000000000000000000e+00
7.000000000000000000e+00
8.000000000000000000e+00
9.000000000000000000e+00
1.000000000000000000e+01
1.100000000000000000e+01
1.200000000000000000e+01
1.300000000000000000e+01
1.400000000000000000e+01
1.500000000000000000e+01
1.600000000000000000e+01
1.700000000000000000e+01
1.800000000000000000e+01
1.900000000000000000e+01
2.000000000000000000e+01
2.100000000000000000e+01
2.200000000000000000e+01
2.300000000000000000e+01
2.400000000000000000e+01
2.500000000000000000e+01
2.600000000000000000e+01
2.700000000000000000e+01
2.800000000000000000e+01
2.900000000000000000e+01
3.000000000000000000e+01
3.100000000000000000e+01
3.200000000000000000e+01
3.300000000000000000e+01
3.400000000000000000e+01
3.500000000000000000e+01
3.600000000000000000e+01
3.700000000000000000e+01
3.800000000000000000e+01
3.900000000000000000e+01
4.000000000000000000e+01
4.100000000000000000e+01
4.200000000000000000e+01
4.300000000000000000e+01
4.400000000000000000e+01
4.500000000000000000e+01
4.600000000000000000e+01
4.700000000000000000e+01
4.800000000000000000e+01
4.900000000000000000e+01
5.000000000000000000e+01
5.100000000000000000e+01
5.200000000000000000e+01
5.300000000000000000e+01
5.400000000000000000e+01
5.500000000000000000e+01
5.600000000000000000e+01
5.700000000000000000e+01
5.800000000000000000e+01
5.900000000000000000e+01
6.000000000000000000e+01
6.100000000000000000e+01
6.200000000000000000e+01
6.300000000000000000e+01
6.400000000000000000e+01
6.500000000000000000e+01
6.600000000000000000e+01
6.700000000000000000e+01
6.800000000000000000e+01
6.900000000000000000e+01
7.000000000000000000e+01
7.100000000000000000e+01
7.200000000000000000e+01
7.300000000000000000e+01
7.400000000000000000e+01
7.500000000000000000e+01
7.600000000000000000e+01
7.700000000000000000e+01
7.800000000000000000e+01
7.900000000000000000e+01
8.000000000000000000e+01
8.100000000000000000e+01
8.200000000000000000e+01
8.300000000000000000e+01
8.400000000000000000e+01
8.500000000000000000e+01
8.600000000000000000e+01
8.700000000000000000e+01
8.800000000000000000e+01
8.900000000000000000e+01
9.000000000000000000e+01
9.100000000000000000e+01
9.200000000000000000e+01
9.300000000000000000e+01
9.400000000000000000e+01
9.500000000000000000e+01
9.600000000000000000e+01
9.700000000000000000e+01
9.800000000000000000e+01
9.900000000000000000e+01
