single photon fraction:    0.0712
laser fraction:    0.3446
thermal source fraction:    0.3670
non-detected fraction:    0.2172
number of bins:  200.0000
bin width (ns):    1.0000
average detection events per bin: 5000.0000

# binary result
0.000000000000000000e+00

# g2 signal
9.981148719373098555e-01
9.788263856205620117e-01
9.824269030663549396e-01
9.649386754725036708e-01
9.983720517548665407e-01
1.029490809679219687e+00
9.906566572281674254e-01
9.891135783228275358e-01
9.999151306602063194e-01
1.000172310477762894e+00
9.839699819716948292e-01
1.005315906828895711e+00
9.888563985052709615e-01
1.011745402267811622e+00
1.005058727011339137e+00
1.001715389383102783e+00
1.004544367376225766e+00
9.978576921197532812e-01
9.744543287220992500e-01
1.004801547193782341e+00
1.014831560078491401e+00
1.010459503180028529e+00
9.870561397823744976e-01
9.978576921197532812e-01
9.790835654381186970e-01
9.958002535793001320e-01
1.012516941720481567e+00
1.002229749018216154e+00
9.916853764983939445e-01
9.942571746739603533e-01
1.013031301355594938e+00
9.958002535793001320e-01
9.842271617892514035e-01
9.860274205121478674e-01
9.934856352212904085e-01
9.988864113899798003e-01
9.873133195999310718e-01
9.831984425190248844e-01
1.001972569200659358e+00
1.018689257341840904e+00
9.749686883572125096e-01
9.942571746739603533e-01
9.819125434312416800e-01
9.999151306602063194e-01
1.006858985734235601e+00
9.988864113899798003e-01
1.008402064639575269e+00
1.028462090408993168e+00
9.839699819716948292e-01
9.999151306602063194e-01
1.003258468288442673e+00
1.005830266464009082e+00
1.035148765665465653e+00
1.015088739896047976e+00
1.008402064639575269e+00
1.016888998618944440e+00
1.000943849930432838e+00
1.005315906828895711e+00
9.855130608770346079e-01
1.009173604092245213e+00
1.016374638983831069e+00
1.012774121538038141e+00
9.811410039785718462e-01
9.826840828839116249e-01
1.005315906828895711e+00
9.852558810594780336e-01
1.042349800557051509e+00
9.901422975930540549e-01
9.837128021541381440e-01
9.963146132144133915e-01
9.880848590526010167e-01
1.002486928835772728e+00
9.811410039785718462e-01
1.007116165551792175e+00
1.035405945483022228e+00
9.973433324846399106e-01
1.016374638983831069e+00
9.752258681747690838e-01
1.016117459166274495e+00
1.015860279348717921e+00
9.711109910938628964e-01
9.860274205121478674e-01
1.011231042632698474e+00
9.999151306602063194e-01
9.927140957686204636e-01
1.003258468288442673e+00
1.007887705004462120e+00
1.016374638983831069e+00
9.978576921197532812e-01
9.896279379579407953e-01
1.017660538071614384e+00
9.721397103640895265e-01
9.587663598511443341e-01
1.001972569200659358e+00
9.885992186877142762e-01
1.001201029747989413e+00
9.909138370457239997e-01
1.006344626099122230e+00
9.999151306602063194e-01
1.018689257341840904e+00
1.371797146847103965e+00
9.870561397823744976e-01
9.893707581403842211e-01
1.014574380260934605e+00
1.011231042632698474e+00
9.891135783228275358e-01
1.007116165551792175e+00
1.011488222450255048e+00
9.824269030663549396e-01
9.888563985052709615e-01
1.015088739896047976e+00
1.005573086646452285e+00
9.834556223365815697e-01
1.031033888584559355e+00
9.921997361335072041e-01
1.021775415152520461e+00
9.623668772969372620e-01
1.000172310477762894e+00
1.025890292233426759e+00
1.013802840808264660e+00
9.963146132144133915e-01
9.744543287220992500e-01
9.996579508426497451e-01
1.021003875699850516e+00
9.788263856205620117e-01
1.004801547193782341e+00
1.004801547193782341e+00
1.025118752780756815e+00
9.994007710250930598e-01
1.009173604092245213e+00
1.003001288470885877e+00
1.017403358254057588e+00
9.844843416068080888e-01
1.006087446281565656e+00
9.829412627014683101e-01
9.965717930319700768e-01
1.004030007741112618e+00
9.963146132144133915e-01
9.950287141266301871e-01
1.016117459166274495e+00
1.013288481173151512e+00
9.873133195999310718e-01
1.019717976612067423e+00
1.013545660990708086e+00
9.947715343090736129e-01
1.018174897706727533e+00
9.978576921197532812e-01
1.028462090408993168e+00
9.834556223365815697e-01
1.035405945483022228e+00
9.939999948564036680e-01
9.729112498167593603e-01
1.010716682997585103e+00
9.937428150388469827e-01
9.983720517548665407e-01
9.888563985052709615e-01
9.680248332831833391e-01
1.015860279348717921e+00
1.001972569200659358e+00
1.014574380260934605e+00
1.004801547193782341e+00
9.929712755861771489e-01
1.041063901469268416e+00
1.010973862815141677e+00
9.690535525534098582e-01
1.018689257341840904e+00
1.014574380260934605e+00
9.875704994174877571e-01
9.885992186877142762e-01
1.024861572963200240e+00
9.906566572281674254e-01
1.025633112415869963e+00
9.788263856205620117e-01
9.947715343090736129e-01
9.973433324846399106e-01
9.878276792350443314e-01
1.022032594970077257e+00
9.896279379579407953e-01
9.824269030663549396e-01
1.000172310477762894e+00
1.039778002381485100e+00
1.002486928835772728e+00
1.022546954605190406e+00
1.005830266464009082e+00
9.623668772969372620e-01
1.006858985734235601e+00
9.981148719373098555e-01
9.939999948564036680e-01
9.958002535793001320e-01
9.765117672625522882e-01
1.014060020625821457e+00
1.009687963727358584e+00
1.018946437159397478e+00
9.862846003297045527e-01
9.803694645259019014e-01
9.572232809458045555e-01
9.968289728495266511e-01
9.911710168632806850e-01
1.012259761902924993e+00
9.775404865327789183e-01

# time bin value
-1.000000000000000000e+02
-9.900000000000000000e+01
-9.800000000000000000e+01
-9.700000000000000000e+01
-9.600000000000000000e+01
-9.500000000000000000e+01
-9.400000000000000000e+01
-9.300000000000000000e+01
-9.200000000000000000e+01
-9.100000000000000000e+01
-9.000000000000000000e+01
-8.900000000000000000e+01
-8.800000000000000000e+01
-8.700000000000000000e+01
-8.600000000000000000e+01
-8.500000000000000000e+01
-8.400000000000000000e+01
-8.300000000000000000e+01
-8.200000000000000000e+01
-8.100000000000000000e+01
-8.000000000000000000e+01
-7.900000000000000000e+01
-7.800000000000000000e+01
-7.700000000000000000e+01
-7.600000000000000000e+01
-7.500000000000000000e+01
-7.400000000000000000e+01
-7.300000000000000000e+01
-7.200000000000000000e+01
-7.100000000000000000e+01
-7.000000000000000000e+01
-6.900000000000000000e+01
-6.800000000000000000e+01
-6.700000000000000000e+01
-6.600000000000000000e+01
-6.500000000000000000e+01
-6.400000000000000000e+01
-6.300000000000000000e+01
-6.200000000000000000e+01
-6.100000000000000000e+01
-6.000000000000000000e+01
-5.900000000000000000e+01
-5.800000000000000000e+01
-5.700000000000000000e+01
-5.600000000000000000e+01
-5.500000000000000000e+01
-5.400000000000000000e+01
-5.300000000000000000e+01
-5.200000000000000000e+01
-5.100000000000000000e+01
-5.000000000000000000e+01
-4.900000000000000000e+01
-4.800000000000000000e+01
-4.700000000000000000e+01
-4.600000000000000000e+01
-4.500000000000000000e+01
-4.400000000000000000e+01
-4.300000000000000000e+01
-4.200000000000000000e+01
-4.100000000000000000e+01
-4.000000000000000000e+01
-3.900000000000000000e+01
-3.800000000000000000e+01
-3.700000000000000000e+01
-3.600000000000000000e+01
-3.500000000000000000e+01
-3.400000000000000000e+01
-3.300000000000000000e+01
-3.200000000000000000e+01
-3.100000000000000000e+01
-3.000000000000000000e+01
-2.900000000000000000e+01
-2.800000000000000000e+01
-2.700000000000000000e+01
-2.600000000000000000e+01
-2.500000000000000000e+01
-2.400000000000000000e+01
-2.300000000000000000e+01
-2.200000000000000000e+01
-2.100000000000000000e+01
-2.000000000000000000e+01
-1.900000000000000000e+01
-1.800000000000000000e+01
-1.700000000000000000e+01
-1.600000000000000000e+01
-1.500000000000000000e+01
-1.400000000000000000e+01
-1.300000000000000000e+01
-1.200000000000000000e+01
-1.100000000000000000e+01
-1.000000000000000000e+01
-9.000000000000000000e+00
-8.000000000000000000e+00
-7.000000000000000000e+00
-6.000000000000000000e+00
-5.000000000000000000e+00
-4.000000000000000000e+00
-3.000000000000000000e+00
-2.000000000000000000e+00
-1.000000000000000000e+00
0.000000000000000000e+00
1.000000000000000000e+00
2.000000000000000000e+00
3.000000000000000000e+00
4.000000000000000000e+00
5.000000000000000000e+00
6.000000000000000000e+00
7.000000000000000000e+00
8.000000000000000000e+00
9.000000000000000000e+00
1.000000000000000000e+01
1.100000000000000000e+01
1.200000000000000000e+01
1.300000000000000000e+01
1.400000000000000000e+01
1.500000000000000000e+01
1.600000000000000000e+01
1.700000000000000000e+01
1.800000000000000000e+01
1.900000000000000000e+01
2.000000000000000000e+01
2.100000000000000000e+01
2.200000000000000000e+01
2.300000000000000000e+01
2.400000000000000000e+01
2.500000000000000000e+01
2.600000000000000000e+01
2.700000000000000000e+01
2.800000000000000000e+01
2.900000000000000000e+01
3.000000000000000000e+01
3.100000000000000000e+01
3.200000000000000000e+01
3.300000000000000000e+01
3.400000000000000000e+01
3.500000000000000000e+01
3.600000000000000000e+01
3.700000000000000000e+01
3.800000000000000000e+01
3.900000000000000000e+01
4.000000000000000000e+01
4.100000000000000000e+01
4.200000000000000000e+01
4.300000000000000000e+01
4.400000000000000000e+01
4.500000000000000000e+01
4.600000000000000000e+01
4.700000000000000000e+01
4.800000000000000000e+01
4.900000000000000000e+01
5.000000000000000000e+01
5.100000000000000000e+01
5.200000000000000000e+01
5.300000000000000000e+01
5.400000000000000000e+01
5.500000000000000000e+01
5.600000000000000000e+01
5.700000000000000000e+01
5.800000000000000000e+01
5.900000000000000000e+01
6.000000000000000000e+01
6.100000000000000000e+01
6.200000000000000000e+01
6.300000000000000000e+01
6.400000000000000000e+01
6.500000000000000000e+01
6.600000000000000000e+01
6.700000000000000000e+01
6.800000000000000000e+01
6.900000000000000000e+01
7.000000000000000000e+01
7.100000000000000000e+01
7.200000000000000000e+01
7.300000000000000000e+01
7.400000000000000000e+01
7.500000000000000000e+01
7.600000000000000000e+01
7.700000000000000000e+01
7.800000000000000000e+01
7.900000000000000000e+01
8.000000000000000000e+01
8.100000000000000000e+01
8.200000000000000000e+01
8.300000000000000000e+01
8.400000000000000000e+01
8.500000000000000000e+01
8.600000000000000000e+01
8.700000000000000000e+01
8.800000000000000000e+01
8.900000000000000000e+01
9.000000000000000000e+01
9.100000000000000000e+01
9.200000000000000000e+01
9.300000000000000000e+01
9.400000000000000000e+01
9.500000000000000000e+01
9.600000000000000000e+01
9.700000000000000000e+01
9.800000000000000000e+01
9.900000000000000000e+01
