single photon fraction:    0.2841
laser fraction:    0.0985
thermal source fraction:    0.3144
non-detected fraction:    0.3030
number of bins:  200.0000
bin width (ns):    1.0000
average detection events per bin: 5000.0000

# binary result
0.000000000000000000e+00

# g2 signal
9.909761721308874005e-01
1.029357019799322925e+00
9.644270143452025046e-01
1.011753773876205909e+00
9.932847945470338891e-01
9.502867020463051650e-01
9.736615040097885698e-01
9.924190611409788865e-01
1.010888040470151017e+00
9.831845714763929323e-01
1.031665642215469525e+00
1.016948174312535480e+00
1.021853996946846754e+00
1.008579418054004417e+00
1.004827906627766332e+00
9.817416824663013353e-01
9.932847945470338891e-01
9.996335061914367603e-01
1.016082440906480588e+00
9.901104387248323979e-01
9.889561275167592092e-01
1.000787817399509949e+00
9.673127923653856985e-01
1.012042351678224206e+00
9.970363059732719746e-01
9.872246607046493150e-01
9.984791949833634606e-01
1.014639551896389102e+00
1.000499239597491652e+00
9.938619501510704835e-01
9.626955475330926104e-01
9.883789719127225037e-01
9.927076389429971837e-01
9.716414593956603785e-01
9.958819947651986748e-01
9.863589272985943124e-01
1.027048397383176548e+00
1.006559373439876337e+00
9.970363059732719746e-01
9.976134615773085690e-01
1.025316930571066543e+00
1.003673595419693143e+00
1.030222753205378039e+00
9.958819947651986748e-01
1.022719730352901868e+00
1.007425106845931229e+00
1.005693640033821223e+00
1.016082440906480588e+00
9.878018163086859094e-01
1.001942128607583360e+00
1.010599462668132720e+00
1.001653550805564841e+00
9.987677727853817577e-01
1.002230706409601657e+00
1.016948174312535480e+00
9.846274604864844182e-01
1.031088486611432931e+00
1.012908085084279097e+00
1.003673595419693143e+00
9.981906171813451634e-01
1.030799908809414633e+00
1.003673595419693143e+00
9.915533277349239949e-01
9.739500818118068670e-01
9.927076389429971837e-01
9.791444822481365495e-01
1.001653550805564841e+00
9.955934169631803776e-01
9.857817716945577180e-01
9.785673266440998441e-01
1.020122530134736971e+00
1.003673595419693143e+00
9.935733723490521863e-01
9.823188380703379297e-01
9.935733723490521863e-01
1.006847951241894634e+00
1.003096439815656549e+00
1.022719730352901868e+00
1.008002262449967823e+00
9.872246607046493150e-01
9.678899479694222929e-01
1.011176618272169314e+00
1.037437198255835691e+00
1.002807862013638251e+00
9.736615040097885698e-01
1.006270795637858040e+00
9.932847945470338891e-01
9.523067466604333564e-01
1.000210661795473355e+00
1.005405062231802926e+00
9.684671035734588873e-01
9.924190611409788865e-01
1.005982217835839743e+00
1.000499239597491652e+00
1.013773818490333989e+00
1.003096439815656549e+00
1.010022307064096125e+00
1.009156573658041012e+00
9.976134615773085690e-01
1.015793863104462291e+00
1.045805954514366753e+00
1.003385017617674846e+00
9.707757259896054869e-01
1.020699685738773566e+00
1.016371018708498886e+00
1.018679641124645485e+00
1.016371018708498886e+00
9.921304833389605893e-01
1.001942128607583360e+00
1.006559373439876337e+00
9.947276835571253750e-01
9.924190611409788865e-01
1.006847951241894634e+00
9.811645268622647409e-01
1.022431152550883571e+00
9.745272374158434614e-01
9.644270143452025046e-01
1.008579418054004417e+00
1.003962173221711440e+00
1.013485240688315692e+00
1.020411107936755268e+00
9.736615040097885698e-01
1.002519284211619954e+00
9.840503048824478238e-01
9.794330600501548467e-01
1.008867995856022715e+00
1.011465196074187611e+00
1.063697778239502290e+00
1.006270795637858040e+00
1.015216707500425697e+00
9.990563505874001660e-01
1.011753773876205909e+00
1.011176618272169314e+00
9.993449283894184632e-01
9.993449283894184632e-01
9.935733723490521863e-01
9.970363059732719746e-01
9.973248837752902718e-01
1.018391063322627188e+00
1.003096439815656549e+00
9.932847945470338891e-01
1.006847951241894634e+00
9.979020393793268662e-01
1.003096439815656549e+00
1.023874041560975057e+00
9.964591503692352692e-01
9.915533277349239949e-01
9.713528815936420813e-01
1.008290840251986120e+00
9.805873712582280355e-01
1.040900131880055479e+00
9.846274604864844182e-01
1.014062396292352508e+00
9.955934169631803776e-01
9.947276835571253750e-01
9.730843484057519754e-01
9.751043930198801668e-01
9.961705725672169720e-01
9.915533277349239949e-01
1.019256796728682080e+00
1.012330929480242503e+00
1.020699685738773566e+00
9.935733723490521863e-01
9.903990165268506951e-01
1.017813907718590372e+00
1.030222753205378039e+00
1.005116484429784629e+00
9.909761721308874005e-01
9.924190611409788865e-01
9.797216378521731439e-01
1.000499239597491652e+00
9.993449283894184632e-01
1.003385017617674846e+00
1.017236752114553777e+00
1.026471241779139953e+00
9.929962167450155919e-01
9.909761721308874005e-01
9.999220839934550575e-01
1.031954220017487822e+00
1.031665642215469525e+00
1.004250751023729737e+00
9.958819947651986748e-01
9.765472820299716528e-01
1.021276841342810160e+00
1.004539328825748035e+00
9.941505279530887806e-01
1.015505285302443994e+00
9.834731492784112294e-01
9.932847945470338891e-01
9.921304833389605893e-01
9.805873712582280355e-01
1.004827906627766332e+00
1.008290840251986120e+00
9.857817716945577180e-01
1.008290840251986120e+00
9.817416824663013353e-01
1.002519284211619954e+00
1.009733729262077606e+00
9.771244376340083582e-01
9.950162613591437832e-01

# time bin value
-1.000000000000000000e+02
-9.900000000000000000e+01
-9.800000000000000000e+01
-9.700000000000000000e+01
-9.600000000000000000e+01
-9.500000000000000000e+01
-9.400000000000000000e+01
-9.300000000000000000e+01
-9.200000000000000000e+01
-9.100000000000000000e+01
-9.000000000000000000e+01
-8.900000000000000000e+01
-8.800000000000000000e+01
-8.700000000000000000e+01
-8.600000000000000000e+01
-8.500000000000000000e+01
-8.400000000000000000e+01
-8.300000000000000000e+01
-8.200000000000000000e+01
-8.100000000000000000e+01
-8.000000000000000000e+01
-7.900000000000000000e+01
-7.800000000000000000e+01
-7.700000000000000000e+01
-7.600000000000000000e+01
-7.500000000000000000e+01
-7.400000000000000000e+01
-7.300000000000000000e+01
-7.200000000000000000e+01
-7.100000000000000000e+01
-7.000000000000000000e+01
-6.900000000000000000e+01
-6.800000000000000000e+01
-6.700000000000000000e+01
-6.600000000000000000e+01
-6.500000000000000000e+01
-6.400000000000000000e+01
-6.300000000000000000e+01
-6.200000000000000000e+01
-6.100000000000000000e+01
-6.000000000000000000e+01
-5.900000000000000000e+01
-5.800000000000000000e+01
-5.700000000000000000e+01
-5.600000000000000000e+01
-5.500000000000000000e+01
-5.400000000000000000e+01
-5.300000000000000000e+01
-5.200000000000000000e+01
-5.100000000000000000e+01
-5.000000000000000000e+01
-4.900000000000000000e+01
-4.800000000000000000e+01
-4.700000000000000000e+01
-4.600000000000000000e+01
-4.500000000000000000e+01
-4.400000000000000000e+01
-4.300000000000000000e+01
-4.200000000000000000e+01
-4.100000000000000000e+01
-4.000000000000000000e+01
-3.900000000000000000e+01
-3.800000000000000000e+01
-3.700000000000000000e+01
-3.600000000000000000e+01
-3.500000000000000000e+01
-3.400000000000000000e+01
-3.300000000000000000e+01
-3.200000000000000000e+01
-3.100000000000000000e+01
-3.000000000000000000e+01
-2.900000000000000000e+01
-2.800000000000000000e+01
-2.700000000000000000e+01
-2.600000000000000000e+01
-2.500000000000000000e+01
-2.400000000000000000e+01
-2.300000000000000000e+01
-2.200000000000000000e+01
-2.100000000000000000e+01
-2.000000000000000000e+01
-1.900000000000000000e+01
-1.800000000000000000e+01
-1.700000000000000000e+01
-1.600000000000000000e+01
-1.500000000000000000e+01
-1.400000000000000000e+01
-1.300000000000000000e+01
-1.200000000000000000e+01
-1.100000000000000000e+01
-1.000000000000000000e+01
-9.000000000000000000e+00
-8.000000000000000000e+00
-7.000000000000000000e+00
-6.000000000000000000e+00
-5.000000000000000000e+00
-4.000000000000000000e+00
-3.000000000000000000e+00
-2.000000000000000000e+00
-1.000000000000000000e+00
0.000000000000000000e+00
1.000000000000000000e+00
2.000000000000000000e+00
3.000000000000000000e+00
4.000000000000000000e+00
5.000000000000000000e+00
6.000000000000000000e+00
7.000000000000000000e+00
8.000000000000000000e+00
9.000000000000000000e+00
1.000000000000000000e+01
1.100000000000000000e+01
1.200000000000000000e+01
1.300000000000000000e+01
1.400000000000000000e+01
1.500000000000000000e+01
1.600000000000000000e+01
1.700000000000000000e+01
1.800000000000000000e+01
1.900000000000000000e+01
2.000000000000000000e+01
2.100000000000000000e+01
2.200000000000000000e+01
2.300000000000000000e+01
2.400000000000000000e+01
2.500000000000000000e+01
2.600000000000000000e+01
2.700000000000000000e+01
2.800000000000000000e+01
2.900000000000000000e+01
3.000000000000000000e+01
3.100000000000000000e+01
3.200000000000000000e+01
3.300000000000000000e+01
3.400000000000000000e+01
3.500000000000000000e+01
3.600000000000000000e+01
3.700000000000000000e+01
3.800000000000000000e+01
3.900000000000000000e+01
4.000000000000000000e+01
4.100000000000000000e+01
4.200000000000000000e+01
4.300000000000000000e+01
4.400000000000000000e+01
4.500000000000000000e+01
4.600000000000000000e+01
4.700000000000000000e+01
4.800000000000000000e+01
4.900000000000000000e+01
5.000000000000000000e+01
5.100000000000000000e+01
5.200000000000000000e+01
5.300000000000000000e+01
5.400000000000000000e+01
5.500000000000000000e+01
5.600000000000000000e+01
5.700000000000000000e+01
5.800000000000000000e+01
5.900000000000000000e+01
6.000000000000000000e+01
6.100000000000000000e+01
6.200000000000000000e+01
6.300000000000000000e+01
6.400000000000000000e+01
6.500000000000000000e+01
6.600000000000000000e+01
6.700000000000000000e+01
6.800000000000000000e+01
6.900000000000000000e+01
7.000000000000000000e+01
7.100000000000000000e+01
7.200000000000000000e+01
7.300000000000000000e+01
7.400000000000000000e+01
7.500000000000000000e+01
7.600000000000000000e+01
7.700000000000000000e+01
7.800000000000000000e+01
7.900000000000000000e+01
8.000000000000000000e+01
8.100000000000000000e+01
8.200000000000000000e+01
8.300000000000000000e+01
8.400000000000000000e+01
8.500000000000000000e+01
8.600000000000000000e+01
8.700000000000000000e+01
8.800000000000000000e+01
8.900000000000000000e+01
9.000000000000000000e+01
9.100000000000000000e+01
9.200000000000000000e+01
9.300000000000000000e+01
9.400000000000000000e+01
9.500000000000000000e+01
9.600000000000000000e+01
9.700000000000000000e+01
9.800000000000000000e+01
9.900000000000000000e+01
