single photon fraction:    0.0688
laser fraction:    0.1250
thermal source fraction:    0.5938
non-detected fraction:    0.2125
number of bins:  200.0000
bin width (ns):    1.0000
average detection events per bin: 5000.0000

# binary result
0.000000000000000000e+00

# g2 signal
9.944584717721215439e-01
9.821875189070671253e-01
9.896012195963708180e-01
9.852552571233307299e-01
9.913907335558579392e-01
9.826988086097777630e-01
9.734955939609868381e-01
9.908794438531473014e-01
1.003661686420912469e+00
9.668488278257489910e-01
1.011586676812926688e+00
9.760520424745399160e-01
9.893455747450154991e-01
1.006218134934465436e+00
1.027436657596955349e+00
9.826988086097777630e-01
1.006985069488531392e+00
1.016699573840032844e+00
1.007496359191242030e+00
9.967592754343193029e-01
1.012864901069703283e+00
1.016443928988677525e+00
9.801423600962246852e-01
9.847439674206200921e-01
1.004428620974978426e+00
1.017977798096809217e+00
9.952254063261875006e-01
9.965036305829639840e-01
9.970149202856746218e-01
9.942028269207662250e-01
1.005706845231754798e+00
9.893455747450154991e-01
9.742625285150527947e-01
9.980374996910957863e-01
1.005706845231754798e+00
1.004428620974978426e+00
9.896012195963708180e-01
9.826988086097777630e-01
9.893455747450154991e-01
1.003661686420912469e+00
1.005962490083110117e+00
1.004172976123623107e+00
1.012609256218347964e+00
1.005195555529044160e+00
9.704278557447232334e-01
9.860221916773966866e-01
9.814205843530011686e-01
9.765633321772504427e-01
1.001360882758714599e+00
9.814205843530011686e-01
1.001105237907359502e+00
9.826988086097777630e-01
1.005451200380399479e+00
1.017466508394098579e+00
9.885786401909496535e-01
9.888342850423049724e-01
9.939471820694110171e-01
9.594351271364452982e-01
9.926689578126344227e-01
1.029993106110508538e+00
1.004939910677688841e+00
1.008263293745307765e+00
1.004939910677688841e+00
1.042008414124207638e+00
9.778415564340270372e-01
1.043797928083694648e+00
9.829544534611329709e-01
1.012097966515637326e+00
1.026414078191534296e+00
1.008518938596663084e+00
9.952254063261875006e-01
9.783528461367375639e-01
9.965036305829639840e-01
1.009797162853439678e+00
9.921576681099238959e-01
9.890899298936602912e-01
1.016955218691388163e+00
1.007752004042597127e+00
1.009541518002084359e+00
9.975262099883851485e-01
9.939471820694110171e-01
1.001872172461425237e+00
1.004428620974978426e+00
1.005195555529044160e+00
1.012864901069703283e+00
1.009030228299373722e+00
9.824431637584224442e-01
9.929246026639897416e-01
9.957366960288980273e-01
1.006218134934465436e+00
1.023601984826626010e+00
9.885786401909496535e-01
1.013376190772413921e+00
1.013376190772413921e+00
9.934358923667003793e-01
1.015421349583256250e+00
9.903681541504367747e-01
9.857665468260413677e-01
1.006985069488531392e+00
1.015421349583256250e+00
1.674985066079933249e+00
1.003150396718201831e+00
9.734955939609868381e-01
1.012353611366992645e+00
9.875560607855284889e-01
9.786084909880928828e-01
9.844883225692647732e-01
9.929246026639897416e-01
9.903681541504367747e-01
9.942028269207662250e-01
1.005195555529044160e+00
1.022579405421204735e+00
1.017210863542743482e+00
9.734955939609868381e-01
9.916463784072132581e-01
9.959923408802533462e-01
1.014654415029190293e+00
9.896012195963708180e-01
1.004428620974978426e+00
9.916463784072132581e-01
1.012097966515637326e+00
9.939471820694110171e-01
1.000338303353293545e+00
1.009541518002084359e+00
1.004172976123623107e+00
1.008263293745307765e+00
9.896012195963708180e-01
1.012097966515637326e+00
1.016443928988677525e+00
1.014398770177834974e+00
9.870447710828178511e-01
9.709391454474338712e-01
1.003661686420912469e+00
1.017977798096809217e+00
1.002894751866846512e+00
1.012609256218347964e+00
9.985487893938064241e-01
1.016955218691388163e+00
1.013376190772413921e+00
1.030760040664574273e+00
9.832100983124882898e-01
1.032038264921350867e+00
1.007240714339886711e+00
1.003917331272267788e+00
9.709391454474338712e-01
1.018233442948164535e+00
9.811649395016459607e-01
9.809092946502906418e-01
1.005195555529044160e+00
1.015932639285966887e+00
9.993157239478722698e-01
1.024624564232047064e+00
1.018744732650875173e+00
9.908794438531473014e-01
9.793754255421588395e-01
1.007752004042597127e+00
1.004172976123623107e+00
1.003661686420912469e+00
1.000849593056004183e+00
1.008263293745307765e+00
9.967592754343193029e-01
9.980374996910957863e-01
9.855109019746860488e-01
1.005962490083110117e+00
9.985487893938064241e-01
9.522770712984969244e-01
1.022068115718494097e+00
9.893455747450154991e-01
1.006985069488531392e+00
1.000082658501938226e+00
9.972705651370298296e-01
9.867891262314625322e-01
9.901125092990814558e-01
1.008007648893952446e+00
1.004428620974978426e+00
1.010052807704794997e+00
9.773302667313163994e-01
1.006985069488531392e+00
9.906237990017920936e-01
9.998270136505829075e-01
9.867891262314625322e-01
9.760520424745399160e-01
9.988044342451617430e-01
1.004684265826333522e+00
1.043286638380984011e+00
1.012864901069703283e+00
1.003917331272267788e+00
1.003917331272267788e+00
9.829544534611329709e-01
1.013631835623769240e+00
9.878117056368836968e-01
1.002639107015491193e+00
1.019767312056296449e+00
9.609689962445771005e-01
9.924133129612792148e-01
9.742625285150527947e-01
9.988044342451617430e-01
1.002639107015491193e+00
1.007240714339886711e+00
9.852552571233307299e-01

# time bin value
-1.000000000000000000e+02
-9.900000000000000000e+01
-9.800000000000000000e+01
-9.700000000000000000e+01
-9.600000000000000000e+01
-9.500000000000000000e+01
-9.400000000000000000e+01
-9.300000000000000000e+01
-9.200000000000000000e+01
-9.100000000000000000e+01
-9.000000000000000000e+01
-8.900000000000000000e+01
-8.800000000000000000e+01
-8.700000000000000000e+01
-8.600000000000000000e+01
-8.500000000000000000e+01
-8.400000000000000000e+01
-8.300000000000000000e+01
-8.200000000000000000e+01
-8.100000000000000000e+01
-8.000000000000000000e+01
-7.900000000000000000e+01
-7.800000000000000000e+01
-7.700000000000000000e+01
-7.600000000000000000e+01
-7.500000000000000000e+01
-7.400000000000000000e+01
-7.300000000000000000e+01
-7.200000000000000000e+01
-7.100000000000000000e+01
-7.000000000000000000e+01
-6.900000000000000000e+01
-6.800000000000000000e+01
-6.700000000000000000e+01
-6.600000000000000000e+01
-6.500000000000000000e+01
-6.400000000000000000e+01
-6.300000000000000000e+01
-6.200000000000000000e+01
-6.100000000000000000e+01
-6.000000000000000000e+01
-5.900000000000000000e+01
-5.800000000000000000e+01
-5.700000000000000000e+01
-5.600000000000000000e+01
-5.500000000000000000e+01
-5.400000000000000000e+01
-5.300000000000000000e+01
-5.200000000000000000e+01
-5.100000000000000000e+01
-5.000000000000000000e+01
-4.900000000000000000e+01
-4.800000000000000000e+01
-4.700000000000000000e+01
-4.600000000000000000e+01
-4.500000000000000000e+01
-4.400000000000000000e+01
-4.300000000000000000e+01
-4.200000000000000000e+01
-4.100000000000000000e+01
-4.000000000000000000e+01
-3.900000000000000000e+01
-3.800000000000000000e+01
-3.700000000000000000e+01
-3.600000000000000000e+01
-3.500000000000000000e+01
-3.400000000000000000e+01
-3.300000000000000000e+01
-3.200000000000000000e+01
-3.100000000000000000e+01
-3.000000000000000000e+01
-2.900000000000000000e+01
-2.800000000000000000e+01
-2.700000000000000000e+01
-2.600000000000000000e+01
-2.500000000000000000e+01
-2.400000000000000000e+01
-2.300000000000000000e+01
-2.200000000000000000e+01
-2.100000000000000000e+01
-2.000000000000000000e+01
-1.900000000000000000e+01
-1.800000000000000000e+01
-1.700000000000000000e+01
-1.600000000000000000e+01
-1.500000000000000000e+01
-1.400000000000000000e+01
-1.300000000000000000e+01
-1.200000000000000000e+01
-1.100000000000000000e+01
-1.000000000000000000e+01
-9.000000000000000000e+00
-8.000000000000000000e+00
-7.000000000000000000e+00
-6.000000000000000000e+00
-5.000000000000000000e+00
-4.000000000000000000e+00
-3.000000000000000000e+00
-2.000000000000000000e+00
-1.000000000000000000e+00
0.000000000000000000e+00
1.000000000000000000e+00
2.000000000000000000e+00
3.000000000000000000e+00
4.000000000000000000e+00
5.000000000000000000e+00
6.000000000000000000e+00
7.000000000000000000e+00
8.000000000000000000e+00
9.000000000000000000e+00
1.000000000000000000e+01
1.100000000000000000e+01
1.200000000000000000e+01
1.300000000000000000e+01
1.400000000000000000e+01
1.500000000000000000e+01
1.600000000000000000e+01
1.700000000000000000e+01
1.800000000000000000e+01
1.900000000000000000e+01
2.000000000000000000e+01
2.100000000000000000e+01
2.200000000000000000e+01
2.300000000000000000e+01
2.400000000000000000e+01
2.500000000000000000e+01
2.600000000000000000e+01
2.700000000000000000e+01
2.800000000000000000e+01
2.900000000000000000e+01
3.000000000000000000e+01
3.100000000000000000e+01
3.200000000000000000e+01
3.300000000000000000e+01
3.400000000000000000e+01
3.500000000000000000e+01
3.600000000000000000e+01
3.700000000000000000e+01
3.800000000000000000e+01
3.900000000000000000e+01
4.000000000000000000e+01
4.100000000000000000e+01
4.200000000000000000e+01
4.300000000000000000e+01
4.400000000000000000e+01
4.500000000000000000e+01
4.600000000000000000e+01
4.700000000000000000e+01
4.800000000000000000e+01
4.900000000000000000e+01
5.000000000000000000e+01
5.100000000000000000e+01
5.200000000000000000e+01
5.300000000000000000e+01
5.400000000000000000e+01
5.500000000000000000e+01
5.600000000000000000e+01
5.700000000000000000e+01
5.800000000000000000e+01
5.900000000000000000e+01
6.000000000000000000e+01
6.100000000000000000e+01
6.200000000000000000e+01
6.300000000000000000e+01
6.400000000000000000e+01
6.500000000000000000e+01
6.600000000000000000e+01
6.700000000000000000e+01
6.800000000000000000e+01
6.900000000000000000e+01
7.000000000000000000e+01
7.100000000000000000e+01
7.200000000000000000e+01
7.300000000000000000e+01
7.400000000000000000e+01
7.500000000000000000e+01
7.600000000000000000e+01
7.700000000000000000e+01
7.800000000000000000e+01
7.900000000000000000e+01
8.000000000000000000e+01
8.100000000000000000e+01
8.200000000000000000e+01
8.300000000000000000e+01
8.400000000000000000e+01
8.500000000000000000e+01
8.600000000000000000e+01
8.700000000000000000e+01
8.800000000000000000e+01
8.900000000000000000e+01
9.000000000000000000e+01
9.100000000000000000e+01
9.200000000000000000e+01
9.300000000000000000e+01
9.400000000000000000e+01
9.500000000000000000e+01
9.600000000000000000e+01
9.700000000000000000e+01
9.800000000000000000e+01
9.900000000000000000e+01
