single photon fraction:    0.4653
laser fraction:    0.2708
thermal source fraction:    0.1806
non-detected fraction:    0.0833
number of bins:  200.0000
bin width (ns):    1.0000
average detection events per bin: 5000.0000

# binary result
0.000000000000000000e+00

# g2 signal
1.009650447772308057e+00
1.001984988841281954e+00
1.001765975728966973e+00
1.004175119964432206e+00
1.016658867366389218e+00
1.037246099924002518e+00
1.014906762467868928e+00
1.014030710018608783e+00
1.006584264199897660e+00
9.908153201132152699e-01
1.016658867366389218e+00
9.892822283270099604e-01
9.932244643486806135e-01
1.009650447772308057e+00
9.728562449033824056e-01
1.001327949504336789e+00
9.986997921565564651e-01
9.667238777585613896e-01
1.010526500221568202e+00
1.016001828029444054e+00
1.015344788692499112e+00
9.717611793418072796e-01
9.877491365408047619e-01
9.884061758777498152e-01
9.980427528196113007e-01
1.023229260735840196e+00
1.006584264199897660e+00
9.833688742945040362e-01
9.925674250117354491e-01
1.007022290424527844e+00
9.969476872580361748e-01
9.851209791930243265e-01
1.010964526446198386e+00
1.014687749355553947e+00
9.787695989358883297e-01
9.991378183811865377e-01
1.004175119964432206e+00
1.021477155837320128e+00
1.025857418083620631e+00
9.960716348087760297e-01
9.943195299102557394e-01
9.941005167979407586e-01
1.013811696906293802e+00
1.007241303536842825e+00
1.003956106852117225e+00
9.962906479210911215e-01
1.025638404971305651e+00
9.792076251605184023e-01
1.001546962616651992e+00
9.899392676639551247e-01
9.859970316422844716e-01
9.859970316422844716e-01
9.954145954718309763e-01
1.021039129612689944e+00
9.910343332255302506e-01
9.934434774609955943e-01
9.947575561348858120e-01
9.984807790442413733e-01
1.000670910167391847e+00
9.862160447545994524e-01
9.792076251605184023e-01
1.007241303536842825e+00
1.005489198638322534e+00
1.000670910167391847e+00
1.005489198638322534e+00
9.930054512363655217e-01
1.010088473996938241e+00
1.008117355986102970e+00
9.785505858235733490e-01
9.899392676639551247e-01
9.855590054176543990e-01
1.004175119964432206e+00
9.877491365408047619e-01
9.866540709792295250e-01
9.818357825082988377e-01
9.754844022511628410e-01
1.007898342873787989e+00
9.921293987871053766e-01
9.877491365408047619e-01
1.009650447772308057e+00
1.006584264199897660e+00
9.969476872580361748e-01
1.013154657569348638e+00
9.954145954718309763e-01
9.908153201132152699e-01
9.870920972038595975e-01
9.778935464866281846e-01
1.020601103388059983e+00
9.927864381240505409e-01
9.982617659319263925e-01
9.897202545516400329e-01
1.002861041290542099e+00
9.794266382728333831e-01
9.892822283270099604e-01
9.879681496531197427e-01
9.936624905733106861e-01
1.001765975728966973e+00
1.001546962616651992e+00
1.001546962616651992e+00
9.485457894364135445e-01
6.791596612889213569e-01
1.001765975728966973e+00
1.021696168949635108e+00
9.984807790442413733e-01
1.019944064051114818e+00
9.976047265949812282e-01
9.884061758777498152e-01
9.912533463378452314e-01
1.005489198638322534e+00
1.014468736243238967e+00
1.014687749355553947e+00
1.005708211750637515e+00
9.884061758777498152e-01
9.842449267437641813e-01
9.991378183811865377e-01
9.989188052688714459e-01
9.958526216964610489e-01
9.833688742945040362e-01
1.028923601656031250e+00
1.029580640992976193e+00
9.958526216964610489e-01
1.014906762467868928e+00
9.932244643486806135e-01
1.008117355986102970e+00
1.004394133076747408e+00
1.010964526446198386e+00
1.013154657569348638e+00
9.859970316422844716e-01
1.001765975728966973e+00
1.020601103388059983e+00
9.945385430225708312e-01
9.785505858235733490e-01
1.008774395323048134e+00
1.030018667217606376e+00
9.945385430225708312e-01
1.008117355986102970e+00
1.020601103388059983e+00
9.724182186787523330e-01
9.982617659319263925e-01
9.925674250117354491e-01
1.012497618232403696e+00
1.006365251087582680e+00
1.000451897055076644e+00
9.912533463378452314e-01
9.997948577181315910e-01
1.005489198638322534e+00
1.001984988841281954e+00
1.026733470532880776e+00
1.007679329761472786e+00
1.017096893591019402e+00
9.761414415881078943e-01
9.886251889900649070e-01
1.008336369098417951e+00
9.903772938885851973e-01
1.003518080627487263e+00
9.884061758777498152e-01
1.020820116500374963e+00
1.003956106852117225e+00
9.954145954718309763e-01
9.818357825082988377e-01
9.781125595989432764e-01
9.984807790442413733e-01
1.017972946040279547e+00
9.993568314935015184e-01
9.870920972038595975e-01
1.004394133076747408e+00
9.971667003703511556e-01
9.879681496531197427e-01
1.003518080627487263e+00
9.914723594501603232e-01
9.962906479210911215e-01
9.930054512363655217e-01
1.012716631344718676e+00
9.980427528196113007e-01
1.009650447772308057e+00
9.927864381240505409e-01
9.969476872580361748e-01
9.919103856747903958e-01
1.017972946040279547e+00
9.978237397072963200e-01
1.033960903239276918e+00
9.951955823595158845e-01
1.014249723130923986e+00
1.020820116500374963e+00
1.026952483645195979e+00
1.006365251087582680e+00
1.000451897055076644e+00
9.800836776097785474e-01
1.027609522982140922e+00
1.013811696906293802e+00
1.022791234511210234e+00
1.010526500221568202e+00
9.831498611821890554e-01
1.039655244159467973e+00
1.012059592007773512e+00
1.004175119964432206e+00
1.025200378746675689e+00
9.976047265949812282e-01
1.002204001953596935e+00
1.005270185526007554e+00

# time bin value
-1.000000000000000000e+02
-9.900000000000000000e+01
-9.800000000000000000e+01
-9.700000000000000000e+01
-9.600000000000000000e+01
-9.500000000000000000e+01
-9.400000000000000000e+01
-9.300000000000000000e+01
-9.200000000000000000e+01
-9.100000000000000000e+01
-9.000000000000000000e+01
-8.900000000000000000e+01
-8.800000000000000000e+01
-8.700000000000000000e+01
-8.600000000000000000e+01
-8.500000000000000000e+01
-8.400000000000000000e+01
-8.300000000000000000e+01
-8.200000000000000000e+01
-8.100000000000000000e+01
-8.000000000000000000e+01
-7.900000000000000000e+01
-7.800000000000000000e+01
-7.700000000000000000e+01
-7.600000000000000000e+01
-7.500000000000000000e+01
-7.400000000000000000e+01
-7.300000000000000000e+01
-7.200000000000000000e+01
-7.100000000000000000e+01
-7.000000000000000000e+01
-6.900000000000000000e+01
-6.800000000000000000e+01
-6.700000000000000000e+01
-6.600000000000000000e+01
-6.500000000000000000e+01
-6.400000000000000000e+01
-6.300000000000000000e+01
-6.200000000000000000e+01
-6.100000000000000000e+01
-6.000000000000000000e+01
-5.900000000000000000e+01
-5.800000000000000000e+01
-5.700000000000000000e+01
-5.600000000000000000e+01
-5.500000000000000000e+01
-5.400000000000000000e+01
-5.300000000000000000e+01
-5.200000000000000000e+01
-5.100000000000000000e+01
-5.000000000000000000e+01
-4.900000000000000000e+01
-4.800000000000000000e+01
-4.700000000000000000e+01
-4.600000000000000000e+01
-4.500000000000000000e+01
-4.400000000000000000e+01
-4.300000000000000000e+01
-4.200000000000000000e+01
-4.100000000000000000e+01
-4.000000000000000000e+01
-3.900000000000000000e+01
-3.800000000000000000e+01
-3.700000000000000000e+01
-3.600000000000000000e+01
-3.500000000000000000e+01
-3.400000000000000000e+01
-3.300000000000000000e+01
-3.200000000000000000e+01
-3.100000000000000000e+01
-3.000000000000000000e+01
-2.900000000000000000e+01
-2.800000000000000000e+01
-2.700000000000000000e+01
-2.600000000000000000e+01
-2.500000000000000000e+01
-2.400000000000000000e+01
-2.300000000000000000e+01
-2.200000000000000000e+01
-2.100000000000000000e+01
-2.000000000000000000e+01
-1.900000000000000000e+01
-1.800000000000000000e+01
-1.700000000000000000e+01
-1.600000000000000000e+01
-1.500000000000000000e+01
-1.400000000000000000e+01
-1.300000000000000000e+01
-1.200000000000000000e+01
-1.100000000000000000e+01
-1.000000000000000000e+01
-9.000000000000000000e+00
-8.000000000000000000e+00
-7.000000000000000000e+00
-6.000000000000000000e+00
-5.000000000000000000e+00
-4.000000000000000000e+00
-3.000000000000000000e+00
-2.000000000000000000e+00
-1.000000000000000000e+00
0.000000000000000000e+00
1.000000000000000000e+00
2.000000000000000000e+00
3.000000000000000000e+00
4.000000000000000000e+00
5.000000000000000000e+00
6.000000000000000000e+00
7.000000000000000000e+00
8.000000000000000000e+00
9.000000000000000000e+00
1.000000000000000000e+01
1.100000000000000000e+01
1.200000000000000000e+01
1.300000000000000000e+01
1.400000000000000000e+01
1.500000000000000000e+01
1.600000000000000000e+01
1.700000000000000000e+01
1.800000000000000000e+01
1.900000000000000000e+01
2.000000000000000000e+01
2.100000000000000000e+01
2.200000000000000000e+01
2.300000000000000000e+01
2.400000000000000000e+01
2.500000000000000000e+01
2.600000000000000000e+01
2.700000000000000000e+01
2.800000000000000000e+01
2.900000000000000000e+01
3.000000000000000000e+01
3.100000000000000000e+01
3.200000000000000000e+01
3.300000000000000000e+01
3.400000000000000000e+01
3.500000000000000000e+01
3.600000000000000000e+01
3.700000000000000000e+01
3.800000000000000000e+01
3.900000000000000000e+01
4.000000000000000000e+01
4.100000000000000000e+01
4.200000000000000000e+01
4.300000000000000000e+01
4.400000000000000000e+01
4.500000000000000000e+01
4.600000000000000000e+01
4.700000000000000000e+01
4.800000000000000000e+01
4.900000000000000000e+01
5.000000000000000000e+01
5.100000000000000000e+01
5.200000000000000000e+01
5.300000000000000000e+01
5.400000000000000000e+01
5.500000000000000000e+01
5.600000000000000000e+01
5.700000000000000000e+01
5.800000000000000000e+01
5.900000000000000000e+01
6.000000000000000000e+01
6.100000000000000000e+01
6.200000000000000000e+01
6.300000000000000000e+01
6.400000000000000000e+01
6.500000000000000000e+01
6.600000000000000000e+01
6.700000000000000000e+01
6.800000000000000000e+01
6.900000000000000000e+01
7.000000000000000000e+01
7.100000000000000000e+01
7.200000000000000000e+01
7.300000000000000000e+01
7.400000000000000000e+01
7.500000000000000000e+01
7.600000000000000000e+01
7.700000000000000000e+01
7.800000000000000000e+01
7.900000000000000000e+01
8.000000000000000000e+01
8.100000000000000000e+01
8.200000000000000000e+01
8.300000000000000000e+01
8.400000000000000000e+01
8.500000000000000000e+01
8.600000000000000000e+01
8.700000000000000000e+01
8.800000000000000000e+01
8.900000000000000000e+01
9.000000000000000000e+01
9.100000000000000000e+01
9.200000000000000000e+01
9.300000000000000000e+01
9.400000000000000000e+01
9.500000000000000000e+01
9.600000000000000000e+01
9.700000000000000000e+01
9.800000000000000000e+01
9.900000000000000000e+01
