single photon fraction:    0.2308
laser fraction:    0.3007
thermal source fraction:    0.1364
non-detected fraction:    0.3322
number of bins:  200.0000
bin width (ns):    1.0000
average detection events per bin: 5000.0000

# binary result
0.000000000000000000e+00

# g2 signal
1.011740404274603211e+00
1.002104781376749854e+00
9.804246298565797435e-01
9.951791774189177042e-01
9.783168373476742730e-01
9.783168373476742730e-01
1.021978253603572417e+00
1.009933724981255665e+00
9.951791774189177042e-01
9.888557998922014036e-01
1.009030385334581892e+00
1.021376027172456569e+00
1.003008121023423627e+00
1.032216102932541624e+00
1.000298102083402307e+00
9.795212902099059704e-01
1.007524819256792270e+00
9.861457809521801954e-01
1.008428158903466043e+00
1.005417026747886799e+00
9.966847434967072150e-01
1.017160442154645628e+00
1.005115913532328875e+00
1.011138177843487362e+00
1.008428158903466043e+00
1.010837064627929438e+00
1.020171574310224871e+00
9.990936492211706099e-01
9.855435545210643467e-01
1.014450423214624308e+00
1.023182706465804115e+00
9.849413280899484979e-01
9.807257430721376679e-01
9.954802906344756286e-01
9.774134977010004999e-01
1.000900328514518156e+00
9.972869699278230637e-01
1.002104781376749854e+00
9.858446677366222710e-01
1.025892725405825212e+00
1.013848196783508460e+00
9.617556104919887661e-01
9.954802906344756286e-01
9.750045919765372160e-01
1.034926121872562721e+00
1.000900328514518156e+00
9.662723087253576315e-01
1.018364895016877325e+00
9.987925360056126856e-01
9.915658188322226119e-01
1.004212573885655102e+00
9.933724981255701580e-01
9.897591395388751767e-01
1.005115913532328875e+00
9.939747245566860068e-01
1.027699404699172758e+00
1.014751536430182233e+00
9.807257430721376679e-01
9.984914227900547612e-01
9.783168373476742730e-01
9.918669320477805362e-01
9.828335355810430274e-01
9.852424413055064223e-01
1.010535951412371514e+00
1.012944857136834909e+00
1.011740404274603211e+00
1.009632611765697741e+00
9.774134977010004999e-01
1.016558215723529779e+00
1.006621479610118497e+00
1.002405894592307778e+00
1.014149309999066384e+00
9.936736113411280824e-01
1.011740404274603211e+00
9.846402148743905736e-01
1.016558215723529779e+00
9.882535734610855549e-01
9.897591395388751767e-01
1.015654876076856006e+00
1.042453952261510830e+00
1.011138177843487362e+00
9.993947624367285343e-01
1.012944857136834909e+00
9.816290827188113299e-01
9.972869699278230637e-01
9.804246298565797435e-01
9.774134977010004999e-01
1.017160442154645628e+00
1.007223706041234346e+00
1.003911460670097178e+00
1.013547083567950757e+00
1.013245970352392833e+00
1.037937254028141965e+00
1.008428158903466043e+00
1.024688272543593515e+00
9.912647056166647985e-01
9.894580263233172523e-01
9.719934598209579724e-01
9.984914227900547612e-01
1.012342630705719060e+00
8.524515132444647758e-01
9.891569131077593280e-01
1.003309234238981551e+00
9.759079316232109891e-01
9.864468941677380087e-01
9.954802906344756286e-01
1.005417026747886799e+00
9.747034787609792916e-01
1.028000517914730683e+00
9.951791774189177042e-01
9.975880831433809881e-01
1.008127045687908119e+00
9.948780642033597799e-01
9.960825170655914773e-01
1.000599215298960232e+00
1.010837064627929438e+00
1.028000517914730683e+00
1.003911460670097178e+00
1.015353762861298081e+00
1.010535951412371514e+00
9.774134977010004999e-01
1.024989385759151439e+00
9.960825170655914773e-01
9.999969888678443830e-01
1.003008121023423627e+00
9.954802906344756286e-01
9.753057051920951404e-01
1.009030385334581892e+00
1.032216102932541624e+00
9.951791774189177042e-01
1.001803668161191929e+00
1.016859328939087703e+00
9.536255536719250303e-01
9.990936492211706099e-01
1.000900328514518156e+00
1.007524819256792270e+00
9.942758377722439311e-01
1.005417026747886799e+00
1.012643743921276984e+00
1.000298102083402307e+00
1.012342630705719060e+00
9.903613659699910254e-01
1.005718139963444724e+00
9.927702716944543093e-01
9.864468941677380087e-01
9.909635924011068742e-01
1.005718139963444724e+00
1.000599215298960232e+00
1.006922592825676421e+00
9.843391016588326492e-01
1.025591612190267288e+00
9.933724981255701580e-01
1.028301631130288607e+00
1.008729272119023967e+00
1.003610347454539475e+00
9.966847434967072150e-01
1.019569347879109023e+00
1.000900328514518156e+00
9.750045919765372160e-01
9.710901201742843103e-01
1.000599215298960232e+00
1.022580480034688266e+00
9.933724981255701580e-01
1.001502554945634005e+00
9.918669320477805362e-01
9.969858567122651394e-01
9.939747245566860068e-01
1.018063781801319401e+00
1.020472687525782796e+00
1.004212573885655102e+00
1.019268234663551098e+00
9.747034787609792916e-01
9.858446677366222710e-01
1.020171574310224871e+00
1.015052649645740157e+00
9.816290827188113299e-01
9.837368752277168005e-01
9.816290827188113299e-01
9.858446677366222710e-01
9.873502338144117818e-01
1.012643743921276984e+00
9.987925360056126856e-01
9.620567237075466904e-01
9.710901201742843103e-01
9.713912333898422347e-01
1.004513687101213026e+00
1.015052649645740157e+00
1.026193838621383136e+00
9.852424413055064223e-01
1.003309234238981551e+00
1.010837064627929438e+00
1.000298102083402307e+00
1.024688272543593515e+00
9.990936492211706099e-01
9.864468941677380087e-01
1.024387159328035590e+00
1.028903857561404456e+00
9.834357620121588761e-01
9.665734219409155559e-01
1.030108310423636153e+00

# time bin value
-1.000000000000000000e+02
-9.900000000000000000e+01
-9.800000000000000000e+01
-9.700000000000000000e+01
-9.600000000000000000e+01
-9.500000000000000000e+01
-9.400000000000000000e+01
-9.300000000000000000e+01
-9.200000000000000000e+01
-9.100000000000000000e+01
-9.000000000000000000e+01
-8.900000000000000000e+01
-8.800000000000000000e+01
-8.700000000000000000e+01
-8.600000000000000000e+01
-8.500000000000000000e+01
-8.400000000000000000e+01
-8.300000000000000000e+01
-8.200000000000000000e+01
-8.100000000000000000e+01
-8.000000000000000000e+01
-7.900000000000000000e+01
-7.800000000000000000e+01
-7.700000000000000000e+01
-7.600000000000000000e+01
-7.500000000000000000e+01
-7.400000000000000000e+01
-7.300000000000000000e+01
-7.200000000000000000e+01
-7.100000000000000000e+01
-7.000000000000000000e+01
-6.900000000000000000e+01
-6.800000000000000000e+01
-6.700000000000000000e+01
-6.600000000000000000e+01
-6.500000000000000000e+01
-6.400000000000000000e+01
-6.300000000000000000e+01
-6.200000000000000000e+01
-6.100000000000000000e+01
-6.000000000000000000e+01
-5.900000000000000000e+01
-5.800000000000000000e+01
-5.700000000000000000e+01
-5.600000000000000000e+01
-5.500000000000000000e+01
-5.400000000000000000e+01
-5.300000000000000000e+01
-5.200000000000000000e+01
-5.100000000000000000e+01
-5.000000000000000000e+01
-4.900000000000000000e+01
-4.800000000000000000e+01
-4.700000000000000000e+01
-4.600000000000000000e+01
-4.500000000000000000e+01
-4.400000000000000000e+01
-4.300000000000000000e+01
-4.200000000000000000e+01
-4.100000000000000000e+01
-4.000000000000000000e+01
-3.900000000000000000e+01
-3.800000000000000000e+01
-3.700000000000000000e+01
-3.600000000000000000e+01
-3.500000000000000000e+01
-3.400000000000000000e+01
-3.300000000000000000e+01
-3.200000000000000000e+01
-3.100000000000000000e+01
-3.000000000000000000e+01
-2.900000000000000000e+01
-2.800000000000000000e+01
-2.700000000000000000e+01
-2.600000000000000000e+01
-2.500000000000000000e+01
-2.400000000000000000e+01
-2.300000000000000000e+01
-2.200000000000000000e+01
-2.100000000000000000e+01
-2.000000000000000000e+01
-1.900000000000000000e+01
-1.800000000000000000e+01
-1.700000000000000000e+01
-1.600000000000000000e+01
-1.500000000000000000e+01
-1.400000000000000000e+01
-1.300000000000000000e+01
-1.200000000000000000e+01
-1.100000000000000000e+01
-1.000000000000000000e+01
-9.000000000000000000e+00
-8.000000000000000000e+00
-7.000000000000000000e+00
-6.000000000000000000e+00
-5.000000000000000000e+00
-4.000000000000000000e+00
-3.000000000000000000e+00
-2.000000000000000000e+00
-1.000000000000000000e+00
0.000000000000000000e+00
1.000000000000000000e+00
2.000000000000000000e+00
3.000000000000000000e+00
4.000000000000000000e+00
5.000000000000000000e+00
6.000000000000000000e+00
7.000000000000000000e+00
8.000000000000000000e+00
9.000000000000000000e+00
1.000000000000000000e+01
1.100000000000000000e+01
1.200000000000000000e+01
1.300000000000000000e+01
1.400000000000000000e+01
1.500000000000000000e+01
1.600000000000000000e+01
1.700000000000000000e+01
1.800000000000000000e+01
1.900000000000000000e+01
2.000000000000000000e+01
2.100000000000000000e+01
2.200000000000000000e+01
2.300000000000000000e+01
2.400000000000000000e+01
2.500000000000000000e+01
2.600000000000000000e+01
2.700000000000000000e+01
2.800000000000000000e+01
2.900000000000000000e+01
3.000000000000000000e+01
3.100000000000000000e+01
3.200000000000000000e+01
3.300000000000000000e+01
3.400000000000000000e+01
3.500000000000000000e+01
3.600000000000000000e+01
3.700000000000000000e+01
3.800000000000000000e+01
3.900000000000000000e+01
4.000000000000000000e+01
4.100000000000000000e+01
4.200000000000000000e+01
4.300000000000000000e+01
4.400000000000000000e+01
4.500000000000000000e+01
4.600000000000000000e+01
4.700000000000000000e+01
4.800000000000000000e+01
4.900000000000000000e+01
5.000000000000000000e+01
5.100000000000000000e+01
5.200000000000000000e+01
5.300000000000000000e+01
5.400000000000000000e+01
5.500000000000000000e+01
5.600000000000000000e+01
5.700000000000000000e+01
5.800000000000000000e+01
5.900000000000000000e+01
6.000000000000000000e+01
6.100000000000000000e+01
6.200000000000000000e+01
6.300000000000000000e+01
6.400000000000000000e+01
6.500000000000000000e+01
6.600000000000000000e+01
6.700000000000000000e+01
6.800000000000000000e+01
6.900000000000000000e+01
7.000000000000000000e+01
7.100000000000000000e+01
7.200000000000000000e+01
7.300000000000000000e+01
7.400000000000000000e+01
7.500000000000000000e+01
7.600000000000000000e+01
7.700000000000000000e+01
7.800000000000000000e+01
7.900000000000000000e+01
8.000000000000000000e+01
8.100000000000000000e+01
8.200000000000000000e+01
8.300000000000000000e+01
8.400000000000000000e+01
8.500000000000000000e+01
8.600000000000000000e+01
8.700000000000000000e+01
8.800000000000000000e+01
8.900000000000000000e+01
9.000000000000000000e+01
9.100000000000000000e+01
9.200000000000000000e+01
9.300000000000000000e+01
9.400000000000000000e+01
9.500000000000000000e+01
9.600000000000000000e+01
9.700000000000000000e+01
9.800000000000000000e+01
9.900000000000000000e+01
