single photon fraction:    0.4939
laser fraction:    0.2622
thermal source fraction:    0.0976
non-detected fraction:    0.1463
number of bins:  200.0000
bin width (ns):    1.0000
average detection events per bin: 5000.0000

# binary result
0.000000000000000000e+00

# g2 signal
1.002051146948683469e+00
1.015694096836717186e+00
9.877025272388549881e-01
9.775879264597955309e-01
9.837037315820175154e-01
9.846446246777439404e-01
9.590052878191978047e-01
1.000875030579025493e+00
1.022045125232870832e+00
9.933478858132137601e-01
1.008872621892700439e+00
1.003697709866204768e+00
9.907604297999659249e-01
1.005814719331589391e+00
1.005344272783726067e+00
9.942887789089401851e-01
1.025573474341845204e+00
9.865264108691969014e-01
9.874673039649233264e-01
9.639449765717618135e-01
1.012636194275606361e+00
1.004403379687999642e+00
9.909956530738975866e-01
1.031689279464067077e+00
1.017811106302101809e+00
1.014047533919195887e+00
1.006049942605520942e+00
1.001815923674751918e+00
9.860559643213336889e-01
1.007931728796974014e+00
1.010283961536290187e+00
9.924069927174873351e-01
1.004403379687999642e+00
9.971114581961195711e-01
1.006049942605520942e+00
1.013106640823469462e+00
9.971114581961195711e-01
1.002051146948683469e+00
1.002521593496546792e+00
1.002756816770478343e+00
1.019692892493554659e+00
9.947592254568033976e-01
1.000875030579025493e+00
1.028160930355092928e+00
9.853502944995388146e-01
1.005814719331589391e+00
1.017575883028170258e+00
1.009107845166631989e+00
9.813514988427013419e-01
9.989932443875725321e-01
1.010519184810221738e+00
9.804106057469749169e-01
9.996989142093674063e-01
1.002051146948683469e+00
9.719425678854367590e-01
9.917013228956924609e-01
1.014988427014922312e+00
1.008166952070905564e+00
9.794697126512483809e-01
1.023221241602529030e+00
1.002756816770478343e+00
1.018281552849965133e+00
9.735891308029580582e-01
9.872320806909917756e-01
9.841741781298807279e-01
9.928774392653505476e-01
9.924069927174873351e-01
1.009107845166631989e+00
1.014047533919195887e+00
9.928774392653505476e-01
1.005579496057657840e+00
9.794697126512483809e-01
1.000404584031162170e+00
9.839389548559490661e-01
9.933478858132137601e-01
9.834685083080858536e-01
1.004168156414068092e+00
1.030042716546545778e+00
9.865264108691969014e-01
1.000875030579025493e+00
9.926422159914188859e-01
1.010989631358084839e+00
9.851150712256071529e-01
1.023221241602529030e+00
9.907604297999659249e-01
1.005109049509794517e+00
9.924069927174873351e-01
1.011224854632016612e+00
9.959353418264614843e-01
1.010519184810221738e+00
9.942887789089401851e-01
9.921717694435556734e-01
9.940535556350086344e-01
1.009813514988426864e+00
9.980523512918461071e-01
9.851150712256071529e-01
1.003932933140136541e+00
9.884081970606498624e-01
1.010989631358084839e+00
1.007461282249110690e+00
5.304284827157937920e-01
9.949944487307350593e-01
1.002756816770478343e+00
1.026514367437571629e+00
1.011460077905948163e+00
1.017575883028170258e+00
1.011460077905948163e+00
9.964057883743248079e-01
1.013106640823469462e+00
1.000875030579025493e+00
1.010989631358084839e+00
1.018516776123896683e+00
1.022515571780734156e+00
9.775879264597955309e-01
1.003462486592273217e+00
9.989932443875725321e-01
9.811162755687696801e-01
1.030748386368340652e+00
1.007226058975179139e+00
9.754709169944109082e-01
1.021574678685007731e+00
1.008402175344837115e+00
9.773527031858638692e-01
9.964057883743248079e-01
1.034747182025178125e+00
1.014047533919195887e+00
1.010989631358084839e+00
9.978171280179144453e-01
9.747652471726161449e-01
1.029337046724750904e+00
1.035688075120904550e+00
1.006755612427315816e+00
1.018751999397828234e+00
9.973466814700512328e-01
9.917013228956924609e-01
9.615927438324456400e-01
1.008402175344837115e+00
1.009107845166631989e+00
1.009343068440563540e+00
1.009578291714495313e+00
1.006285165879452714e+00
1.007931728796974014e+00
9.949944487307350593e-01
1.046743568995690543e+00
1.006990835701247367e+00
1.009813514988426864e+00
9.945240021828718469e-01
9.996989142093674063e-01
1.024632581246118557e+00
1.014047533919195887e+00
9.813514988427013419e-01
1.014753203740990761e+00
1.016634989932443611e+00
1.029572269998682676e+00
1.015929320110648959e+00
1.018751999397828234e+00
1.028160930355092928e+00
1.014047533919195887e+00
9.757061402683425699e-01
1.020869008863212857e+00
9.834685083080858536e-01
9.888786436085130749e-01
1.026749590711503179e+00
1.012636194275606361e+00
1.002051146948683469e+00
1.018281552849965133e+00
9.785288195555219559e-01
9.759413635422742317e-01
9.874673039649233264e-01
1.000169360757230619e+00
9.905252065260343741e-01
1.025808697615776754e+00
9.966410116482563586e-01
9.804106057469749169e-01
1.000169360757230619e+00
1.022750795054665707e+00
9.992284676615041938e-01
1.012400971001674588e+00
9.695903351461205855e-01
9.949944487307350593e-01
1.004403379687999642e+00
1.011460077905948163e+00
9.985227978397093196e-01
1.007226058975179139e+00
9.940535556350086344e-01
1.014753203740990761e+00
9.980523512918461071e-01
1.019457669219623108e+00
1.015458873562785636e+00
1.007931728796974014e+00
9.884081970606498624e-01
1.004403379687999642e+00
9.895843134303079491e-01
9.996989142093674063e-01
9.886434203345814131e-01
9.959353418264614843e-01
9.597109576409926790e-01
9.877025272388549881e-01
1.028866600176887802e+00
1.006520389153384265e+00

# time bin value
-1.000000000000000000e+02
-9.900000000000000000e+01
-9.800000000000000000e+01
-9.700000000000000000e+01
-9.600000000000000000e+01
-9.500000000000000000e+01
-9.400000000000000000e+01
-9.300000000000000000e+01
-9.200000000000000000e+01
-9.100000000000000000e+01
-9.000000000000000000e+01
-8.900000000000000000e+01
-8.800000000000000000e+01
-8.700000000000000000e+01
-8.600000000000000000e+01
-8.500000000000000000e+01
-8.400000000000000000e+01
-8.300000000000000000e+01
-8.200000000000000000e+01
-8.100000000000000000e+01
-8.000000000000000000e+01
-7.900000000000000000e+01
-7.800000000000000000e+01
-7.700000000000000000e+01
-7.600000000000000000e+01
-7.500000000000000000e+01
-7.400000000000000000e+01
-7.300000000000000000e+01
-7.200000000000000000e+01
-7.100000000000000000e+01
-7.000000000000000000e+01
-6.900000000000000000e+01
-6.800000000000000000e+01
-6.700000000000000000e+01
-6.600000000000000000e+01
-6.500000000000000000e+01
-6.400000000000000000e+01
-6.300000000000000000e+01
-6.200000000000000000e+01
-6.100000000000000000e+01
-6.000000000000000000e+01
-5.900000000000000000e+01
-5.800000000000000000e+01
-5.700000000000000000e+01
-5.600000000000000000e+01
-5.500000000000000000e+01
-5.400000000000000000e+01
-5.300000000000000000e+01
-5.200000000000000000e+01
-5.100000000000000000e+01
-5.000000000000000000e+01
-4.900000000000000000e+01
-4.800000000000000000e+01
-4.700000000000000000e+01
-4.600000000000000000e+01
-4.500000000000000000e+01
-4.400000000000000000e+01
-4.300000000000000000e+01
-4.200000000000000000e+01
-4.100000000000000000e+01
-4.000000000000000000e+01
-3.900000000000000000e+01
-3.800000000000000000e+01
-3.700000000000000000e+01
-3.600000000000000000e+01
-3.500000000000000000e+01
-3.400000000000000000e+01
-3.300000000000000000e+01
-3.200000000000000000e+01
-3.100000000000000000e+01
-3.000000000000000000e+01
-2.900000000000000000e+01
-2.800000000000000000e+01
-2.700000000000000000e+01
-2.600000000000000000e+01
-2.500000000000000000e+01
-2.400000000000000000e+01
-2.300000000000000000e+01
-2.200000000000000000e+01
-2.100000000000000000e+01
-2.000000000000000000e+01
-1.900000000000000000e+01
-1.800000000000000000e+01
-1.700000000000000000e+01
-1.600000000000000000e+01
-1.500000000000000000e+01
-1.400000000000000000e+01
-1.300000000000000000e+01
-1.200000000000000000e+01
-1.100000000000000000e+01
-1.000000000000000000e+01
-9.000000000000000000e+00
-8.000000000000000000e+00
-7.000000000000000000e+00
-6.000000000000000000e+00
-5.000000000000000000e+00
-4.000000000000000000e+00
-3.000000000000000000e+00
-2.000000000000000000e+00
-1.000000000000000000e+00
0.000000000000000000e+00
1.000000000000000000e+00
2.000000000000000000e+00
3.000000000000000000e+00
4.000000000000000000e+00
5.000000000000000000e+00
6.000000000000000000e+00
7.000000000000000000e+00
8.000000000000000000e+00
9.000000000000000000e+00
1.000000000000000000e+01
1.100000000000000000e+01
1.200000000000000000e+01
1.300000000000000000e+01
1.400000000000000000e+01
1.500000000000000000e+01
1.600000000000000000e+01
1.700000000000000000e+01
1.800000000000000000e+01
1.900000000000000000e+01
2.000000000000000000e+01
2.100000000000000000e+01
2.200000000000000000e+01
2.300000000000000000e+01
2.400000000000000000e+01
2.500000000000000000e+01
2.600000000000000000e+01
2.700000000000000000e+01
2.800000000000000000e+01
2.900000000000000000e+01
3.000000000000000000e+01
3.100000000000000000e+01
3.200000000000000000e+01
3.300000000000000000e+01
3.400000000000000000e+01
3.500000000000000000e+01
3.600000000000000000e+01
3.700000000000000000e+01
3.800000000000000000e+01
3.900000000000000000e+01
4.000000000000000000e+01
4.100000000000000000e+01
4.200000000000000000e+01
4.300000000000000000e+01
4.400000000000000000e+01
4.500000000000000000e+01
4.600000000000000000e+01
4.700000000000000000e+01
4.800000000000000000e+01
4.900000000000000000e+01
5.000000000000000000e+01
5.100000000000000000e+01
5.200000000000000000e+01
5.300000000000000000e+01
5.400000000000000000e+01
5.500000000000000000e+01
5.600000000000000000e+01
5.700000000000000000e+01
5.800000000000000000e+01
5.900000000000000000e+01
6.000000000000000000e+01
6.100000000000000000e+01
6.200000000000000000e+01
6.300000000000000000e+01
6.400000000000000000e+01
6.500000000000000000e+01
6.600000000000000000e+01
6.700000000000000000e+01
6.800000000000000000e+01
6.900000000000000000e+01
7.000000000000000000e+01
7.100000000000000000e+01
7.200000000000000000e+01
7.300000000000000000e+01
7.400000000000000000e+01
7.500000000000000000e+01
7.600000000000000000e+01
7.700000000000000000e+01
7.800000000000000000e+01
7.900000000000000000e+01
8.000000000000000000e+01
8.100000000000000000e+01
8.200000000000000000e+01
8.300000000000000000e+01
8.400000000000000000e+01
8.500000000000000000e+01
8.600000000000000000e+01
8.700000000000000000e+01
8.800000000000000000e+01
8.900000000000000000e+01
9.000000000000000000e+01
9.100000000000000000e+01
9.200000000000000000e+01
9.300000000000000000e+01
9.400000000000000000e+01
9.500000000000000000e+01
9.600000000000000000e+01
9.700000000000000000e+01
9.800000000000000000e+01
9.900000000000000000e+01
