single photon fraction:    0.1143
laser fraction:    0.2971
thermal source fraction:    0.2171
non-detected fraction:    0.3714
number of bins:  200.0000
bin width (ns):    1.0000
average detection events per bin: 5000.0000

# binary result
0.000000000000000000e+00

# g2 signal
9.723829998346287251e-01
1.001509679553177490e+00
9.582997700806051844e-01
9.819852019396447806e-01
1.019113716745706943e+00
1.031276506078727451e+00
9.944680646761657750e-01
1.007591074219687632e+00
1.001189606149677003e+00
1.018473569938705969e+00
9.858260827816512917e-01
1.012072101868695340e+00
9.810249817291432084e-01
1.005030486991683514e+00
1.024234891201715625e+00
1.034157166710232278e+00
9.691822657996234103e-01
1.005350560395184001e+00
9.903071104306587769e-01
9.829454221501464639e-01
1.001189606149677003e+00
9.832654955536469510e-01
9.909472572376598620e-01
9.736632934486308955e-01
1.002469899763679173e+00
9.931877710621636046e-01
9.810249817291432084e-01
1.003110046570680147e+00
9.816651285361442936e-01
9.944680646761657750e-01
1.011752028465194631e+00
1.021034157166710310e+00
9.979888721146716879e-01
9.960684316936684324e-01
1.011111881658193656e+00
1.014952762500199945e+00
9.922275508516620324e-01
1.006950927412686658e+00
1.030316285868225767e+00
9.765439540801357232e-01
9.842257157641486343e-01
9.807049083256427213e-01
9.864662295886523768e-01
1.025195111412217308e+00
9.896669636236576917e-01
9.912673306411603491e-01
1.009831588044191486e+00
9.848658625711496084e-01
9.787844679046394658e-01
1.014312615693198971e+00
9.877465232026544362e-01
9.899870370271582898e-01
9.947881380796662620e-01
1.014632689096699458e+00
9.816651285361442936e-01
9.922275508516620324e-01
1.045999882639752077e+00
9.762238806766352361e-01
9.919074774481614343e-01
1.031596579482227938e+00
1.026795478429719966e+00
1.022954597587713454e+00
9.935078444656640917e-01
9.967085785006695176e-01
1.005990707202184975e+00
1.003110046570680147e+00
9.909472572376598620e-01
1.001829752956677977e+00
9.922275508516620324e-01
1.017833423131704773e+00
9.973487253076706027e-01
1.020073936956208627e+00
1.021674303973711284e+00
1.032876873096230108e+00
1.004390340184682318e+00
9.915874040446609472e-01
1.003110046570680147e+00
1.036077607131235423e+00
1.019753863552708140e+00
1.007271000816187145e+00
9.816651285361442936e-01
1.015592909307201142e+00
1.012392175272195827e+00
1.004070266781181830e+00
1.013672468886197997e+00
9.935078444656640917e-01
1.008871367833689803e+00
1.017513349728204286e+00
9.717428530276276399e-01
9.970286519041700046e-01
1.020073936956208627e+00
1.014632689096699458e+00
9.810249817291432084e-01
9.851859359746502065e-01
1.005990707202184975e+00
1.020073936956208627e+00
9.759038072731346380e-01
9.963885050971689195e-01
1.002789973167179660e+00
9.957483582901678343e-01
1.168267922776956791e+00
9.759038072731346380e-01
9.896669636236576917e-01
9.973487253076706027e-01
1.001829752956677977e+00
1.031596579482227938e+00
1.005670633798684488e+00
1.020073936956208627e+00
1.013352395482697288e+00
1.004710413588182805e+00
1.021034157166710310e+00
9.899870370271582898e-01
1.005350560395184001e+00
9.976687987111710898e-01
9.867863029921528639e-01
1.019753863552708140e+00
1.015912982710701629e+00
1.004390340184682318e+00
9.899870370271582898e-01
1.011111881658193656e+00
9.691822657996234103e-01
1.024234891201715625e+00
9.791045413081400639e-01
1.013352395482697288e+00
9.749435870626330658e-01
1.006630854009186171e+00
1.012712248675696314e+00
9.992691657286737472e-01
1.008871367833689803e+00
1.017193276324703799e+00
1.023274670991213942e+00
9.880665966061550343e-01
9.752636604661335529e-01
9.967085785006695176e-01
9.960684316936684324e-01
1.016553129517702825e+00
1.011431955061694143e+00
9.890268168166566065e-01
1.026795478429719966e+00
9.893468902201572046e-01
9.663016051681185825e-01
9.941479912726651769e-01
1.006310780605685684e+00
1.010471734851192460e+00
9.813450551326438065e-01
9.954282848866673472e-01
1.006950927412686658e+00
1.000869532746176516e+00
1.007911147623188342e+00
9.983089455181721750e-01
1.000229385939175319e+00
1.001189606149677003e+00
9.771841008871368084e-01
1.015912982710701629e+00
1.004070266781181830e+00
9.970286519041700046e-01
9.947881380796662620e-01
1.026795478429719966e+00
1.018153496535205482e+00
9.979888721146716879e-01
9.906271838341592639e-01
9.855060093781506936e-01
9.973487253076706027e-01
9.842257157641486343e-01
1.027755698640221427e+00
9.938279178691646898e-01
1.017513349728204286e+00
1.013992542289698484e+00
9.717428530276276399e-01
9.845457891676491213e-01
1.031916652885728425e+00
9.634209445366137547e-01
1.008231221026688829e+00
1.007271000816187145e+00
9.871063763956534620e-01
1.012712248675696314e+00
1.000549459342676029e+00
9.851859359746502065e-01
9.746235136591324677e-01
9.883866700096555213e-01
1.015912982710701629e+00
9.931877710621636046e-01
1.014312615693198971e+00
9.919074774481614343e-01
9.909472572376598620e-01
9.819852019396447806e-01
9.928676976586631175e-01
9.864662295886523768e-01
1.013672468886197997e+00
1.014632689096699458e+00
1.008551294430189316e+00
9.864662295886523768e-01
1.019113716745706943e+00
9.839056423606480362e-01
9.842257157641486343e-01
1.002149826360178686e+00
9.781443210976383806e-01
1.005990707202184975e+00
9.784643945011389787e-01
9.970286519041700046e-01

# time bin value
-1.000000000000000000e+02
-9.900000000000000000e+01
-9.800000000000000000e+01
-9.700000000000000000e+01
-9.600000000000000000e+01
-9.500000000000000000e+01
-9.400000000000000000e+01
-9.300000000000000000e+01
-9.200000000000000000e+01
-9.100000000000000000e+01
-9.000000000000000000e+01
-8.900000000000000000e+01
-8.800000000000000000e+01
-8.700000000000000000e+01
-8.600000000000000000e+01
-8.500000000000000000e+01
-8.400000000000000000e+01
-8.300000000000000000e+01
-8.200000000000000000e+01
-8.100000000000000000e+01
-8.000000000000000000e+01
-7.900000000000000000e+01
-7.800000000000000000e+01
-7.700000000000000000e+01
-7.600000000000000000e+01
-7.500000000000000000e+01
-7.400000000000000000e+01
-7.300000000000000000e+01
-7.200000000000000000e+01
-7.100000000000000000e+01
-7.000000000000000000e+01
-6.900000000000000000e+01
-6.800000000000000000e+01
-6.700000000000000000e+01
-6.600000000000000000e+01
-6.500000000000000000e+01
-6.400000000000000000e+01
-6.300000000000000000e+01
-6.200000000000000000e+01
-6.100000000000000000e+01
-6.000000000000000000e+01
-5.900000000000000000e+01
-5.800000000000000000e+01
-5.700000000000000000e+01
-5.600000000000000000e+01
-5.500000000000000000e+01
-5.400000000000000000e+01
-5.300000000000000000e+01
-5.200000000000000000e+01
-5.100000000000000000e+01
-5.000000000000000000e+01
-4.900000000000000000e+01
-4.800000000000000000e+01
-4.700000000000000000e+01
-4.600000000000000000e+01
-4.500000000000000000e+01
-4.400000000000000000e+01
-4.300000000000000000e+01
-4.200000000000000000e+01
-4.100000000000000000e+01
-4.000000000000000000e+01
-3.900000000000000000e+01
-3.800000000000000000e+01
-3.700000000000000000e+01
-3.600000000000000000e+01
-3.500000000000000000e+01
-3.400000000000000000e+01
-3.300000000000000000e+01
-3.200000000000000000e+01
-3.100000000000000000e+01
-3.000000000000000000e+01
-2.900000000000000000e+01
-2.800000000000000000e+01
-2.700000000000000000e+01
-2.600000000000000000e+01
-2.500000000000000000e+01
-2.400000000000000000e+01
-2.300000000000000000e+01
-2.200000000000000000e+01
-2.100000000000000000e+01
-2.000000000000000000e+01
-1.900000000000000000e+01
-1.800000000000000000e+01
-1.700000000000000000e+01
-1.600000000000000000e+01
-1.500000000000000000e+01
-1.400000000000000000e+01
-1.300000000000000000e+01
-1.200000000000000000e+01
-1.100000000000000000e+01
-1.000000000000000000e+01
-9.000000000000000000e+00
-8.000000000000000000e+00
-7.000000000000000000e+00
-6.000000000000000000e+00
-5.000000000000000000e+00
-4.000000000000000000e+00
-3.000000000000000000e+00
-2.000000000000000000e+00
-1.000000000000000000e+00
0.000000000000000000e+00
1.000000000000000000e+00
2.000000000000000000e+00
3.000000000000000000e+00
4.000000000000000000e+00
5.000000000000000000e+00
6.000000000000000000e+00
7.000000000000000000e+00
8.000000000000000000e+00
9.000000000000000000e+00
1.000000000000000000e+01
1.100000000000000000e+01
1.200000000000000000e+01
1.300000000000000000e+01
1.400000000000000000e+01
1.500000000000000000e+01
1.600000000000000000e+01
1.700000000000000000e+01
1.800000000000000000e+01
1.900000000000000000e+01
2.000000000000000000e+01
2.100000000000000000e+01
2.200000000000000000e+01
2.300000000000000000e+01
2.400000000000000000e+01
2.500000000000000000e+01
2.600000000000000000e+01
2.700000000000000000e+01
2.800000000000000000e+01
2.900000000000000000e+01
3.000000000000000000e+01
3.100000000000000000e+01
3.200000000000000000e+01
3.300000000000000000e+01
3.400000000000000000e+01
3.500000000000000000e+01
3.600000000000000000e+01
3.700000000000000000e+01
3.800000000000000000e+01
3.900000000000000000e+01
4.000000000000000000e+01
4.100000000000000000e+01
4.200000000000000000e+01
4.300000000000000000e+01
4.400000000000000000e+01
4.500000000000000000e+01
4.600000000000000000e+01
4.700000000000000000e+01
4.800000000000000000e+01
4.900000000000000000e+01
5.000000000000000000e+01
5.100000000000000000e+01
5.200000000000000000e+01
5.300000000000000000e+01
5.400000000000000000e+01
5.500000000000000000e+01
5.600000000000000000e+01
5.700000000000000000e+01
5.800000000000000000e+01
5.900000000000000000e+01
6.000000000000000000e+01
6.100000000000000000e+01
6.200000000000000000e+01
6.300000000000000000e+01
6.400000000000000000e+01
6.500000000000000000e+01
6.600000000000000000e+01
6.700000000000000000e+01
6.800000000000000000e+01
6.900000000000000000e+01
7.000000000000000000e+01
7.100000000000000000e+01
7.200000000000000000e+01
7.300000000000000000e+01
7.400000000000000000e+01
7.500000000000000000e+01
7.600000000000000000e+01
7.700000000000000000e+01
7.800000000000000000e+01
7.900000000000000000e+01
8.000000000000000000e+01
8.100000000000000000e+01
8.200000000000000000e+01
8.300000000000000000e+01
8.400000000000000000e+01
8.500000000000000000e+01
8.600000000000000000e+01
8.700000000000000000e+01
8.800000000000000000e+01
8.900000000000000000e+01
9.000000000000000000e+01
9.100000000000000000e+01
9.200000000000000000e+01
9.300000000000000000e+01
9.400000000000000000e+01
9.500000000000000000e+01
9.600000000000000000e+01
9.700000000000000000e+01
9.800000000000000000e+01
9.900000000000000000e+01
