single photon fraction:    0.0619
laser fraction:    0.3186
thermal source fraction:    0.3540
non-detected fraction:    0.2655
number of bins:  200.0000
bin width (ns):    1.0000
average detection events per bin: 5000.0000

# binary result
0.000000000000000000e+00

# g2 signal
9.991703212042194471e-01
9.885030224013273692e-01
1.004093689882477269e+00
9.734593958844283135e-01
9.545864826177732354e-01
9.945204730080869915e-01
1.014487468203243870e+00
1.015034509167494603e+00
1.009837620007111525e+00
1.013940427238992914e+00
9.999908826505956583e-01
9.786562850448116135e-01
1.015034509167494603e+00
1.011205222417738581e+00
1.002999607953975580e+00
1.005461292293104325e+00
1.009564099524985936e+00
9.915117477047071803e-01
9.827590922766932247e-01
1.007102415185856970e+00
9.906911862583308581e-01
1.009017058560735203e+00
9.709977115452994578e-01
1.001358485061222936e+00
1.006828894703731603e+00
9.972556778293413249e-01
1.003273128436100947e+00
1.006828894703731603e+00
9.994438416863448138e-01
9.947939934902123582e-01
1.012846345310491225e+00
1.010384660971362258e+00
1.041018954969411103e+00
1.013393386274742181e+00
9.770151621520590801e-01
1.006008333257355281e+00
9.887765428834528469e-01
9.991703212042194471e-01
1.017769713988749158e+00
1.006281853739480647e+00
1.007649456150107925e+00
1.013666906756867547e+00
1.003820169400351903e+00
9.890500633655782137e-01
9.999908826505956583e-01
9.863148585443238803e-01
1.005461292293104325e+00
1.015855070613870925e+00
9.745534778129301134e-01
1.009017058560735203e+00
1.025975328452512159e+00
9.942469525259615137e-01
1.009564099524985936e+00
9.879559814370765247e-01
9.833061332409440691e-01
9.868618995085747247e-01
1.008470017596484247e+00
1.007922976632233292e+00
9.975291983114668026e-01
9.975291983114668026e-01
1.000811444096971980e+00
1.009837620007111525e+00
9.898706248119545359e-01
1.014213947721118503e+00
9.931528705974598248e-01
1.010384660971362258e+00
9.912382272225817026e-01
9.906911862583308581e-01
9.830326127588185914e-01
1.016402111578121881e+00
9.988968007220939693e-01
9.969821573472158471e-01
9.838531742051949136e-01
1.011752263381989536e+00
9.674419452776688022e-01
9.783827645626862468e-01
1.007102415185856970e+00
9.778357235984354023e-01
9.625185765994108689e-01
9.792033260090625690e-01
1.026248848934637525e+00
1.012025783864114903e+00
9.978027187935921694e-01
1.006828894703731603e+00
9.794768464911879358e-01
9.898706248119545359e-01
1.015855070613870925e+00
9.712712320274248246e-01
9.704506705810486134e-01
9.882295019192018914e-01
1.014760988685369236e+00
1.016949152542372836e+00
1.010111140489236892e+00
1.012299304346240270e+00
9.978027187935921694e-01
1.000264403132721247e+00
9.939734320438361470e-01
1.016402111578121881e+00
1.028437012791641125e+00
9.980762392757176471e-01
1.378269709430074430e+00
1.015855070613870925e+00
9.964351163829650027e-01
1.019957877845752536e+00
9.811179693839405802e-01
9.928793501153343470e-01
9.726388344380521023e-01
9.947939934902123582e-01
9.764681211878081246e-01
1.006828894703731603e+00
1.015308029649620192e+00
1.013119865792616592e+00
1.003546648918226314e+00
9.901441452940800136e-01
9.874089404728256802e-01
9.923323091510835026e-01
1.002452566989724625e+00
9.928793501153343470e-01
1.015581550131745558e+00
9.912382272225817026e-01
1.009290579042860569e+00
9.805709284196897357e-01
1.009017058560735203e+00
1.004640730846728225e+00
9.874089404728256802e-01
9.805709284196897357e-01
9.844002151694458691e-01
1.027616451345264803e+00
1.001084964579097347e+00
1.017496193506623570e+00
9.909647067404563359e-01
9.677154657597941689e-01
9.679889862419196467e-01
9.879559814370765247e-01
1.022693082667006870e+00
9.972556778293413249e-01
9.885030224013273692e-01
1.027889971827390170e+00
9.964351163829650027e-01
1.012299304346240270e+00
1.022693082667006870e+00
1.007375935667982558e+00
9.805709284196897357e-01
1.001358485061222936e+00
9.947939934902123582e-01
9.838531742051949136e-01
9.980762392757176471e-01
1.019137316399376214e+00
9.939734320438361470e-01
9.778357235984354023e-01
9.898706248119545359e-01
1.000811444096971980e+00
1.009564099524985936e+00
1.011752263381989536e+00
9.986232802399684916e-01
9.841266946873203914e-01
1.000264403132721247e+00
9.915117477047071803e-01
1.021325480256379814e+00
9.786562850448116135e-01
1.010384660971362258e+00
1.016675632060247247e+00
1.004367210364602636e+00
1.001632005543348303e+00
9.761946007056827579e-01
1.010111140489236892e+00
9.729123549201774690e-01
9.742799573308046357e-01
9.964351163829650027e-01
9.860413380621984025e-01
9.950675139723378360e-01
9.658008223849161578e-01
9.811179693839405802e-01
9.800238874554388913e-01
9.833061332409440691e-01
1.017496193506623570e+00
9.978027187935921694e-01
1.021872521220630547e+00
1.000264403132721247e+00
1.008196497114358881e+00
9.854942970979475581e-01
1.002179046507599258e+00
1.000537923614846614e+00
9.947939934902123582e-01
1.006281853739480647e+00
9.936999115617106693e-01
9.972556778293413249e-01
9.838531742051949136e-01
9.824855717945677469e-01
1.006281853739480647e+00
9.983497597578431249e-01
9.797503669733134135e-01
9.942469525259615137e-01
9.751005187771809579e-01
9.668949043134178467e-01
9.783827645626862468e-01
9.975291983114668026e-01
9.928793501153343470e-01
9.997173621684702916e-01
9.956145549365886804e-01

# time bin value
-1.000000000000000000e+02
-9.900000000000000000e+01
-9.800000000000000000e+01
-9.700000000000000000e+01
-9.600000000000000000e+01
-9.500000000000000000e+01
-9.400000000000000000e+01
-9.300000000000000000e+01
-9.200000000000000000e+01
-9.100000000000000000e+01
-9.000000000000000000e+01
-8.900000000000000000e+01
-8.800000000000000000e+01
-8.700000000000000000e+01
-8.600000000000000000e+01
-8.500000000000000000e+01
-8.400000000000000000e+01
-8.300000000000000000e+01
-8.200000000000000000e+01
-8.100000000000000000e+01
-8.000000000000000000e+01
-7.900000000000000000e+01
-7.800000000000000000e+01
-7.700000000000000000e+01
-7.600000000000000000e+01
-7.500000000000000000e+01
-7.400000000000000000e+01
-7.300000000000000000e+01
-7.200000000000000000e+01
-7.100000000000000000e+01
-7.000000000000000000e+01
-6.900000000000000000e+01
-6.800000000000000000e+01
-6.700000000000000000e+01
-6.600000000000000000e+01
-6.500000000000000000e+01
-6.400000000000000000e+01
-6.300000000000000000e+01
-6.200000000000000000e+01
-6.100000000000000000e+01
-6.000000000000000000e+01
-5.900000000000000000e+01
-5.800000000000000000e+01
-5.700000000000000000e+01
-5.600000000000000000e+01
-5.500000000000000000e+01
-5.400000000000000000e+01
-5.300000000000000000e+01
-5.200000000000000000e+01
-5.100000000000000000e+01
-5.000000000000000000e+01
-4.900000000000000000e+01
-4.800000000000000000e+01
-4.700000000000000000e+01
-4.600000000000000000e+01
-4.500000000000000000e+01
-4.400000000000000000e+01
-4.300000000000000000e+01
-4.200000000000000000e+01
-4.100000000000000000e+01
-4.000000000000000000e+01
-3.900000000000000000e+01
-3.800000000000000000e+01
-3.700000000000000000e+01
-3.600000000000000000e+01
-3.500000000000000000e+01
-3.400000000000000000e+01
-3.300000000000000000e+01
-3.200000000000000000e+01
-3.100000000000000000e+01
-3.000000000000000000e+01
-2.900000000000000000e+01
-2.800000000000000000e+01
-2.700000000000000000e+01
-2.600000000000000000e+01
-2.500000000000000000e+01
-2.400000000000000000e+01
-2.300000000000000000e+01
-2.200000000000000000e+01
-2.100000000000000000e+01
-2.000000000000000000e+01
-1.900000000000000000e+01
-1.800000000000000000e+01
-1.700000000000000000e+01
-1.600000000000000000e+01
-1.500000000000000000e+01
-1.400000000000000000e+01
-1.300000000000000000e+01
-1.200000000000000000e+01
-1.100000000000000000e+01
-1.000000000000000000e+01
-9.000000000000000000e+00
-8.000000000000000000e+00
-7.000000000000000000e+00
-6.000000000000000000e+00
-5.000000000000000000e+00
-4.000000000000000000e+00
-3.000000000000000000e+00
-2.000000000000000000e+00
-1.000000000000000000e+00
0.000000000000000000e+00
1.000000000000000000e+00
2.000000000000000000e+00
3.000000000000000000e+00
4.000000000000000000e+00
5.000000000000000000e+00
6.000000000000000000e+00
7.000000000000000000e+00
8.000000000000000000e+00
9.000000000000000000e+00
1.000000000000000000e+01
1.100000000000000000e+01
1.200000000000000000e+01
1.300000000000000000e+01
1.400000000000000000e+01
1.500000000000000000e+01
1.600000000000000000e+01
1.700000000000000000e+01
1.800000000000000000e+01
1.900000000000000000e+01
2.000000000000000000e+01
2.100000000000000000e+01
2.200000000000000000e+01
2.300000000000000000e+01
2.400000000000000000e+01
2.500000000000000000e+01
2.600000000000000000e+01
2.700000000000000000e+01
2.800000000000000000e+01
2.900000000000000000e+01
3.000000000000000000e+01
3.100000000000000000e+01
3.200000000000000000e+01
3.300000000000000000e+01
3.400000000000000000e+01
3.500000000000000000e+01
3.600000000000000000e+01
3.700000000000000000e+01
3.800000000000000000e+01
3.900000000000000000e+01
4.000000000000000000e+01
4.100000000000000000e+01
4.200000000000000000e+01
4.300000000000000000e+01
4.400000000000000000e+01
4.500000000000000000e+01
4.600000000000000000e+01
4.700000000000000000e+01
4.800000000000000000e+01
4.900000000000000000e+01
5.000000000000000000e+01
5.100000000000000000e+01
5.200000000000000000e+01
5.300000000000000000e+01
5.400000000000000000e+01
5.500000000000000000e+01
5.600000000000000000e+01
5.700000000000000000e+01
5.800000000000000000e+01
5.900000000000000000e+01
6.000000000000000000e+01
6.100000000000000000e+01
6.200000000000000000e+01
6.300000000000000000e+01
6.400000000000000000e+01
6.500000000000000000e+01
6.600000000000000000e+01
6.700000000000000000e+01
6.800000000000000000e+01
6.900000000000000000e+01
7.000000000000000000e+01
7.100000000000000000e+01
7.200000000000000000e+01
7.300000000000000000e+01
7.400000000000000000e+01
7.500000000000000000e+01
7.600000000000000000e+01
7.700000000000000000e+01
7.800000000000000000e+01
7.900000000000000000e+01
8.000000000000000000e+01
8.100000000000000000e+01
8.200000000000000000e+01
8.300000000000000000e+01
8.400000000000000000e+01
8.500000000000000000e+01
8.600000000000000000e+01
8.700000000000000000e+01
8.800000000000000000e+01
8.900000000000000000e+01
9.000000000000000000e+01
9.100000000000000000e+01
9.200000000000000000e+01
9.300000000000000000e+01
9.400000000000000000e+01
9.500000000000000000e+01
9.600000000000000000e+01
9.700000000000000000e+01
9.800000000000000000e+01
9.900000000000000000e+01
