single photon fraction:    0.5052
laser fraction:    0.1495
thermal source fraction:    0.2732
non-detected fraction:    0.0722
number of bins:  200.0000
bin width (ns):    1.0000
average detection events per bin: 5000.0000

# binary result
0.000000000000000000e+00

# g2 signal
9.967962951214870415e-01
1.025992975494973702e+00
9.890105136885571913e-01
1.005879706793238348e+00
9.959312082956058854e-01
1.008907510683822339e+00
1.006528521912649188e+00
9.788457434844543004e-01
1.022100084778508888e+00
9.887942419820868745e-01
1.042645896893184876e+00
1.000905457544422061e+00
1.021667541365568255e+00
1.005663435086768143e+00
9.911732307532599151e-01
1.008042423857941072e+00
9.909569590467895983e-01
1.012367857987346520e+00
1.010421412629114224e+00
1.014098031639108832e+00
9.952823931761950460e-01
9.753853961809300088e-01
9.933359478179626390e-01
9.861989815044436281e-01
1.003933261435006052e+00
1.014963118464989877e+00
1.018639737474984486e+00
9.900918722209085532e-01
9.905244156338490757e-01
9.980939253603086092e-01
1.009988869216173590e+00
1.011719042867935903e+00
9.745203093550488527e-01
9.961474800020762022e-01
9.926871326985517996e-01
1.005879706793238348e+00
1.014098031639108832e+00
1.019072280887925119e+00
1.009772597509703385e+00
1.004798348260887098e+00
9.933359478179626390e-01
1.014746846758519672e+00
1.020802454539687210e+00
1.021451269659098049e+00
1.022100084778508888e+00
1.004798348260887098e+00
9.972288385344275641e-01
1.003284446315595213e+00
9.686809732803515205e-01
1.002851902902654579e+00
9.801433737232759791e-01
9.922545892856112770e-01
1.016693292116752190e+00
1.003716989728535625e+00
9.829549059073895423e-01
1.002203087783243740e+00
9.898756005144382364e-01
1.005014619967357303e+00
9.970125668279572473e-01
9.807921888426868184e-01
9.954986648826653628e-01
9.916057741662004377e-01
9.682484298674109979e-01
9.738714942356381243e-01
9.758179395938705314e-01
9.903081439273787590e-01
1.014098031639108832e+00
1.005663435086768143e+00
9.916057741662004377e-01
9.836037210268003816e-01
9.926871326985517996e-01
9.756016678874002146e-01
9.861989815044436281e-01
1.011286499454995269e+00
9.849013512656219493e-01
9.963637517085464079e-01
1.004149533141476258e+00
1.007177337032060027e+00
1.018856009181454914e+00
9.619765503797730322e-01
9.879291551562058293e-01
1.021667541365568255e+00
9.976613819473680866e-01
1.018423465768514280e+00
9.829549059073895423e-01
1.011286499454995269e+00
1.001554272663832901e+00
9.931196761114923222e-01
1.009340054096762751e+00
9.991752838926599711e-01
9.892267853950273970e-01
9.950661214697248402e-01
9.983101970667789260e-01
9.892267853950273970e-01
1.001121729250892489e+00
9.935522195244328447e-01
9.993915555991302879e-01
1.013665488226168199e+00
9.939847629373734783e-01
1.003068174609125007e+00
7.770642413476899213e-01
1.000905457544422061e+00
1.000256642425011444e+00
1.011719042867935903e+00
9.942010346438436841e-01
1.011719042867935903e+00
1.026641790614384542e+00
1.007826152151470867e+00
9.976613819473680866e-01
9.993915555991302879e-01
1.012800401400287154e+00
1.021883813072038683e+00
1.005230891673827731e+00
9.935522195244328447e-01
1.027290605733795381e+00
9.730064074097569682e-01
1.004365804847946464e+00
9.874966117432653068e-01
9.887942419820868745e-01
1.005879706793238348e+00
9.881454268626760351e-01
1.006528521912649188e+00
1.000256642425011444e+00
9.983101970667789260e-01
1.014530575052049244e+00
9.989590121861897654e-01
1.017125835529692601e+00
1.005663435086768143e+00
9.684647015738813147e-01
9.961474800020762022e-01
9.985264687732491318e-01
1.023830258430270979e+00
9.961474800020762022e-01
1.003933261435006052e+00
9.907406873403193925e-01
1.007177337032060027e+00
1.005230891673827731e+00
9.952823931761950460e-01
1.025992975494973702e+00
9.842525361462112210e-01
9.922545892856112770e-01
9.950661214697248402e-01
9.745203093550488527e-01
9.967962951214870415e-01
9.751691244744596920e-01
9.859827097979733113e-01
9.970125668279572473e-01
9.833874493203300649e-01
9.773318415391624159e-01
9.896593288079680306e-01
1.003068174609125007e+00
1.011719042867935903e+00
9.885779702756166687e-01
9.801433737232759791e-01
9.760342113003408482e-01
9.872803400367949900e-01
9.727901357032867624e-01
9.751691244744596920e-01
1.013449216519697993e+00
9.892267853950273970e-01
9.961474800020762022e-01
1.003933261435006052e+00
1.018856009181454914e+00
9.885779702756166687e-01
1.000905457544422061e+00
9.671670713350596360e-01
9.833874493203300649e-01
1.027939420853206220e+00
9.965800234150167247e-01
9.967962951214870415e-01
1.007609880445000661e+00
1.009123782390292545e+00
9.909569590467895983e-01
9.937684912309031615e-01
1.004149533141476258e+00
1.013016673106757359e+00
1.013232944813227787e+00
1.013881759932638627e+00
1.013881759932638627e+00
1.008258695564411500e+00
9.818735473750381804e-01
1.026209247201444130e+00
1.012800401400287154e+00
1.007826152151470867e+00
1.001986816076773534e+00
9.942010346438436841e-01
9.870640683303246732e-01
9.944173063503140009e-01
9.952823931761950460e-01
1.026641790614384542e+00
9.794945586038651397e-01
1.029885866211438739e+00
9.781969283650435720e-01
1.012584129693816948e+00
9.993915555991302879e-01
9.885779702756166687e-01
9.881454268626760351e-01
9.926871326985517996e-01
1.013449216519697993e+00
1.010205140922643796e+00

# time bin value
-1.000000000000000000e+02
-9.900000000000000000e+01
-9.800000000000000000e+01
-9.700000000000000000e+01
-9.600000000000000000e+01
-9.500000000000000000e+01
-9.400000000000000000e+01
-9.300000000000000000e+01
-9.200000000000000000e+01
-9.100000000000000000e+01
-9.000000000000000000e+01
-8.900000000000000000e+01
-8.800000000000000000e+01
-8.700000000000000000e+01
-8.600000000000000000e+01
-8.500000000000000000e+01
-8.400000000000000000e+01
-8.300000000000000000e+01
-8.200000000000000000e+01
-8.100000000000000000e+01
-8.000000000000000000e+01
-7.900000000000000000e+01
-7.800000000000000000e+01
-7.700000000000000000e+01
-7.600000000000000000e+01
-7.500000000000000000e+01
-7.400000000000000000e+01
-7.300000000000000000e+01
-7.200000000000000000e+01
-7.100000000000000000e+01
-7.000000000000000000e+01
-6.900000000000000000e+01
-6.800000000000000000e+01
-6.700000000000000000e+01
-6.600000000000000000e+01
-6.500000000000000000e+01
-6.400000000000000000e+01
-6.300000000000000000e+01
-6.200000000000000000e+01
-6.100000000000000000e+01
-6.000000000000000000e+01
-5.900000000000000000e+01
-5.800000000000000000e+01
-5.700000000000000000e+01
-5.600000000000000000e+01
-5.500000000000000000e+01
-5.400000000000000000e+01
-5.300000000000000000e+01
-5.200000000000000000e+01
-5.100000000000000000e+01
-5.000000000000000000e+01
-4.900000000000000000e+01
-4.800000000000000000e+01
-4.700000000000000000e+01
-4.600000000000000000e+01
-4.500000000000000000e+01
-4.400000000000000000e+01
-4.300000000000000000e+01
-4.200000000000000000e+01
-4.100000000000000000e+01
-4.000000000000000000e+01
-3.900000000000000000e+01
-3.800000000000000000e+01
-3.700000000000000000e+01
-3.600000000000000000e+01
-3.500000000000000000e+01
-3.400000000000000000e+01
-3.300000000000000000e+01
-3.200000000000000000e+01
-3.100000000000000000e+01
-3.000000000000000000e+01
-2.900000000000000000e+01
-2.800000000000000000e+01
-2.700000000000000000e+01
-2.600000000000000000e+01
-2.500000000000000000e+01
-2.400000000000000000e+01
-2.300000000000000000e+01
-2.200000000000000000e+01
-2.100000000000000000e+01
-2.000000000000000000e+01
-1.900000000000000000e+01
-1.800000000000000000e+01
-1.700000000000000000e+01
-1.600000000000000000e+01
-1.500000000000000000e+01
-1.400000000000000000e+01
-1.300000000000000000e+01
-1.200000000000000000e+01
-1.100000000000000000e+01
-1.000000000000000000e+01
-9.000000000000000000e+00
-8.000000000000000000e+00
-7.000000000000000000e+00
-6.000000000000000000e+00
-5.000000000000000000e+00
-4.000000000000000000e+00
-3.000000000000000000e+00
-2.000000000000000000e+00
-1.000000000000000000e+00
0.000000000000000000e+00
1.000000000000000000e+00
2.000000000000000000e+00
3.000000000000000000e+00
4.000000000000000000e+00
5.000000000000000000e+00
6.000000000000000000e+00
7.000000000000000000e+00
8.000000000000000000e+00
9.000000000000000000e+00
1.000000000000000000e+01
1.100000000000000000e+01
1.200000000000000000e+01
1.300000000000000000e+01
1.400000000000000000e+01
1.500000000000000000e+01
1.600000000000000000e+01
1.700000000000000000e+01
1.800000000000000000e+01
1.900000000000000000e+01
2.000000000000000000e+01
2.100000000000000000e+01
2.200000000000000000e+01
2.300000000000000000e+01
2.400000000000000000e+01
2.500000000000000000e+01
2.600000000000000000e+01
2.700000000000000000e+01
2.800000000000000000e+01
2.900000000000000000e+01
3.000000000000000000e+01
3.100000000000000000e+01
3.200000000000000000e+01
3.300000000000000000e+01
3.400000000000000000e+01
3.500000000000000000e+01
3.600000000000000000e+01
3.700000000000000000e+01
3.800000000000000000e+01
3.900000000000000000e+01
4.000000000000000000e+01
4.100000000000000000e+01
4.200000000000000000e+01
4.300000000000000000e+01
4.400000000000000000e+01
4.500000000000000000e+01
4.600000000000000000e+01
4.700000000000000000e+01
4.800000000000000000e+01
4.900000000000000000e+01
5.000000000000000000e+01
5.100000000000000000e+01
5.200000000000000000e+01
5.300000000000000000e+01
5.400000000000000000e+01
5.500000000000000000e+01
5.600000000000000000e+01
5.700000000000000000e+01
5.800000000000000000e+01
5.900000000000000000e+01
6.000000000000000000e+01
6.100000000000000000e+01
6.200000000000000000e+01
6.300000000000000000e+01
6.400000000000000000e+01
6.500000000000000000e+01
6.600000000000000000e+01
6.700000000000000000e+01
6.800000000000000000e+01
6.900000000000000000e+01
7.000000000000000000e+01
7.100000000000000000e+01
7.200000000000000000e+01
7.300000000000000000e+01
7.400000000000000000e+01
7.500000000000000000e+01
7.600000000000000000e+01
7.700000000000000000e+01
7.800000000000000000e+01
7.900000000000000000e+01
8.000000000000000000e+01
8.100000000000000000e+01
8.200000000000000000e+01
8.300000000000000000e+01
8.400000000000000000e+01
8.500000000000000000e+01
8.600000000000000000e+01
8.700000000000000000e+01
8.800000000000000000e+01
8.900000000000000000e+01
9.000000000000000000e+01
9.100000000000000000e+01
9.200000000000000000e+01
9.300000000000000000e+01
9.400000000000000000e+01
9.500000000000000000e+01
9.600000000000000000e+01
9.700000000000000000e+01
9.800000000000000000e+01
9.900000000000000000e+01
