single photon fraction:    0.5052
laser fraction:    0.1495
thermal source fraction:    0.2732
non-detected fraction:    0.0722
number of bins:  200.0000
bin width (ns):    1.0000
average detection events per bin: 5000.0000

# binary result
0.000000000000000000e+00

# g2 signal
1.002754741368417024e+00
1.007303855554793515e+00
9.780595500709445833e-01
1.010986471800907838e+00
1.005354235189203527e+00
9.956061333612539199e-01
9.973391292417782550e-01
9.860746560183698550e-01
9.847749091079766037e-01
1.004054488278810275e+00
1.002104867913220287e+00
1.015102337017153245e+00
9.938731374807295849e-01
9.923567660852706807e-01
1.018784953263267345e+00
9.878076518988941901e-01
9.953895088761883780e-01
1.008820226950252197e+00
1.009686724890514586e+00
1.009036851435317850e+00
9.834751621975832414e-01
9.919235171151395969e-01
9.789260480112068619e-01
9.791426724962724037e-01
9.765431786754857901e-01
9.982056271820405335e-01
9.949562599060572943e-01
9.761099297053547064e-01
9.698278196384538807e-01
9.932232640255329592e-01
1.007953729009990029e+00
1.007520480039858946e+00
9.995053740924337848e-01
1.012936092166497604e+00
1.006870606584662431e+00
1.007087231069727862e+00
1.033732042732790291e+00
9.923567660852706807e-01
9.745935583098959132e-01
9.921401416002051388e-01
1.011203096285973269e+00
1.023983940904840573e+00
1.016835332897677580e+00
1.006653982099596778e+00
1.026583434725627075e+00
9.969058802716471712e-01
9.960393823313850037e-01
9.960393823313850037e-01
1.004704361734006790e+00
1.022034320539250585e+00
1.007303855554793515e+00
1.011203096285973269e+00
1.027016683695758159e+00
1.005354235189203527e+00
1.003621239308679192e+00
9.947396354209917524e-01
1.014452463561956508e+00
9.897572722644841781e-01
1.015968834957415412e+00
1.000155247547630522e+00
9.953895088761883780e-01
9.778429255858790414e-01
9.882409008690253849e-01
9.700444441235194226e-01
9.784927990410756671e-01
9.986388761521716173e-01
9.678781992728638928e-01
1.004920986219072443e+00
1.007953729009990029e+00
1.016185459442480843e+00
9.878076518988941901e-01
9.951728843911228362e-01
1.005570859674269180e+00
9.925733905703362225e-01
1.012502843196366520e+00
1.017268581867808663e+00
9.910570191748774294e-01
9.940897619657951267e-01
9.901905212346152618e-01
9.795759214664034875e-01
9.737270603696336346e-01
1.014235839076891077e+00
1.006437357614531347e+00
1.000155247547630522e+00
1.002321492398285940e+00
1.028749679576282716e+00
9.845582846229110618e-01
1.001671618943089204e+00
1.020517949143791903e+00
1.002104867913220287e+00
1.032648920307462470e+00
1.005137610704138096e+00
1.006653982099596778e+00
1.001671618943089204e+00
9.992887496073682430e-01
9.808756683767967388e-01
1.034165291702921374e+00
9.834751621975832414e-01
9.906237702047463456e-01
9.966892557865816293e-01
7.562360773638244771e-01
1.007737104524924598e+00
1.006870606584662431e+00
9.960393823313850037e-01
1.010986471800907838e+00
1.023767316419775142e+00
9.821754152871899901e-01
9.921401416002051388e-01
9.940897619657951267e-01
1.019001577748332998e+00
1.025716936785364908e+00
1.008386977980121113e+00
9.880242763839597320e-01
1.011852969741170005e+00
1.027883181636020327e+00
9.791426724962724037e-01
1.002104867913220287e+00
1.016185459442480843e+00
1.022467569509381669e+00
9.988555006372371592e-01
1.013369341136628687e+00
9.856414070482387713e-01
9.932232640255329592e-01
1.005787484159334610e+00
1.001238369972958120e+00
1.002754741368417024e+00
9.999386230625648686e-01
9.802257949216001132e-01
1.003837863793744622e+00
1.002754741368417024e+00
1.004271112763875706e+00
1.026366810240561644e+00
9.943063864508606686e-01
9.953895088761883780e-01
1.018351704293136262e+00
9.828252887423866158e-01
9.969058802716471712e-01
1.001021745487892689e+00
1.027449932665889243e+00
9.880242763839597320e-01
1.014669088047022161e+00
1.005354235189203527e+00
9.878076518988941901e-01
9.791426724962724037e-01
1.008603602465186766e+00
1.029832802001610315e+00
1.033948667217855721e+00
1.006870606584662431e+00
9.854247825631732294e-01
1.018351704293136262e+00
9.975557537268437969e-01
9.921401416002051388e-01
9.843416601378455200e-01
9.940897619657951267e-01
1.015318961502218675e+00
9.992887496073682430e-01
1.004054488278810275e+00
1.012936092166497604e+00
9.901905212346152618e-01
9.966892557865816293e-01
9.849915335930421456e-01
1.031999046852265733e+00
1.002971365853482455e+00
1.010769847315842185e+00
9.841250356527799781e-01
1.007087231069727862e+00
9.830419132274521576e-01
1.019001577748332998e+00
1.009686724890514586e+00
1.008820226950252197e+00
9.977723782119094498e-01
9.977723782119094498e-01
1.014669088047022161e+00
9.956061333612539199e-01
9.869411539586320226e-01
1.014235839076891077e+00
1.003404614823613539e+00
9.914902681450085131e-01
1.009903349375580017e+00
9.958227578463194618e-01
9.628958361163563184e-01
1.005137610704138096e+00
1.001238369972958120e+00
9.910570191748774294e-01
1.007520480039858946e+00
1.009036851435317850e+00
9.800091704365345713e-01
9.979890026969749917e-01
1.010553222830776754e+00
1.002538116883351371e+00
1.031782422367200303e+00
1.005137610704138096e+00
1.020734573628857333e+00
1.001238369972958120e+00
1.011419720771038921e+00
1.011203096285973269e+00
1.005787484159334610e+00
1.009036851435317850e+00
9.813089173469278226e-01
9.977723782119094498e-01

# time bin value
-1.000000000000000000e+02
-9.900000000000000000e+01
-9.800000000000000000e+01
-9.700000000000000000e+01
-9.600000000000000000e+01
-9.500000000000000000e+01
-9.400000000000000000e+01
-9.300000000000000000e+01
-9.200000000000000000e+01
-9.100000000000000000e+01
-9.000000000000000000e+01
-8.900000000000000000e+01
-8.800000000000000000e+01
-8.700000000000000000e+01
-8.600000000000000000e+01
-8.500000000000000000e+01
-8.400000000000000000e+01
-8.300000000000000000e+01
-8.200000000000000000e+01
-8.100000000000000000e+01
-8.000000000000000000e+01
-7.900000000000000000e+01
-7.800000000000000000e+01
-7.700000000000000000e+01
-7.600000000000000000e+01
-7.500000000000000000e+01
-7.400000000000000000e+01
-7.300000000000000000e+01
-7.200000000000000000e+01
-7.100000000000000000e+01
-7.000000000000000000e+01
-6.900000000000000000e+01
-6.800000000000000000e+01
-6.700000000000000000e+01
-6.600000000000000000e+01
-6.500000000000000000e+01
-6.400000000000000000e+01
-6.300000000000000000e+01
-6.200000000000000000e+01
-6.100000000000000000e+01
-6.000000000000000000e+01
-5.900000000000000000e+01
-5.800000000000000000e+01
-5.700000000000000000e+01
-5.600000000000000000e+01
-5.500000000000000000e+01
-5.400000000000000000e+01
-5.300000000000000000e+01
-5.200000000000000000e+01
-5.100000000000000000e+01
-5.000000000000000000e+01
-4.900000000000000000e+01
-4.800000000000000000e+01
-4.700000000000000000e+01
-4.600000000000000000e+01
-4.500000000000000000e+01
-4.400000000000000000e+01
-4.300000000000000000e+01
-4.200000000000000000e+01
-4.100000000000000000e+01
-4.000000000000000000e+01
-3.900000000000000000e+01
-3.800000000000000000e+01
-3.700000000000000000e+01
-3.600000000000000000e+01
-3.500000000000000000e+01
-3.400000000000000000e+01
-3.300000000000000000e+01
-3.200000000000000000e+01
-3.100000000000000000e+01
-3.000000000000000000e+01
-2.900000000000000000e+01
-2.800000000000000000e+01
-2.700000000000000000e+01
-2.600000000000000000e+01
-2.500000000000000000e+01
-2.400000000000000000e+01
-2.300000000000000000e+01
-2.200000000000000000e+01
-2.100000000000000000e+01
-2.000000000000000000e+01
-1.900000000000000000e+01
-1.800000000000000000e+01
-1.700000000000000000e+01
-1.600000000000000000e+01
-1.500000000000000000e+01
-1.400000000000000000e+01
-1.300000000000000000e+01
-1.200000000000000000e+01
-1.100000000000000000e+01
-1.000000000000000000e+01
-9.000000000000000000e+00
-8.000000000000000000e+00
-7.000000000000000000e+00
-6.000000000000000000e+00
-5.000000000000000000e+00
-4.000000000000000000e+00
-3.000000000000000000e+00
-2.000000000000000000e+00
-1.000000000000000000e+00
0.000000000000000000e+00
1.000000000000000000e+00
2.000000000000000000e+00
3.000000000000000000e+00
4.000000000000000000e+00
5.000000000000000000e+00
6.000000000000000000e+00
7.000000000000000000e+00
8.000000000000000000e+00
9.000000000000000000e+00
1.000000000000000000e+01
1.100000000000000000e+01
1.200000000000000000e+01
1.300000000000000000e+01
1.400000000000000000e+01
1.500000000000000000e+01
1.600000000000000000e+01
1.700000000000000000e+01
1.800000000000000000e+01
1.900000000000000000e+01
2.000000000000000000e+01
2.100000000000000000e+01
2.200000000000000000e+01
2.300000000000000000e+01
2.400000000000000000e+01
2.500000000000000000e+01
2.600000000000000000e+01
2.700000000000000000e+01
2.800000000000000000e+01
2.900000000000000000e+01
3.000000000000000000e+01
3.100000000000000000e+01
3.200000000000000000e+01
3.300000000000000000e+01
3.400000000000000000e+01
3.500000000000000000e+01
3.600000000000000000e+01
3.700000000000000000e+01
3.800000000000000000e+01
3.900000000000000000e+01
4.000000000000000000e+01
4.100000000000000000e+01
4.200000000000000000e+01
4.300000000000000000e+01
4.400000000000000000e+01
4.500000000000000000e+01
4.600000000000000000e+01
4.700000000000000000e+01
4.800000000000000000e+01
4.900000000000000000e+01
5.000000000000000000e+01
5.100000000000000000e+01
5.200000000000000000e+01
5.300000000000000000e+01
5.400000000000000000e+01
5.500000000000000000e+01
5.600000000000000000e+01
5.700000000000000000e+01
5.800000000000000000e+01
5.900000000000000000e+01
6.000000000000000000e+01
6.100000000000000000e+01
6.200000000000000000e+01
6.300000000000000000e+01
6.400000000000000000e+01
6.500000000000000000e+01
6.600000000000000000e+01
6.700000000000000000e+01
6.800000000000000000e+01
6.900000000000000000e+01
7.000000000000000000e+01
7.100000000000000000e+01
7.200000000000000000e+01
7.300000000000000000e+01
7.400000000000000000e+01
7.500000000000000000e+01
7.600000000000000000e+01
7.700000000000000000e+01
7.800000000000000000e+01
7.900000000000000000e+01
8.000000000000000000e+01
8.100000000000000000e+01
8.200000000000000000e+01
8.300000000000000000e+01
8.400000000000000000e+01
8.500000000000000000e+01
8.600000000000000000e+01
8.700000000000000000e+01
8.800000000000000000e+01
8.900000000000000000e+01
9.000000000000000000e+01
9.100000000000000000e+01
9.200000000000000000e+01
9.300000000000000000e+01
9.400000000000000000e+01
9.500000000000000000e+01
9.600000000000000000e+01
9.700000000000000000e+01
9.800000000000000000e+01
9.900000000000000000e+01
