single photon fraction:    0.1143
laser fraction:    0.2971
thermal source fraction:    0.2171
non-detected fraction:    0.3714
number of bins:  200.0000
bin width (ns):    1.0000
average detection events per bin: 5000.0000

# binary result
0.000000000000000000e+00

# g2 signal
1.006227351088907040e+00
9.723239501939850982e-01
9.943931451161511781e-01
1.020620304299015180e+00
9.819192523340573020e-01
1.036932317937138137e+00
1.015822653228979133e+00
9.895954940461151317e-01
9.915145544741295058e-01
9.950328319254894138e-01
1.008146411516921415e+00
9.675262991239489407e-01
9.601699008165602844e-01
1.006547194493575992e+00
9.979114225675109751e-01
1.018061557061662681e+00
9.780811314780284427e-01
9.963122055441656633e-01
9.908748676647913811e-01
1.012304375777619336e+00
9.780811314780284427e-01
9.809597221200501149e-01
1.014543279610302884e+00
9.828787825480646001e-01
1.041410125602505010e+00
9.707247331706397864e-01
9.899153374507841940e-01
1.014863123014972057e+00
9.879962770227697089e-01
1.016142496633648307e+00
1.038531534960483338e+00
9.959923621394966009e-01
9.937534583068130534e-01
1.012944062586957461e+00
1.024458425155044150e+00
9.975915791628419127e-01
9.710445765753088487e-01
9.956725187348275385e-01
9.908748676647913811e-01
1.033733883890447292e+00
1.010385315349604962e+00
9.956725187348275385e-01
9.915145544741295058e-01
9.963122055441656633e-01
9.988709527815182732e-01
9.991907961861873355e-01
1.012304375777619336e+00
9.857573731900861613e-01
1.019340930680338930e+00
1.011664688968281212e+00
9.643278650772582061e-01
9.636881782679200814e-01
1.000790013209532647e+00
9.662469255052726913e-01
9.908748676647913811e-01
9.873565902134315841e-01
9.956725187348275385e-01
1.013583749396295586e+00
9.940733017114821157e-01
1.024458425155044150e+00
1.019340930680338930e+00
9.931137714974749287e-01
9.979114225675109751e-01
1.015502809824310182e+00
1.014223436205633710e+00
9.601699008165602844e-01
1.012624219182288510e+00
9.857573731900861613e-01
9.963122055441656633e-01
9.835184693574027248e-01
1.005587664279568916e+00
1.001109856614201821e+00
9.934336149021439910e-01
1.022859208131698727e+00
1.032774353676439993e+00
1.011664688968281212e+00
9.924740846881368039e-01
9.764819144546830199e-01
1.017102026847655383e+00
9.668866123146108160e-01
1.026697328987727698e+00
1.002069386828208897e+00
9.838383127620717872e-01
9.886359638321078336e-01
9.966320489488347256e-01
9.972717357581728503e-01
1.004947977470230569e+00
1.001749543423539945e+00
1.017102026847655383e+00
1.011984532372950385e+00
1.007186881302914117e+00
9.921542412834677416e-01
9.851176863807480366e-01
9.966320489488347256e-01
9.950328319254894138e-01
9.771216012640212556e-01
9.947129885208202404e-01
1.003668603851554320e+00
9.681659859332871765e-01
1.010385315349604962e+00
1.174145138540170885e+00
9.988709527815182732e-01
9.800001919060429278e-01
9.982312659721801484e-01
9.905550242601223188e-01
1.036612474532468964e+00
9.870367468087625218e-01
1.020620304299015180e+00
1.023498894941036852e+00
1.011025002158943087e+00
1.048126837100555653e+00
9.841581561667408495e-01
9.899153374507841940e-01
1.004308290660892444e+00
9.656072386959345666e-01
9.895954940461151317e-01
9.905550242601223188e-01
9.991907961861873355e-01
1.003028917042216195e+00
9.934336149021439910e-01
1.002709073637547244e+00
9.905550242601223188e-01
1.002069386828208897e+00
1.007506724707583290e+00
9.748826974313377081e-01
1.006867037898245165e+00
1.003348760446885368e+00
1.008146411516921415e+00
1.029895763034418543e+00
9.857573731900861613e-01
9.940733017114821157e-01
1.005267820874899742e+00
1.022859208131698727e+00
9.761620710500139575e-01
9.969518923535037880e-01
9.800001919060429278e-01
9.953526753301584762e-01
1.021899677917691651e+00
1.002069386828208897e+00
1.000470169804863696e+00
1.010065471944935789e+00
9.854375297854170990e-01
9.966320489488347256e-01
9.819192523340573020e-01
9.972717357581728503e-01
9.918343978787985682e-01
9.713644199799779111e-01
9.889558072367770070e-01
1.010705158754273914e+00
1.006867037898245165e+00
9.915145544741295058e-01
9.819192523340573020e-01
1.019021087275669979e+00
1.000150326400194523e+00
9.995106395908563979e-01
9.838383127620717872e-01
1.006867037898245165e+00
9.985511093768492108e-01
9.950328319254894138e-01
1.013903592800964759e+00
9.943931451161511781e-01
9.911947110694604435e-01
1.014863123014972057e+00
1.018061557061662681e+00
1.012304375777619336e+00
1.014863123014972057e+00
9.777612880733593803e-01
1.013903592800964759e+00
1.002069386828208897e+00
9.899153374507841940e-01
1.050365740933239200e+00
9.956725187348275385e-01
9.947129885208202404e-01
1.013583749396295586e+00
9.902351808554532564e-01
9.809597221200501149e-01
1.001429700018870772e+00
9.729636370033232229e-01
1.014863123014972057e+00
9.755223842406758328e-01
1.012944062586957461e+00
9.905550242601223188e-01
9.979114225675109751e-01
1.007506724707583290e+00
1.022219521322360603e+00
1.008146411516921415e+00
1.034373570699785416e+00
1.001749543423539945e+00
1.002389230232878070e+00
1.002069386828208897e+00
1.021579834513022478e+00
1.010385315349604962e+00
9.745628540266686457e-01
9.825589391433954267e-01
9.819192523340573020e-01
1.007506724707583290e+00
9.908748676647913811e-01
9.825589391433954267e-01
9.764819144546830199e-01
1.003988447256223493e+00

# time bin value
-1.000000000000000000e+02
-9.900000000000000000e+01
-9.800000000000000000e+01
-9.700000000000000000e+01
-9.600000000000000000e+01
-9.500000000000000000e+01
-9.400000000000000000e+01
-9.300000000000000000e+01
-9.200000000000000000e+01
-9.100000000000000000e+01
-9.000000000000000000e+01
-8.900000000000000000e+01
-8.800000000000000000e+01
-8.700000000000000000e+01
-8.600000000000000000e+01
-8.500000000000000000e+01
-8.400000000000000000e+01
-8.300000000000000000e+01
-8.200000000000000000e+01
-8.100000000000000000e+01
-8.000000000000000000e+01
-7.900000000000000000e+01
-7.800000000000000000e+01
-7.700000000000000000e+01
-7.600000000000000000e+01
-7.500000000000000000e+01
-7.400000000000000000e+01
-7.300000000000000000e+01
-7.200000000000000000e+01
-7.100000000000000000e+01
-7.000000000000000000e+01
-6.900000000000000000e+01
-6.800000000000000000e+01
-6.700000000000000000e+01
-6.600000000000000000e+01
-6.500000000000000000e+01
-6.400000000000000000e+01
-6.300000000000000000e+01
-6.200000000000000000e+01
-6.100000000000000000e+01
-6.000000000000000000e+01
-5.900000000000000000e+01
-5.800000000000000000e+01
-5.700000000000000000e+01
-5.600000000000000000e+01
-5.500000000000000000e+01
-5.400000000000000000e+01
-5.300000000000000000e+01
-5.200000000000000000e+01
-5.100000000000000000e+01
-5.000000000000000000e+01
-4.900000000000000000e+01
-4.800000000000000000e+01
-4.700000000000000000e+01
-4.600000000000000000e+01
-4.500000000000000000e+01
-4.400000000000000000e+01
-4.300000000000000000e+01
-4.200000000000000000e+01
-4.100000000000000000e+01
-4.000000000000000000e+01
-3.900000000000000000e+01
-3.800000000000000000e+01
-3.700000000000000000e+01
-3.600000000000000000e+01
-3.500000000000000000e+01
-3.400000000000000000e+01
-3.300000000000000000e+01
-3.200000000000000000e+01
-3.100000000000000000e+01
-3.000000000000000000e+01
-2.900000000000000000e+01
-2.800000000000000000e+01
-2.700000000000000000e+01
-2.600000000000000000e+01
-2.500000000000000000e+01
-2.400000000000000000e+01
-2.300000000000000000e+01
-2.200000000000000000e+01
-2.100000000000000000e+01
-2.000000000000000000e+01
-1.900000000000000000e+01
-1.800000000000000000e+01
-1.700000000000000000e+01
-1.600000000000000000e+01
-1.500000000000000000e+01
-1.400000000000000000e+01
-1.300000000000000000e+01
-1.200000000000000000e+01
-1.100000000000000000e+01
-1.000000000000000000e+01
-9.000000000000000000e+00
-8.000000000000000000e+00
-7.000000000000000000e+00
-6.000000000000000000e+00
-5.000000000000000000e+00
-4.000000000000000000e+00
-3.000000000000000000e+00
-2.000000000000000000e+00
-1.000000000000000000e+00
0.000000000000000000e+00
1.000000000000000000e+00
2.000000000000000000e+00
3.000000000000000000e+00
4.000000000000000000e+00
5.000000000000000000e+00
6.000000000000000000e+00
7.000000000000000000e+00
8.000000000000000000e+00
9.000000000000000000e+00
1.000000000000000000e+01
1.100000000000000000e+01
1.200000000000000000e+01
1.300000000000000000e+01
1.400000000000000000e+01
1.500000000000000000e+01
1.600000000000000000e+01
1.700000000000000000e+01
1.800000000000000000e+01
1.900000000000000000e+01
2.000000000000000000e+01
2.100000000000000000e+01
2.200000000000000000e+01
2.300000000000000000e+01
2.400000000000000000e+01
2.500000000000000000e+01
2.600000000000000000e+01
2.700000000000000000e+01
2.800000000000000000e+01
2.900000000000000000e+01
3.000000000000000000e+01
3.100000000000000000e+01
3.200000000000000000e+01
3.300000000000000000e+01
3.400000000000000000e+01
3.500000000000000000e+01
3.600000000000000000e+01
3.700000000000000000e+01
3.800000000000000000e+01
3.900000000000000000e+01
4.000000000000000000e+01
4.100000000000000000e+01
4.200000000000000000e+01
4.300000000000000000e+01
4.400000000000000000e+01
4.500000000000000000e+01
4.600000000000000000e+01
4.700000000000000000e+01
4.800000000000000000e+01
4.900000000000000000e+01
5.000000000000000000e+01
5.100000000000000000e+01
5.200000000000000000e+01
5.300000000000000000e+01
5.400000000000000000e+01
5.500000000000000000e+01
5.600000000000000000e+01
5.700000000000000000e+01
5.800000000000000000e+01
5.900000000000000000e+01
6.000000000000000000e+01
6.100000000000000000e+01
6.200000000000000000e+01
6.300000000000000000e+01
6.400000000000000000e+01
6.500000000000000000e+01
6.600000000000000000e+01
6.700000000000000000e+01
6.800000000000000000e+01
6.900000000000000000e+01
7.000000000000000000e+01
7.100000000000000000e+01
7.200000000000000000e+01
7.300000000000000000e+01
7.400000000000000000e+01
7.500000000000000000e+01
7.600000000000000000e+01
7.700000000000000000e+01
7.800000000000000000e+01
7.900000000000000000e+01
8.000000000000000000e+01
8.100000000000000000e+01
8.200000000000000000e+01
8.300000000000000000e+01
8.400000000000000000e+01
8.500000000000000000e+01
8.600000000000000000e+01
8.700000000000000000e+01
8.800000000000000000e+01
8.900000000000000000e+01
9.000000000000000000e+01
9.100000000000000000e+01
9.200000000000000000e+01
9.300000000000000000e+01
9.400000000000000000e+01
9.500000000000000000e+01
9.600000000000000000e+01
9.700000000000000000e+01
9.800000000000000000e+01
9.900000000000000000e+01
