single photon fraction:    0.3672
laser fraction:    0.0859
thermal source fraction:    0.1250
non-detected fraction:    0.4219
number of bins:  200.0000
bin width (ns):    1.0000
average detection events per bin: 5000.0000

# binary result
0.000000000000000000e+00

# g2 signal
9.986876442809436982e-01
1.019884563661993759e+00
9.416992052892684262e-01
9.840930440513683264e-01
9.962552109093478769e-01
1.001467568134196240e+00
1.023359468478559187e+00
1.019537073180337039e+00
9.781857058632068558e-01
9.924328156111257293e-01
1.006332434877387882e+00
1.014324715955488898e+00
1.044208897377952638e+00
1.010154830175610030e+00
1.018842092217024042e+00
1.007027415840701101e+00
9.986876442809436982e-01
9.847880250146814340e-01
1.028919316185064270e+00
1.008764868248983815e+00
9.952127394643781599e-01
1.013977225473832178e+00
9.945177585010650523e-01
9.990351347626003076e-01
1.003552511024135452e+00
9.799231582714896804e-01
1.004594982469105169e+00
9.823555916430856128e-01
9.774907248998937481e-01
1.010849811138923249e+00
1.028571825703407550e+00
9.549038435922175827e-01
1.004247491987448671e+00
1.003900001505792172e+00
1.001467568134196240e+00
1.005637453914074886e+00
9.955602299460347693e-01
9.802706487531462898e-01
1.034131673409912633e+00
9.795756677898331821e-01
9.952127394643781599e-01
9.972976823543174829e-01
1.012934754028862461e+00
9.962552109093478769e-01
1.011197301620579747e+00
1.004247491987448671e+00
9.802706487531462898e-01
9.924328156111257293e-01
1.005984944395731384e+00
1.012239773065549464e+00
9.886104203129035817e-01
9.955602299460347693e-01
1.012239773065549464e+00
1.000772587170883021e+00
9.851355154963380434e-01
9.903478727211864063e-01
1.000425096689226523e+00
1.004594982469105169e+00
1.006679925359044603e+00
1.020579544625306756e+00
1.029614297148377267e+00
1.010154830175610030e+00
1.007722396804014320e+00
1.044903878341265857e+00
1.001467568134196240e+00
1.012239773065549464e+00
9.990351347626003076e-01
1.042123954488013426e+00
9.747108010466413175e-01
1.005984944395731384e+00
1.013629734992175679e+00
9.945177585010650523e-01
9.931277965744388370e-01
9.941702680194085540e-01
1.014324715955488898e+00
1.017799620772054325e+00
1.008069887285670818e+00
1.017104639808741329e+00
1.014324715955488898e+00
1.001467568134196240e+00
9.931277965744388370e-01
9.889579107945601910e-01
9.701934247851060622e-01
9.761007629732675328e-01
1.026834373295124836e+00
1.015714677882115113e+00
9.872204583862773664e-01
9.882629298312470834e-01
1.012239773065549464e+00
9.945177585010650523e-01
1.021969506551932971e+00
9.827030821247421111e-01
9.750582915282979268e-01
1.004942472950761667e+00
1.009807339693953532e+00
1.020927035106963476e+00
9.983401537992871999e-01
1.015367187400458393e+00
1.026486882813468338e+00
1.017104639808741329e+00
5.744017661782880868e-01
9.979926633176305906e-01
9.778382153815503575e-01
1.001815058615852738e+00
9.802706487531462898e-01
9.806181392348027881e-01
1.015367187400458393e+00
9.820081011614290034e-01
1.023706958960215907e+00
1.001815058615852738e+00
1.016062168363771612e+00
1.001815058615852738e+00
1.019884563661993759e+00
9.952127394643781599e-01
9.979926633176305906e-01
1.011544792102236245e+00
9.743633105649848192e-01
9.761007629732675328e-01
1.010502320657266750e+00
1.001467568134196240e+00
1.010502320657266750e+00
1.025096920886842122e+00
9.948652489827216616e-01
9.552513340738741920e-01
9.802706487531462898e-01
1.021969506551932971e+00
1.014324715955488898e+00
1.002857530060822455e+00
1.003900001505792172e+00
1.005984944395731384e+00
1.045251368822922355e+00
9.827030821247421111e-01
9.966027013910043753e-01
9.913903441661560123e-01
9.875679488679339757e-01
9.820081011614290034e-01
9.938227775377519446e-01
1.005637453914074886e+00
9.927803060927823386e-01
9.816606106797725051e-01
1.006332434877387882e+00
9.813131201981158958e-01
1.005984944395731384e+00
1.033089201964942916e+00
1.016062168363771612e+00
1.028919316185064270e+00
9.639385961152880933e-01
9.733208391200151022e-01
1.003900001505792172e+00
9.851355154963380434e-01
9.729733486383586039e-01
1.007374906322357599e+00
1.009459849212297033e+00
1.012239773065549464e+00
9.740158200833282098e-01
1.012239773065549464e+00
9.840930440513683264e-01
1.049768745084457500e+00
9.809656297164593974e-01
9.976451728359740923e-01
1.017452130290397827e+00
9.920853251294691200e-01
1.011892282583892966e+00
9.844405345330249357e-01
1.026486882813468338e+00
1.005289963432418388e+00
1.021274525588619975e+00
1.007027415840701101e+00
1.012239773065549464e+00
1.021622016070276473e+00
1.012587263547205962e+00
9.670660104501971333e-01
9.997301157259134152e-01
9.948652489827216616e-01
9.976451728359740923e-01
9.882629298312470834e-01
9.997301157259134152e-01
9.858304964596511510e-01
9.990351347626003076e-01
1.014672206437145396e+00
9.792281773081765728e-01
9.844405345330249357e-01
1.003205020542478954e+00
1.004594982469105169e+00
1.007027415840701101e+00
1.019884563661993759e+00
1.000077606207570025e+00
9.823555916430856128e-01
9.691509533401364562e-01
1.024749430405185402e+00
1.021622016070276473e+00
1.005637453914074886e+00
9.990351347626003076e-01
9.962552109093478769e-01
1.045598859304578854e+00
1.024054449441872405e+00
9.941702680194085540e-01
1.000077606207570025e+00
1.037606578226478060e+00
9.941702680194085540e-01

# time bin value
-1.000000000000000000e+02
-9.900000000000000000e+01
-9.800000000000000000e+01
-9.700000000000000000e+01
-9.600000000000000000e+01
-9.500000000000000000e+01
-9.400000000000000000e+01
-9.300000000000000000e+01
-9.200000000000000000e+01
-9.100000000000000000e+01
-9.000000000000000000e+01
-8.900000000000000000e+01
-8.800000000000000000e+01
-8.700000000000000000e+01
-8.600000000000000000e+01
-8.500000000000000000e+01
-8.400000000000000000e+01
-8.300000000000000000e+01
-8.200000000000000000e+01
-8.100000000000000000e+01
-8.000000000000000000e+01
-7.900000000000000000e+01
-7.800000000000000000e+01
-7.700000000000000000e+01
-7.600000000000000000e+01
-7.500000000000000000e+01
-7.400000000000000000e+01
-7.300000000000000000e+01
-7.200000000000000000e+01
-7.100000000000000000e+01
-7.000000000000000000e+01
-6.900000000000000000e+01
-6.800000000000000000e+01
-6.700000000000000000e+01
-6.600000000000000000e+01
-6.500000000000000000e+01
-6.400000000000000000e+01
-6.300000000000000000e+01
-6.200000000000000000e+01
-6.100000000000000000e+01
-6.000000000000000000e+01
-5.900000000000000000e+01
-5.800000000000000000e+01
-5.700000000000000000e+01
-5.600000000000000000e+01
-5.500000000000000000e+01
-5.400000000000000000e+01
-5.300000000000000000e+01
-5.200000000000000000e+01
-5.100000000000000000e+01
-5.000000000000000000e+01
-4.900000000000000000e+01
-4.800000000000000000e+01
-4.700000000000000000e+01
-4.600000000000000000e+01
-4.500000000000000000e+01
-4.400000000000000000e+01
-4.300000000000000000e+01
-4.200000000000000000e+01
-4.100000000000000000e+01
-4.000000000000000000e+01
-3.900000000000000000e+01
-3.800000000000000000e+01
-3.700000000000000000e+01
-3.600000000000000000e+01
-3.500000000000000000e+01
-3.400000000000000000e+01
-3.300000000000000000e+01
-3.200000000000000000e+01
-3.100000000000000000e+01
-3.000000000000000000e+01
-2.900000000000000000e+01
-2.800000000000000000e+01
-2.700000000000000000e+01
-2.600000000000000000e+01
-2.500000000000000000e+01
-2.400000000000000000e+01
-2.300000000000000000e+01
-2.200000000000000000e+01
-2.100000000000000000e+01
-2.000000000000000000e+01
-1.900000000000000000e+01
-1.800000000000000000e+01
-1.700000000000000000e+01
-1.600000000000000000e+01
-1.500000000000000000e+01
-1.400000000000000000e+01
-1.300000000000000000e+01
-1.200000000000000000e+01
-1.100000000000000000e+01
-1.000000000000000000e+01
-9.000000000000000000e+00
-8.000000000000000000e+00
-7.000000000000000000e+00
-6.000000000000000000e+00
-5.000000000000000000e+00
-4.000000000000000000e+00
-3.000000000000000000e+00
-2.000000000000000000e+00
-1.000000000000000000e+00
0.000000000000000000e+00
1.000000000000000000e+00
2.000000000000000000e+00
3.000000000000000000e+00
4.000000000000000000e+00
5.000000000000000000e+00
6.000000000000000000e+00
7.000000000000000000e+00
8.000000000000000000e+00
9.000000000000000000e+00
1.000000000000000000e+01
1.100000000000000000e+01
1.200000000000000000e+01
1.300000000000000000e+01
1.400000000000000000e+01
1.500000000000000000e+01
1.600000000000000000e+01
1.700000000000000000e+01
1.800000000000000000e+01
1.900000000000000000e+01
2.000000000000000000e+01
2.100000000000000000e+01
2.200000000000000000e+01
2.300000000000000000e+01
2.400000000000000000e+01
2.500000000000000000e+01
2.600000000000000000e+01
2.700000000000000000e+01
2.800000000000000000e+01
2.900000000000000000e+01
3.000000000000000000e+01
3.100000000000000000e+01
3.200000000000000000e+01
3.300000000000000000e+01
3.400000000000000000e+01
3.500000000000000000e+01
3.600000000000000000e+01
3.700000000000000000e+01
3.800000000000000000e+01
3.900000000000000000e+01
4.000000000000000000e+01
4.100000000000000000e+01
4.200000000000000000e+01
4.300000000000000000e+01
4.400000000000000000e+01
4.500000000000000000e+01
4.600000000000000000e+01
4.700000000000000000e+01
4.800000000000000000e+01
4.900000000000000000e+01
5.000000000000000000e+01
5.100000000000000000e+01
5.200000000000000000e+01
5.300000000000000000e+01
5.400000000000000000e+01
5.500000000000000000e+01
5.600000000000000000e+01
5.700000000000000000e+01
5.800000000000000000e+01
5.900000000000000000e+01
6.000000000000000000e+01
6.100000000000000000e+01
6.200000000000000000e+01
6.300000000000000000e+01
6.400000000000000000e+01
6.500000000000000000e+01
6.600000000000000000e+01
6.700000000000000000e+01
6.800000000000000000e+01
6.900000000000000000e+01
7.000000000000000000e+01
7.100000000000000000e+01
7.200000000000000000e+01
7.300000000000000000e+01
7.400000000000000000e+01
7.500000000000000000e+01
7.600000000000000000e+01
7.700000000000000000e+01
7.800000000000000000e+01
7.900000000000000000e+01
8.000000000000000000e+01
8.100000000000000000e+01
8.200000000000000000e+01
8.300000000000000000e+01
8.400000000000000000e+01
8.500000000000000000e+01
8.600000000000000000e+01
8.700000000000000000e+01
8.800000000000000000e+01
8.900000000000000000e+01
9.000000000000000000e+01
9.100000000000000000e+01
9.200000000000000000e+01
9.300000000000000000e+01
9.400000000000000000e+01
9.500000000000000000e+01
9.600000000000000000e+01
9.700000000000000000e+01
9.800000000000000000e+01
9.900000000000000000e+01
