single photon fraction:    0.3780
laser fraction:    0.0407
thermal source fraction:    0.3293
non-detected fraction:    0.2520
number of bins:  200.0000
bin width (ns):    1.0000
average detection events per bin: 5000.0000

# binary result
0.000000000000000000e+00

# g2 signal
9.774212901889286487e-01
1.005132380992523444e+00
1.014010691638335349e+00
9.954469511970922557e-01
9.712333767085143954e-01
9.927565540316947157e-01
1.023158042000686940e+00
9.798426476377865013e-01
9.908732760159164599e-01
9.706952972754347986e-01
1.015355890221034008e+00
9.970611894963308242e-01
9.938327128978536873e-01
9.841472831024226098e-01
9.986754277955692816e-01
9.806497667874057855e-01
1.002711023543665592e+00
1.012665493055636468e+00
9.949088717640127699e-01
1.028807876048021930e+00
9.943707923309332841e-01
1.034726749811896385e+00
9.887209582835984056e-01
1.016163009370653292e+00
1.010244135606778837e+00
9.838782433858828114e-01
1.004863341275983757e+00
1.003249102976745188e+00
1.008629897307540269e+00
9.932946334647742015e-01
9.922184745986152299e-01
9.623550660627024911e-01
9.771522504723889613e-01
9.924875143151549173e-01
1.003249102976745188e+00
9.844163228189622972e-01
1.017508207953352173e+00
9.986754277955692816e-01
9.749999327400709070e-01
9.758070518896901913e-01
9.895280774332176899e-01
1.013203572488716064e+00
1.005132380992523444e+00
1.051676251953900909e+00
1.027462677465323049e+00
1.012396453339096780e+00
9.967921497797910257e-01
9.911423157324561473e-01
1.001365824960966933e+00
9.962540703467115399e-01
9.854924816851213798e-01
9.852234419685815814e-01
9.879138391339791214e-01
1.033112511512657816e+00
1.007822778157920984e+00
1.007284698724841387e+00
1.021274763984908684e+00
9.871067199843598372e-01
9.825330448031840413e-01
1.019391485969130429e+00
1.017239168236812485e+00
1.035802908678055356e+00
9.862996008347405530e-01
1.023696121433766537e+00
9.715024164250540828e-01
1.011051254756398121e+00
1.012934532772176377e+00
9.978683086459501084e-01
1.002711023543665592e+00
1.002980063260205501e+00
1.019122446252590741e+00
9.868376802678201498e-01
9.908732760159164599e-01
1.003518142693284876e+00
1.008091817874460672e+00
1.018853406536050832e+00
1.003249102976745188e+00
9.806497667874057855e-01
1.006208539858682416e+00
1.010244135606778837e+00
9.846853625355020956e-01
9.889899980001382040e-01
1.009167976740619643e+00
1.001365824960966933e+00
9.873757597008996356e-01
1.007553738441381297e+00
1.012934532772176377e+00
9.914113554489959457e-01
1.006746619291762013e+00
1.044681219323867261e+00
1.003518142693284876e+00
1.005401420709063132e+00
9.838782433858828114e-01
9.795736079212467029e-01
9.981373483624897958e-01
1.021005724268368997e+00
1.011589334189477496e+00
9.887209582835984056e-01
9.844163228189622972e-01
1.005939500142142728e+00
9.405628490229822614e-01
9.916803951655357441e-01
9.919494348820754315e-01
1.015624929937573917e+00
9.986754277955692816e-01
1.016970128520272576e+00
9.752689724566107055e-01
9.957159909136320541e-01
1.007284698724841387e+00
9.782284093385479329e-01
9.906042362993766615e-01
9.949088717640127699e-01
1.005401420709063132e+00
1.009437016457159553e+00
9.967921497797910257e-01
9.569742717319073000e-01
9.620860263461626927e-01
1.020467644835289400e+00
9.951779114805524573e-01
1.002980063260205501e+00
9.922184745986152299e-01
1.001634864677506620e+00
1.003249102976745188e+00
1.021005724268368997e+00
9.981373483624897958e-01
1.020198605118749713e+00
1.036879067544214550e+00
9.984063880790295942e-01
1.015624929937573917e+00
1.018315327102971457e+00
1.015355890221034008e+00
9.897971171497573772e-01
9.787664887716274187e-01
1.023158042000686940e+00
9.828020845197238398e-01
1.001096785244427023e+00
1.020198605118749713e+00
1.002980063260205501e+00
1.027462677465323049e+00
1.005401420709063132e+00
1.002441983827125904e+00
1.028538836331482020e+00
1.006746619291762013e+00
9.967921497797910257e-01
1.022889002284147253e+00
9.919494348820754315e-01
9.922184745986152299e-01
1.016432049087193201e+00
1.003787182409824563e+00
9.978683086459501084e-01
1.019122446252590741e+00
1.005939500142142728e+00
9.631621852123216643e-01
1.025041320016465196e+00
1.004056222126364473e+00
1.011320294472937809e+00
1.021812843417988281e+00
1.004863341275983757e+00
1.004594301559443847e+00
1.017239168236812485e+00
9.889899980001382040e-01
1.037148107260754237e+00
9.892590377166778914e-01
9.959850306301717415e-01
9.986754277955692816e-01
9.575123511649868968e-01
9.959850306301717415e-01
9.973302292128705115e-01
1.015893969654113604e+00
1.007015659008301700e+00
1.004056222126364473e+00
1.019660525685670116e+00
9.994825469451885658e-01
1.011858373906017405e+00
1.018584366819511144e+00
9.989444675121090800e-01
9.927565540316947157e-01
9.666597015273384885e-01
9.811878462204852713e-01
1.018584366819511144e+00
1.003518142693284876e+00
9.970611894963308242e-01
1.005132380992523444e+00
9.865686405512803514e-01
9.962540703467115399e-01
9.941017526143934857e-01
1.004325261842904160e+00
1.013203572488716064e+00
9.941017526143934857e-01
1.007553738441381297e+00
9.914113554489959457e-01
1.013203572488716064e+00
1.002711023543665592e+00
9.895280774332176899e-01
9.897971171497573772e-01
9.806497667874057855e-01
9.927565540316947157e-01
9.932946334647742015e-01
9.938327128978536873e-01
1.001096785244427023e+00

# time bin value
-1.000000000000000000e+02
-9.900000000000000000e+01
-9.800000000000000000e+01
-9.700000000000000000e+01
-9.600000000000000000e+01
-9.500000000000000000e+01
-9.400000000000000000e+01
-9.300000000000000000e+01
-9.200000000000000000e+01
-9.100000000000000000e+01
-9.000000000000000000e+01
-8.900000000000000000e+01
-8.800000000000000000e+01
-8.700000000000000000e+01
-8.600000000000000000e+01
-8.500000000000000000e+01
-8.400000000000000000e+01
-8.300000000000000000e+01
-8.200000000000000000e+01
-8.100000000000000000e+01
-8.000000000000000000e+01
-7.900000000000000000e+01
-7.800000000000000000e+01
-7.700000000000000000e+01
-7.600000000000000000e+01
-7.500000000000000000e+01
-7.400000000000000000e+01
-7.300000000000000000e+01
-7.200000000000000000e+01
-7.100000000000000000e+01
-7.000000000000000000e+01
-6.900000000000000000e+01
-6.800000000000000000e+01
-6.700000000000000000e+01
-6.600000000000000000e+01
-6.500000000000000000e+01
-6.400000000000000000e+01
-6.300000000000000000e+01
-6.200000000000000000e+01
-6.100000000000000000e+01
-6.000000000000000000e+01
-5.900000000000000000e+01
-5.800000000000000000e+01
-5.700000000000000000e+01
-5.600000000000000000e+01
-5.500000000000000000e+01
-5.400000000000000000e+01
-5.300000000000000000e+01
-5.200000000000000000e+01
-5.100000000000000000e+01
-5.000000000000000000e+01
-4.900000000000000000e+01
-4.800000000000000000e+01
-4.700000000000000000e+01
-4.600000000000000000e+01
-4.500000000000000000e+01
-4.400000000000000000e+01
-4.300000000000000000e+01
-4.200000000000000000e+01
-4.100000000000000000e+01
-4.000000000000000000e+01
-3.900000000000000000e+01
-3.800000000000000000e+01
-3.700000000000000000e+01
-3.600000000000000000e+01
-3.500000000000000000e+01
-3.400000000000000000e+01
-3.300000000000000000e+01
-3.200000000000000000e+01
-3.100000000000000000e+01
-3.000000000000000000e+01
-2.900000000000000000e+01
-2.800000000000000000e+01
-2.700000000000000000e+01
-2.600000000000000000e+01
-2.500000000000000000e+01
-2.400000000000000000e+01
-2.300000000000000000e+01
-2.200000000000000000e+01
-2.100000000000000000e+01
-2.000000000000000000e+01
-1.900000000000000000e+01
-1.800000000000000000e+01
-1.700000000000000000e+01
-1.600000000000000000e+01
-1.500000000000000000e+01
-1.400000000000000000e+01
-1.300000000000000000e+01
-1.200000000000000000e+01
-1.100000000000000000e+01
-1.000000000000000000e+01
-9.000000000000000000e+00
-8.000000000000000000e+00
-7.000000000000000000e+00
-6.000000000000000000e+00
-5.000000000000000000e+00
-4.000000000000000000e+00
-3.000000000000000000e+00
-2.000000000000000000e+00
-1.000000000000000000e+00
0.000000000000000000e+00
1.000000000000000000e+00
2.000000000000000000e+00
3.000000000000000000e+00
4.000000000000000000e+00
5.000000000000000000e+00
6.000000000000000000e+00
7.000000000000000000e+00
8.000000000000000000e+00
9.000000000000000000e+00
1.000000000000000000e+01
1.100000000000000000e+01
1.200000000000000000e+01
1.300000000000000000e+01
1.400000000000000000e+01
1.500000000000000000e+01
1.600000000000000000e+01
1.700000000000000000e+01
1.800000000000000000e+01
1.900000000000000000e+01
2.000000000000000000e+01
2.100000000000000000e+01
2.200000000000000000e+01
2.300000000000000000e+01
2.400000000000000000e+01
2.500000000000000000e+01
2.600000000000000000e+01
2.700000000000000000e+01
2.800000000000000000e+01
2.900000000000000000e+01
3.000000000000000000e+01
3.100000000000000000e+01
3.200000000000000000e+01
3.300000000000000000e+01
3.400000000000000000e+01
3.500000000000000000e+01
3.600000000000000000e+01
3.700000000000000000e+01
3.800000000000000000e+01
3.900000000000000000e+01
4.000000000000000000e+01
4.100000000000000000e+01
4.200000000000000000e+01
4.300000000000000000e+01
4.400000000000000000e+01
4.500000000000000000e+01
4.600000000000000000e+01
4.700000000000000000e+01
4.800000000000000000e+01
4.900000000000000000e+01
5.000000000000000000e+01
5.100000000000000000e+01
5.200000000000000000e+01
5.300000000000000000e+01
5.400000000000000000e+01
5.500000000000000000e+01
5.600000000000000000e+01
5.700000000000000000e+01
5.800000000000000000e+01
5.900000000000000000e+01
6.000000000000000000e+01
6.100000000000000000e+01
6.200000000000000000e+01
6.300000000000000000e+01
6.400000000000000000e+01
6.500000000000000000e+01
6.600000000000000000e+01
6.700000000000000000e+01
6.800000000000000000e+01
6.900000000000000000e+01
7.000000000000000000e+01
7.100000000000000000e+01
7.200000000000000000e+01
7.300000000000000000e+01
7.400000000000000000e+01
7.500000000000000000e+01
7.600000000000000000e+01
7.700000000000000000e+01
7.800000000000000000e+01
7.900000000000000000e+01
8.000000000000000000e+01
8.100000000000000000e+01
8.200000000000000000e+01
8.300000000000000000e+01
8.400000000000000000e+01
8.500000000000000000e+01
8.600000000000000000e+01
8.700000000000000000e+01
8.800000000000000000e+01
8.900000000000000000e+01
9.000000000000000000e+01
9.100000000000000000e+01
9.200000000000000000e+01
9.300000000000000000e+01
9.400000000000000000e+01
9.500000000000000000e+01
9.600000000000000000e+01
9.700000000000000000e+01
9.800000000000000000e+01
9.900000000000000000e+01
