single photon fraction:    0.0712
laser fraction:    0.3446
thermal source fraction:    0.3670
non-detected fraction:    0.2172
number of bins:  200.0000
bin width (ns):    1.0000
average detection events per bin: 5000.0000

# binary result
0.000000000000000000e+00

# g2 signal
9.806125267888242680e-01
9.914224286589372603e-01
9.878191280355662629e-01
9.811272840207343471e-01
9.677435959910706265e-01
9.806125267888242680e-01
9.955404865142184478e-01
9.865322349557908987e-01
1.019219319182085082e+00
9.849879632600604396e-01
1.005320873920511060e+00
1.005578252536466266e+00
9.914224286589372603e-01
9.862748563398358037e-01
9.808699054047793631e-01
9.947683506663531627e-01
1.016645533022534353e+00
9.986290299056792552e-01
1.021278348109725620e+00
9.788108764771387138e-01
1.015616018558713973e+00
9.857600991079257247e-01
9.934814575865777986e-01
1.000430680217364809e+00
9.705747607665764498e-01
9.878191280355662629e-01
9.970847582099487960e-01
1.033632521675569071e+00
9.752075758537677164e-01
9.932240789706228146e-01
1.016130775790624163e+00
1.006093009768376456e+00
9.736633041580372572e-01
9.903929141951169912e-01
9.757223330856779064e-01
1.023079998421411174e+00
9.893633997312967221e-01
9.713468966144416239e-01
1.017932426102309718e+00
1.005320873920511060e+00
1.009438931775792359e+00
1.006350388384331440e+00
1.031058735516018343e+00
1.038265336762760338e+00
9.891060211153416271e-01
9.883338852674763420e-01
9.800977695569140780e-01
9.973421368259038911e-01
9.824141771005097112e-01
1.012270096551298071e+00
9.880765066515213579e-01
1.007379902848151820e+00
9.975995154418589861e-01
1.028742327972422599e+00
9.996585443694995243e-01
1.016902911638489337e+00
1.012784853783208261e+00
1.004548738072645886e+00
1.004548738072645886e+00
1.008924174543882168e+00
1.005320873920511060e+00
1.017160290254444543e+00
1.009696310391747343e+00
9.885912638834314370e-01
9.909076714270270703e-01
9.821567984845546162e-01
1.019476697798040066e+00
9.981142726737691762e-01
1.007894660080061788e+00
9.875617494196111679e-01
1.033117764443658881e+00
9.988864085216343502e-01
1.002232330529050364e+00
1.021793105341635810e+00
1.012784853783208261e+00
9.963126223620836219e-01
1.001460194681184968e+00
9.981142726737691762e-01
9.867896135717459938e-01
9.891060211153416271e-01
9.762370903175879855e-01
1.012270096551298071e+00
1.023852134269276348e+00
9.891060211153416271e-01
9.963126223620836219e-01
9.947683506663531627e-01
1.023852134269276348e+00
9.811272840207343471e-01
9.708321393825315448e-01
1.005320873920511060e+00
9.942535934344430837e-01
9.950257292823082578e-01
9.929667003546677195e-01
1.010725824855567723e+00
1.004033980840735696e+00
9.903929141951169912e-01
9.880765066515213579e-01
1.007122524232196614e+00
9.813846626366894421e-01
1.014586504094893815e+00
1.394992098476490083e+00
1.011755339319387881e+00
1.000688058833319793e+00
1.006093009768376456e+00
9.705747607665764498e-01
1.027198056276692251e+00
1.003261844992870522e+00
9.826715557164648063e-01
1.009953689007702549e+00
1.009181553159837152e+00
9.903929141951169912e-01
9.950257292823082578e-01
1.009438931775792359e+00
9.785534978611836188e-01
9.955404865142184478e-01
9.754649544697228114e-01
1.023594755653321364e+00
9.903929141951169912e-01
9.883338852674763420e-01
1.027970192124557425e+00
1.001202816065229984e+00
1.010725824855567723e+00
9.994011657535445403e-01
1.008409417311971978e+00
9.893633997312967221e-01
1.025653784580961903e+00
9.780387406292735397e-01
1.019734076413995272e+00
1.002489709145005348e+00
1.000173301601409603e+00
9.952831078982633528e-01
1.020763590877815430e+00
9.785534978611836188e-01
1.004806116688601092e+00
1.005835631152421250e+00
1.009438931775792359e+00
9.852453418760155346e-01
1.021278348109725620e+00
1.018447183334219908e+00
9.929667003546677195e-01
9.772666047814082546e-01
1.031573492747928533e+00
1.017675047486354512e+00
9.793256337090489039e-01
9.965700009780387170e-01
9.942535934344430837e-01
1.014329125478938609e+00
1.012527475167253055e+00
1.006350388384331440e+00
1.021793105341635810e+00
9.991437871375894453e-01
9.916798072748923554e-01
1.026683299044782061e+00
1.010725824855567723e+00
1.012784853783208261e+00
9.950257292823082578e-01
9.921945645068024344e-01
9.682583532229808165e-01
1.027455434892647235e+00
9.831863129483749963e-01
9.708321393825315448e-01
9.672288387591605474e-01
1.005835631152421250e+00
1.006607767000286424e+00
9.950257292823082578e-01
1.012527475167253055e+00
1.004548738072645886e+00
1.012784853783208261e+00
1.018447183334219908e+00
1.007122524232196614e+00
9.790682550930938088e-01
9.939962148184879887e-01
1.003261844992870522e+00
9.968273795939938120e-01
9.929667003546677195e-01
9.821567984845546162e-01
1.008409417311971978e+00
9.574484513528677132e-01
1.013299611015118451e+00
1.011240582087477913e+00
9.914224286589372603e-01
1.003261844992870522e+00
1.000945437449275000e+00
1.004548738072645886e+00
1.026425920428827077e+00
9.945109720503981787e-01
9.803551481728691730e-01
1.003776602224780712e+00
1.019991455029950256e+00
1.010468446239612517e+00
1.009696310391747343e+00
1.002232330529050364e+00
9.867896135717459938e-01
9.546172865773620009e-01
1.039294851226580718e+00
9.891060211153416271e-01
9.705747607665764498e-01
1.001974951913095158e+00
1.007894660080061788e+00
1.040581744306356082e+00

# time bin value
-1.000000000000000000e+02
-9.900000000000000000e+01
-9.800000000000000000e+01
-9.700000000000000000e+01
-9.600000000000000000e+01
-9.500000000000000000e+01
-9.400000000000000000e+01
-9.300000000000000000e+01
-9.200000000000000000e+01
-9.100000000000000000e+01
-9.000000000000000000e+01
-8.900000000000000000e+01
-8.800000000000000000e+01
-8.700000000000000000e+01
-8.600000000000000000e+01
-8.500000000000000000e+01
-8.400000000000000000e+01
-8.300000000000000000e+01
-8.200000000000000000e+01
-8.100000000000000000e+01
-8.000000000000000000e+01
-7.900000000000000000e+01
-7.800000000000000000e+01
-7.700000000000000000e+01
-7.600000000000000000e+01
-7.500000000000000000e+01
-7.400000000000000000e+01
-7.300000000000000000e+01
-7.200000000000000000e+01
-7.100000000000000000e+01
-7.000000000000000000e+01
-6.900000000000000000e+01
-6.800000000000000000e+01
-6.700000000000000000e+01
-6.600000000000000000e+01
-6.500000000000000000e+01
-6.400000000000000000e+01
-6.300000000000000000e+01
-6.200000000000000000e+01
-6.100000000000000000e+01
-6.000000000000000000e+01
-5.900000000000000000e+01
-5.800000000000000000e+01
-5.700000000000000000e+01
-5.600000000000000000e+01
-5.500000000000000000e+01
-5.400000000000000000e+01
-5.300000000000000000e+01
-5.200000000000000000e+01
-5.100000000000000000e+01
-5.000000000000000000e+01
-4.900000000000000000e+01
-4.800000000000000000e+01
-4.700000000000000000e+01
-4.600000000000000000e+01
-4.500000000000000000e+01
-4.400000000000000000e+01
-4.300000000000000000e+01
-4.200000000000000000e+01
-4.100000000000000000e+01
-4.000000000000000000e+01
-3.900000000000000000e+01
-3.800000000000000000e+01
-3.700000000000000000e+01
-3.600000000000000000e+01
-3.500000000000000000e+01
-3.400000000000000000e+01
-3.300000000000000000e+01
-3.200000000000000000e+01
-3.100000000000000000e+01
-3.000000000000000000e+01
-2.900000000000000000e+01
-2.800000000000000000e+01
-2.700000000000000000e+01
-2.600000000000000000e+01
-2.500000000000000000e+01
-2.400000000000000000e+01
-2.300000000000000000e+01
-2.200000000000000000e+01
-2.100000000000000000e+01
-2.000000000000000000e+01
-1.900000000000000000e+01
-1.800000000000000000e+01
-1.700000000000000000e+01
-1.600000000000000000e+01
-1.500000000000000000e+01
-1.400000000000000000e+01
-1.300000000000000000e+01
-1.200000000000000000e+01
-1.100000000000000000e+01
-1.000000000000000000e+01
-9.000000000000000000e+00
-8.000000000000000000e+00
-7.000000000000000000e+00
-6.000000000000000000e+00
-5.000000000000000000e+00
-4.000000000000000000e+00
-3.000000000000000000e+00
-2.000000000000000000e+00
-1.000000000000000000e+00
0.000000000000000000e+00
1.000000000000000000e+00
2.000000000000000000e+00
3.000000000000000000e+00
4.000000000000000000e+00
5.000000000000000000e+00
6.000000000000000000e+00
7.000000000000000000e+00
8.000000000000000000e+00
9.000000000000000000e+00
1.000000000000000000e+01
1.100000000000000000e+01
1.200000000000000000e+01
1.300000000000000000e+01
1.400000000000000000e+01
1.500000000000000000e+01
1.600000000000000000e+01
1.700000000000000000e+01
1.800000000000000000e+01
1.900000000000000000e+01
2.000000000000000000e+01
2.100000000000000000e+01
2.200000000000000000e+01
2.300000000000000000e+01
2.400000000000000000e+01
2.500000000000000000e+01
2.600000000000000000e+01
2.700000000000000000e+01
2.800000000000000000e+01
2.900000000000000000e+01
3.000000000000000000e+01
3.100000000000000000e+01
3.200000000000000000e+01
3.300000000000000000e+01
3.400000000000000000e+01
3.500000000000000000e+01
3.600000000000000000e+01
3.700000000000000000e+01
3.800000000000000000e+01
3.900000000000000000e+01
4.000000000000000000e+01
4.100000000000000000e+01
4.200000000000000000e+01
4.300000000000000000e+01
4.400000000000000000e+01
4.500000000000000000e+01
4.600000000000000000e+01
4.700000000000000000e+01
4.800000000000000000e+01
4.900000000000000000e+01
5.000000000000000000e+01
5.100000000000000000e+01
5.200000000000000000e+01
5.300000000000000000e+01
5.400000000000000000e+01
5.500000000000000000e+01
5.600000000000000000e+01
5.700000000000000000e+01
5.800000000000000000e+01
5.900000000000000000e+01
6.000000000000000000e+01
6.100000000000000000e+01
6.200000000000000000e+01
6.300000000000000000e+01
6.400000000000000000e+01
6.500000000000000000e+01
6.600000000000000000e+01
6.700000000000000000e+01
6.800000000000000000e+01
6.900000000000000000e+01
7.000000000000000000e+01
7.100000000000000000e+01
7.200000000000000000e+01
7.300000000000000000e+01
7.400000000000000000e+01
7.500000000000000000e+01
7.600000000000000000e+01
7.700000000000000000e+01
7.800000000000000000e+01
7.900000000000000000e+01
8.000000000000000000e+01
8.100000000000000000e+01
8.200000000000000000e+01
8.300000000000000000e+01
8.400000000000000000e+01
8.500000000000000000e+01
8.600000000000000000e+01
8.700000000000000000e+01
8.800000000000000000e+01
8.900000000000000000e+01
9.000000000000000000e+01
9.100000000000000000e+01
9.200000000000000000e+01
9.300000000000000000e+01
9.400000000000000000e+01
9.500000000000000000e+01
9.600000000000000000e+01
9.700000000000000000e+01
9.800000000000000000e+01
9.900000000000000000e+01
