single photon fraction:    0.1510
laser fraction:    0.5104
thermal source fraction:    0.1823
non-detected fraction:    0.1562
number of bins:  200.0000
bin width (ns):    1.0000
average detection events per bin: 5000.0000

# binary result
0.000000000000000000e+00

# g2 signal
1.012527887420628048e+00
9.889308391968422152e-01
9.903609633316170502e-01
9.901226093091546332e-01
9.970348759605666134e-01
1.013719657532940355e+00
9.984650000953414484e-01
9.891691932193046322e-01
1.008952577083690683e+00
9.939362736685543043e-01
1.018486737982190027e+00
9.996567702076538664e-01
9.967965219381040853e-01
1.010144347196003212e+00
1.010144347196003212e+00
1.016579905802490247e+00
1.013481303510477938e+00
9.917910874663919962e-01
1.009667639151078156e+00
1.016818259824952664e+00
1.013242949488015521e+00
1.004423850656903650e+00
1.012766241443090465e+00
1.001563602387353757e+00
1.020155216139427390e+00
1.005377266746753540e+00
9.753446599164806718e-01
9.817802185229677070e-01
9.884541311519171591e-01
9.903609633316170502e-01
9.886924851743796872e-01
9.741528898041682538e-01
1.009905993173540573e+00
1.019916862116964973e+00
9.820185725454301240e-01
9.903609633316170502e-01
9.915527334439294682e-01
1.008714223061228266e+00
9.886924851743796872e-01
9.898842552866921052e-01
1.010859409263390685e+00
1.008475869038765849e+00
9.936979196460917763e-01
1.022300402341589809e+00
9.972732299830290303e-01
9.829719886352801250e-01
1.012527887420628048e+00
1.024922296588677062e+00
9.727227656693933078e-01
9.846404667925174881e-01
1.001563602387353757e+00
9.767747840512555069e-01
9.767747840512555069e-01
1.010859409263390685e+00
1.010382701218465629e+00
1.000133478252578811e+00
9.886924851743796872e-01
9.786816162309553979e-01
1.019678508094502556e+00
9.989417081402665044e-01
9.896459012642295772e-01
1.013719657532940355e+00
1.023730526476364755e+00
1.021585340274202336e+00
1.005853974791678374e+00
1.013958011555402994e+00
1.022300402341589809e+00
9.956047518257916673e-01
1.014434719600327828e+00
9.679556852201436357e-01
1.008952577083690683e+00
9.820185725454301240e-01
9.884541311519171591e-01
1.017056613847415081e+00
1.005138912724291123e+00
1.007284098926453320e+00
1.000133478252578811e+00
1.022062048319127392e+00
1.013719657532940355e+00
1.014673073622790245e+00
9.984650000953414484e-01
1.008475869038765849e+00
9.879774231069922141e-01
9.994184161851914494e-01
1.003470434567053537e+00
1.007760806971378376e+00
9.939362736685543043e-01
1.037316705756726298e+00
9.882157771294547421e-01
9.803500943881927610e-01
9.956047518257916673e-01
9.941746276910168323e-01
9.875007150620672691e-01
9.717693495795434178e-01
1.001086894342428701e+00
1.005853974791678374e+00
9.998951242301163944e-01
1.002755372499666287e+00
1.011574471330778158e+00
1.007045744903990903e+00
1.026352420723452008e+00
9.867856529946797961e-01
9.534160898499322023e-01
1.005615620769215957e+00
9.827336346128175970e-01
1.012527887420628048e+00
9.936979196460917763e-01
9.805884484106552890e-01
9.917910874663919962e-01
9.772514920961804519e-01
1.007284098926453320e+00
9.927445035562418862e-01
9.910760253990045232e-01
1.018486737982190027e+00
9.989417081402665044e-01
9.901226093091546332e-01
9.979882920504165034e-01
9.960814598707166123e-01
1.019201800049577500e+00
9.891691932193046322e-01
9.641420208607439646e-01
9.929828575787044143e-01
1.006807390881528486e+00
9.872623610396047411e-01
1.032072917262551570e+00
1.012527887420628048e+00
9.867856529946797961e-01
1.001086894342428701e+00
1.022300402341589809e+00
9.813035104780427620e-01
1.028735960948076844e+00
9.958431058482541953e-01
9.960814598707166123e-01
9.870240070171423241e-01
1.017771675914802554e+00
9.917910874663919962e-01
9.922677955113169412e-01
1.013004595465552882e+00
9.953663978033292503e-01
1.002278664454741230e+00
9.948896897584041943e-01
9.731994737143182528e-01
9.979882920504165034e-01
9.810651564555802340e-01
1.004423850656903650e+00
1.005138912724291123e+00
9.898842552866921052e-01
9.979882920504165034e-01
9.782049081860304529e-01
9.760597219838680338e-01
9.953663978033292503e-01
9.984650000953414484e-01
9.877390690845297971e-01
1.008237515016303210e+00
9.820185725454301240e-01
9.929828575787044143e-01
1.000371832275041450e+00
1.018963446027115083e+00
1.013004595465552882e+00
9.920294414888544132e-01
1.009667639151078156e+00
1.002040310432278813e+00
1.007760806971378376e+00
1.018963446027115083e+00
9.674789771752186907e-01
9.953663978033292503e-01
9.929828575787044143e-01
1.026352420723452008e+00
1.000133478252578811e+00
1.008714223061228266e+00
1.006807390881528486e+00
1.006569036859065847e+00
1.007999160993840793e+00
1.015388135690177718e+00
9.996567702076538664e-01
1.019201800049577500e+00
1.014673073622790245e+00
1.008714223061228266e+00
9.762980760063305619e-01
1.025637358656064535e+00
1.016103197757565191e+00
1.033264687374864099e+00
9.975115840054915584e-01
9.727227656693933078e-01
9.858322369048299061e-01
9.875007150620672691e-01
1.003232080544591120e+00
9.898842552866921052e-01
1.011336117308315519e+00
9.863089449497548511e-01
9.875007150620672691e-01
9.901226093091546332e-01
9.848788208149799051e-01
9.894075472417671602e-01
9.984650000953414484e-01
9.817802185229677070e-01
1.023968880498827172e+00
1.003232080544591120e+00
1.009429285128615739e+00
1.012766241443090465e+00

# time bin value
-1.000000000000000000e+02
-9.900000000000000000e+01
-9.800000000000000000e+01
-9.700000000000000000e+01
-9.600000000000000000e+01
-9.500000000000000000e+01
-9.400000000000000000e+01
-9.300000000000000000e+01
-9.200000000000000000e+01
-9.100000000000000000e+01
-9.000000000000000000e+01
-8.900000000000000000e+01
-8.800000000000000000e+01
-8.700000000000000000e+01
-8.600000000000000000e+01
-8.500000000000000000e+01
-8.400000000000000000e+01
-8.300000000000000000e+01
-8.200000000000000000e+01
-8.100000000000000000e+01
-8.000000000000000000e+01
-7.900000000000000000e+01
-7.800000000000000000e+01
-7.700000000000000000e+01
-7.600000000000000000e+01
-7.500000000000000000e+01
-7.400000000000000000e+01
-7.300000000000000000e+01
-7.200000000000000000e+01
-7.100000000000000000e+01
-7.000000000000000000e+01
-6.900000000000000000e+01
-6.800000000000000000e+01
-6.700000000000000000e+01
-6.600000000000000000e+01
-6.500000000000000000e+01
-6.400000000000000000e+01
-6.300000000000000000e+01
-6.200000000000000000e+01
-6.100000000000000000e+01
-6.000000000000000000e+01
-5.900000000000000000e+01
-5.800000000000000000e+01
-5.700000000000000000e+01
-5.600000000000000000e+01
-5.500000000000000000e+01
-5.400000000000000000e+01
-5.300000000000000000e+01
-5.200000000000000000e+01
-5.100000000000000000e+01
-5.000000000000000000e+01
-4.900000000000000000e+01
-4.800000000000000000e+01
-4.700000000000000000e+01
-4.600000000000000000e+01
-4.500000000000000000e+01
-4.400000000000000000e+01
-4.300000000000000000e+01
-4.200000000000000000e+01
-4.100000000000000000e+01
-4.000000000000000000e+01
-3.900000000000000000e+01
-3.800000000000000000e+01
-3.700000000000000000e+01
-3.600000000000000000e+01
-3.500000000000000000e+01
-3.400000000000000000e+01
-3.300000000000000000e+01
-3.200000000000000000e+01
-3.100000000000000000e+01
-3.000000000000000000e+01
-2.900000000000000000e+01
-2.800000000000000000e+01
-2.700000000000000000e+01
-2.600000000000000000e+01
-2.500000000000000000e+01
-2.400000000000000000e+01
-2.300000000000000000e+01
-2.200000000000000000e+01
-2.100000000000000000e+01
-2.000000000000000000e+01
-1.900000000000000000e+01
-1.800000000000000000e+01
-1.700000000000000000e+01
-1.600000000000000000e+01
-1.500000000000000000e+01
-1.400000000000000000e+01
-1.300000000000000000e+01
-1.200000000000000000e+01
-1.100000000000000000e+01
-1.000000000000000000e+01
-9.000000000000000000e+00
-8.000000000000000000e+00
-7.000000000000000000e+00
-6.000000000000000000e+00
-5.000000000000000000e+00
-4.000000000000000000e+00
-3.000000000000000000e+00
-2.000000000000000000e+00
-1.000000000000000000e+00
0.000000000000000000e+00
1.000000000000000000e+00
2.000000000000000000e+00
3.000000000000000000e+00
4.000000000000000000e+00
5.000000000000000000e+00
6.000000000000000000e+00
7.000000000000000000e+00
8.000000000000000000e+00
9.000000000000000000e+00
1.000000000000000000e+01
1.100000000000000000e+01
1.200000000000000000e+01
1.300000000000000000e+01
1.400000000000000000e+01
1.500000000000000000e+01
1.600000000000000000e+01
1.700000000000000000e+01
1.800000000000000000e+01
1.900000000000000000e+01
2.000000000000000000e+01
2.100000000000000000e+01
2.200000000000000000e+01
2.300000000000000000e+01
2.400000000000000000e+01
2.500000000000000000e+01
2.600000000000000000e+01
2.700000000000000000e+01
2.800000000000000000e+01
2.900000000000000000e+01
3.000000000000000000e+01
3.100000000000000000e+01
3.200000000000000000e+01
3.300000000000000000e+01
3.400000000000000000e+01
3.500000000000000000e+01
3.600000000000000000e+01
3.700000000000000000e+01
3.800000000000000000e+01
3.900000000000000000e+01
4.000000000000000000e+01
4.100000000000000000e+01
4.200000000000000000e+01
4.300000000000000000e+01
4.400000000000000000e+01
4.500000000000000000e+01
4.600000000000000000e+01
4.700000000000000000e+01
4.800000000000000000e+01
4.900000000000000000e+01
5.000000000000000000e+01
5.100000000000000000e+01
5.200000000000000000e+01
5.300000000000000000e+01
5.400000000000000000e+01
5.500000000000000000e+01
5.600000000000000000e+01
5.700000000000000000e+01
5.800000000000000000e+01
5.900000000000000000e+01
6.000000000000000000e+01
6.100000000000000000e+01
6.200000000000000000e+01
6.300000000000000000e+01
6.400000000000000000e+01
6.500000000000000000e+01
6.600000000000000000e+01
6.700000000000000000e+01
6.800000000000000000e+01
6.900000000000000000e+01
7.000000000000000000e+01
7.100000000000000000e+01
7.200000000000000000e+01
7.300000000000000000e+01
7.400000000000000000e+01
7.500000000000000000e+01
7.600000000000000000e+01
7.700000000000000000e+01
7.800000000000000000e+01
7.900000000000000000e+01
8.000000000000000000e+01
8.100000000000000000e+01
8.200000000000000000e+01
8.300000000000000000e+01
8.400000000000000000e+01
8.500000000000000000e+01
8.600000000000000000e+01
8.700000000000000000e+01
8.800000000000000000e+01
8.900000000000000000e+01
9.000000000000000000e+01
9.100000000000000000e+01
9.200000000000000000e+01
9.300000000000000000e+01
9.400000000000000000e+01
9.500000000000000000e+01
9.600000000000000000e+01
9.700000000000000000e+01
9.800000000000000000e+01
9.900000000000000000e+01
