single photon fraction:    0.4706
laser fraction:    0.1569
thermal source fraction:    0.1520
non-detected fraction:    0.2206
number of bins:  200.0000
bin width (ns):    1.0000
average detection events per bin: 5000.0000

# binary result
0.000000000000000000e+00

# g2 signal
9.947185672200333784e-01
9.934287350529948935e-01
9.905911042855103377e-01
9.962663658204794492e-01
9.805304133826105994e-01
9.939446679198102874e-01
9.740812525474185080e-01
1.006327056723379076e+00
9.957504329536640553e-01
1.022320975594655623e+00
1.018193512660132694e+00
9.970402651207025402e-01
1.010712486091309703e+00
9.895592385518796608e-01
9.998778958881869849e-01
1.009938586791086834e+00
1.024126740628509502e+00
1.013292150425386673e+00
9.939446679198102874e-01
9.918809364525488226e-01
9.776927826151261547e-01
1.027480304262809341e+00
9.841419434503182462e-01
1.010970452524717400e+00
9.766609168814953668e-01
9.815622791162413874e-01
1.008648754624048349e+00
1.002457560222263844e+00
1.001425694488633056e+00
9.965243322538871462e-01
9.887853392516565698e-01
1.018451479093540391e+00
1.009938586791086834e+00
1.017419613359909603e+00
1.016129781192871118e+00
1.021547076294432532e+00
9.792405812155722256e-01
9.601510651434035370e-01
1.015355881892648027e+00
9.854317756173566201e-01
9.962663658204794492e-01
1.017677579793317300e+00
1.014581982592425158e+00
9.862056749175797110e-01
1.021289109861024835e+00
1.014839949025832855e+00
1.015355881892648027e+00
1.017935546226724997e+00
1.014066049725609764e+00
1.006585023156786773e+00
9.846578763171336401e-01
1.001167728055225359e+00
1.001941627355448450e+00
1.013034183991978976e+00
1.001941627355448450e+00
1.008390788190640652e+00
9.787246483487568316e-01
9.931707686195871965e-01
1.008906721057456046e+00
9.936867014864025904e-01
1.023352841328286411e+00
1.014839949025832855e+00
9.635046287777034868e-01
1.006069090289971379e+00
9.916229700191411256e-01
1.015097915459240330e+00
1.011744351824940491e+00
1.011486385391532794e+00
1.004263325256117723e+00
9.856897420507643170e-01
1.004005358822710026e+00
1.041926424533639706e+00
1.002199593788856147e+00
1.016645714059686512e+00
1.012002318258348188e+00
1.002199593788856147e+00
1.001683660922040753e+00
1.010454519657902006e+00
1.006069090289971379e+00
9.727914203803801341e-01
9.836260105835028522e-01
9.880114399514334789e-01
1.006069090289971379e+00
9.862056749175797110e-01
9.882694063848411758e-01
1.004521291689525420e+00
9.962663658204794492e-01
9.885273728182488728e-01
1.017935546226724997e+00
1.018967411960355784e+00
1.031091834330516877e+00
1.025932505662363159e+00
9.580873336761420722e-01
9.820782119830567813e-01
9.908490707189180347e-01
1.026190472095770856e+00
9.972982315541101261e-01
1.027738270696217038e+00
1.013292150425386673e+00
9.825941448498721753e-01
5.757810793659529081e-01
1.030833867897109180e+00
1.009938586791086834e+00
9.890433056850642668e-01
1.000651795188410187e+00
9.949765336534409643e-01
1.000393828755002490e+00
9.738232861140108110e-01
1.019999277693986350e+00
1.018193512660132694e+00
1.005553157423155985e+00
1.007874855323825258e+00
9.725334539469724371e-01
9.709856553465262552e-01
9.936867014864025904e-01
1.001683660922040753e+00
9.887853392516565698e-01
9.707276889131186692e-01
1.022578942028063320e+00
1.003747392389302329e+00
1.002973493089079238e+00
9.944606007866256814e-01
9.743392189808262049e-01
1.029544035730070695e+00
9.911070371523257316e-01
9.947185672200333784e-01
9.936867014864025904e-01
1.013292150425386673e+00
9.766609168814953668e-01
9.916229700191411256e-01
1.030575901463701483e+00
1.032639632930963058e+00
1.001683660922040753e+00
9.960083993870717523e-01
1.013550116858794370e+00
1.026964371395993947e+00
1.005811123856563682e+00
1.026964371395993947e+00
1.026706404962586250e+00
1.013034183991978976e+00
9.944606007866256814e-01
1.015613848326055724e+00
1.019225378393763481e+00
1.011228418958125097e+00
1.010454519657902006e+00
9.898172049852873577e-01
1.012776217558571279e+00
9.929128021861794995e-01
1.030059968596886089e+00
1.009164687490863743e+00
1.001683660922040753e+00
9.789826147821645286e-01
1.004779258122933117e+00
9.862056749175797110e-01
1.030317935030293786e+00
9.903331378521026407e-01
9.998778958881869849e-01
1.000393828755002490e+00
9.972982315541101261e-01
1.020773176994209441e+00
9.978141644209255201e-01
9.988460301545563080e-01
9.936867014864025904e-01
9.985880637211486111e-01
9.931707686195871965e-01
1.002199593788856147e+00
1.010196553224494531e+00
1.010196553224494531e+00
9.702117560463032753e-01
1.002973493089079238e+00
9.867216077843951050e-01
1.003747392389302329e+00
1.017677579793317300e+00
9.911070371523257316e-01
9.560236022088806074e-01
9.526700385745806576e-01
9.862056749175797110e-01
9.908490707189180347e-01
9.869795742178028020e-01
1.008390788190640652e+00
9.779507490485338517e-01
9.908490707189180347e-01
1.016903680493094209e+00
9.957504329536640553e-01
9.831100777166874582e-01
9.913650035857334286e-01
9.944606007866256814e-01
9.926548357527718025e-01
9.880114399514334789e-01
9.972982315541101261e-01
1.007874855323825258e+00
1.020773176994209441e+00
9.836260105835028522e-01
1.011486385391532794e+00
1.017161646926501906e+00
9.942026343532179844e-01
1.020257244127394047e+00
1.019483344827171178e+00
9.934287350529948935e-01
1.019741311260578875e+00

# time bin value
-1.000000000000000000e+02
-9.900000000000000000e+01
-9.800000000000000000e+01
-9.700000000000000000e+01
-9.600000000000000000e+01
-9.500000000000000000e+01
-9.400000000000000000e+01
-9.300000000000000000e+01
-9.200000000000000000e+01
-9.100000000000000000e+01
-9.000000000000000000e+01
-8.900000000000000000e+01
-8.800000000000000000e+01
-8.700000000000000000e+01
-8.600000000000000000e+01
-8.500000000000000000e+01
-8.400000000000000000e+01
-8.300000000000000000e+01
-8.200000000000000000e+01
-8.100000000000000000e+01
-8.000000000000000000e+01
-7.900000000000000000e+01
-7.800000000000000000e+01
-7.700000000000000000e+01
-7.600000000000000000e+01
-7.500000000000000000e+01
-7.400000000000000000e+01
-7.300000000000000000e+01
-7.200000000000000000e+01
-7.100000000000000000e+01
-7.000000000000000000e+01
-6.900000000000000000e+01
-6.800000000000000000e+01
-6.700000000000000000e+01
-6.600000000000000000e+01
-6.500000000000000000e+01
-6.400000000000000000e+01
-6.300000000000000000e+01
-6.200000000000000000e+01
-6.100000000000000000e+01
-6.000000000000000000e+01
-5.900000000000000000e+01
-5.800000000000000000e+01
-5.700000000000000000e+01
-5.600000000000000000e+01
-5.500000000000000000e+01
-5.400000000000000000e+01
-5.300000000000000000e+01
-5.200000000000000000e+01
-5.100000000000000000e+01
-5.000000000000000000e+01
-4.900000000000000000e+01
-4.800000000000000000e+01
-4.700000000000000000e+01
-4.600000000000000000e+01
-4.500000000000000000e+01
-4.400000000000000000e+01
-4.300000000000000000e+01
-4.200000000000000000e+01
-4.100000000000000000e+01
-4.000000000000000000e+01
-3.900000000000000000e+01
-3.800000000000000000e+01
-3.700000000000000000e+01
-3.600000000000000000e+01
-3.500000000000000000e+01
-3.400000000000000000e+01
-3.300000000000000000e+01
-3.200000000000000000e+01
-3.100000000000000000e+01
-3.000000000000000000e+01
-2.900000000000000000e+01
-2.800000000000000000e+01
-2.700000000000000000e+01
-2.600000000000000000e+01
-2.500000000000000000e+01
-2.400000000000000000e+01
-2.300000000000000000e+01
-2.200000000000000000e+01
-2.100000000000000000e+01
-2.000000000000000000e+01
-1.900000000000000000e+01
-1.800000000000000000e+01
-1.700000000000000000e+01
-1.600000000000000000e+01
-1.500000000000000000e+01
-1.400000000000000000e+01
-1.300000000000000000e+01
-1.200000000000000000e+01
-1.100000000000000000e+01
-1.000000000000000000e+01
-9.000000000000000000e+00
-8.000000000000000000e+00
-7.000000000000000000e+00
-6.000000000000000000e+00
-5.000000000000000000e+00
-4.000000000000000000e+00
-3.000000000000000000e+00
-2.000000000000000000e+00
-1.000000000000000000e+00
0.000000000000000000e+00
1.000000000000000000e+00
2.000000000000000000e+00
3.000000000000000000e+00
4.000000000000000000e+00
5.000000000000000000e+00
6.000000000000000000e+00
7.000000000000000000e+00
8.000000000000000000e+00
9.000000000000000000e+00
1.000000000000000000e+01
1.100000000000000000e+01
1.200000000000000000e+01
1.300000000000000000e+01
1.400000000000000000e+01
1.500000000000000000e+01
1.600000000000000000e+01
1.700000000000000000e+01
1.800000000000000000e+01
1.900000000000000000e+01
2.000000000000000000e+01
2.100000000000000000e+01
2.200000000000000000e+01
2.300000000000000000e+01
2.400000000000000000e+01
2.500000000000000000e+01
2.600000000000000000e+01
2.700000000000000000e+01
2.800000000000000000e+01
2.900000000000000000e+01
3.000000000000000000e+01
3.100000000000000000e+01
3.200000000000000000e+01
3.300000000000000000e+01
3.400000000000000000e+01
3.500000000000000000e+01
3.600000000000000000e+01
3.700000000000000000e+01
3.800000000000000000e+01
3.900000000000000000e+01
4.000000000000000000e+01
4.100000000000000000e+01
4.200000000000000000e+01
4.300000000000000000e+01
4.400000000000000000e+01
4.500000000000000000e+01
4.600000000000000000e+01
4.700000000000000000e+01
4.800000000000000000e+01
4.900000000000000000e+01
5.000000000000000000e+01
5.100000000000000000e+01
5.200000000000000000e+01
5.300000000000000000e+01
5.400000000000000000e+01
5.500000000000000000e+01
5.600000000000000000e+01
5.700000000000000000e+01
5.800000000000000000e+01
5.900000000000000000e+01
6.000000000000000000e+01
6.100000000000000000e+01
6.200000000000000000e+01
6.300000000000000000e+01
6.400000000000000000e+01
6.500000000000000000e+01
6.600000000000000000e+01
6.700000000000000000e+01
6.800000000000000000e+01
6.900000000000000000e+01
7.000000000000000000e+01
7.100000000000000000e+01
7.200000000000000000e+01
7.300000000000000000e+01
7.400000000000000000e+01
7.500000000000000000e+01
7.600000000000000000e+01
7.700000000000000000e+01
7.800000000000000000e+01
7.900000000000000000e+01
8.000000000000000000e+01
8.100000000000000000e+01
8.200000000000000000e+01
8.300000000000000000e+01
8.400000000000000000e+01
8.500000000000000000e+01
8.600000000000000000e+01
8.700000000000000000e+01
8.800000000000000000e+01
8.900000000000000000e+01
9.000000000000000000e+01
9.100000000000000000e+01
9.200000000000000000e+01
9.300000000000000000e+01
9.400000000000000000e+01
9.500000000000000000e+01
9.600000000000000000e+01
9.700000000000000000e+01
9.800000000000000000e+01
9.900000000000000000e+01
