single photon fraction:    0.4743
laser fraction:    0.0400
thermal source fraction:    0.0171
non-detected fraction:    0.4686
number of bins:  200.0000
bin width (ns):    1.0000
average detection events per bin: 5000.0000

# binary result
1.000000000000000000e+00

# g2 signal
1.017150091936172007e+00
9.669344415176452934e-01
1.041691575223421928e+00
9.990271504317412843e-01
1.003935447089191246e+00
9.903432409608682319e-01
9.944964150556335758e-01
9.926086086489220861e-01
1.022813511156306587e+00
1.005823253495902847e+00
1.024701317563017966e+00
1.022813511156306587e+00
9.673120027989875469e-01
1.006955937339929719e+00
1.022435949874964223e+00
9.873227507101297595e-01
9.944964150556335758e-01
9.733529833004644916e-01
9.892105571168413602e-01
9.861900668661028879e-01
1.007711059902614226e+00
9.952515376183181939e-01
1.016394969373487278e+00
1.024323756281675823e+00
9.861900668661028879e-01
1.015262285529460407e+00
1.010353988872010333e+00
9.786388412392567071e-01
1.017150091936172007e+00
1.000914956838452774e+00
1.003557885807848882e+00
9.850573830220759053e-01
1.010731550153352698e+00
9.910983635235528499e-01
1.001670079401137503e+00
9.654241963922760572e-01
9.918534860862374680e-01
1.037160839847314220e+00
1.007333498621272083e+00
9.918534860862374680e-01
1.036783278565971855e+00
9.986495891503989197e-01
9.914759248048951035e-01
1.011109111434695063e+00
1.014507162966775899e+00
9.733529833004644916e-01
9.975169053063720481e-01
1.037538401128656362e+00
1.017905214498856514e+00
1.009221305027983462e+00
1.016772530654829643e+00
9.865676281474451415e-01
1.008088621183956590e+00
1.002047640682479646e+00
9.899656796795259783e-01
1.022058388593621858e+00
9.975169053063720481e-01
1.015262285529460407e+00
1.015639846810802771e+00
1.023568633718991094e+00
1.026966685251071931e+00
1.008088621183956590e+00
9.714651768937528908e-01
1.003180324526506739e+00
1.000537395557110409e+00
1.006955937339929719e+00
1.022813511156306587e+00
1.022435949874964223e+00
9.956290988996605584e-01
9.865676281474451415e-01
1.017150091936172007e+00
1.000914956838452774e+00
1.028099369095098803e+00
1.034895472159260255e+00
1.013374479122748806e+00
1.011109111434695063e+00
1.000159834275768267e+00
1.037915962409998727e+00
9.877003119914721241e-01
9.967617827436874300e-01
1.038671084972683456e+00
9.831695766153644156e-01
1.044334504192818036e+00
9.944964150556335758e-01
1.065855497229329485e+00
1.021303266030937351e+00
1.016394969373487278e+00
9.567402869214030048e-01
9.877003119914721241e-01
1.010731550153352698e+00
1.002802763245164375e+00
9.775061573952298355e-01
9.918534860862374680e-01
9.926086086489220861e-01
9.918534860862374680e-01
1.002047640682479646e+00
1.019415459624225750e+00
9.884554345541567422e-01
1.002802763245164375e+00
1.008843743746641319e+00
1.498918286928954124e-01
9.952515376183181939e-01
9.895881183981836138e-01
9.910983635235528499e-01
1.033385227033891018e+00
1.022435949874964223e+00
9.499441838572415531e-01
1.009598866309325826e+00
1.037915962409998727e+00
1.017527653217514150e+00
1.011486672716037427e+00
9.748632284258337277e-01
1.006200814777244990e+00
9.480563774505299524e-01
9.978944665877143017e-01
9.952515376183181939e-01
9.658017576736183107e-01
9.990271504317412843e-01
1.016394969373487278e+00
9.899656796795259783e-01
1.026966685251071931e+00
9.797715250832836897e-01
9.918534860862374680e-01
1.038671084972683456e+00
1.006955937339929719e+00
1.002425201963822010e+00
9.910983635235528499e-01
9.835471378967067801e-01
9.858125055847605234e-01
9.903432409608682319e-01
1.029609614220468039e+00
9.922310473675797216e-01
9.967617827436874300e-01
1.029987175501810404e+00
9.910983635235528499e-01
9.861900668661028879e-01
1.008843743746641319e+00
9.593832158907991126e-01
1.036405717284629491e+00
9.676895640803299115e-01
9.809042089273105614e-01
9.763734735512029639e-01
1.003180324526506739e+00
9.835471378967067801e-01
1.036405717284629491e+00
9.771285961138875820e-01
9.839246991780490337e-01
1.003180324526506739e+00
1.034895472159260255e+00
1.005823253495902847e+00
9.809042089273105614e-01
9.835471378967067801e-01
9.892105571168413602e-01
9.658017576736183107e-01
1.024323756281675823e+00
9.763734735512029639e-01
1.019793020905568115e+00
9.944964150556335758e-01
1.005068130933218118e+00
1.045467188036844908e+00
1.005445692214560482e+00
9.831695766153644156e-01
1.005068130933218118e+00
1.027721807813756438e+00
9.971393440250296836e-01
1.022813511156306587e+00
9.786388412392567071e-01
9.790164025205990717e-01
1.011486672716037427e+00
1.041314013942079564e+00
1.046599871880871779e+00
1.003180324526506739e+00
1.019415459624225750e+00
1.017905214498856514e+00
1.005823253495902847e+00
9.816593314899951794e-01
1.005823253495902847e+00
9.869451894287875060e-01
1.000159834275768267e+00
1.017150091936172007e+00
1.029232052939125674e+00
1.003180324526506739e+00
1.025078878844360331e+00
1.031497420627179640e+00
1.006200814777244990e+00
9.960066601810028120e-01
1.017527653217514150e+00
1.000159834275768267e+00
9.752407897071759812e-01
9.767510348325452174e-01
9.884554345541567422e-01
9.759959122698605993e-01
9.673120027989875469e-01
1.009598866309325826e+00
1.033007665752548876e+00
1.014129601685433535e+00
1.023946195000333459e+00
9.759959122698605993e-01
9.710876156124106373e-01
1.020925704749594987e+00

# time bin value
-1.000000000000000000e+02
-9.900000000000000000e+01
-9.800000000000000000e+01
-9.700000000000000000e+01
-9.600000000000000000e+01
-9.500000000000000000e+01
-9.400000000000000000e+01
-9.300000000000000000e+01
-9.200000000000000000e+01
-9.100000000000000000e+01
-9.000000000000000000e+01
-8.900000000000000000e+01
-8.800000000000000000e+01
-8.700000000000000000e+01
-8.600000000000000000e+01
-8.500000000000000000e+01
-8.400000000000000000e+01
-8.300000000000000000e+01
-8.200000000000000000e+01
-8.100000000000000000e+01
-8.000000000000000000e+01
-7.900000000000000000e+01
-7.800000000000000000e+01
-7.700000000000000000e+01
-7.600000000000000000e+01
-7.500000000000000000e+01
-7.400000000000000000e+01
-7.300000000000000000e+01
-7.200000000000000000e+01
-7.100000000000000000e+01
-7.000000000000000000e+01
-6.900000000000000000e+01
-6.800000000000000000e+01
-6.700000000000000000e+01
-6.600000000000000000e+01
-6.500000000000000000e+01
-6.400000000000000000e+01
-6.300000000000000000e+01
-6.200000000000000000e+01
-6.100000000000000000e+01
-6.000000000000000000e+01
-5.900000000000000000e+01
-5.800000000000000000e+01
-5.700000000000000000e+01
-5.600000000000000000e+01
-5.500000000000000000e+01
-5.400000000000000000e+01
-5.300000000000000000e+01
-5.200000000000000000e+01
-5.100000000000000000e+01
-5.000000000000000000e+01
-4.900000000000000000e+01
-4.800000000000000000e+01
-4.700000000000000000e+01
-4.600000000000000000e+01
-4.500000000000000000e+01
-4.400000000000000000e+01
-4.300000000000000000e+01
-4.200000000000000000e+01
-4.100000000000000000e+01
-4.000000000000000000e+01
-3.900000000000000000e+01
-3.800000000000000000e+01
-3.700000000000000000e+01
-3.600000000000000000e+01
-3.500000000000000000e+01
-3.400000000000000000e+01
-3.300000000000000000e+01
-3.200000000000000000e+01
-3.100000000000000000e+01
-3.000000000000000000e+01
-2.900000000000000000e+01
-2.800000000000000000e+01
-2.700000000000000000e+01
-2.600000000000000000e+01
-2.500000000000000000e+01
-2.400000000000000000e+01
-2.300000000000000000e+01
-2.200000000000000000e+01
-2.100000000000000000e+01
-2.000000000000000000e+01
-1.900000000000000000e+01
-1.800000000000000000e+01
-1.700000000000000000e+01
-1.600000000000000000e+01
-1.500000000000000000e+01
-1.400000000000000000e+01
-1.300000000000000000e+01
-1.200000000000000000e+01
-1.100000000000000000e+01
-1.000000000000000000e+01
-9.000000000000000000e+00
-8.000000000000000000e+00
-7.000000000000000000e+00
-6.000000000000000000e+00
-5.000000000000000000e+00
-4.000000000000000000e+00
-3.000000000000000000e+00
-2.000000000000000000e+00
-1.000000000000000000e+00
0.000000000000000000e+00
1.000000000000000000e+00
2.000000000000000000e+00
3.000000000000000000e+00
4.000000000000000000e+00
5.000000000000000000e+00
6.000000000000000000e+00
7.000000000000000000e+00
8.000000000000000000e+00
9.000000000000000000e+00
1.000000000000000000e+01
1.100000000000000000e+01
1.200000000000000000e+01
1.300000000000000000e+01
1.400000000000000000e+01
1.500000000000000000e+01
1.600000000000000000e+01
1.700000000000000000e+01
1.800000000000000000e+01
1.900000000000000000e+01
2.000000000000000000e+01
2.100000000000000000e+01
2.200000000000000000e+01
2.300000000000000000e+01
2.400000000000000000e+01
2.500000000000000000e+01
2.600000000000000000e+01
2.700000000000000000e+01
2.800000000000000000e+01
2.900000000000000000e+01
3.000000000000000000e+01
3.100000000000000000e+01
3.200000000000000000e+01
3.300000000000000000e+01
3.400000000000000000e+01
3.500000000000000000e+01
3.600000000000000000e+01
3.700000000000000000e+01
3.800000000000000000e+01
3.900000000000000000e+01
4.000000000000000000e+01
4.100000000000000000e+01
4.200000000000000000e+01
4.300000000000000000e+01
4.400000000000000000e+01
4.500000000000000000e+01
4.600000000000000000e+01
4.700000000000000000e+01
4.800000000000000000e+01
4.900000000000000000e+01
5.000000000000000000e+01
5.100000000000000000e+01
5.200000000000000000e+01
5.300000000000000000e+01
5.400000000000000000e+01
5.500000000000000000e+01
5.600000000000000000e+01
5.700000000000000000e+01
5.800000000000000000e+01
5.900000000000000000e+01
6.000000000000000000e+01
6.100000000000000000e+01
6.200000000000000000e+01
6.300000000000000000e+01
6.400000000000000000e+01
6.500000000000000000e+01
6.600000000000000000e+01
6.700000000000000000e+01
6.800000000000000000e+01
6.900000000000000000e+01
7.000000000000000000e+01
7.100000000000000000e+01
7.200000000000000000e+01
7.300000000000000000e+01
7.400000000000000000e+01
7.500000000000000000e+01
7.600000000000000000e+01
7.700000000000000000e+01
7.800000000000000000e+01
7.900000000000000000e+01
8.000000000000000000e+01
8.100000000000000000e+01
8.200000000000000000e+01
8.300000000000000000e+01
8.400000000000000000e+01
8.500000000000000000e+01
8.600000000000000000e+01
8.700000000000000000e+01
8.800000000000000000e+01
8.900000000000000000e+01
9.000000000000000000e+01
9.100000000000000000e+01
9.200000000000000000e+01
9.300000000000000000e+01
9.400000000000000000e+01
9.500000000000000000e+01
9.600000000000000000e+01
9.700000000000000000e+01
9.800000000000000000e+01
9.900000000000000000e+01
