single photon fraction:    0.2841
laser fraction:    0.0985
thermal source fraction:    0.3144
non-detected fraction:    0.3030
number of bins:  200.0000
bin width (ns):    1.0000
average detection events per bin: 5000.0000

# binary result
0.000000000000000000e+00

# g2 signal
9.743104037869677603e-01
9.806501934596424386e-01
1.007738385697434458e+00
9.858372941009218016e-01
1.027910443746854252e+00
9.751749205605142468e-01
9.803620212017936097e-01
9.936179450628408460e-01
9.941942895785385037e-01
1.027910443746854252e+00
9.956351508677827589e-01
1.024164204394819144e+00
9.996695624776666955e-01
9.976523566727246717e-01
9.815147102331890361e-01
9.809383657174913784e-01
9.973641844148758429e-01
9.838200882959798887e-01
9.993813902198178667e-01
1.012060969565167223e+00
9.962114953834804165e-01
1.018688931495690841e+00
9.944824618363873325e-01
1.014654519885807016e+00
1.023876032136970204e+00
1.017248070206446586e+00
9.976523566727246717e-01
9.933297728049919062e-01
1.006009352150341485e+00
1.008026557955283398e+00
9.895835334529569094e-01
9.959233231256315877e-01
9.904480502265033959e-01
9.944824618363873325e-01
1.009755591502376593e+00
9.855491218430729727e-01
9.858372941009218016e-01
1.026757754715458715e+00
9.964996676413293564e-01
1.012349141823016163e+00
1.003703974087550632e+00
1.021282481816330634e+00
9.967878398991781852e-01
9.881426721637126542e-01
9.872781553901660567e-01
1.014654519885807016e+00
9.771921263654562706e-01
1.017536242464295526e+00
1.008026557955283398e+00
9.792093321703981834e-01
1.000534079251213182e+00
1.017536242464295526e+00
9.921770837735965909e-01
1.007162041181736800e+00
1.023876032136970204e+00
1.020129792784935097e+00
1.016671725690748929e+00
9.826673992645844624e-01
9.841082605538287176e-01
9.872781553901660567e-01
9.967878398991781852e-01
1.012060969565167223e+00
1.000822251509062122e+00
9.861254663587706304e-01
9.763276095919096731e-01
1.036555611482319783e+00
1.003127629571852975e+00
1.010331936018074250e+00
9.858372941009218016e-01
1.004280318603248290e+00
1.008602902470981055e+00
9.881426721637126542e-01
1.006009352150341485e+00
9.861254663587706304e-01
9.895835334529569094e-01
9.993813902198178667e-01
1.017824414722144244e+00
1.002839457314004035e+00
1.003992146345399572e+00
9.988050457041200980e-01
1.021858826332028292e+00
1.025605065684063399e+00
9.959233231256315877e-01
9.803620212017936097e-01
9.901598779686545670e-01
1.003127629571852975e+00
1.002551285056155317e+00
1.001974940540457437e+00
1.001110423766910840e+00
9.679706141142929710e-01
1.003415801829701692e+00
9.918889115157476510e-01
9.748867483026654179e-01
9.829555715224332912e-01
9.714286812084792500e-01
1.015519036659353613e+00
1.015807208917202331e+00
1.024452376652667862e+00
1.009179246986678713e+00
9.959233231256315877e-01
1.008026557955283398e+00
9.999577347355155243e-01
1.029351305036098507e+00
1.008314730213132338e+00
1.002263112798306377e+00
9.734458870134211628e-01
9.861254663587706304e-01
1.027910443746854252e+00
9.829555715224332912e-01
1.001686768282608719e+00
1.022435170847725949e+00
1.001686768282608719e+00
9.918889115157476510e-01
1.004280318603248290e+00
1.014654519885807016e+00
1.009755591502376593e+00
1.008026557955283398e+00
9.763276095919096731e-01
9.682587863721417998e-01
9.794975044282470122e-01
1.016959897948597868e+00
9.633598579887113766e-01
1.002839457314004035e+00
9.812265379753402073e-01
9.993813902198178667e-01
1.005721179892492545e+00
1.013790003112260418e+00
1.001974940540457437e+00
9.982287011884224404e-01
9.743104037869677603e-01
9.841082605538287176e-01
1.028486788262551910e+00
9.941942895785385037e-01
9.993813902198178667e-01
1.011484625049469566e+00
9.916007392578988222e-01
1.020706137300632976e+00
9.826673992645844624e-01
1.016095381175051271e+00
9.927534282892942485e-01
1.009755591502376593e+00
1.006009352150341485e+00
1.013790003112260418e+00
9.988050457041200980e-01
9.939061173206896749e-01
9.936179450628408460e-01
9.867018108744683991e-01
9.910243947422011646e-01
9.815147102331890361e-01
9.869899831323172279e-01
1.009467419244527653e+00
9.996695624776666955e-01
9.913125670000499934e-01
1.004280318603248290e+00
1.018688931495690841e+00
1.001686768282608719e+00
1.014366347627958076e+00
9.962114953834804165e-01
1.037996472771564038e+00
9.901598779686545670e-01
1.010331936018074250e+00
9.985168734462712692e-01
1.012925486338713821e+00
9.999577347355155243e-01
9.947706340942361614e-01
1.020129792784935097e+00
9.950588063520851012e-01
1.005433007634643827e+00
1.003992146345399572e+00
1.002839457314004035e+00
1.005144835376794887e+00
1.008891074728829995e+00
1.000822251509062122e+00
1.025028721168365742e+00
1.003415801829701692e+00
9.619189966994671215e-01
9.864136386166194592e-01
1.013213658596562761e+00
1.024740548910516802e+00
9.999577347355155243e-01
9.887190166794103119e-01
9.982287011884224404e-01
1.010043763760225310e+00
9.956351508677827589e-01
1.010043763760225310e+00
1.024452376652667862e+00
9.694114754035372261e-01
9.910243947422011646e-01
9.964996676413293564e-01
1.015519036659353613e+00
1.012637314080865103e+00
1.002551285056155317e+00
1.014942692143655734e+00
9.800738489439447809e-01
9.846846050695263752e-01
9.936179450628408460e-01
1.007738385697434458e+00
9.921770837735965909e-01
9.838200882959798887e-01
1.017536242464295526e+00

# time bin value
-1.000000000000000000e+02
-9.900000000000000000e+01
-9.800000000000000000e+01
-9.700000000000000000e+01
-9.600000000000000000e+01
-9.500000000000000000e+01
-9.400000000000000000e+01
-9.300000000000000000e+01
-9.200000000000000000e+01
-9.100000000000000000e+01
-9.000000000000000000e+01
-8.900000000000000000e+01
-8.800000000000000000e+01
-8.700000000000000000e+01
-8.600000000000000000e+01
-8.500000000000000000e+01
-8.400000000000000000e+01
-8.300000000000000000e+01
-8.200000000000000000e+01
-8.100000000000000000e+01
-8.000000000000000000e+01
-7.900000000000000000e+01
-7.800000000000000000e+01
-7.700000000000000000e+01
-7.600000000000000000e+01
-7.500000000000000000e+01
-7.400000000000000000e+01
-7.300000000000000000e+01
-7.200000000000000000e+01
-7.100000000000000000e+01
-7.000000000000000000e+01
-6.900000000000000000e+01
-6.800000000000000000e+01
-6.700000000000000000e+01
-6.600000000000000000e+01
-6.500000000000000000e+01
-6.400000000000000000e+01
-6.300000000000000000e+01
-6.200000000000000000e+01
-6.100000000000000000e+01
-6.000000000000000000e+01
-5.900000000000000000e+01
-5.800000000000000000e+01
-5.700000000000000000e+01
-5.600000000000000000e+01
-5.500000000000000000e+01
-5.400000000000000000e+01
-5.300000000000000000e+01
-5.200000000000000000e+01
-5.100000000000000000e+01
-5.000000000000000000e+01
-4.900000000000000000e+01
-4.800000000000000000e+01
-4.700000000000000000e+01
-4.600000000000000000e+01
-4.500000000000000000e+01
-4.400000000000000000e+01
-4.300000000000000000e+01
-4.200000000000000000e+01
-4.100000000000000000e+01
-4.000000000000000000e+01
-3.900000000000000000e+01
-3.800000000000000000e+01
-3.700000000000000000e+01
-3.600000000000000000e+01
-3.500000000000000000e+01
-3.400000000000000000e+01
-3.300000000000000000e+01
-3.200000000000000000e+01
-3.100000000000000000e+01
-3.000000000000000000e+01
-2.900000000000000000e+01
-2.800000000000000000e+01
-2.700000000000000000e+01
-2.600000000000000000e+01
-2.500000000000000000e+01
-2.400000000000000000e+01
-2.300000000000000000e+01
-2.200000000000000000e+01
-2.100000000000000000e+01
-2.000000000000000000e+01
-1.900000000000000000e+01
-1.800000000000000000e+01
-1.700000000000000000e+01
-1.600000000000000000e+01
-1.500000000000000000e+01
-1.400000000000000000e+01
-1.300000000000000000e+01
-1.200000000000000000e+01
-1.100000000000000000e+01
-1.000000000000000000e+01
-9.000000000000000000e+00
-8.000000000000000000e+00
-7.000000000000000000e+00
-6.000000000000000000e+00
-5.000000000000000000e+00
-4.000000000000000000e+00
-3.000000000000000000e+00
-2.000000000000000000e+00
-1.000000000000000000e+00
0.000000000000000000e+00
1.000000000000000000e+00
2.000000000000000000e+00
3.000000000000000000e+00
4.000000000000000000e+00
5.000000000000000000e+00
6.000000000000000000e+00
7.000000000000000000e+00
8.000000000000000000e+00
9.000000000000000000e+00
1.000000000000000000e+01
1.100000000000000000e+01
1.200000000000000000e+01
1.300000000000000000e+01
1.400000000000000000e+01
1.500000000000000000e+01
1.600000000000000000e+01
1.700000000000000000e+01
1.800000000000000000e+01
1.900000000000000000e+01
2.000000000000000000e+01
2.100000000000000000e+01
2.200000000000000000e+01
2.300000000000000000e+01
2.400000000000000000e+01
2.500000000000000000e+01
2.600000000000000000e+01
2.700000000000000000e+01
2.800000000000000000e+01
2.900000000000000000e+01
3.000000000000000000e+01
3.100000000000000000e+01
3.200000000000000000e+01
3.300000000000000000e+01
3.400000000000000000e+01
3.500000000000000000e+01
3.600000000000000000e+01
3.700000000000000000e+01
3.800000000000000000e+01
3.900000000000000000e+01
4.000000000000000000e+01
4.100000000000000000e+01
4.200000000000000000e+01
4.300000000000000000e+01
4.400000000000000000e+01
4.500000000000000000e+01
4.600000000000000000e+01
4.700000000000000000e+01
4.800000000000000000e+01
4.900000000000000000e+01
5.000000000000000000e+01
5.100000000000000000e+01
5.200000000000000000e+01
5.300000000000000000e+01
5.400000000000000000e+01
5.500000000000000000e+01
5.600000000000000000e+01
5.700000000000000000e+01
5.800000000000000000e+01
5.900000000000000000e+01
6.000000000000000000e+01
6.100000000000000000e+01
6.200000000000000000e+01
6.300000000000000000e+01
6.400000000000000000e+01
6.500000000000000000e+01
6.600000000000000000e+01
6.700000000000000000e+01
6.800000000000000000e+01
6.900000000000000000e+01
7.000000000000000000e+01
7.100000000000000000e+01
7.200000000000000000e+01
7.300000000000000000e+01
7.400000000000000000e+01
7.500000000000000000e+01
7.600000000000000000e+01
7.700000000000000000e+01
7.800000000000000000e+01
7.900000000000000000e+01
8.000000000000000000e+01
8.100000000000000000e+01
8.200000000000000000e+01
8.300000000000000000e+01
8.400000000000000000e+01
8.500000000000000000e+01
8.600000000000000000e+01
8.700000000000000000e+01
8.800000000000000000e+01
8.900000000000000000e+01
9.000000000000000000e+01
9.100000000000000000e+01
9.200000000000000000e+01
9.300000000000000000e+01
9.400000000000000000e+01
9.500000000000000000e+01
9.600000000000000000e+01
9.700000000000000000e+01
9.800000000000000000e+01
9.900000000000000000e+01
