single photon fraction:    0.4939
laser fraction:    0.2622
thermal source fraction:    0.0976
non-detected fraction:    0.1463
number of bins:  200.0000
bin width (ns):    1.0000
average detection events per bin: 5000.0000

# binary result
0.000000000000000000e+00

# g2 signal
9.786226931231961634e-01
9.991038512424451623e-01
1.010403800549616982e+00
1.005224657117163245e+00
9.925122141465949621e-01
1.003576747843200723e+00
9.922767985360289034e-01
9.939247078099914257e-01
1.013464203486976078e+00
1.002399669790370318e+00
9.948663702522557717e-01
1.002870501011502435e+00
1.007343397612258107e+00
1.007814228833390224e+00
9.979267731896147575e-01
1.018407931308863867e+00
1.000987176126973743e+00
9.958080326945200067e-01
9.946309546416897129e-01
1.014641281539806483e+00
1.000045513684709508e+00
9.903934736515002113e-01
9.967496951367843527e-01
1.000987176126973743e+00
9.795643555654605095e-01
1.001928838569238200e+00
1.025234984015280126e+00
9.953372014733878892e-01
1.002164254179804148e+00
9.915705517043306161e-01
1.001458007348106083e+00
9.748560433541388903e-01
1.022645412299053147e+00
1.007343397612258107e+00
9.965142795262182940e-01
1.015112112760938601e+00
1.000751760516407796e+00
9.753268745752711189e-01
1.018172515698297698e+00
9.946309546416897129e-01
9.805060180077248555e-01
1.004989241506597297e+00
1.003812163453766892e+00
1.033709945995658908e+00
9.995746824635773908e-01
9.807414336182909143e-01
9.936892921994253669e-01
9.684998218688547489e-01
1.008049644443956172e+00
1.022645412299053147e+00
9.974559419684826400e-01
1.003812163453766892e+00
9.998100980741434496e-01
1.023116243520185487e+00
1.006637150780559820e+00
1.012051709823579504e+00
9.986330200213130448e-01
1.004047579064332840e+00
9.830955897239517238e-01
9.962788639156522352e-01
1.027824555731506884e+00
9.941601234205574844e-01
1.034416192827357195e+00
9.816830960605552603e-01
1.000516344905841626e+00
1.008520475665088512e+00
9.915705517043306161e-01
9.908643048726323288e-01
1.003341332232634553e+00
1.002164254179804148e+00
1.013464203486976078e+00
1.024528737183581839e+00
9.859205770507446509e-01
1.002635085400936488e+00
1.015582943982070718e+00
1.022409996688487199e+00
9.828601741133856651e-01
1.017701684477165580e+00
9.943955390311235432e-01
1.024528737183581839e+00
1.018643346919429815e+00
9.819185116711213190e-01
1.011816294213013556e+00
9.892163955986698065e-01
1.001222591737539913e+00
9.797997711760265682e-01
9.694414843111190949e-01
1.001693422958672031e+00
9.943955390311235432e-01
9.991038512424451623e-01
1.021939165467355082e+00
9.943955390311235432e-01
1.008049644443956172e+00
1.012051709823579504e+00
9.838018365556500111e-01
1.024293321573015891e+00
9.974559419684826400e-01
9.991038512424451623e-01
9.703831467533833299e-01
9.976913575790486988e-01
5.221518242355662753e-01
9.910997204831984986e-01
1.010168384939051034e+00
1.003105916622068605e+00
9.965142795262182940e-01
1.003576747843200723e+00
1.011580878602447386e+00
9.976913575790486988e-01
1.009697553717918694e+00
9.939247078099914257e-01
1.013699619097542248e+00
1.022409996688487199e+00
1.007814228833390224e+00
1.022880827909619317e+00
1.005695488338295362e+00
1.007814228833390224e+00
1.001458007348106083e+00
9.873330707141411144e-01
9.906288892620662700e-01
1.000045513684709508e+00
1.023351659130751434e+00
9.948663702522557717e-01
9.976913575790486988e-01
1.030649543058300033e+00
9.755622901858371776e-01
1.010168384939051034e+00
1.003812163453766892e+00
9.951017858628218304e-01
1.016760022034901123e+00
9.736789653013084855e-01
1.012993372265843961e+00
9.866268238824429382e-01
1.006166319559427702e+00
9.887455643775376890e-01
1.003576747843200723e+00
9.943955390311235432e-01
9.812122648394230318e-01
1.011110047381315269e+00
9.958080326945200067e-01
1.000987176126973743e+00
1.003576747843200723e+00
9.913351360937645573e-01
1.029001633784337288e+00
1.014170450318674366e+00
1.008049644443956172e+00
1.026176646457544361e+00
1.032297452332262555e+00
1.005930903948861532e+00
9.962788639156522352e-01
1.030178711837167693e+00
9.854497458296125334e-01
1.002399669790370318e+00
1.004047579064332840e+00
1.020055840582826390e+00
1.008520475665088512e+00
9.913351360937645573e-01
9.998100980741434496e-01
1.001928838569238200e+00
1.032297452332262555e+00
9.849789146084804159e-01
9.979267731896147575e-01
1.009226722496786577e+00
1.016524606424335175e+00
1.035122439659055482e+00
1.001928838569238200e+00
9.993392668530112211e-01
9.800351867865926270e-01
1.004282994674899010e+00
1.001693422958672031e+00
1.003105916622068605e+00
9.958080326945200067e-01
9.781518619020640459e-01
9.981621888001808163e-01
1.001693422958672031e+00
9.875684863247072842e-01
1.015112112760938601e+00
9.995746824635773908e-01
9.974559419684826400e-01
1.009697553717918694e+00
9.972205263579165813e-01
1.000751760516407796e+00
1.010168384939051034e+00
1.005930903948861532e+00
1.014876697150372653e+00
1.012522541044711843e+00
9.915705517043306161e-01
1.002164254179804148e+00
9.939247078099914257e-01
1.010874631770749099e+00
1.030178711837167693e+00
9.974559419684826400e-01
9.753268745752711189e-01
9.925122141465949621e-01
9.972205263579165813e-01
9.765039526281015236e-01
1.029001633784337288e+00
1.014641281539806483e+00
9.951017858628218304e-01
1.025941230846978414e+00
9.814476804499892015e-01

# time bin value
-1.000000000000000000e+02
-9.900000000000000000e+01
-9.800000000000000000e+01
-9.700000000000000000e+01
-9.600000000000000000e+01
-9.500000000000000000e+01
-9.400000000000000000e+01
-9.300000000000000000e+01
-9.200000000000000000e+01
-9.100000000000000000e+01
-9.000000000000000000e+01
-8.900000000000000000e+01
-8.800000000000000000e+01
-8.700000000000000000e+01
-8.600000000000000000e+01
-8.500000000000000000e+01
-8.400000000000000000e+01
-8.300000000000000000e+01
-8.200000000000000000e+01
-8.100000000000000000e+01
-8.000000000000000000e+01
-7.900000000000000000e+01
-7.800000000000000000e+01
-7.700000000000000000e+01
-7.600000000000000000e+01
-7.500000000000000000e+01
-7.400000000000000000e+01
-7.300000000000000000e+01
-7.200000000000000000e+01
-7.100000000000000000e+01
-7.000000000000000000e+01
-6.900000000000000000e+01
-6.800000000000000000e+01
-6.700000000000000000e+01
-6.600000000000000000e+01
-6.500000000000000000e+01
-6.400000000000000000e+01
-6.300000000000000000e+01
-6.200000000000000000e+01
-6.100000000000000000e+01
-6.000000000000000000e+01
-5.900000000000000000e+01
-5.800000000000000000e+01
-5.700000000000000000e+01
-5.600000000000000000e+01
-5.500000000000000000e+01
-5.400000000000000000e+01
-5.300000000000000000e+01
-5.200000000000000000e+01
-5.100000000000000000e+01
-5.000000000000000000e+01
-4.900000000000000000e+01
-4.800000000000000000e+01
-4.700000000000000000e+01
-4.600000000000000000e+01
-4.500000000000000000e+01
-4.400000000000000000e+01
-4.300000000000000000e+01
-4.200000000000000000e+01
-4.100000000000000000e+01
-4.000000000000000000e+01
-3.900000000000000000e+01
-3.800000000000000000e+01
-3.700000000000000000e+01
-3.600000000000000000e+01
-3.500000000000000000e+01
-3.400000000000000000e+01
-3.300000000000000000e+01
-3.200000000000000000e+01
-3.100000000000000000e+01
-3.000000000000000000e+01
-2.900000000000000000e+01
-2.800000000000000000e+01
-2.700000000000000000e+01
-2.600000000000000000e+01
-2.500000000000000000e+01
-2.400000000000000000e+01
-2.300000000000000000e+01
-2.200000000000000000e+01
-2.100000000000000000e+01
-2.000000000000000000e+01
-1.900000000000000000e+01
-1.800000000000000000e+01
-1.700000000000000000e+01
-1.600000000000000000e+01
-1.500000000000000000e+01
-1.400000000000000000e+01
-1.300000000000000000e+01
-1.200000000000000000e+01
-1.100000000000000000e+01
-1.000000000000000000e+01
-9.000000000000000000e+00
-8.000000000000000000e+00
-7.000000000000000000e+00
-6.000000000000000000e+00
-5.000000000000000000e+00
-4.000000000000000000e+00
-3.000000000000000000e+00
-2.000000000000000000e+00
-1.000000000000000000e+00
0.000000000000000000e+00
1.000000000000000000e+00
2.000000000000000000e+00
3.000000000000000000e+00
4.000000000000000000e+00
5.000000000000000000e+00
6.000000000000000000e+00
7.000000000000000000e+00
8.000000000000000000e+00
9.000000000000000000e+00
1.000000000000000000e+01
1.100000000000000000e+01
1.200000000000000000e+01
1.300000000000000000e+01
1.400000000000000000e+01
1.500000000000000000e+01
1.600000000000000000e+01
1.700000000000000000e+01
1.800000000000000000e+01
1.900000000000000000e+01
2.000000000000000000e+01
2.100000000000000000e+01
2.200000000000000000e+01
2.300000000000000000e+01
2.400000000000000000e+01
2.500000000000000000e+01
2.600000000000000000e+01
2.700000000000000000e+01
2.800000000000000000e+01
2.900000000000000000e+01
3.000000000000000000e+01
3.100000000000000000e+01
3.200000000000000000e+01
3.300000000000000000e+01
3.400000000000000000e+01
3.500000000000000000e+01
3.600000000000000000e+01
3.700000000000000000e+01
3.800000000000000000e+01
3.900000000000000000e+01
4.000000000000000000e+01
4.100000000000000000e+01
4.200000000000000000e+01
4.300000000000000000e+01
4.400000000000000000e+01
4.500000000000000000e+01
4.600000000000000000e+01
4.700000000000000000e+01
4.800000000000000000e+01
4.900000000000000000e+01
5.000000000000000000e+01
5.100000000000000000e+01
5.200000000000000000e+01
5.300000000000000000e+01
5.400000000000000000e+01
5.500000000000000000e+01
5.600000000000000000e+01
5.700000000000000000e+01
5.800000000000000000e+01
5.900000000000000000e+01
6.000000000000000000e+01
6.100000000000000000e+01
6.200000000000000000e+01
6.300000000000000000e+01
6.400000000000000000e+01
6.500000000000000000e+01
6.600000000000000000e+01
6.700000000000000000e+01
6.800000000000000000e+01
6.900000000000000000e+01
7.000000000000000000e+01
7.100000000000000000e+01
7.200000000000000000e+01
7.300000000000000000e+01
7.400000000000000000e+01
7.500000000000000000e+01
7.600000000000000000e+01
7.700000000000000000e+01
7.800000000000000000e+01
7.900000000000000000e+01
8.000000000000000000e+01
8.100000000000000000e+01
8.200000000000000000e+01
8.300000000000000000e+01
8.400000000000000000e+01
8.500000000000000000e+01
8.600000000000000000e+01
8.700000000000000000e+01
8.800000000000000000e+01
8.900000000000000000e+01
9.000000000000000000e+01
9.100000000000000000e+01
9.200000000000000000e+01
9.300000000000000000e+01
9.400000000000000000e+01
9.500000000000000000e+01
9.600000000000000000e+01
9.700000000000000000e+01
9.800000000000000000e+01
9.900000000000000000e+01
