single photon fraction:    0.2817
laser fraction:    0.0282
thermal source fraction:    0.4366
non-detected fraction:    0.2535
number of bins:  200.0000
bin width (ns):    1.0000
average detection events per bin: 5000.0000

# binary result
0.000000000000000000e+00

# g2 signal
9.835076373817307482e-01
9.748874663611294400e-01
9.996704580453582567e-01
9.942828511574823835e-01
1.001286740111720919e+00
1.014755757331410546e+00
1.006674346999596903e+00
9.956297528794514351e-01
9.810832142821866997e-01
1.012870094920653941e+00
1.000747979422933476e+00
1.003980543555659022e+00
1.000747979422933476e+00
1.017718941119742260e+00
9.934747101243011080e-01
1.012061953887472665e+00
9.862014408256687403e-01
1.019873983874892476e+00
1.002633641833689859e+00
9.961685135682389891e-01
9.926665690911197215e-01
1.001825500800508584e+00
1.020951505252467806e+00
9.762343680830984916e-01
9.969766546014203756e-01
1.008290629065959676e+00
1.030110436961856557e+00
1.017180180430954595e+00
1.005058064933234130e+00
9.988623170121768702e-01
1.035228663505338709e+00
9.738099449835543320e-01
9.837770177261245808e-01
9.929359494355134430e-01
9.872789622032438484e-01
9.730018039503729455e-01
9.915890477135445025e-01
1.022298406974436746e+00
1.009906911132322227e+00
9.773118894606735996e-01
9.915890477135445025e-01
9.794669322158239266e-01
1.005058064933234130e+00
9.923971887467258890e-01
1.007213107688384346e+00
9.969766546014203756e-01
1.028763535239887617e+00
1.013408855609441606e+00
9.977847956346017622e-01
9.735405646391604995e-01
9.816219749709742537e-01
9.835076373817307482e-01
1.006404966655203070e+00
9.730018039503729455e-01
1.001286740111720919e+00
1.003172402522477524e+00
9.967072742570265431e-01
1.006404966655203070e+00
9.942828511574823835e-01
1.002094881144902416e+00
1.006135586310809238e+00
9.967072742570265431e-01
9.999398383897520892e-01
9.880871032364252349e-01
9.994010777009644242e-01
1.015563898364591822e+00
1.006135586310809238e+00
9.994010777009644242e-01
9.818913553153680862e-01
9.888952442696066214e-01
9.724630432615853914e-01
1.018257701808529925e+00
9.961685135682389891e-01
1.014755757331410546e+00
1.017180180430954595e+00
1.027686013862312508e+00
9.934747101243011080e-01
1.032265479717006995e+00
1.012061953887472665e+00
1.004788684588840297e+00
9.950909921906637701e-01
9.921278084023320565e-01
1.011792573543078833e+00
1.003980543555659022e+00
9.894340049583941754e-01
9.883564835808190674e-01
9.985929366677830377e-01
1.004788684588840297e+00
9.789281715270363726e-01
1.000209218734145811e+00
1.002364261489296249e+00
9.964378939126327106e-01
9.845851587593059673e-01
9.713855218840101724e-01
1.017180180430954595e+00
9.964378939126327106e-01
9.765037484274922130e-01
1.012061953887472665e+00
1.008829389754747119e+00
9.832382570373370267e-01
1.217060395971147457e+00
9.870095818588501269e-01
1.010715052165503725e+00
9.867402015144562943e-01
9.891646246140004539e-01
1.029571676273069114e+00
1.035498043849732541e+00
9.969766546014203756e-01
9.805444535933991457e-01
9.996704580453582567e-01
9.894340049583941754e-01
1.006404966655203070e+00
1.008829389754747119e+00
1.021490265941255249e+00
9.921278084023320565e-01
9.870095818588501269e-01
9.719242825727978374e-01
9.942828511574823835e-01
9.743487056723418860e-01
1.000747979422933476e+00
9.975154152902079296e-01
1.018527082152923535e+00
1.029841056617462947e+00
9.646510132741654697e-01
1.001556120456114751e+00
9.808138339377928672e-01
9.778506501494611536e-01
9.824301160041556402e-01
1.010984432509897557e+00
9.832382570373370267e-01
9.985929366677830377e-01
9.705773808508287859e-01
1.013678235953835438e+00
1.005866205966415405e+00
9.802750732490053132e-01
9.929359494355134430e-01
1.019065842841711200e+00
9.864708211700624618e-01
9.972460349458140971e-01
1.019335223186105033e+00
1.033073620750188271e+00
1.008829389754747119e+00
1.024184069385193130e+00
9.932053297799072755e-01
1.017718941119742260e+00
9.991316973565707027e-01
9.999398383897520892e-01
1.000209218734145811e+00
9.953603725350576026e-01
9.942828511574823835e-01
9.859320604812749078e-01
1.024722830073980795e+00
9.781200304938549861e-01
1.006674346999596903e+00
9.985929366677830377e-01
9.754262270499171050e-01
1.038999988326851698e+00
9.808138339377928672e-01
9.762343680830984916e-01
1.004788684588840297e+00
1.004519304244446465e+00
9.991316973565707027e-01
1.008290629065959676e+00
9.778506501494611536e-01
9.961685135682389891e-01
9.975154152902079296e-01
9.994010777009644242e-01
9.940134708130886620e-01
1.002903022178083692e+00
1.018796462497317368e+00
1.020143364219286308e+00
9.950909921906637701e-01
1.015025137675804379e+00
9.479494319217504072e-01
1.010984432509897557e+00
9.778506501494611536e-01
9.743487056723418860e-01
1.020682124908073973e+00
9.910502870247569485e-01
1.009098770099140951e+00
9.942828511574823835e-01
1.004519304244446465e+00
1.021490265941255249e+00
1.005596825622021573e+00
1.001017359767327308e+00
9.886258639252127889e-01
1.026069731795949735e+00
9.886258639252127889e-01
9.972460349458140971e-01
1.007213107688384346e+00
9.800056929046114806e-01
1.028224774551100174e+00
9.587246456975020426e-01
9.999398383897520892e-01
1.030649197650644222e+00
1.014216996642622881e+00
9.932053297799072755e-01
9.633041115521965292e-01
1.041424411426395746e+00
9.762343680830984916e-01

# time bin value
-1.000000000000000000e+02
-9.900000000000000000e+01
-9.800000000000000000e+01
-9.700000000000000000e+01
-9.600000000000000000e+01
-9.500000000000000000e+01
-9.400000000000000000e+01
-9.300000000000000000e+01
-9.200000000000000000e+01
-9.100000000000000000e+01
-9.000000000000000000e+01
-8.900000000000000000e+01
-8.800000000000000000e+01
-8.700000000000000000e+01
-8.600000000000000000e+01
-8.500000000000000000e+01
-8.400000000000000000e+01
-8.300000000000000000e+01
-8.200000000000000000e+01
-8.100000000000000000e+01
-8.000000000000000000e+01
-7.900000000000000000e+01
-7.800000000000000000e+01
-7.700000000000000000e+01
-7.600000000000000000e+01
-7.500000000000000000e+01
-7.400000000000000000e+01
-7.300000000000000000e+01
-7.200000000000000000e+01
-7.100000000000000000e+01
-7.000000000000000000e+01
-6.900000000000000000e+01
-6.800000000000000000e+01
-6.700000000000000000e+01
-6.600000000000000000e+01
-6.500000000000000000e+01
-6.400000000000000000e+01
-6.300000000000000000e+01
-6.200000000000000000e+01
-6.100000000000000000e+01
-6.000000000000000000e+01
-5.900000000000000000e+01
-5.800000000000000000e+01
-5.700000000000000000e+01
-5.600000000000000000e+01
-5.500000000000000000e+01
-5.400000000000000000e+01
-5.300000000000000000e+01
-5.200000000000000000e+01
-5.100000000000000000e+01
-5.000000000000000000e+01
-4.900000000000000000e+01
-4.800000000000000000e+01
-4.700000000000000000e+01
-4.600000000000000000e+01
-4.500000000000000000e+01
-4.400000000000000000e+01
-4.300000000000000000e+01
-4.200000000000000000e+01
-4.100000000000000000e+01
-4.000000000000000000e+01
-3.900000000000000000e+01
-3.800000000000000000e+01
-3.700000000000000000e+01
-3.600000000000000000e+01
-3.500000000000000000e+01
-3.400000000000000000e+01
-3.300000000000000000e+01
-3.200000000000000000e+01
-3.100000000000000000e+01
-3.000000000000000000e+01
-2.900000000000000000e+01
-2.800000000000000000e+01
-2.700000000000000000e+01
-2.600000000000000000e+01
-2.500000000000000000e+01
-2.400000000000000000e+01
-2.300000000000000000e+01
-2.200000000000000000e+01
-2.100000000000000000e+01
-2.000000000000000000e+01
-1.900000000000000000e+01
-1.800000000000000000e+01
-1.700000000000000000e+01
-1.600000000000000000e+01
-1.500000000000000000e+01
-1.400000000000000000e+01
-1.300000000000000000e+01
-1.200000000000000000e+01
-1.100000000000000000e+01
-1.000000000000000000e+01
-9.000000000000000000e+00
-8.000000000000000000e+00
-7.000000000000000000e+00
-6.000000000000000000e+00
-5.000000000000000000e+00
-4.000000000000000000e+00
-3.000000000000000000e+00
-2.000000000000000000e+00
-1.000000000000000000e+00
0.000000000000000000e+00
1.000000000000000000e+00
2.000000000000000000e+00
3.000000000000000000e+00
4.000000000000000000e+00
5.000000000000000000e+00
6.000000000000000000e+00
7.000000000000000000e+00
8.000000000000000000e+00
9.000000000000000000e+00
1.000000000000000000e+01
1.100000000000000000e+01
1.200000000000000000e+01
1.300000000000000000e+01
1.400000000000000000e+01
1.500000000000000000e+01
1.600000000000000000e+01
1.700000000000000000e+01
1.800000000000000000e+01
1.900000000000000000e+01
2.000000000000000000e+01
2.100000000000000000e+01
2.200000000000000000e+01
2.300000000000000000e+01
2.400000000000000000e+01
2.500000000000000000e+01
2.600000000000000000e+01
2.700000000000000000e+01
2.800000000000000000e+01
2.900000000000000000e+01
3.000000000000000000e+01
3.100000000000000000e+01
3.200000000000000000e+01
3.300000000000000000e+01
3.400000000000000000e+01
3.500000000000000000e+01
3.600000000000000000e+01
3.700000000000000000e+01
3.800000000000000000e+01
3.900000000000000000e+01
4.000000000000000000e+01
4.100000000000000000e+01
4.200000000000000000e+01
4.300000000000000000e+01
4.400000000000000000e+01
4.500000000000000000e+01
4.600000000000000000e+01
4.700000000000000000e+01
4.800000000000000000e+01
4.900000000000000000e+01
5.000000000000000000e+01
5.100000000000000000e+01
5.200000000000000000e+01
5.300000000000000000e+01
5.400000000000000000e+01
5.500000000000000000e+01
5.600000000000000000e+01
5.700000000000000000e+01
5.800000000000000000e+01
5.900000000000000000e+01
6.000000000000000000e+01
6.100000000000000000e+01
6.200000000000000000e+01
6.300000000000000000e+01
6.400000000000000000e+01
6.500000000000000000e+01
6.600000000000000000e+01
6.700000000000000000e+01
6.800000000000000000e+01
6.900000000000000000e+01
7.000000000000000000e+01
7.100000000000000000e+01
7.200000000000000000e+01
7.300000000000000000e+01
7.400000000000000000e+01
7.500000000000000000e+01
7.600000000000000000e+01
7.700000000000000000e+01
7.800000000000000000e+01
7.900000000000000000e+01
8.000000000000000000e+01
8.100000000000000000e+01
8.200000000000000000e+01
8.300000000000000000e+01
8.400000000000000000e+01
8.500000000000000000e+01
8.600000000000000000e+01
8.700000000000000000e+01
8.800000000000000000e+01
8.900000000000000000e+01
9.000000000000000000e+01
9.100000000000000000e+01
9.200000000000000000e+01
9.300000000000000000e+01
9.400000000000000000e+01
9.500000000000000000e+01
9.600000000000000000e+01
9.700000000000000000e+01
9.800000000000000000e+01
9.900000000000000000e+01
