single photon fraction:    0.3762
laser fraction:    0.3762
thermal source fraction:    0.0396
non-detected fraction:    0.2079
number of bins:  200.0000
bin width (ns):    1.0000
average detection events per bin: 5000.0000

# binary result
0.000000000000000000e+00

# g2 signal
1.037817498284249851e+00
9.840629638018992820e-01
9.516073958125554899e-01
1.009165317168657428e+00
9.980087156723204123e-01
1.018547004790577137e+00
1.016518531791243074e+00
9.597212878098915212e-01
9.891341463002342183e-01
1.006376166794573201e+00
1.024632423788578883e+00
1.017532768290910106e+00
1.016518531791243074e+00
1.019561241290243947e+00
9.985158339221539281e-01
9.805131360530647822e-01
9.878663506756505397e-01
1.007897521544073527e+00
9.670745024324771677e-01
9.802595769281480242e-01
1.003840575545405622e+00
9.845700820517327978e-01
9.952195652982361862e-01
9.990229521719874439e-01
9.754419535547298459e-01
1.016518531791243074e+00
9.812738134278150559e-01
1.001558543421154912e+00
1.006122607669656333e+00
1.016772090916159721e+00
1.004854812045072654e+00
1.007390403294240011e+00
1.011954467542741654e+00
9.921768557992352022e-01
1.007136844169323364e+00
1.010179553668324237e+00
1.037310380034416335e+00
9.975015974224868964e-01
1.005615489419822817e+00
1.022096832539411526e+00
1.013475822292241979e+00
1.009925994543407590e+00
9.962338017979032179e-01
1.005615489419822817e+00
1.010940231043074622e+00
1.013729381417158848e+00
1.005615489419822817e+00
9.929375331739854760e-01
9.858378776763164764e-01
1.025139542038412399e+00
1.004094134670322491e+00
9.997836295467377177e-01
9.888805871753174603e-01
1.003079898170655460e+00
9.995300704218209598e-01
9.952195652982361862e-01
9.990229521719874439e-01
1.004347693795239138e+00
9.680887389321441994e-01
9.962338017979032179e-01
1.041367326033084462e+00
1.012715144917491816e+00
1.006883285044406717e+00
1.007897521544073527e+00
1.006376166794573201e+00
1.023871746413828721e+00
1.038324616534083367e+00
9.985158339221539281e-01
9.949660061733194283e-01
9.782311039288140719e-01
9.957266835480697020e-01
1.006883285044406717e+00
1.002319220795905075e+00
1.009165317168657428e+00
9.987693930470706860e-01
9.972480382975701385e-01
9.888805871753174603e-01
9.921768557992352022e-01
1.016264972666326205e+00
1.008658198918823912e+00
9.997836295467377177e-01
9.962338017979032179e-01
1.017532768290910106e+00
9.746812761799795721e-01
9.840629638018992820e-01
9.964873609228199758e-01
1.002065661670988428e+00
9.782311039288140719e-01
9.853307594264830716e-01
1.001304984296238265e+00
9.995300704218209598e-01
1.023871746413828721e+00
1.009925994543407590e+00
9.975015974224868964e-01
1.016011413541409558e+00
1.008404639793907043e+00
9.736670396803126515e-01
1.036042584409832656e+00
1.012208026667658300e+00
1.018293445665660268e+00
5.710151493125166233e-01
1.012968704042408685e+00
1.019561241290243947e+00
9.914161784244850395e-01
9.916697375494016864e-01
1.014997177041742527e+00
9.815273725527318138e-01
1.026153778538079431e+00
9.936982105487357497e-01
9.850772003015663136e-01
9.954731244231529441e-01
9.957266835480697020e-01
1.009925994543407590e+00
9.617497608092254735e-01
1.003079898170655460e+00
9.964873609228199758e-01
9.942053287985692656e-01
1.001558543421154912e+00
1.019561241290243947e+00
9.787382221786475878e-01
1.031985638411164752e+00
1.000797866046404749e+00
9.848236411766495557e-01
1.003840575545405622e+00
9.632711155587259100e-01
1.003587016420488975e+00
1.024125305538745589e+00
9.822880499274820876e-01
9.914161784244850395e-01
1.001558543421154912e+00
9.896412645500677341e-01
9.860914368012332343e-01
1.010686671918157753e+00
1.012461585792575169e+00
1.008404639793907043e+00
9.599748469348082791e-01
1.007136844169323364e+00
1.002826339045738591e+00
9.830487273022322503e-01
9.802595769281480242e-01
9.782311039288140719e-01
1.002319220795905075e+00
1.009165317168657428e+00
9.886270280504008134e-01
1.002065661670988428e+00
1.018547004790577137e+00
1.007136844169323364e+00
9.731599214304791357e-01
9.701172119314781517e-01
9.992765112969042018e-01
9.865985550510667501e-01
9.919232966743184443e-01
1.016011413541409558e+00
9.924304149241519601e-01
1.015504295291576042e+00
1.011700908417824785e+00
1.001051425171321396e+00
1.016264972666326205e+00
9.860914368012332343e-01
1.014236499666992364e+00
1.002065661670988428e+00
1.010433112793241106e+00
1.016518531791243074e+00
9.936982105487357497e-01
1.000544306921487880e+00
9.916697375494016864e-01
9.838094046769825241e-01
9.949660061733194283e-01
1.032999874910831783e+00
9.815273725527318138e-01
9.967409200477367337e-01
9.936982105487357497e-01
9.931910922989022339e-01
1.001051425171321396e+00
9.926839740490687181e-01
9.800060178032313773e-01
9.957266835480697020e-01
9.916697375494016864e-01
1.005869048544739686e+00
9.698636528065613938e-01
1.043142239907501656e+00
9.964873609228199758e-01
1.009925994543407590e+00
1.010686671918157753e+00
9.835558455520657661e-01
1.024885982913495752e+00
1.055313077903505592e+00
1.015250736166659395e+00
1.020829036914827848e+00
1.001304984296238265e+00
9.977551565474036543e-01
1.003079898170655460e+00
9.942053287985692656e-01
9.995300704218209598e-01
1.011700908417824785e+00
9.665673841826436519e-01
1.017025650041076590e+00
9.914161784244850395e-01
1.007390403294240011e+00
1.031224961036414367e+00

# time bin value
-1.000000000000000000e+02
-9.900000000000000000e+01
-9.800000000000000000e+01
-9.700000000000000000e+01
-9.600000000000000000e+01
-9.500000000000000000e+01
-9.400000000000000000e+01
-9.300000000000000000e+01
-9.200000000000000000e+01
-9.100000000000000000e+01
-9.000000000000000000e+01
-8.900000000000000000e+01
-8.800000000000000000e+01
-8.700000000000000000e+01
-8.600000000000000000e+01
-8.500000000000000000e+01
-8.400000000000000000e+01
-8.300000000000000000e+01
-8.200000000000000000e+01
-8.100000000000000000e+01
-8.000000000000000000e+01
-7.900000000000000000e+01
-7.800000000000000000e+01
-7.700000000000000000e+01
-7.600000000000000000e+01
-7.500000000000000000e+01
-7.400000000000000000e+01
-7.300000000000000000e+01
-7.200000000000000000e+01
-7.100000000000000000e+01
-7.000000000000000000e+01
-6.900000000000000000e+01
-6.800000000000000000e+01
-6.700000000000000000e+01
-6.600000000000000000e+01
-6.500000000000000000e+01
-6.400000000000000000e+01
-6.300000000000000000e+01
-6.200000000000000000e+01
-6.100000000000000000e+01
-6.000000000000000000e+01
-5.900000000000000000e+01
-5.800000000000000000e+01
-5.700000000000000000e+01
-5.600000000000000000e+01
-5.500000000000000000e+01
-5.400000000000000000e+01
-5.300000000000000000e+01
-5.200000000000000000e+01
-5.100000000000000000e+01
-5.000000000000000000e+01
-4.900000000000000000e+01
-4.800000000000000000e+01
-4.700000000000000000e+01
-4.600000000000000000e+01
-4.500000000000000000e+01
-4.400000000000000000e+01
-4.300000000000000000e+01
-4.200000000000000000e+01
-4.100000000000000000e+01
-4.000000000000000000e+01
-3.900000000000000000e+01
-3.800000000000000000e+01
-3.700000000000000000e+01
-3.600000000000000000e+01
-3.500000000000000000e+01
-3.400000000000000000e+01
-3.300000000000000000e+01
-3.200000000000000000e+01
-3.100000000000000000e+01
-3.000000000000000000e+01
-2.900000000000000000e+01
-2.800000000000000000e+01
-2.700000000000000000e+01
-2.600000000000000000e+01
-2.500000000000000000e+01
-2.400000000000000000e+01
-2.300000000000000000e+01
-2.200000000000000000e+01
-2.100000000000000000e+01
-2.000000000000000000e+01
-1.900000000000000000e+01
-1.800000000000000000e+01
-1.700000000000000000e+01
-1.600000000000000000e+01
-1.500000000000000000e+01
-1.400000000000000000e+01
-1.300000000000000000e+01
-1.200000000000000000e+01
-1.100000000000000000e+01
-1.000000000000000000e+01
-9.000000000000000000e+00
-8.000000000000000000e+00
-7.000000000000000000e+00
-6.000000000000000000e+00
-5.000000000000000000e+00
-4.000000000000000000e+00
-3.000000000000000000e+00
-2.000000000000000000e+00
-1.000000000000000000e+00
0.000000000000000000e+00
1.000000000000000000e+00
2.000000000000000000e+00
3.000000000000000000e+00
4.000000000000000000e+00
5.000000000000000000e+00
6.000000000000000000e+00
7.000000000000000000e+00
8.000000000000000000e+00
9.000000000000000000e+00
1.000000000000000000e+01
1.100000000000000000e+01
1.200000000000000000e+01
1.300000000000000000e+01
1.400000000000000000e+01
1.500000000000000000e+01
1.600000000000000000e+01
1.700000000000000000e+01
1.800000000000000000e+01
1.900000000000000000e+01
2.000000000000000000e+01
2.100000000000000000e+01
2.200000000000000000e+01
2.300000000000000000e+01
2.400000000000000000e+01
2.500000000000000000e+01
2.600000000000000000e+01
2.700000000000000000e+01
2.800000000000000000e+01
2.900000000000000000e+01
3.000000000000000000e+01
3.100000000000000000e+01
3.200000000000000000e+01
3.300000000000000000e+01
3.400000000000000000e+01
3.500000000000000000e+01
3.600000000000000000e+01
3.700000000000000000e+01
3.800000000000000000e+01
3.900000000000000000e+01
4.000000000000000000e+01
4.100000000000000000e+01
4.200000000000000000e+01
4.300000000000000000e+01
4.400000000000000000e+01
4.500000000000000000e+01
4.600000000000000000e+01
4.700000000000000000e+01
4.800000000000000000e+01
4.900000000000000000e+01
5.000000000000000000e+01
5.100000000000000000e+01
5.200000000000000000e+01
5.300000000000000000e+01
5.400000000000000000e+01
5.500000000000000000e+01
5.600000000000000000e+01
5.700000000000000000e+01
5.800000000000000000e+01
5.900000000000000000e+01
6.000000000000000000e+01
6.100000000000000000e+01
6.200000000000000000e+01
6.300000000000000000e+01
6.400000000000000000e+01
6.500000000000000000e+01
6.600000000000000000e+01
6.700000000000000000e+01
6.800000000000000000e+01
6.900000000000000000e+01
7.000000000000000000e+01
7.100000000000000000e+01
7.200000000000000000e+01
7.300000000000000000e+01
7.400000000000000000e+01
7.500000000000000000e+01
7.600000000000000000e+01
7.700000000000000000e+01
7.800000000000000000e+01
7.900000000000000000e+01
8.000000000000000000e+01
8.100000000000000000e+01
8.200000000000000000e+01
8.300000000000000000e+01
8.400000000000000000e+01
8.500000000000000000e+01
8.600000000000000000e+01
8.700000000000000000e+01
8.800000000000000000e+01
8.900000000000000000e+01
9.000000000000000000e+01
9.100000000000000000e+01
9.200000000000000000e+01
9.300000000000000000e+01
9.400000000000000000e+01
9.500000000000000000e+01
9.600000000000000000e+01
9.700000000000000000e+01
9.800000000000000000e+01
9.900000000000000000e+01
