single photon fraction:    0.3762
laser fraction:    0.3762
thermal source fraction:    0.0396
non-detected fraction:    0.2079
number of bins:  200.0000
bin width (ns):    1.0000
average detection events per bin: 5000.0000

# binary result
0.000000000000000000e+00

# g2 signal
9.910388917676317133e-01
1.010058317786713733e+00
1.015637349418977653e+00
9.636509183001535916e-01
1.021723565745083828e+00
9.798808285031035403e-01
1.009804725439792605e+00
9.775984973808137246e-01
9.963643310529746167e-01
1.016651718806662164e+00
1.027809782071190225e+00
1.003464916766765302e+00
1.000421808603712215e+00
1.000928993297554248e+00
1.022484342785847211e+00
1.002450547379080792e+00
1.016905311153583069e+00
9.725266504423918379e-01
1.007268801970581551e+00
9.963643310529746167e-01
1.017158903500504197e+00
1.017919680541267580e+00
9.704979116670231498e-01
1.000928993297554248e+00
9.864742295230519709e-01
9.854598601353675713e-01
1.024513081561216010e+00
1.017158903500504197e+00
1.010311910133634639e+00
9.885029682984207700e-01
9.839383060538410275e-01
1.004732878501370719e+00
9.994074392160277043e-01
9.778520897277348523e-01
1.009043948399029222e+00
1.003464916766765302e+00
9.745553892177606370e-01
9.775984973808137246e-01
9.849526754415254270e-01
9.750625739116027813e-01
1.021723565745083828e+00
1.015383757072056525e+00
9.973787004406590162e-01
1.008029579011344934e+00
1.011326279521319149e+00
9.996610315629488319e-01
9.958571463591324724e-01
1.021977158092004956e+00
1.004732878501370719e+00
1.028824151458874514e+00
9.836847137069200109e-01
1.022737935132768339e+00
9.999146239098699596e-01
1.001689770338317631e+00
9.991538468691066877e-01
1.026034635642742554e+00
1.011579871868240277e+00
9.737946121769973651e-01
9.808951978907879399e-01
9.704979116670231498e-01
1.015130164725135398e+00
1.033642406050375273e+00
9.996610315629488319e-01
1.027809782071190225e+00
1.009804725439792605e+00
1.006254432582897262e+00
1.001436177991396503e+00
9.877421912576574980e-01
1.000928993297554248e+00
9.948427769714480728e-01
9.940819999306848009e-01
9.986466621752644324e-01
9.725266504423918379e-01
1.021216381051241795e+00
1.002704139726001920e+00
9.578182943209684330e-01
1.009043948399029222e+00
9.869814142168942261e-01
1.017412495847425324e+00
9.978858851345011605e-01
9.773449050338925970e-01
9.806416055438668122e-01
9.778520897277348523e-01
1.001436177991396503e+00
1.019948419316636379e+00
1.006000840235976135e+00
1.018680457582030741e+00
1.000928993297554248e+00
1.006761617276739518e+00
1.028063374418111353e+00
1.005240063195212974e+00
9.710050963608652941e-01
1.014876572378214492e+00
1.003718509113686208e+00
9.950963693183692005e-01
1.017666088194346452e+00
1.000168216256791087e+00
1.015383757072056525e+00
9.953499616652902171e-01
9.945891846245269452e-01
5.713435576132226412e-01
9.933212228899215290e-01
9.816559749315512118e-01
9.743017968708395093e-01
1.012340648909003438e+00
1.005747247889055007e+00
9.928140381960792737e-01
1.014622980031293364e+00
1.030092113193479930e+00
1.022737935132768339e+00
1.032881629009612112e+00
1.006508024929818390e+00
1.009297540745950350e+00
1.024259489214294883e+00
9.846990830946042994e-01
1.016398126459741036e+00
1.041503768804929120e+00
9.940819999306848009e-01
9.598470330963372321e-01
9.935748152368425457e-01
9.917996688083949852e-01
9.892637453391840419e-01
9.989002545221855600e-01
1.009297540745950350e+00
9.626365489124691921e-01
1.006254432582897262e+00
9.933212228899215290e-01
1.015383757072056525e+00
1.026288227989663682e+00
9.917996688083949852e-01
1.012594241255924565e+00
1.012087056562082310e+00
1.004225693807528463e+00
1.001943362685238759e+00
1.032120851968848729e+00
1.012594241255924565e+00
1.019187642275872996e+00
1.015130164725135398e+00
9.900245223799473138e-01
1.001689770338317631e+00
9.710050963608652941e-01
9.836847137069200109e-01
1.013608610643608854e+00
1.047589985131035517e+00
1.008029579011344934e+00
1.008536763705187189e+00
1.029331336152716769e+00
1.011579871868240277e+00
9.829239366661567390e-01
1.010058317786713733e+00
1.001436177991396503e+00
9.994074392160277043e-01
1.011072687174398022e+00
1.006761617276739518e+00
9.715122810547075494e-01
9.816559749315512118e-01
9.773449050338925970e-01
1.014876572378214492e+00
1.030092113193479930e+00
1.007268801970581551e+00
9.869814142168942261e-01
1.015637349418977653e+00
9.826703443192356113e-01
9.938284075837636733e-01
9.824167519723144837e-01
1.002704139726001920e+00
1.014115795337451109e+00
1.004986470848291846e+00
1.015890941765898781e+00
1.002196955032159664e+00
9.935748152368425457e-01
1.003464916766765302e+00
9.834311213599988832e-01
1.017158903500504197e+00
9.953499616652902171e-01
9.973787004406590162e-01
9.956035540122113447e-01
1.007015209623660423e+00
9.740482045239183817e-01
9.885029682984207700e-01
9.923068535022371295e-01
9.661868417693645350e-01
1.012340648909003438e+00
9.879957836045785147e-01
1.008029579011344934e+00
1.001943362685238759e+00
1.044546876967982207e+00
1.009804725439792605e+00
9.999146239098699596e-01
9.945891846245269452e-01
1.008029579011344934e+00
1.006254432582897262e+00
9.910388917676317133e-01
1.026288227989663682e+00
9.923068535022371295e-01
9.999146239098699596e-01
9.981394774814222881e-01
9.844454907476832828e-01
1.010565502480555766e+00
1.013355018296687948e+00

# time bin value
-1.000000000000000000e+02
-9.900000000000000000e+01
-9.800000000000000000e+01
-9.700000000000000000e+01
-9.600000000000000000e+01
-9.500000000000000000e+01
-9.400000000000000000e+01
-9.300000000000000000e+01
-9.200000000000000000e+01
-9.100000000000000000e+01
-9.000000000000000000e+01
-8.900000000000000000e+01
-8.800000000000000000e+01
-8.700000000000000000e+01
-8.600000000000000000e+01
-8.500000000000000000e+01
-8.400000000000000000e+01
-8.300000000000000000e+01
-8.200000000000000000e+01
-8.100000000000000000e+01
-8.000000000000000000e+01
-7.900000000000000000e+01
-7.800000000000000000e+01
-7.700000000000000000e+01
-7.600000000000000000e+01
-7.500000000000000000e+01
-7.400000000000000000e+01
-7.300000000000000000e+01
-7.200000000000000000e+01
-7.100000000000000000e+01
-7.000000000000000000e+01
-6.900000000000000000e+01
-6.800000000000000000e+01
-6.700000000000000000e+01
-6.600000000000000000e+01
-6.500000000000000000e+01
-6.400000000000000000e+01
-6.300000000000000000e+01
-6.200000000000000000e+01
-6.100000000000000000e+01
-6.000000000000000000e+01
-5.900000000000000000e+01
-5.800000000000000000e+01
-5.700000000000000000e+01
-5.600000000000000000e+01
-5.500000000000000000e+01
-5.400000000000000000e+01
-5.300000000000000000e+01
-5.200000000000000000e+01
-5.100000000000000000e+01
-5.000000000000000000e+01
-4.900000000000000000e+01
-4.800000000000000000e+01
-4.700000000000000000e+01
-4.600000000000000000e+01
-4.500000000000000000e+01
-4.400000000000000000e+01
-4.300000000000000000e+01
-4.200000000000000000e+01
-4.100000000000000000e+01
-4.000000000000000000e+01
-3.900000000000000000e+01
-3.800000000000000000e+01
-3.700000000000000000e+01
-3.600000000000000000e+01
-3.500000000000000000e+01
-3.400000000000000000e+01
-3.300000000000000000e+01
-3.200000000000000000e+01
-3.100000000000000000e+01
-3.000000000000000000e+01
-2.900000000000000000e+01
-2.800000000000000000e+01
-2.700000000000000000e+01
-2.600000000000000000e+01
-2.500000000000000000e+01
-2.400000000000000000e+01
-2.300000000000000000e+01
-2.200000000000000000e+01
-2.100000000000000000e+01
-2.000000000000000000e+01
-1.900000000000000000e+01
-1.800000000000000000e+01
-1.700000000000000000e+01
-1.600000000000000000e+01
-1.500000000000000000e+01
-1.400000000000000000e+01
-1.300000000000000000e+01
-1.200000000000000000e+01
-1.100000000000000000e+01
-1.000000000000000000e+01
-9.000000000000000000e+00
-8.000000000000000000e+00
-7.000000000000000000e+00
-6.000000000000000000e+00
-5.000000000000000000e+00
-4.000000000000000000e+00
-3.000000000000000000e+00
-2.000000000000000000e+00
-1.000000000000000000e+00
0.000000000000000000e+00
1.000000000000000000e+00
2.000000000000000000e+00
3.000000000000000000e+00
4.000000000000000000e+00
5.000000000000000000e+00
6.000000000000000000e+00
7.000000000000000000e+00
8.000000000000000000e+00
9.000000000000000000e+00
1.000000000000000000e+01
1.100000000000000000e+01
1.200000000000000000e+01
1.300000000000000000e+01
1.400000000000000000e+01
1.500000000000000000e+01
1.600000000000000000e+01
1.700000000000000000e+01
1.800000000000000000e+01
1.900000000000000000e+01
2.000000000000000000e+01
2.100000000000000000e+01
2.200000000000000000e+01
2.300000000000000000e+01
2.400000000000000000e+01
2.500000000000000000e+01
2.600000000000000000e+01
2.700000000000000000e+01
2.800000000000000000e+01
2.900000000000000000e+01
3.000000000000000000e+01
3.100000000000000000e+01
3.200000000000000000e+01
3.300000000000000000e+01
3.400000000000000000e+01
3.500000000000000000e+01
3.600000000000000000e+01
3.700000000000000000e+01
3.800000000000000000e+01
3.900000000000000000e+01
4.000000000000000000e+01
4.100000000000000000e+01
4.200000000000000000e+01
4.300000000000000000e+01
4.400000000000000000e+01
4.500000000000000000e+01
4.600000000000000000e+01
4.700000000000000000e+01
4.800000000000000000e+01
4.900000000000000000e+01
5.000000000000000000e+01
5.100000000000000000e+01
5.200000000000000000e+01
5.300000000000000000e+01
5.400000000000000000e+01
5.500000000000000000e+01
5.600000000000000000e+01
5.700000000000000000e+01
5.800000000000000000e+01
5.900000000000000000e+01
6.000000000000000000e+01
6.100000000000000000e+01
6.200000000000000000e+01
6.300000000000000000e+01
6.400000000000000000e+01
6.500000000000000000e+01
6.600000000000000000e+01
6.700000000000000000e+01
6.800000000000000000e+01
6.900000000000000000e+01
7.000000000000000000e+01
7.100000000000000000e+01
7.200000000000000000e+01
7.300000000000000000e+01
7.400000000000000000e+01
7.500000000000000000e+01
7.600000000000000000e+01
7.700000000000000000e+01
7.800000000000000000e+01
7.900000000000000000e+01
8.000000000000000000e+01
8.100000000000000000e+01
8.200000000000000000e+01
8.300000000000000000e+01
8.400000000000000000e+01
8.500000000000000000e+01
8.600000000000000000e+01
8.700000000000000000e+01
8.800000000000000000e+01
8.900000000000000000e+01
9.000000000000000000e+01
9.100000000000000000e+01
9.200000000000000000e+01
9.300000000000000000e+01
9.400000000000000000e+01
9.500000000000000000e+01
9.600000000000000000e+01
9.700000000000000000e+01
9.800000000000000000e+01
9.900000000000000000e+01
