single photon fraction:    0.0382
laser fraction:    0.3550
thermal source fraction:    0.2901
non-detected fraction:    0.3168
number of bins:  200.0000
bin width (ns):    1.0000
average detection events per bin: 5000.0000

# binary result
0.000000000000000000e+00

# g2 signal
9.966689578596732435e-01
1.007243694813091395e+00
9.860942209062548702e-01
9.869754489857064383e-01
9.860942209062548702e-01
1.003718782495285344e+00
9.849192501336528904e-01
1.047486443774711118e+00
1.024868256402121869e+00
1.002543811722683254e+00
9.890316478377599863e-01
1.010181121744596622e+00
9.670009458514718936e-01
9.925565601555660367e-01
9.822755658952982971e-01
1.002543811722683254e+00
1.009299893665144943e+00
1.005481238654188481e+00
9.957877297802216754e-01
1.003425039802134933e+00
1.001956326336382430e+00
1.007243694813091395e+00
9.843317647473518450e-01
1.040436619139098795e+00
9.840380220542013223e-01
1.020462116004864361e+00
1.040436619139098795e+00
9.954939870870711527e-01
9.910878466898135342e-01
9.969627005528236552e-01
9.907941039966630115e-01
1.023693285629520000e+00
9.987251567117267914e-01
9.913815893829640569e-01
9.796318816569437038e-01
1.035442993355540242e+00
1.018405917152810813e+00
1.011356092517198491e+00
9.919690747692651023e-01
1.002837554415833887e+00
9.902066186103620771e-01
9.725820570213316030e-01
9.664134604651708482e-01
9.916753320761145796e-01
1.010474864437747033e+00
9.925565601555660367e-01
1.013999776755553084e+00
9.907941039966630115e-01
1.015174747528155175e+00
1.005774981347338892e+00
9.905003613035124888e-01
1.052480069558269671e+00
1.006949952119940983e+00
1.003131297108984299e+00
9.858004782131044585e-01
9.772819401117396332e-01
9.905003613035124888e-01
9.896191332240610317e-01
1.003131297108984299e+00
9.805131097363952719e-01
1.020755858698014773e+00
9.890316478377599863e-01
1.006362466733639938e+00
1.018112174459660180e+00
9.987251567117267914e-01
9.772819401117396332e-01
1.007537437506242028e+00
9.893253905309105090e-01
9.919690747692651023e-01
1.000487612870629706e+00
9.999001274843287712e-01
9.834505366679003879e-01
9.734632851007830601e-01
9.990188994048773141e-01
9.863879635994053929e-01
9.987251567117267914e-01
1.015468490221305808e+00
9.954939870870711527e-01
1.015762232914456220e+00
1.018993402539111859e+00
1.000487612870629706e+00
1.011062349824048079e+00
9.969627005528236552e-01
1.024574513708971457e+00
9.734632851007830601e-01
1.025749484481573548e+00
1.019874630618563316e+00
1.012237320596650170e+00
1.006656209426790571e+00
1.027218197947326050e+00
9.860942209062548702e-01
1.037499192207593790e+00
9.828630512815993425e-01
9.949065017007701073e-01
1.007537437506242028e+00
1.018699659845961225e+00
9.822755658952982971e-01
9.717008289418800349e-01
9.573074369775050885e-01
9.863879635994053929e-01
1.389402938601902227e+00
9.752257412596860853e-01
9.796318816569437038e-01
1.003718782495285344e+00
9.587761504432577020e-01
9.811005951226963173e-01
9.863879635994053929e-01
1.004893753267887435e+00
9.890316478377599863e-01
1.002250069029532842e+00
9.881504197583084181e-01
1.007831180199392440e+00
9.963752151665227208e-01
9.828630512815993425e-01
9.717008289418800349e-01
1.037499192207593790e+00
9.808068524295457946e-01
9.769881974185892215e-01
1.007831180199392440e+00
9.852129928268034131e-01
1.018112174459660180e+00
9.949065017007701073e-01
9.558387235117525860e-01
9.822755658952982971e-01
1.012824805982951215e+00
9.758132266459871307e-01
9.899128759172115544e-01
1.012237320596650170e+00
9.816880805089972517e-01
9.816880805089972517e-01
9.884441624514589408e-01
9.884441624514589408e-01
9.984314140185762687e-01
1.003425039802134933e+00
1.006362466733639938e+00
1.029861882185680644e+00
1.017524689073359356e+00
9.843317647473518450e-01
1.016055975607606632e+00
9.752257412596860853e-01
1.015468490221305808e+00
9.943190163144691729e-01
1.010768607130897667e+00
9.925565601555660367e-01
1.004306267881586390e+00
1.019874630618563316e+00
1.035442993355540242e+00
9.855067355199539358e-01
1.018699659845961225e+00
9.940252736213186502e-01
9.981376713254257460e-01
9.978439286322752233e-01
9.643572616131173003e-01
9.675884312377729390e-01
9.731695424076325374e-01
9.946127590076196956e-01
1.003718782495285344e+00
9.717008289418800349e-01
9.766944547254386988e-01
1.005774981347338892e+00
9.819818232021477744e-01
9.667072031583213709e-01
9.975501859391247006e-01
9.890316478377599863e-01
1.014293519448703718e+00
9.705258581692779440e-01
1.009593636358295576e+00
1.021637086777466452e+00
1.011062349824048079e+00
1.016055975607606632e+00
9.940252736213186502e-01
9.816880805089972517e-01
9.975501859391247006e-01
1.015174747528155175e+00
9.905003613035124888e-01
1.001368840950081385e+00
9.775756828048901559e-01
9.887379051446094635e-01
9.978439286322752233e-01
1.002250069029532842e+00
9.993126420980277258e-01
9.940252736213186502e-01
9.990188994048773141e-01
9.737570277939335828e-01
9.866817062925559156e-01
9.919690747692651023e-01
9.822755658952982971e-01
9.799256243500942265e-01
1.013118548676101627e+00
9.781631681911912013e-01
1.019287145232262271e+00
9.702321154761275324e-01
1.005481238654188481e+00
1.028980654106228965e+00
1.015468490221305808e+00
9.884441624514589408e-01
9.717008289418800349e-01
9.802193670432447492e-01
1.021930829470616864e+00
1.019874630618563316e+00

# time bin value
-1.000000000000000000e+02
-9.900000000000000000e+01
-9.800000000000000000e+01
-9.700000000000000000e+01
-9.600000000000000000e+01
-9.500000000000000000e+01
-9.400000000000000000e+01
-9.300000000000000000e+01
-9.200000000000000000e+01
-9.100000000000000000e+01
-9.000000000000000000e+01
-8.900000000000000000e+01
-8.800000000000000000e+01
-8.700000000000000000e+01
-8.600000000000000000e+01
-8.500000000000000000e+01
-8.400000000000000000e+01
-8.300000000000000000e+01
-8.200000000000000000e+01
-8.100000000000000000e+01
-8.000000000000000000e+01
-7.900000000000000000e+01
-7.800000000000000000e+01
-7.700000000000000000e+01
-7.600000000000000000e+01
-7.500000000000000000e+01
-7.400000000000000000e+01
-7.300000000000000000e+01
-7.200000000000000000e+01
-7.100000000000000000e+01
-7.000000000000000000e+01
-6.900000000000000000e+01
-6.800000000000000000e+01
-6.700000000000000000e+01
-6.600000000000000000e+01
-6.500000000000000000e+01
-6.400000000000000000e+01
-6.300000000000000000e+01
-6.200000000000000000e+01
-6.100000000000000000e+01
-6.000000000000000000e+01
-5.900000000000000000e+01
-5.800000000000000000e+01
-5.700000000000000000e+01
-5.600000000000000000e+01
-5.500000000000000000e+01
-5.400000000000000000e+01
-5.300000000000000000e+01
-5.200000000000000000e+01
-5.100000000000000000e+01
-5.000000000000000000e+01
-4.900000000000000000e+01
-4.800000000000000000e+01
-4.700000000000000000e+01
-4.600000000000000000e+01
-4.500000000000000000e+01
-4.400000000000000000e+01
-4.300000000000000000e+01
-4.200000000000000000e+01
-4.100000000000000000e+01
-4.000000000000000000e+01
-3.900000000000000000e+01
-3.800000000000000000e+01
-3.700000000000000000e+01
-3.600000000000000000e+01
-3.500000000000000000e+01
-3.400000000000000000e+01
-3.300000000000000000e+01
-3.200000000000000000e+01
-3.100000000000000000e+01
-3.000000000000000000e+01
-2.900000000000000000e+01
-2.800000000000000000e+01
-2.700000000000000000e+01
-2.600000000000000000e+01
-2.500000000000000000e+01
-2.400000000000000000e+01
-2.300000000000000000e+01
-2.200000000000000000e+01
-2.100000000000000000e+01
-2.000000000000000000e+01
-1.900000000000000000e+01
-1.800000000000000000e+01
-1.700000000000000000e+01
-1.600000000000000000e+01
-1.500000000000000000e+01
-1.400000000000000000e+01
-1.300000000000000000e+01
-1.200000000000000000e+01
-1.100000000000000000e+01
-1.000000000000000000e+01
-9.000000000000000000e+00
-8.000000000000000000e+00
-7.000000000000000000e+00
-6.000000000000000000e+00
-5.000000000000000000e+00
-4.000000000000000000e+00
-3.000000000000000000e+00
-2.000000000000000000e+00
-1.000000000000000000e+00
0.000000000000000000e+00
1.000000000000000000e+00
2.000000000000000000e+00
3.000000000000000000e+00
4.000000000000000000e+00
5.000000000000000000e+00
6.000000000000000000e+00
7.000000000000000000e+00
8.000000000000000000e+00
9.000000000000000000e+00
1.000000000000000000e+01
1.100000000000000000e+01
1.200000000000000000e+01
1.300000000000000000e+01
1.400000000000000000e+01
1.500000000000000000e+01
1.600000000000000000e+01
1.700000000000000000e+01
1.800000000000000000e+01
1.900000000000000000e+01
2.000000000000000000e+01
2.100000000000000000e+01
2.200000000000000000e+01
2.300000000000000000e+01
2.400000000000000000e+01
2.500000000000000000e+01
2.600000000000000000e+01
2.700000000000000000e+01
2.800000000000000000e+01
2.900000000000000000e+01
3.000000000000000000e+01
3.100000000000000000e+01
3.200000000000000000e+01
3.300000000000000000e+01
3.400000000000000000e+01
3.500000000000000000e+01
3.600000000000000000e+01
3.700000000000000000e+01
3.800000000000000000e+01
3.900000000000000000e+01
4.000000000000000000e+01
4.100000000000000000e+01
4.200000000000000000e+01
4.300000000000000000e+01
4.400000000000000000e+01
4.500000000000000000e+01
4.600000000000000000e+01
4.700000000000000000e+01
4.800000000000000000e+01
4.900000000000000000e+01
5.000000000000000000e+01
5.100000000000000000e+01
5.200000000000000000e+01
5.300000000000000000e+01
5.400000000000000000e+01
5.500000000000000000e+01
5.600000000000000000e+01
5.700000000000000000e+01
5.800000000000000000e+01
5.900000000000000000e+01
6.000000000000000000e+01
6.100000000000000000e+01
6.200000000000000000e+01
6.300000000000000000e+01
6.400000000000000000e+01
6.500000000000000000e+01
6.600000000000000000e+01
6.700000000000000000e+01
6.800000000000000000e+01
6.900000000000000000e+01
7.000000000000000000e+01
7.100000000000000000e+01
7.200000000000000000e+01
7.300000000000000000e+01
7.400000000000000000e+01
7.500000000000000000e+01
7.600000000000000000e+01
7.700000000000000000e+01
7.800000000000000000e+01
7.900000000000000000e+01
8.000000000000000000e+01
8.100000000000000000e+01
8.200000000000000000e+01
8.300000000000000000e+01
8.400000000000000000e+01
8.500000000000000000e+01
8.600000000000000000e+01
8.700000000000000000e+01
8.800000000000000000e+01
8.900000000000000000e+01
9.000000000000000000e+01
9.100000000000000000e+01
9.200000000000000000e+01
9.300000000000000000e+01
9.400000000000000000e+01
9.500000000000000000e+01
9.600000000000000000e+01
9.700000000000000000e+01
9.800000000000000000e+01
9.900000000000000000e+01
