single photon fraction:    0.0712
laser fraction:    0.3446
thermal source fraction:    0.3670
non-detected fraction:    0.2172
number of bins:  200.0000
bin width (ns):    1.0000
average detection events per bin: 5000.0000

# binary result
0.000000000000000000e+00

# g2 signal
9.908707160661507363e-01
1.005275897815814279e+00
9.566584094106994618e-01
9.646327064506918791e-01
9.762082989281002376e-01
1.014279136409354187e+00
9.926713637848586513e-01
1.004246956262266899e+00
1.007591016311295995e+00
9.816102420842240939e-01
9.947292468919535224e-01
9.862404790751874151e-01
1.016594254904835903e+00
9.872694206287347951e-01
1.002703543931945829e+00
9.849543021332530790e-01
1.024311316556441254e+00
1.004504191650653855e+00
1.003218014708719519e+00
9.877838914055084851e-01
1.023796845779667564e+00
9.692629434416552003e-01
1.011964017913872471e+00
9.852115375216400350e-01
1.003218014708719519e+00
1.003989720873880165e+00
9.826391836377714739e-01
1.003475250097106475e+00
9.939575407267928764e-01
1.000902896213237803e+00
9.826391836377714739e-01
9.955009530571140575e-01
1.004246956262266899e+00
9.918996576196981163e-01
9.841825959680925440e-01
1.000131190048077379e+00
1.015050842574514611e+00
9.867549498519611051e-01
1.004761427039040589e+00
1.024054081168054520e+00
1.006819310146135571e+00
1.023025139614507140e+00
9.854687729100268800e-01
9.764655343164870827e-01
9.957581884455009025e-01
9.918996576196981163e-01
1.008619957864843375e+00
1.008877193253230331e+00
1.001160131601624759e+00
1.038202027529331328e+00
9.834108898029320089e-01
9.808385359190635588e-01
1.006562074757748615e+00
9.798095943655160678e-01
1.010677840971938357e+00
1.010420605583551401e+00
9.854687729100268800e-01
1.018394902623543707e+00
9.931858345616323414e-01
9.888128329590558652e-01
1.011449547137098781e+00
9.767227697048739277e-01
9.872694206287347951e-01
9.918996576196981163e-01
9.937003053384060314e-01
1.012735724079033117e+00
9.926713637848586513e-01
9.991022484945299986e-01
1.018137667235156973e+00
1.024311316556441254e+00
1.015050842574514611e+00
1.024311316556441254e+00
9.898417745126033562e-01
1.001160131601624759e+00
1.016337019516448947e+00
1.025083022721601900e+00
1.008362722476456641e+00
1.003989720873880165e+00
1.007076545534522305e+00
1.001417366990011715e+00
9.720925327139106065e-01
9.931858345616323414e-01
9.854687729100268800e-01
1.015822548739675257e+00
9.774944758700344627e-01
9.988450131061430426e-01
9.759510635397133926e-01
9.985877777177561976e-01
1.001674602378398449e+00
1.014279136409354187e+00
9.921568930080849613e-01
1.030742201266112712e+00
1.004761427039040589e+00
9.741504158210053665e-01
1.004504191650653855e+00
9.962726592222745925e-01
9.787806528119686877e-01
1.009648899418390755e+00
1.010420605583551401e+00
9.988450131061430426e-01
1.361289675343216432e+00
1.001674602378398449e+00
1.035372438257075922e+00
1.001931837766785405e+00
1.013507430244193541e+00
9.849543021332530790e-01
1.016337019516448947e+00
1.020452785730638690e+00
1.010677840971938357e+00
9.937003053384060314e-01
9.965298946106614375e-01
1.006819310146135571e+00
9.888128329590558652e-01
1.032028378208046826e+00
9.795523589771292228e-01
1.007848251699682951e+00
9.687484726648815103e-01
1.002446308543559095e+00
1.007848251699682951e+00
9.882983621822821751e-01
9.900990099009902012e-01
1.034086261315141808e+00
9.921568930080849613e-01
1.001160131601624759e+00
1.009134428641617065e+00
9.849543021332530790e-01
9.962726592222745925e-01
1.017365961069996327e+00
9.988450131061430426e-01
1.015050842574514611e+00
9.864977144635742601e-01
9.736359450442316765e-01
9.978160715525956626e-01
9.962726592222745925e-01
9.877838914055084851e-01
1.002703543931945829e+00
9.836681251913188540e-01
1.002189073155172139e+00
1.035629673645462878e+00
9.947292468919535224e-01
9.908707160661507363e-01
9.970443653874351275e-01
9.844398313564793890e-01
1.006562074757748615e+00
1.003218014708719519e+00
1.017880431846770017e+00
9.803240651422897578e-01
9.854687729100268800e-01
9.715780619371369164e-01
9.780089466468081527e-01
9.733787096558448315e-01
1.002189073155172139e+00
9.795523589771292228e-01
1.031771142819660092e+00
1.004504191650653855e+00
9.774944758700344627e-01
9.993594838829168436e-01
9.882983621822821751e-01
9.911279514545375813e-01
9.985877777177561976e-01
9.924141283964718063e-01
1.003732485485493209e+00
1.022510668837733450e+00
9.967871299990482825e-01
1.041546087578360424e+00
1.001931837766785405e+00
1.007591016311295995e+00
9.913851868429244263e-01
1.001160131601624759e+00
1.008105487088069685e+00
1.019423844177091087e+00
9.690057080532683553e-01
9.888128329590558652e-01
9.867549498519611051e-01
9.803240651422897578e-01
9.978160715525956626e-01
9.846970667448662340e-01
1.010420605583551401e+00
9.970443653874351275e-01
1.015565313351288523e+00
1.017365961069996327e+00
9.846970667448662340e-01
9.978160715525956626e-01
9.921568930080849613e-01
1.002703543931945829e+00
9.764655343164870827e-01
1.016337019516448947e+00
9.852115375216400350e-01
9.803240651422897578e-01
1.013764665632580497e+00
9.885555975706690202e-01
1.033057319761594206e+00
9.978160715525956626e-01
9.934430699500191864e-01
1.032800084373207472e+00
1.026369199663536236e+00
1.005275897815814279e+00
1.003732485485493209e+00
9.787806528119686877e-01
1.012992959467419851e+00

# time bin value
-1.000000000000000000e+02
-9.900000000000000000e+01
-9.800000000000000000e+01
-9.700000000000000000e+01
-9.600000000000000000e+01
-9.500000000000000000e+01
-9.400000000000000000e+01
-9.300000000000000000e+01
-9.200000000000000000e+01
-9.100000000000000000e+01
-9.000000000000000000e+01
-8.900000000000000000e+01
-8.800000000000000000e+01
-8.700000000000000000e+01
-8.600000000000000000e+01
-8.500000000000000000e+01
-8.400000000000000000e+01
-8.300000000000000000e+01
-8.200000000000000000e+01
-8.100000000000000000e+01
-8.000000000000000000e+01
-7.900000000000000000e+01
-7.800000000000000000e+01
-7.700000000000000000e+01
-7.600000000000000000e+01
-7.500000000000000000e+01
-7.400000000000000000e+01
-7.300000000000000000e+01
-7.200000000000000000e+01
-7.100000000000000000e+01
-7.000000000000000000e+01
-6.900000000000000000e+01
-6.800000000000000000e+01
-6.700000000000000000e+01
-6.600000000000000000e+01
-6.500000000000000000e+01
-6.400000000000000000e+01
-6.300000000000000000e+01
-6.200000000000000000e+01
-6.100000000000000000e+01
-6.000000000000000000e+01
-5.900000000000000000e+01
-5.800000000000000000e+01
-5.700000000000000000e+01
-5.600000000000000000e+01
-5.500000000000000000e+01
-5.400000000000000000e+01
-5.300000000000000000e+01
-5.200000000000000000e+01
-5.100000000000000000e+01
-5.000000000000000000e+01
-4.900000000000000000e+01
-4.800000000000000000e+01
-4.700000000000000000e+01
-4.600000000000000000e+01
-4.500000000000000000e+01
-4.400000000000000000e+01
-4.300000000000000000e+01
-4.200000000000000000e+01
-4.100000000000000000e+01
-4.000000000000000000e+01
-3.900000000000000000e+01
-3.800000000000000000e+01
-3.700000000000000000e+01
-3.600000000000000000e+01
-3.500000000000000000e+01
-3.400000000000000000e+01
-3.300000000000000000e+01
-3.200000000000000000e+01
-3.100000000000000000e+01
-3.000000000000000000e+01
-2.900000000000000000e+01
-2.800000000000000000e+01
-2.700000000000000000e+01
-2.600000000000000000e+01
-2.500000000000000000e+01
-2.400000000000000000e+01
-2.300000000000000000e+01
-2.200000000000000000e+01
-2.100000000000000000e+01
-2.000000000000000000e+01
-1.900000000000000000e+01
-1.800000000000000000e+01
-1.700000000000000000e+01
-1.600000000000000000e+01
-1.500000000000000000e+01
-1.400000000000000000e+01
-1.300000000000000000e+01
-1.200000000000000000e+01
-1.100000000000000000e+01
-1.000000000000000000e+01
-9.000000000000000000e+00
-8.000000000000000000e+00
-7.000000000000000000e+00
-6.000000000000000000e+00
-5.000000000000000000e+00
-4.000000000000000000e+00
-3.000000000000000000e+00
-2.000000000000000000e+00
-1.000000000000000000e+00
0.000000000000000000e+00
1.000000000000000000e+00
2.000000000000000000e+00
3.000000000000000000e+00
4.000000000000000000e+00
5.000000000000000000e+00
6.000000000000000000e+00
7.000000000000000000e+00
8.000000000000000000e+00
9.000000000000000000e+00
1.000000000000000000e+01
1.100000000000000000e+01
1.200000000000000000e+01
1.300000000000000000e+01
1.400000000000000000e+01
1.500000000000000000e+01
1.600000000000000000e+01
1.700000000000000000e+01
1.800000000000000000e+01
1.900000000000000000e+01
2.000000000000000000e+01
2.100000000000000000e+01
2.200000000000000000e+01
2.300000000000000000e+01
2.400000000000000000e+01
2.500000000000000000e+01
2.600000000000000000e+01
2.700000000000000000e+01
2.800000000000000000e+01
2.900000000000000000e+01
3.000000000000000000e+01
3.100000000000000000e+01
3.200000000000000000e+01
3.300000000000000000e+01
3.400000000000000000e+01
3.500000000000000000e+01
3.600000000000000000e+01
3.700000000000000000e+01
3.800000000000000000e+01
3.900000000000000000e+01
4.000000000000000000e+01
4.100000000000000000e+01
4.200000000000000000e+01
4.300000000000000000e+01
4.400000000000000000e+01
4.500000000000000000e+01
4.600000000000000000e+01
4.700000000000000000e+01
4.800000000000000000e+01
4.900000000000000000e+01
5.000000000000000000e+01
5.100000000000000000e+01
5.200000000000000000e+01
5.300000000000000000e+01
5.400000000000000000e+01
5.500000000000000000e+01
5.600000000000000000e+01
5.700000000000000000e+01
5.800000000000000000e+01
5.900000000000000000e+01
6.000000000000000000e+01
6.100000000000000000e+01
6.200000000000000000e+01
6.300000000000000000e+01
6.400000000000000000e+01
6.500000000000000000e+01
6.600000000000000000e+01
6.700000000000000000e+01
6.800000000000000000e+01
6.900000000000000000e+01
7.000000000000000000e+01
7.100000000000000000e+01
7.200000000000000000e+01
7.300000000000000000e+01
7.400000000000000000e+01
7.500000000000000000e+01
7.600000000000000000e+01
7.700000000000000000e+01
7.800000000000000000e+01
7.900000000000000000e+01
8.000000000000000000e+01
8.100000000000000000e+01
8.200000000000000000e+01
8.300000000000000000e+01
8.400000000000000000e+01
8.500000000000000000e+01
8.600000000000000000e+01
8.700000000000000000e+01
8.800000000000000000e+01
8.900000000000000000e+01
9.000000000000000000e+01
9.100000000000000000e+01
9.200000000000000000e+01
9.300000000000000000e+01
9.400000000000000000e+01
9.500000000000000000e+01
9.600000000000000000e+01
9.700000000000000000e+01
9.800000000000000000e+01
9.900000000000000000e+01
