single photon fraction:    0.0382
laser fraction:    0.3550
thermal source fraction:    0.2901
non-detected fraction:    0.3168
number of bins:  200.0000
bin width (ns):    1.0000
average detection events per bin: 5000.0000

# binary result
0.000000000000000000e+00

# g2 signal
9.974866786124584328e-01
9.589634607768947605e-01
1.021600448555330276e+00
9.960163267866735115e-01
1.016013111617347864e+00
9.860179343713363354e-01
1.009249493218737470e+00
9.724906975741155479e-01
1.000133311898871113e+00
1.007191000662638558e+00
1.002485874820127076e+00
9.663152199058190339e-01
1.009543563583894299e+00
9.977807489776153727e-01
9.874882861971212566e-01
1.007191000662638558e+00
1.019541955999231586e+00
1.004544367376225766e+00
1.029834418779725702e+00
9.992511008034002939e-01
1.020424167094702517e+00
9.742551197650574091e-01
9.648448680800342236e-01
1.015719041252190813e+00
1.029540348414568651e+00
1.027481855858469739e+00
1.023658941111429188e+00
9.739610493999004692e-01
9.921934120396328494e-01
9.848416529107084649e-01
1.000133311898871113e+00
1.012190196870307091e+00
9.924874824047897892e-01
9.954281860563596318e-01
9.839594418152375344e-01
1.003662156280754836e+00
1.009837633949051350e+00
1.009837633949051350e+00
1.020130096729545466e+00
9.974866786124584328e-01
9.807246677985108629e-01
9.842535121803945852e-01
1.005132508106539646e+00
1.002485874820127076e+00
1.022482659650801207e+00
9.733729086695864785e-01
9.971926082473013819e-01
9.983688897079293634e-01
1.013954619061248952e+00
1.009543563583894299e+00
9.874882861971212566e-01
9.910171305790049789e-01
9.827831603546096639e-01
9.760195419559992702e-01
1.009543563583894299e+00
9.924874824047897892e-01
1.007485071027795609e+00
1.006896930297481507e+00
9.880764269274352474e-01
9.874882861971212566e-01
1.034245474257080355e+00
1.011896126505150262e+00
9.995451711685572338e-01
1.015424970887033762e+00
1.012484267235464142e+00
1.024541152206900119e+00
9.827831603546096639e-01
9.680796420967608951e-01
1.001897734089812975e+00
1.011896126505150262e+00
1.009837633949051350e+00
9.807246677985108629e-01
1.018953815268917484e+00
9.974866786124584328e-01
1.011896126505150262e+00
9.774898937817840805e-01
9.933696935002607198e-01
9.968985378821444421e-01
1.019247885634074535e+00
9.760195419559992702e-01
9.842535121803945852e-01
1.007485071027795609e+00
9.810187381636678028e-01
9.963103971518304514e-01
9.813128085288247426e-01
1.020718237459859346e+00
1.005426578471696697e+00
1.002485874820127076e+00
9.851357232758655158e-01
9.783721048772550111e-01
9.863120047364933862e-01
9.995451711685572338e-01
9.901349194835340484e-01
9.989570304382432431e-01
9.916052713093188586e-01
9.907230602138479281e-01
9.968985378821444421e-01
9.971926082473013819e-01
9.936637638654177707e-01
1.025129292937213998e+00
1.382424786602938438e+00
1.019836026364388415e+00
1.012190196870307091e+00
9.918993416744759095e-01
9.916052713093188586e-01
1.026011504032684929e+00
9.880764269274352474e-01
1.023070800381115308e+00
9.874882861971212566e-01
1.002485874820127076e+00
9.904289898486909882e-01
1.012190196870307091e+00
1.012778337600621192e+00
1.006896930297481507e+00
9.777839641469411314e-01
9.968985378821444421e-01
1.017189393077975623e+00
9.592575311420517004e-01
1.005426578471696697e+00
1.003368085915598007e+00
9.701381346528596961e-01
9.992511008034002939e-01
1.010719845044522280e+00
9.874882861971212566e-01
9.892527083880631178e-01
1.006896930297481507e+00
9.948400453260456411e-01
1.002485874820127076e+00
9.616100940633074412e-01
9.748432604953713998e-01
1.010719845044522280e+00
1.017483463443132674e+00
1.001015522994342044e+00
1.013660548696092123e+00
1.008661352488423368e+00
9.695499939225458164e-01
1.005720648836853748e+00
9.977807489776153727e-01
9.830772307197666038e-01
9.968985378821444421e-01
9.716084864786446174e-01
9.771958234166271406e-01
1.016895322712818794e+00
1.021012307825016396e+00
9.980748193427723125e-01
1.015130900521876933e+00
1.011896126505150262e+00
9.951341156912025809e-01
1.000427382264028164e+00
9.883704972925921872e-01
9.863120047364933862e-01
1.001015522994342044e+00
1.013072407965778021e+00
1.014542759791562831e+00
9.989570304382432431e-01
9.948400453260456411e-01
9.671974310012899645e-01
9.954281860563596318e-01
9.721966272089586081e-01
9.883704972925921872e-01
9.721966272089586081e-01
1.002191804454970026e+00
1.001015522994342044e+00
1.016307181982504693e+00
9.736669790347434184e-01
1.007485071027795609e+00
1.006308789567167628e+00
9.995451711685572338e-01
1.023953011476586239e+00
1.001309593359499095e+00
1.007191000662638558e+00
1.046008288863359281e+00
9.954281860563596318e-01
9.951341156912025809e-01
9.913112009441619188e-01
9.986629600730863032e-01
1.003956226645911887e+00
1.017483463443132674e+00
9.924874824047897892e-01
9.989570304382432431e-01
1.004250297011068715e+00
9.445540128842029315e-01
9.977807489776153727e-01
9.730788383044295387e-01
9.780780345120980712e-01
1.025423363302371049e+00
9.636685866194063532e-01
9.863120047364933862e-01
1.003956226645911887e+00
1.007191000662638558e+00
9.916052713093188586e-01
9.957222564215165717e-01
9.898408491183771085e-01
9.807246677985108629e-01
1.001897734089812975e+00
1.005132508106539646e+00
9.895467787532200576e-01
9.945459749608887012e-01
9.842535121803945852e-01
9.819009492591387334e-01

# time bin value
-1.000000000000000000e+02
-9.900000000000000000e+01
-9.800000000000000000e+01
-9.700000000000000000e+01
-9.600000000000000000e+01
-9.500000000000000000e+01
-9.400000000000000000e+01
-9.300000000000000000e+01
-9.200000000000000000e+01
-9.100000000000000000e+01
-9.000000000000000000e+01
-8.900000000000000000e+01
-8.800000000000000000e+01
-8.700000000000000000e+01
-8.600000000000000000e+01
-8.500000000000000000e+01
-8.400000000000000000e+01
-8.300000000000000000e+01
-8.200000000000000000e+01
-8.100000000000000000e+01
-8.000000000000000000e+01
-7.900000000000000000e+01
-7.800000000000000000e+01
-7.700000000000000000e+01
-7.600000000000000000e+01
-7.500000000000000000e+01
-7.400000000000000000e+01
-7.300000000000000000e+01
-7.200000000000000000e+01
-7.100000000000000000e+01
-7.000000000000000000e+01
-6.900000000000000000e+01
-6.800000000000000000e+01
-6.700000000000000000e+01
-6.600000000000000000e+01
-6.500000000000000000e+01
-6.400000000000000000e+01
-6.300000000000000000e+01
-6.200000000000000000e+01
-6.100000000000000000e+01
-6.000000000000000000e+01
-5.900000000000000000e+01
-5.800000000000000000e+01
-5.700000000000000000e+01
-5.600000000000000000e+01
-5.500000000000000000e+01
-5.400000000000000000e+01
-5.300000000000000000e+01
-5.200000000000000000e+01
-5.100000000000000000e+01
-5.000000000000000000e+01
-4.900000000000000000e+01
-4.800000000000000000e+01
-4.700000000000000000e+01
-4.600000000000000000e+01
-4.500000000000000000e+01
-4.400000000000000000e+01
-4.300000000000000000e+01
-4.200000000000000000e+01
-4.100000000000000000e+01
-4.000000000000000000e+01
-3.900000000000000000e+01
-3.800000000000000000e+01
-3.700000000000000000e+01
-3.600000000000000000e+01
-3.500000000000000000e+01
-3.400000000000000000e+01
-3.300000000000000000e+01
-3.200000000000000000e+01
-3.100000000000000000e+01
-3.000000000000000000e+01
-2.900000000000000000e+01
-2.800000000000000000e+01
-2.700000000000000000e+01
-2.600000000000000000e+01
-2.500000000000000000e+01
-2.400000000000000000e+01
-2.300000000000000000e+01
-2.200000000000000000e+01
-2.100000000000000000e+01
-2.000000000000000000e+01
-1.900000000000000000e+01
-1.800000000000000000e+01
-1.700000000000000000e+01
-1.600000000000000000e+01
-1.500000000000000000e+01
-1.400000000000000000e+01
-1.300000000000000000e+01
-1.200000000000000000e+01
-1.100000000000000000e+01
-1.000000000000000000e+01
-9.000000000000000000e+00
-8.000000000000000000e+00
-7.000000000000000000e+00
-6.000000000000000000e+00
-5.000000000000000000e+00
-4.000000000000000000e+00
-3.000000000000000000e+00
-2.000000000000000000e+00
-1.000000000000000000e+00
0.000000000000000000e+00
1.000000000000000000e+00
2.000000000000000000e+00
3.000000000000000000e+00
4.000000000000000000e+00
5.000000000000000000e+00
6.000000000000000000e+00
7.000000000000000000e+00
8.000000000000000000e+00
9.000000000000000000e+00
1.000000000000000000e+01
1.100000000000000000e+01
1.200000000000000000e+01
1.300000000000000000e+01
1.400000000000000000e+01
1.500000000000000000e+01
1.600000000000000000e+01
1.700000000000000000e+01
1.800000000000000000e+01
1.900000000000000000e+01
2.000000000000000000e+01
2.100000000000000000e+01
2.200000000000000000e+01
2.300000000000000000e+01
2.400000000000000000e+01
2.500000000000000000e+01
2.600000000000000000e+01
2.700000000000000000e+01
2.800000000000000000e+01
2.900000000000000000e+01
3.000000000000000000e+01
3.100000000000000000e+01
3.200000000000000000e+01
3.300000000000000000e+01
3.400000000000000000e+01
3.500000000000000000e+01
3.600000000000000000e+01
3.700000000000000000e+01
3.800000000000000000e+01
3.900000000000000000e+01
4.000000000000000000e+01
4.100000000000000000e+01
4.200000000000000000e+01
4.300000000000000000e+01
4.400000000000000000e+01
4.500000000000000000e+01
4.600000000000000000e+01
4.700000000000000000e+01
4.800000000000000000e+01
4.900000000000000000e+01
5.000000000000000000e+01
5.100000000000000000e+01
5.200000000000000000e+01
5.300000000000000000e+01
5.400000000000000000e+01
5.500000000000000000e+01
5.600000000000000000e+01
5.700000000000000000e+01
5.800000000000000000e+01
5.900000000000000000e+01
6.000000000000000000e+01
6.100000000000000000e+01
6.200000000000000000e+01
6.300000000000000000e+01
6.400000000000000000e+01
6.500000000000000000e+01
6.600000000000000000e+01
6.700000000000000000e+01
6.800000000000000000e+01
6.900000000000000000e+01
7.000000000000000000e+01
7.100000000000000000e+01
7.200000000000000000e+01
7.300000000000000000e+01
7.400000000000000000e+01
7.500000000000000000e+01
7.600000000000000000e+01
7.700000000000000000e+01
7.800000000000000000e+01
7.900000000000000000e+01
8.000000000000000000e+01
8.100000000000000000e+01
8.200000000000000000e+01
8.300000000000000000e+01
8.400000000000000000e+01
8.500000000000000000e+01
8.600000000000000000e+01
8.700000000000000000e+01
8.800000000000000000e+01
8.900000000000000000e+01
9.000000000000000000e+01
9.100000000000000000e+01
9.200000000000000000e+01
9.300000000000000000e+01
9.400000000000000000e+01
9.500000000000000000e+01
9.600000000000000000e+01
9.700000000000000000e+01
9.800000000000000000e+01
9.900000000000000000e+01
