single photon fraction:    0.2964
laser fraction:    0.1179
thermal source fraction:    0.2893
non-detected fraction:    0.2964
number of bins:  200.0000
bin width (ns):    1.0000
average detection events per bin: 5000.0000

# binary result
0.000000000000000000e+00

# g2 signal
9.740584244678754944e-01
1.002329249452431181e+00
9.963324077890406416e-01
9.700605300256150976e-01
1.021747593886267458e+00
1.000044738342568129e+00
1.013751805001746664e+00
1.010325038336952197e+00
1.012895113335548158e+00
9.894788744594513741e-01
9.986169188989036938e-01
9.866232355721225034e-01
9.877654911270540294e-01
9.954757161228420248e-01
9.854809800171909773e-01
1.020034210553870224e+00
1.007183835560890417e+00
1.018035263332740081e+00
1.006041580005958780e+00
9.786274466876017097e-01
9.954757161228420248e-01
9.754862439115399297e-01
9.823397772411291973e-01
9.834820327960607234e-01
9.712027855805466237e-01
1.003757068896095728e+00
1.008897218893287651e+00
9.917633855693144262e-01
1.025174360551062147e+00
1.020319774442603133e+00
9.814830855749305805e-01
1.000615866120033948e+00
9.926200772355131541e-01
9.983313550101708955e-01
9.737728605791425851e-01
9.891933105707184648e-01
9.957612800115749341e-01
1.001472557786232676e+00
9.900500022369171926e-01
9.971890994552392584e-01
9.920489494580473355e-01
9.917633855693144262e-01
1.033170149435582941e+00
1.004328196673561546e+00
9.877654911270540294e-01
1.021747593886267458e+00
9.829109050185950158e-01
1.011467293891883612e+00
1.000901430008766857e+00
1.013466241113013755e+00
1.008326091115821832e+00
1.013751805001746664e+00
9.797697022425332358e-01
1.018320827221472991e+00
1.046306088317295879e+00
9.946190244566432970e-01
1.029743382770788251e+00
1.014894060556678301e+00
1.002043685563698272e+00
1.009468346670753469e+00
9.926200772355131541e-01
9.834820327960607234e-01
9.960468439003077323e-01
9.949045883453762062e-01
1.044021577207432605e+00
1.048019471649693113e+00
9.869087994608554126e-01
1.006898271672157508e+00
1.016607443889075535e+00
9.803408300199990544e-01
9.997591744538353309e-01
1.052302929980686308e+00
9.843387244622594512e-01
1.007469399449623326e+00
9.977602272327050770e-01
1.022033157775000367e+00
9.789130105763346190e-01
1.008326091115821832e+00
1.003185941118629909e+00
1.018891954998938587e+00
9.634925605847587393e-01
1.004328196673561546e+00
1.007754963338356013e+00
9.771996272439372744e-01
1.000901430008766857e+00
9.783418827988688005e-01
1.007183835560890417e+00
1.009753910559486378e+00
1.010325038336952197e+00
9.803408300199990544e-01
1.001472557786232676e+00
1.014037368890479573e+00
1.009753910559486378e+00
9.897644383481842834e-01
9.974746633439721677e-01
1.006041580005958780e+00
9.857665439059238865e-01
9.806263939087318526e-01
1.002329249452431181e+00
1.011467293891883612e+00
1.004899324451027143e+00
9.672048911382862268e-01
1.004042632784828637e+00
9.546400800340392179e-01
1.015750752222877029e+00
1.013466241113013755e+00
9.754862439115399297e-01
9.937623327904446802e-01
1.031456766103185707e+00
1.002043685563698272e+00
9.966179716777735509e-01
9.974746633439721677e-01
1.013466241113013755e+00
1.019748646665137315e+00
9.971890994552392584e-01
9.789130105763346190e-01
1.008326091115821832e+00
1.001472557786232676e+00
1.003757068896095728e+00
1.018035263332740081e+00
1.013466241113013755e+00
1.007183835560890417e+00
1.003185941118629909e+00
1.019177518887671496e+00
9.806263939087318526e-01
1.017464135555274263e+00
9.814830855749305805e-01
9.866232355721225034e-01
1.012609549446815249e+00
1.020890902220068952e+00
9.949045883453762062e-01
1.002043685563698272e+00
9.929056411242460634e-01
1.009182782782020560e+00
9.786274466876017097e-01
1.007469399449623326e+00
1.008611655004554741e+00
1.004613760562294456e+00
1.006327143894691689e+00
1.020319774442603133e+00
1.011181730003150703e+00
9.931912050129788616e-01
9.863376716833895941e-01
9.834820327960607234e-01
9.934767689017117709e-01
1.018320827221472991e+00
9.991880466763695123e-01
1.012895113335548158e+00
1.023460977218664913e+00
1.012895113335548158e+00
9.863376716833895941e-01
9.860521077946567958e-01
1.009468346670753469e+00
1.003185941118629909e+00
1.014322932779212483e+00
9.880510550157869387e-01
9.654915078058888822e-01
1.007469399449623326e+00
9.746295522453413129e-01
1.014894060556678301e+00
9.769140633552043651e-01
9.909066939031158094e-01
9.752006800228070205e-01
9.949045883453762062e-01
9.926200772355131541e-01
9.954757161228420248e-01
1.001186993897499766e+00
9.857665439059238865e-01
1.002329249452431181e+00
1.020890902220068952e+00
1.005470452228492961e+00
1.015179624445411211e+00
1.021462029997534549e+00
9.849098522397251587e-01
9.971890994552392584e-01
1.018035263332740081e+00
9.763429355777386576e-01
9.609224855861627779e-01
9.989024827876366031e-01
1.000044738342568129e+00
9.831964689073279251e-01
1.013751805001746664e+00
9.712027855805466237e-01
1.014322932779212483e+00
1.034597968879247487e+00
1.018891954998938587e+00
1.012609549446815249e+00
1.012323985558082340e+00
9.880510550157869387e-01
1.007754963338356013e+00
1.012038421669349431e+00
1.030885638325719889e+00
1.003471505007362818e+00
9.934767689017117709e-01
1.037739171655309267e+00
1.009753910559486378e+00
1.002614813341164091e+00
9.997591744538353309e-01
1.008897218893287651e+00
1.023175413329932004e+00

# time bin value
-1.000000000000000000e+02
-9.900000000000000000e+01
-9.800000000000000000e+01
-9.700000000000000000e+01
-9.600000000000000000e+01
-9.500000000000000000e+01
-9.400000000000000000e+01
-9.300000000000000000e+01
-9.200000000000000000e+01
-9.100000000000000000e+01
-9.000000000000000000e+01
-8.900000000000000000e+01
-8.800000000000000000e+01
-8.700000000000000000e+01
-8.600000000000000000e+01
-8.500000000000000000e+01
-8.400000000000000000e+01
-8.300000000000000000e+01
-8.200000000000000000e+01
-8.100000000000000000e+01
-8.000000000000000000e+01
-7.900000000000000000e+01
-7.800000000000000000e+01
-7.700000000000000000e+01
-7.600000000000000000e+01
-7.500000000000000000e+01
-7.400000000000000000e+01
-7.300000000000000000e+01
-7.200000000000000000e+01
-7.100000000000000000e+01
-7.000000000000000000e+01
-6.900000000000000000e+01
-6.800000000000000000e+01
-6.700000000000000000e+01
-6.600000000000000000e+01
-6.500000000000000000e+01
-6.400000000000000000e+01
-6.300000000000000000e+01
-6.200000000000000000e+01
-6.100000000000000000e+01
-6.000000000000000000e+01
-5.900000000000000000e+01
-5.800000000000000000e+01
-5.700000000000000000e+01
-5.600000000000000000e+01
-5.500000000000000000e+01
-5.400000000000000000e+01
-5.300000000000000000e+01
-5.200000000000000000e+01
-5.100000000000000000e+01
-5.000000000000000000e+01
-4.900000000000000000e+01
-4.800000000000000000e+01
-4.700000000000000000e+01
-4.600000000000000000e+01
-4.500000000000000000e+01
-4.400000000000000000e+01
-4.300000000000000000e+01
-4.200000000000000000e+01
-4.100000000000000000e+01
-4.000000000000000000e+01
-3.900000000000000000e+01
-3.800000000000000000e+01
-3.700000000000000000e+01
-3.600000000000000000e+01
-3.500000000000000000e+01
-3.400000000000000000e+01
-3.300000000000000000e+01
-3.200000000000000000e+01
-3.100000000000000000e+01
-3.000000000000000000e+01
-2.900000000000000000e+01
-2.800000000000000000e+01
-2.700000000000000000e+01
-2.600000000000000000e+01
-2.500000000000000000e+01
-2.400000000000000000e+01
-2.300000000000000000e+01
-2.200000000000000000e+01
-2.100000000000000000e+01
-2.000000000000000000e+01
-1.900000000000000000e+01
-1.800000000000000000e+01
-1.700000000000000000e+01
-1.600000000000000000e+01
-1.500000000000000000e+01
-1.400000000000000000e+01
-1.300000000000000000e+01
-1.200000000000000000e+01
-1.100000000000000000e+01
-1.000000000000000000e+01
-9.000000000000000000e+00
-8.000000000000000000e+00
-7.000000000000000000e+00
-6.000000000000000000e+00
-5.000000000000000000e+00
-4.000000000000000000e+00
-3.000000000000000000e+00
-2.000000000000000000e+00
-1.000000000000000000e+00
0.000000000000000000e+00
1.000000000000000000e+00
2.000000000000000000e+00
3.000000000000000000e+00
4.000000000000000000e+00
5.000000000000000000e+00
6.000000000000000000e+00
7.000000000000000000e+00
8.000000000000000000e+00
9.000000000000000000e+00
1.000000000000000000e+01
1.100000000000000000e+01
1.200000000000000000e+01
1.300000000000000000e+01
1.400000000000000000e+01
1.500000000000000000e+01
1.600000000000000000e+01
1.700000000000000000e+01
1.800000000000000000e+01
1.900000000000000000e+01
2.000000000000000000e+01
2.100000000000000000e+01
2.200000000000000000e+01
2.300000000000000000e+01
2.400000000000000000e+01
2.500000000000000000e+01
2.600000000000000000e+01
2.700000000000000000e+01
2.800000000000000000e+01
2.900000000000000000e+01
3.000000000000000000e+01
3.100000000000000000e+01
3.200000000000000000e+01
3.300000000000000000e+01
3.400000000000000000e+01
3.500000000000000000e+01
3.600000000000000000e+01
3.700000000000000000e+01
3.800000000000000000e+01
3.900000000000000000e+01
4.000000000000000000e+01
4.100000000000000000e+01
4.200000000000000000e+01
4.300000000000000000e+01
4.400000000000000000e+01
4.500000000000000000e+01
4.600000000000000000e+01
4.700000000000000000e+01
4.800000000000000000e+01
4.900000000000000000e+01
5.000000000000000000e+01
5.100000000000000000e+01
5.200000000000000000e+01
5.300000000000000000e+01
5.400000000000000000e+01
5.500000000000000000e+01
5.600000000000000000e+01
5.700000000000000000e+01
5.800000000000000000e+01
5.900000000000000000e+01
6.000000000000000000e+01
6.100000000000000000e+01
6.200000000000000000e+01
6.300000000000000000e+01
6.400000000000000000e+01
6.500000000000000000e+01
6.600000000000000000e+01
6.700000000000000000e+01
6.800000000000000000e+01
6.900000000000000000e+01
7.000000000000000000e+01
7.100000000000000000e+01
7.200000000000000000e+01
7.300000000000000000e+01
7.400000000000000000e+01
7.500000000000000000e+01
7.600000000000000000e+01
7.700000000000000000e+01
7.800000000000000000e+01
7.900000000000000000e+01
8.000000000000000000e+01
8.100000000000000000e+01
8.200000000000000000e+01
8.300000000000000000e+01
8.400000000000000000e+01
8.500000000000000000e+01
8.600000000000000000e+01
8.700000000000000000e+01
8.800000000000000000e+01
8.900000000000000000e+01
9.000000000000000000e+01
9.100000000000000000e+01
9.200000000000000000e+01
9.300000000000000000e+01
9.400000000000000000e+01
9.500000000000000000e+01
9.600000000000000000e+01
9.700000000000000000e+01
9.800000000000000000e+01
9.900000000000000000e+01
