single photon fraction:    0.1460
laser fraction:    0.1788
thermal source fraction:    0.3321
non-detected fraction:    0.3431
number of bins:  200.0000
bin width (ns):    1.0000
average detection events per bin: 5000.0000

# binary result
0.000000000000000000e+00

# g2 signal
1.002374797550294794e+00
1.003599446050661648e+00
9.867605291706169623e-01
1.039420414686393013e+00
1.005130256676120215e+00
9.870666912957086758e-01
1.037583441935842732e+00
1.013702796178688414e+00
9.784941517931405874e-01
1.026561605432540825e+00
1.002374797550294794e+00
1.011865823428138134e+00
1.027173929682724252e+00
1.013090471928504988e+00
1.015539768929238695e+00
1.020744525055798047e+00
9.843112321698832545e-01
9.714524229160309554e-01
9.616552349130959021e-01
1.006048743051395356e+00
1.007885715801945858e+00
9.742078820418564877e-01
9.861482049204335354e-01
9.818619351691494357e-01
9.788003139182323009e-01
9.726770714163978093e-01
1.004211770300845075e+00
9.895159882964424947e-01
1.016152093179422122e+00
9.959453929233685887e-01
1.009722688552496139e+00
1.013702796178688414e+00
1.012784309803413274e+00
9.763510169174984821e-01
1.010641174927771280e+00
9.901283125466259216e-01
9.980885277990106941e-01
9.809434487938742953e-01
1.029317064558366246e+00
9.974762035488272671e-01
9.849235564200666815e-01
9.836989079196998276e-01
1.034827982810017311e+00
1.000231662674652799e+00
1.017376741679789198e+00
9.956392307982768752e-01
9.748202062920399147e-01
1.029010902433274532e+00
1.019519876555431193e+00
9.582874515370869428e-01
1.004211770300845075e+00
9.934960959226348809e-01
9.729832335414895228e-01
9.977823656739189806e-01
9.913529610469927755e-01
9.876790155458922138e-01
9.852297185451583950e-01
9.941084201728183078e-01
9.662476667894717153e-01
9.717585850411226689e-01
1.004517932425936788e+00
1.012478147678321561e+00
1.004517932425936788e+00
9.913529610469927755e-01
9.821680972942411492e-01
1.020438362930706333e+00
9.806372866687825818e-01
1.023193822056531754e+00
9.876790155458922138e-01
1.009722688552496139e+00
9.833927457946081141e-01
9.922714474222680270e-01
9.999255005495609749e-01
1.021969173556164900e+00
1.003293283925569934e+00
9.959453929233685887e-01
9.840050700447915411e-01
9.717585850411226689e-01
9.913529610469927755e-01
9.852297185451583950e-01
9.806372866687825818e-01
9.962515550484604132e-01
9.944145822979100213e-01
9.974762035488272671e-01
9.993131762993775480e-01
9.806372866687825818e-01
1.004211770300845075e+00
1.009416526427404426e+00
1.017376741679789198e+00
9.840050700447915411e-01
9.925776095473597405e-01
9.962515550484604132e-01
1.018601390180156052e+00
9.885975019211673542e-01
9.931899337975431674e-01
9.742078820418564877e-01
9.990070141742858345e-01
9.895159882964424947e-01
1.004824094551028502e+00
9.974762035488272671e-01
1.282206979884127795e+00
9.858420427953418219e-01
1.030235550933641386e+00
9.836989079196998276e-01
1.029929388808549673e+00
9.870666912957086758e-01
1.015845931054330409e+00
9.928837716724514539e-01
1.001456311175019653e+00
1.008804202177220999e+00
1.021050687180889760e+00
9.950269065480934483e-01
1.006967229426670496e+00
1.027173929682724252e+00
1.001456311175019653e+00
9.901283125466259216e-01
9.867605291706169623e-01
1.001150149049927940e+00
1.009722688552496139e+00
9.821680972942411492e-01
1.017989065929972625e+00
1.006048743051395356e+00
9.818619351691494357e-01
9.788003139182323009e-01
9.990070141742858345e-01
1.008191877927037572e+00
1.008191877927037572e+00
1.000231662674652799e+00
9.882913397960756408e-01
1.010335012802679566e+00
1.020438362930706333e+00
9.806372866687825818e-01
9.806372866687825818e-01
1.013396634053596701e+00
1.020132200805614620e+00
9.907406367968093486e-01
9.950269065480934483e-01
9.840050700447915411e-01
9.843112321698832545e-01
9.815557730440577222e-01
1.038808090436209586e+00
9.941084201728183078e-01
1.024112308431806895e+00
9.760448547924067686e-01
9.895159882964424947e-01
9.913529610469927755e-01
1.015233606804146982e+00
9.974762035488272671e-01
9.830865836695164006e-01
9.931899337975431674e-01
1.027786253932907679e+00
9.873728534208005003e-01
1.005742580926303642e+00
1.039420414686393013e+00
1.020438362930706333e+00
9.803311245436908683e-01
9.950269065480934483e-01
9.812496109189660087e-01
9.971700414237355536e-01
9.818619351691494357e-01
9.745140441669482012e-01
9.680846395400219961e-01
9.934960959226348809e-01
1.000843986924836226e+00
1.028704740308182819e+00
9.999255005495609749e-01
1.022275335681256614e+00
1.033297172184558521e+00
9.910467989219010621e-01
1.019519876555431193e+00
1.009416526427404426e+00
9.769633411676819090e-01
1.017376741679789198e+00
9.628798834134627560e-01
1.015845931054330409e+00
1.004824094551028502e+00
9.876790155458922138e-01
9.980885277990106941e-01
9.714524229160309554e-01
1.046768305688594358e+00
9.965577171735521267e-01
1.008804202177220999e+00
1.014008958303780128e+00
9.833927457946081141e-01
9.800249624185991548e-01
1.003293283925569934e+00
1.013396634053596701e+00
9.944145822979100213e-01
1.015233606804146982e+00
9.784941517931405874e-01
1.001762473300111367e+00
9.726770714163978093e-01
9.760448547924067686e-01
1.017070579554697485e+00
9.846173942949749680e-01
1.014008958303780128e+00
9.815557730440577222e-01
9.815557730440577222e-01
9.742078820418564877e-01
9.889036640462590677e-01

# time bin value
-1.000000000000000000e+02
-9.900000000000000000e+01
-9.800000000000000000e+01
-9.700000000000000000e+01
-9.600000000000000000e+01
-9.500000000000000000e+01
-9.400000000000000000e+01
-9.300000000000000000e+01
-9.200000000000000000e+01
-9.100000000000000000e+01
-9.000000000000000000e+01
-8.900000000000000000e+01
-8.800000000000000000e+01
-8.700000000000000000e+01
-8.600000000000000000e+01
-8.500000000000000000e+01
-8.400000000000000000e+01
-8.300000000000000000e+01
-8.200000000000000000e+01
-8.100000000000000000e+01
-8.000000000000000000e+01
-7.900000000000000000e+01
-7.800000000000000000e+01
-7.700000000000000000e+01
-7.600000000000000000e+01
-7.500000000000000000e+01
-7.400000000000000000e+01
-7.300000000000000000e+01
-7.200000000000000000e+01
-7.100000000000000000e+01
-7.000000000000000000e+01
-6.900000000000000000e+01
-6.800000000000000000e+01
-6.700000000000000000e+01
-6.600000000000000000e+01
-6.500000000000000000e+01
-6.400000000000000000e+01
-6.300000000000000000e+01
-6.200000000000000000e+01
-6.100000000000000000e+01
-6.000000000000000000e+01
-5.900000000000000000e+01
-5.800000000000000000e+01
-5.700000000000000000e+01
-5.600000000000000000e+01
-5.500000000000000000e+01
-5.400000000000000000e+01
-5.300000000000000000e+01
-5.200000000000000000e+01
-5.100000000000000000e+01
-5.000000000000000000e+01
-4.900000000000000000e+01
-4.800000000000000000e+01
-4.700000000000000000e+01
-4.600000000000000000e+01
-4.500000000000000000e+01
-4.400000000000000000e+01
-4.300000000000000000e+01
-4.200000000000000000e+01
-4.100000000000000000e+01
-4.000000000000000000e+01
-3.900000000000000000e+01
-3.800000000000000000e+01
-3.700000000000000000e+01
-3.600000000000000000e+01
-3.500000000000000000e+01
-3.400000000000000000e+01
-3.300000000000000000e+01
-3.200000000000000000e+01
-3.100000000000000000e+01
-3.000000000000000000e+01
-2.900000000000000000e+01
-2.800000000000000000e+01
-2.700000000000000000e+01
-2.600000000000000000e+01
-2.500000000000000000e+01
-2.400000000000000000e+01
-2.300000000000000000e+01
-2.200000000000000000e+01
-2.100000000000000000e+01
-2.000000000000000000e+01
-1.900000000000000000e+01
-1.800000000000000000e+01
-1.700000000000000000e+01
-1.600000000000000000e+01
-1.500000000000000000e+01
-1.400000000000000000e+01
-1.300000000000000000e+01
-1.200000000000000000e+01
-1.100000000000000000e+01
-1.000000000000000000e+01
-9.000000000000000000e+00
-8.000000000000000000e+00
-7.000000000000000000e+00
-6.000000000000000000e+00
-5.000000000000000000e+00
-4.000000000000000000e+00
-3.000000000000000000e+00
-2.000000000000000000e+00
-1.000000000000000000e+00
0.000000000000000000e+00
1.000000000000000000e+00
2.000000000000000000e+00
3.000000000000000000e+00
4.000000000000000000e+00
5.000000000000000000e+00
6.000000000000000000e+00
7.000000000000000000e+00
8.000000000000000000e+00
9.000000000000000000e+00
1.000000000000000000e+01
1.100000000000000000e+01
1.200000000000000000e+01
1.300000000000000000e+01
1.400000000000000000e+01
1.500000000000000000e+01
1.600000000000000000e+01
1.700000000000000000e+01
1.800000000000000000e+01
1.900000000000000000e+01
2.000000000000000000e+01
2.100000000000000000e+01
2.200000000000000000e+01
2.300000000000000000e+01
2.400000000000000000e+01
2.500000000000000000e+01
2.600000000000000000e+01
2.700000000000000000e+01
2.800000000000000000e+01
2.900000000000000000e+01
3.000000000000000000e+01
3.100000000000000000e+01
3.200000000000000000e+01
3.300000000000000000e+01
3.400000000000000000e+01
3.500000000000000000e+01
3.600000000000000000e+01
3.700000000000000000e+01
3.800000000000000000e+01
3.900000000000000000e+01
4.000000000000000000e+01
4.100000000000000000e+01
4.200000000000000000e+01
4.300000000000000000e+01
4.400000000000000000e+01
4.500000000000000000e+01
4.600000000000000000e+01
4.700000000000000000e+01
4.800000000000000000e+01
4.900000000000000000e+01
5.000000000000000000e+01
5.100000000000000000e+01
5.200000000000000000e+01
5.300000000000000000e+01
5.400000000000000000e+01
5.500000000000000000e+01
5.600000000000000000e+01
5.700000000000000000e+01
5.800000000000000000e+01
5.900000000000000000e+01
6.000000000000000000e+01
6.100000000000000000e+01
6.200000000000000000e+01
6.300000000000000000e+01
6.400000000000000000e+01
6.500000000000000000e+01
6.600000000000000000e+01
6.700000000000000000e+01
6.800000000000000000e+01
6.900000000000000000e+01
7.000000000000000000e+01
7.100000000000000000e+01
7.200000000000000000e+01
7.300000000000000000e+01
7.400000000000000000e+01
7.500000000000000000e+01
7.600000000000000000e+01
7.700000000000000000e+01
7.800000000000000000e+01
7.900000000000000000e+01
8.000000000000000000e+01
8.100000000000000000e+01
8.200000000000000000e+01
8.300000000000000000e+01
8.400000000000000000e+01
8.500000000000000000e+01
8.600000000000000000e+01
8.700000000000000000e+01
8.800000000000000000e+01
8.900000000000000000e+01
9.000000000000000000e+01
9.100000000000000000e+01
9.200000000000000000e+01
9.300000000000000000e+01
9.400000000000000000e+01
9.500000000000000000e+01
9.600000000000000000e+01
9.700000000000000000e+01
9.800000000000000000e+01
9.900000000000000000e+01
