single photon fraction:    0.3631
laser fraction:    0.2570
thermal source fraction:    0.0670
non-detected fraction:    0.3128
number of bins:  200.0000
bin width (ns):    1.0000
average detection events per bin: 5000.0000

# binary result
0.000000000000000000e+00

# g2 signal
9.738367410297188442e-01
9.876022528578081161e-01
9.638787111966330423e-01
9.922883845439661732e-01
1.024798423116687562e+00
9.896524354705023008e-01
9.791086391766467001e-01
9.960958665389696431e-01
9.627071782750935558e-01
1.027434372190151546e+00
9.990246988428184149e-01
1.013668860362062274e+00
1.005761013141670546e+00
1.036220869101697861e+00
9.829161211716500590e-01
9.659288938093272270e-01
9.937528006958905591e-01
9.747153907208735424e-01
1.008104078984749519e+00
9.958029833085847438e-01
9.758869236424130289e-01
1.026848605729381747e+00
9.890666690097325020e-01
1.043250066630935002e+00
1.011325794518983301e+00
9.606569956623993711e-01
1.005175246680900747e+00
1.013083093901292475e+00
9.870164863970384284e-01
9.817445882501105725e-01
1.043542949861319791e+00
9.884809025489628143e-01
9.829161211716500590e-01
1.009568495136673905e+00
9.794015224070315995e-01
9.902382019312719885e-01
1.013375977131677486e+00
1.017769225587450643e+00
1.005761013141670546e+00
9.981460491516637168e-01
1.022162474043223801e+00
9.958029833085847438e-01
1.000489114994742801e+00
9.943385671566603579e-01
9.958029833085847438e-01
1.033877803258618888e+00
1.009861378367058915e+00
9.785228727158769013e-01
1.024798423116687562e+00
9.963887497693544315e-01
9.826232379412652707e-01
1.010154261597443703e+00
1.018354992048220220e+00
1.001367764685897388e+00
9.934599174655056597e-01
1.011911560979753100e+00
9.706150254954851730e-01
9.849663037843442437e-01
9.914097348528115861e-01
1.001074881455512600e+00
1.007518312523979942e+00
1.000196231764357790e+00
9.726652081081793577e-01
1.018940758508990019e+00
9.893595522401174014e-01
1.013375977131677486e+00
1.008396962215134529e+00
1.013083093901292475e+00
1.029484554802845730e+00
1.013668860362062274e+00
1.032706270337079291e+00
9.706150254954851730e-01
1.022455357273608589e+00
1.001367764685897388e+00
9.922883845439661732e-01
1.020112291430529616e+00
1.039735467866316432e+00
1.030363204494000318e+00
9.747153907208735424e-01
1.008104078984749519e+00
1.007811195754364730e+00
1.011032911288598291e+00
9.881880193185779149e-01
1.021869590812838791e+00
1.025969956038227160e+00
9.919955013135812738e-01
1.012497327440522676e+00
1.021869590812838791e+00
9.908239683920417873e-01
9.676861931916364012e-01
1.005175246680900747e+00
1.028605905111691143e+00
9.958029833085847438e-01
1.033877803258618888e+00
9.794015224070315995e-01
9.990246988428184149e-01
9.943385671566603579e-01
1.022162474043223801e+00
9.940456839262754585e-01
1.008396962215134529e+00
5.728795986328211187e-01
1.006053896372055556e+00
9.858449534754988308e-01
1.021576707582454002e+00
9.776442230247223142e-01
1.028313021881306133e+00
1.019233641739375029e+00
9.893595522401174014e-01
1.022748240503993378e+00
1.011618677749368089e+00
9.870164863970384284e-01
1.012790210670907687e+00
1.003417947298591573e+00
9.931670342351208713e-01
1.061994593375567009e+00
9.899453187008872002e-01
9.870164863970384284e-01
1.013375977131677486e+00
1.040321234327086231e+00
1.006346779602440344e+00
9.914097348528115861e-01
9.867236031666535290e-01
9.867236031666535290e-01
1.020990941121684203e+00
9.758869236424130289e-01
9.776442230247223142e-01
1.008104078984749519e+00
9.993175820732032033e-01
9.738367410297188442e-01
9.914097348528115861e-01
9.697363758043305859e-01
9.990246988428184149e-01
1.026848605729381747e+00
1.002539297607436986e+00
9.937528006958905591e-01
9.864307199362686296e-01
9.676861931916364012e-01
1.002539297607436986e+00
9.896524354705023008e-01
1.011032911288598291e+00
9.972673994605091297e-01
1.005761013141670546e+00
1.025091306347072573e+00
9.949243336174300456e-01
1.006932546063210143e+00
9.788157559462618007e-01
1.007518312523979942e+00
1.027434372190151546e+00
9.767655733335676160e-01
9.963887497693544315e-01
1.013668860362062274e+00
1.017769225587450643e+00
1.017476342357065633e+00
9.761798068727979283e-01
1.019233641739375029e+00
9.993175820732032033e-01
9.861378367058837302e-01
1.020698057891299415e+00
1.000781998225127589e+00
1.033877803258618888e+00
9.958029833085847438e-01
9.905310851616568879e-01
9.796944056374163878e-01
1.018647875278605230e+00
9.943385671566603579e-01
1.004589480220130948e+00
1.021869590812838791e+00
9.849663037843442437e-01
9.638787111966330423e-01
9.820374714804954719e-01
9.955101000781998444e-01
1.007225429293594932e+00
1.020990941121684203e+00
1.020990941121684203e+00
9.960958665389696431e-01
1.002539297607436986e+00
1.018062108817835432e+00
1.002832180837821774e+00
9.917026180831964854e-01
1.023919773425532975e+00
1.003710830528976361e+00
9.969745162301242303e-01
1.004296596989746160e+00
1.036513752332082650e+00
1.005468129911285757e+00
1.057015578459024274e+00
9.811588217893407737e-01
1.025677072807842372e+00
1.010447144827828714e+00
1.027434372190151546e+00
9.975602826908940290e-01
1.023334006964763176e+00
1.018062108817835432e+00
1.007518312523979942e+00
9.919955013135812738e-01
1.021576707582454002e+00
1.002832180837821774e+00
1.017476342357065633e+00
1.003125064068206562e+00
9.861378367058837302e-01

# time bin value
-1.000000000000000000e+02
-9.900000000000000000e+01
-9.800000000000000000e+01
-9.700000000000000000e+01
-9.600000000000000000e+01
-9.500000000000000000e+01
-9.400000000000000000e+01
-9.300000000000000000e+01
-9.200000000000000000e+01
-9.100000000000000000e+01
-9.000000000000000000e+01
-8.900000000000000000e+01
-8.800000000000000000e+01
-8.700000000000000000e+01
-8.600000000000000000e+01
-8.500000000000000000e+01
-8.400000000000000000e+01
-8.300000000000000000e+01
-8.200000000000000000e+01
-8.100000000000000000e+01
-8.000000000000000000e+01
-7.900000000000000000e+01
-7.800000000000000000e+01
-7.700000000000000000e+01
-7.600000000000000000e+01
-7.500000000000000000e+01
-7.400000000000000000e+01
-7.300000000000000000e+01
-7.200000000000000000e+01
-7.100000000000000000e+01
-7.000000000000000000e+01
-6.900000000000000000e+01
-6.800000000000000000e+01
-6.700000000000000000e+01
-6.600000000000000000e+01
-6.500000000000000000e+01
-6.400000000000000000e+01
-6.300000000000000000e+01
-6.200000000000000000e+01
-6.100000000000000000e+01
-6.000000000000000000e+01
-5.900000000000000000e+01
-5.800000000000000000e+01
-5.700000000000000000e+01
-5.600000000000000000e+01
-5.500000000000000000e+01
-5.400000000000000000e+01
-5.300000000000000000e+01
-5.200000000000000000e+01
-5.100000000000000000e+01
-5.000000000000000000e+01
-4.900000000000000000e+01
-4.800000000000000000e+01
-4.700000000000000000e+01
-4.600000000000000000e+01
-4.500000000000000000e+01
-4.400000000000000000e+01
-4.300000000000000000e+01
-4.200000000000000000e+01
-4.100000000000000000e+01
-4.000000000000000000e+01
-3.900000000000000000e+01
-3.800000000000000000e+01
-3.700000000000000000e+01
-3.600000000000000000e+01
-3.500000000000000000e+01
-3.400000000000000000e+01
-3.300000000000000000e+01
-3.200000000000000000e+01
-3.100000000000000000e+01
-3.000000000000000000e+01
-2.900000000000000000e+01
-2.800000000000000000e+01
-2.700000000000000000e+01
-2.600000000000000000e+01
-2.500000000000000000e+01
-2.400000000000000000e+01
-2.300000000000000000e+01
-2.200000000000000000e+01
-2.100000000000000000e+01
-2.000000000000000000e+01
-1.900000000000000000e+01
-1.800000000000000000e+01
-1.700000000000000000e+01
-1.600000000000000000e+01
-1.500000000000000000e+01
-1.400000000000000000e+01
-1.300000000000000000e+01
-1.200000000000000000e+01
-1.100000000000000000e+01
-1.000000000000000000e+01
-9.000000000000000000e+00
-8.000000000000000000e+00
-7.000000000000000000e+00
-6.000000000000000000e+00
-5.000000000000000000e+00
-4.000000000000000000e+00
-3.000000000000000000e+00
-2.000000000000000000e+00
-1.000000000000000000e+00
0.000000000000000000e+00
1.000000000000000000e+00
2.000000000000000000e+00
3.000000000000000000e+00
4.000000000000000000e+00
5.000000000000000000e+00
6.000000000000000000e+00
7.000000000000000000e+00
8.000000000000000000e+00
9.000000000000000000e+00
1.000000000000000000e+01
1.100000000000000000e+01
1.200000000000000000e+01
1.300000000000000000e+01
1.400000000000000000e+01
1.500000000000000000e+01
1.600000000000000000e+01
1.700000000000000000e+01
1.800000000000000000e+01
1.900000000000000000e+01
2.000000000000000000e+01
2.100000000000000000e+01
2.200000000000000000e+01
2.300000000000000000e+01
2.400000000000000000e+01
2.500000000000000000e+01
2.600000000000000000e+01
2.700000000000000000e+01
2.800000000000000000e+01
2.900000000000000000e+01
3.000000000000000000e+01
3.100000000000000000e+01
3.200000000000000000e+01
3.300000000000000000e+01
3.400000000000000000e+01
3.500000000000000000e+01
3.600000000000000000e+01
3.700000000000000000e+01
3.800000000000000000e+01
3.900000000000000000e+01
4.000000000000000000e+01
4.100000000000000000e+01
4.200000000000000000e+01
4.300000000000000000e+01
4.400000000000000000e+01
4.500000000000000000e+01
4.600000000000000000e+01
4.700000000000000000e+01
4.800000000000000000e+01
4.900000000000000000e+01
5.000000000000000000e+01
5.100000000000000000e+01
5.200000000000000000e+01
5.300000000000000000e+01
5.400000000000000000e+01
5.500000000000000000e+01
5.600000000000000000e+01
5.700000000000000000e+01
5.800000000000000000e+01
5.900000000000000000e+01
6.000000000000000000e+01
6.100000000000000000e+01
6.200000000000000000e+01
6.300000000000000000e+01
6.400000000000000000e+01
6.500000000000000000e+01
6.600000000000000000e+01
6.700000000000000000e+01
6.800000000000000000e+01
6.900000000000000000e+01
7.000000000000000000e+01
7.100000000000000000e+01
7.200000000000000000e+01
7.300000000000000000e+01
7.400000000000000000e+01
7.500000000000000000e+01
7.600000000000000000e+01
7.700000000000000000e+01
7.800000000000000000e+01
7.900000000000000000e+01
8.000000000000000000e+01
8.100000000000000000e+01
8.200000000000000000e+01
8.300000000000000000e+01
8.400000000000000000e+01
8.500000000000000000e+01
8.600000000000000000e+01
8.700000000000000000e+01
8.800000000000000000e+01
8.900000000000000000e+01
9.000000000000000000e+01
9.100000000000000000e+01
9.200000000000000000e+01
9.300000000000000000e+01
9.400000000000000000e+01
9.500000000000000000e+01
9.600000000000000000e+01
9.700000000000000000e+01
9.800000000000000000e+01
9.900000000000000000e+01
