single photon fraction:    0.3837
laser fraction:    0.2204
thermal source fraction:    0.1592
non-detected fraction:    0.2367
number of bins:  200.0000
bin width (ns):    1.0000
average detection events per bin: 5000.0000

# binary result
0.000000000000000000e+00

# g2 signal
1.017754721902408344e+00
9.950969672858909210e-01
1.013539325694684301e+00
9.990489012306322802e-01
1.006689306857132316e+00
1.021706655847149925e+00
1.016964335113460072e+00
9.850854012925459591e-01
1.018018184165391249e+00
1.008006618172046176e+00
1.002737372912390956e+00
1.020125882269253159e+00
9.990489012306322802e-01
1.027766287895753416e+00
1.006689306857132316e+00
9.995758257565978688e-01
1.012485476642753124e+00
9.916719578671150392e-01
1.001156599334494413e+00
9.813969296107872831e-01
1.001683523860460001e+00
1.024604740739960107e+00
1.016700872850477388e+00
9.779719201920114013e-01
1.007479693646080587e+00
9.914084956041322449e-01
1.009850854012925625e+00
9.969412031267702590e-01
1.004318146490287500e+00
9.958873540748391928e-01
1.007479693646080587e+00
9.827142409257011435e-01
1.020389344532236064e+00
9.972046653897529422e-01
9.966777408637874647e-01
1.006952769120115221e+00
9.819238541367527606e-01
1.002210448386425368e+00
9.669065051467353733e-01
9.774449956660458128e-01
9.698045900395457775e-01
9.961508163378219871e-01
9.969412031267702590e-01
1.000629674808528824e+00
9.813969296107872831e-01
9.866661748704425028e-01
9.966777408637874647e-01
9.879834861853563632e-01
1.012748938905736029e+00
1.000893137071511729e+00
9.903546465522011788e-01
9.861392503444770252e-01
9.887738729743046351e-01
9.835046277146494154e-01
1.015910486061529117e+00
9.990489012306322802e-01
1.026448976580839556e+00
9.929892691820287887e-01
1.026185514317856873e+00
9.929892691820287887e-01
9.972046653897529422e-01
1.008006618172046176e+00
1.025922052054873967e+00
9.663795806207698957e-01
9.795526937699079451e-01
1.013275863431701396e+00
9.885104107113218408e-01
1.005898920068184044e+00
9.866661748704425028e-01
9.961508163378219871e-01
9.832411654516666211e-01
1.000893137071511729e+00
1.001946986123442684e+00
1.016700872850477388e+00
1.008797004960994448e+00
9.908815710781666564e-01
9.919354201300977225e-01
9.937796559709770605e-01
1.033825919944356908e+00
9.995758257565978688e-01
9.879834861853563632e-01
1.009323929486960036e+00
9.763911466141148576e-01
1.008006618172046176e+00
1.006425844594149632e+00
9.653257315688388296e-01
1.004318146490287500e+00
9.763911466141148576e-01
9.893007975002701126e-01
9.803430805588562169e-01
1.015120099272580845e+00
1.028556674684701688e+00
1.021443193584167020e+00
1.002473910649408273e+00
1.015647023798546211e+00
1.001683523860460001e+00
1.029610523736632643e+00
1.029083599210667055e+00
1.019598957743287793e+00
1.009850854012925625e+00
7.358501005108534221e-01
1.005108533279235772e+00
9.658526560948043072e-01
9.853488635555287534e-01
1.014066250220649668e+00
1.009850854012925625e+00
1.013012401168718712e+00
9.748103730362182029e-01
9.895642597632529069e-01
9.871930993964080914e-01
1.022233580373115291e+00
9.885104107113218408e-01
1.008270080435029081e+00
1.001156599334494413e+00
1.036197080311201724e+00
9.769180711400803352e-01
1.019072033217322204e+00
1.020916269058201431e+00
1.001156599334494413e+00
1.020389344532236064e+00
9.985219767046668027e-01
1.021970118110132608e+00
1.019862420006270476e+00
1.008533542698011765e+00
1.031981684103477459e+00
1.005371995542218677e+00
9.916719578671150392e-01
1.029873985999615327e+00
1.008533542698011765e+00
9.953604295488736042e-01
9.945700427599253324e-01
9.864027126074597085e-01
9.921988823930805168e-01
9.987854389676495970e-01
9.895642597632529069e-01
1.000366212545546141e+00
1.006689306857132316e+00
1.006689306857132316e+00
9.969412031267702590e-01
1.021970118110132608e+00
9.848219390295631648e-01
9.745469107732355196e-01
9.832411654516666211e-01
1.019072033217322204e+00
1.017491259639425660e+00
9.903546465522011788e-01
9.416141279003902298e-01
9.972046653897529422e-01
9.574218636793560000e-01
1.006952769120115221e+00
9.832411654516666211e-01
1.010641240801873897e+00
9.977315899157185308e-01
1.013275863431701396e+00
9.832411654516666211e-01
1.006952769120115221e+00
9.961508163378219871e-01
9.950969672858909210e-01
9.911450333411494507e-01
1.003527759701339228e+00
9.853488635555287534e-01
9.629545712019940140e-01
9.800796182958734226e-01
9.979950521787013251e-01
1.014856637009597939e+00
9.979950521787013251e-01
1.019072033217322204e+00
9.850854012925459591e-01
1.004318146490287500e+00
1.007743155909063493e+00
9.964142786008046704e-01
1.002473910649408273e+00
1.005108533279235772e+00
9.792892315069251508e-01
1.005108533279235772e+00
9.821873163997355549e-01
1.008797004960994448e+00
1.005898920068184044e+00
9.890373352372873184e-01
1.004845071016253089e+00
1.020916269058201431e+00
9.995758257565978688e-01
1.024341278476977424e+00
9.972046653897529422e-01
1.016700872850477388e+00
1.012748938905736029e+00
1.008270080435029081e+00
1.016173948324511800e+00
1.010114316275908308e+00
1.017491259639425660e+00
9.885104107113218408e-01
9.990489012306322802e-01
1.030400910525580915e+00
1.007216231383097904e+00
1.014329712483632573e+00
9.972046653897529422e-01
1.011168165327839263e+00
9.914084956041322449e-01
1.012485476642753124e+00
1.023023967162063563e+00

# time bin value
-1.000000000000000000e+02
-9.900000000000000000e+01
-9.800000000000000000e+01
-9.700000000000000000e+01
-9.600000000000000000e+01
-9.500000000000000000e+01
-9.400000000000000000e+01
-9.300000000000000000e+01
-9.200000000000000000e+01
-9.100000000000000000e+01
-9.000000000000000000e+01
-8.900000000000000000e+01
-8.800000000000000000e+01
-8.700000000000000000e+01
-8.600000000000000000e+01
-8.500000000000000000e+01
-8.400000000000000000e+01
-8.300000000000000000e+01
-8.200000000000000000e+01
-8.100000000000000000e+01
-8.000000000000000000e+01
-7.900000000000000000e+01
-7.800000000000000000e+01
-7.700000000000000000e+01
-7.600000000000000000e+01
-7.500000000000000000e+01
-7.400000000000000000e+01
-7.300000000000000000e+01
-7.200000000000000000e+01
-7.100000000000000000e+01
-7.000000000000000000e+01
-6.900000000000000000e+01
-6.800000000000000000e+01
-6.700000000000000000e+01
-6.600000000000000000e+01
-6.500000000000000000e+01
-6.400000000000000000e+01
-6.300000000000000000e+01
-6.200000000000000000e+01
-6.100000000000000000e+01
-6.000000000000000000e+01
-5.900000000000000000e+01
-5.800000000000000000e+01
-5.700000000000000000e+01
-5.600000000000000000e+01
-5.500000000000000000e+01
-5.400000000000000000e+01
-5.300000000000000000e+01
-5.200000000000000000e+01
-5.100000000000000000e+01
-5.000000000000000000e+01
-4.900000000000000000e+01
-4.800000000000000000e+01
-4.700000000000000000e+01
-4.600000000000000000e+01
-4.500000000000000000e+01
-4.400000000000000000e+01
-4.300000000000000000e+01
-4.200000000000000000e+01
-4.100000000000000000e+01
-4.000000000000000000e+01
-3.900000000000000000e+01
-3.800000000000000000e+01
-3.700000000000000000e+01
-3.600000000000000000e+01
-3.500000000000000000e+01
-3.400000000000000000e+01
-3.300000000000000000e+01
-3.200000000000000000e+01
-3.100000000000000000e+01
-3.000000000000000000e+01
-2.900000000000000000e+01
-2.800000000000000000e+01
-2.700000000000000000e+01
-2.600000000000000000e+01
-2.500000000000000000e+01
-2.400000000000000000e+01
-2.300000000000000000e+01
-2.200000000000000000e+01
-2.100000000000000000e+01
-2.000000000000000000e+01
-1.900000000000000000e+01
-1.800000000000000000e+01
-1.700000000000000000e+01
-1.600000000000000000e+01
-1.500000000000000000e+01
-1.400000000000000000e+01
-1.300000000000000000e+01
-1.200000000000000000e+01
-1.100000000000000000e+01
-1.000000000000000000e+01
-9.000000000000000000e+00
-8.000000000000000000e+00
-7.000000000000000000e+00
-6.000000000000000000e+00
-5.000000000000000000e+00
-4.000000000000000000e+00
-3.000000000000000000e+00
-2.000000000000000000e+00
-1.000000000000000000e+00
0.000000000000000000e+00
1.000000000000000000e+00
2.000000000000000000e+00
3.000000000000000000e+00
4.000000000000000000e+00
5.000000000000000000e+00
6.000000000000000000e+00
7.000000000000000000e+00
8.000000000000000000e+00
9.000000000000000000e+00
1.000000000000000000e+01
1.100000000000000000e+01
1.200000000000000000e+01
1.300000000000000000e+01
1.400000000000000000e+01
1.500000000000000000e+01
1.600000000000000000e+01
1.700000000000000000e+01
1.800000000000000000e+01
1.900000000000000000e+01
2.000000000000000000e+01
2.100000000000000000e+01
2.200000000000000000e+01
2.300000000000000000e+01
2.400000000000000000e+01
2.500000000000000000e+01
2.600000000000000000e+01
2.700000000000000000e+01
2.800000000000000000e+01
2.900000000000000000e+01
3.000000000000000000e+01
3.100000000000000000e+01
3.200000000000000000e+01
3.300000000000000000e+01
3.400000000000000000e+01
3.500000000000000000e+01
3.600000000000000000e+01
3.700000000000000000e+01
3.800000000000000000e+01
3.900000000000000000e+01
4.000000000000000000e+01
4.100000000000000000e+01
4.200000000000000000e+01
4.300000000000000000e+01
4.400000000000000000e+01
4.500000000000000000e+01
4.600000000000000000e+01
4.700000000000000000e+01
4.800000000000000000e+01
4.900000000000000000e+01
5.000000000000000000e+01
5.100000000000000000e+01
5.200000000000000000e+01
5.300000000000000000e+01
5.400000000000000000e+01
5.500000000000000000e+01
5.600000000000000000e+01
5.700000000000000000e+01
5.800000000000000000e+01
5.900000000000000000e+01
6.000000000000000000e+01
6.100000000000000000e+01
6.200000000000000000e+01
6.300000000000000000e+01
6.400000000000000000e+01
6.500000000000000000e+01
6.600000000000000000e+01
6.700000000000000000e+01
6.800000000000000000e+01
6.900000000000000000e+01
7.000000000000000000e+01
7.100000000000000000e+01
7.200000000000000000e+01
7.300000000000000000e+01
7.400000000000000000e+01
7.500000000000000000e+01
7.600000000000000000e+01
7.700000000000000000e+01
7.800000000000000000e+01
7.900000000000000000e+01
8.000000000000000000e+01
8.100000000000000000e+01
8.200000000000000000e+01
8.300000000000000000e+01
8.400000000000000000e+01
8.500000000000000000e+01
8.600000000000000000e+01
8.700000000000000000e+01
8.800000000000000000e+01
8.900000000000000000e+01
9.000000000000000000e+01
9.100000000000000000e+01
9.200000000000000000e+01
9.300000000000000000e+01
9.400000000000000000e+01
9.500000000000000000e+01
9.600000000000000000e+01
9.700000000000000000e+01
9.800000000000000000e+01
9.900000000000000000e+01
