single photon fraction:    0.1138
laser fraction:    0.1617
thermal source fraction:    0.4731
non-detected fraction:    0.2515
number of bins:  200.0000
bin width (ns):    1.0000
average detection events per bin: 5000.0000

# binary result
0.000000000000000000e+00

# g2 signal
1.013403600285011308e+00
1.024158745950015437e+00
1.016630143984512458e+00
9.908177943885027039e-01
1.019587809042388660e+00
9.873223720473763843e-01
9.762983477407471966e-01
1.001841818695131892e+00
1.003992847828132806e+00
9.908177943885027039e-01
9.857091001976258093e-01
9.929688235215035075e-01
9.994219109205060292e-01
9.857091001976258093e-01
9.824825564981245485e-01
1.003723969186507636e+00
1.027654168291141756e+00
1.005874998319508551e+00
9.970020031458800558e-01
9.991530322788808594e-01
9.918933089550031612e-01
9.787182555153730590e-01
9.703830176249949035e-01
1.019587809042388660e+00
9.819447992148743198e-01
9.918933089550031612e-01
1.003992847828132806e+00
1.007219391527633956e+00
1.007757148810884074e+00
9.875912506890014431e-01
1.012328085718510851e+00
9.814070419316240912e-01
1.023352110025140149e+00
1.011521449793635563e+00
1.010445935227135106e+00
9.945820953712541934e-01
9.980775177123805131e-01
9.918933089550031612e-01
9.948509740128792522e-01
9.776427409488727127e-01
1.007757148810884074e+00
1.018512294475888202e+00
9.806004060067488037e-01
9.816759205732492610e-01
9.994219109205060292e-01
1.022276595458639692e+00
1.026309775083016351e+00
9.910866730301278738e-01
9.631232943011172054e-01
9.970020031458800558e-01
1.031956226557143363e+00
9.988841536372558005e-01
9.881290079722516717e-01
9.878601293306266129e-01
9.757605904574969680e-01
1.003992847828132806e+00
9.803315273651237449e-01
9.910866730301278738e-01
1.007488270169259126e+00
1.014210236209886595e+00
1.004530605111382924e+00
9.918933089550031612e-01
9.978086390707553432e-01
9.719962894747455895e-01
1.003455090544882466e+00
9.787182555153730590e-01
9.762983477407471966e-01
1.012328085718510851e+00
1.022814352741890032e+00
9.752228331742467393e-01
1.004799483753008094e+00
9.988841536372558005e-01
1.001572940053506722e+00
9.830203137813747771e-01
9.967331245042549970e-01
9.615100224513665195e-01
9.843647069895002932e-01
9.913555516717529326e-01
9.945820953712541934e-01
9.999596682037562578e-01
1.004261726469757754e+00
9.819447992148743198e-01
1.019318930400763490e+00
1.007488270169259126e+00
1.026578653724641299e+00
9.910866730301278738e-01
9.937754594463789060e-01
9.940443380880039648e-01
9.956576099377545397e-01
9.867846147641261556e-01
9.953887312961294809e-01
9.738784399661212232e-01
1.001304061411881774e+00
1.009101542019009701e+00
9.617789010929916893e-01
1.016092386701262340e+00
9.980775177123805131e-01
9.916244303133779914e-01
1.013403600285011308e+00
9.975397604291302844e-01
1.460279902665931662e+00
9.792560127986232876e-01
9.964642458626298271e-01
1.000497425487006486e+00
1.005606119677883381e+00
9.857091001976258093e-01
9.859779788392508681e-01
1.017974537192638085e+00
1.038140435314520715e+00
1.004799483753008094e+00
1.019050051759138542e+00
1.003186211903257519e+00
1.002917333261632349e+00
1.010177056585510158e+00
1.033838377048519108e+00
1.024696503233265554e+00
1.007488270169259126e+00
9.773738623072476539e-01
9.652743234341180090e-01
9.929688235215035075e-01
9.628544156594920356e-01
9.647365661508677803e-01
9.959264885793797095e-01
9.935065808047537361e-01
1.007757148810884074e+00
9.972708817875052256e-01
1.008563784735759583e+00
1.012596964360136020e+00
1.028729682857642214e+00
9.964642458626298271e-01
9.658120807173682376e-01
1.012596964360136020e+00
9.932377021631286773e-01
1.018512294475888202e+00
1.010714813868760276e+00
9.892045225387521290e-01
9.849024642727505219e-01
1.005337241036258211e+00
1.000497425487006486e+00
1.000228546845381317e+00
9.752228331742467393e-01
1.007757148810884074e+00
9.590901146767406571e-01
9.870534934057513254e-01
9.846335856311253520e-01
1.029536318782517501e+00
9.832891924229998359e-01
9.948509740128792522e-01
1.021469959533764404e+00
9.953887312961294809e-01
9.596278719599908857e-01
1.006143876961133499e+00
9.970020031458800558e-01
1.003186211903257519e+00
9.894734011803771878e-01
1.006681634244383838e+00
1.002110697336757061e+00
1.028729682857642214e+00
9.994219109205060292e-01
1.003723969186507636e+00
1.017705658551012915e+00
9.867846147641261556e-01
9.970020031458800558e-01
1.039753707164271290e+00
9.999596682037562578e-01
9.865157361225010968e-01
9.897422798220023576e-01
9.967331245042549970e-01
1.005874998319508551e+00
1.005606119677883381e+00
9.961953672210047683e-01
9.843647069895002932e-01
9.792560127986232876e-01
9.846335856311253520e-01
9.986152749956307417e-01
1.009370420660634871e+00
9.843647069895002932e-01
1.006412755602758669e+00
1.006950512886008786e+00
9.679631098503690412e-01
1.017705658551012915e+00
1.007757148810884074e+00
9.964642458626298271e-01
1.006950512886008786e+00
9.784493768737480002e-01
1.039484828522646342e+00
9.806004060067488037e-01
9.959264885793797095e-01
9.991530322788808594e-01
1.000497425487006486e+00
9.835580710646250058e-01
1.025234260516515894e+00
9.730718040412459358e-01
1.008294906094134413e+00
1.007757148810884074e+00
1.034913891615019566e+00
9.776427409488727127e-01
1.030342954707392789e+00
9.902800371052524753e-01
1.027654168291141756e+00

# time bin value
-1.000000000000000000e+02
-9.900000000000000000e+01
-9.800000000000000000e+01
-9.700000000000000000e+01
-9.600000000000000000e+01
-9.500000000000000000e+01
-9.400000000000000000e+01
-9.300000000000000000e+01
-9.200000000000000000e+01
-9.100000000000000000e+01
-9.000000000000000000e+01
-8.900000000000000000e+01
-8.800000000000000000e+01
-8.700000000000000000e+01
-8.600000000000000000e+01
-8.500000000000000000e+01
-8.400000000000000000e+01
-8.300000000000000000e+01
-8.200000000000000000e+01
-8.100000000000000000e+01
-8.000000000000000000e+01
-7.900000000000000000e+01
-7.800000000000000000e+01
-7.700000000000000000e+01
-7.600000000000000000e+01
-7.500000000000000000e+01
-7.400000000000000000e+01
-7.300000000000000000e+01
-7.200000000000000000e+01
-7.100000000000000000e+01
-7.000000000000000000e+01
-6.900000000000000000e+01
-6.800000000000000000e+01
-6.700000000000000000e+01
-6.600000000000000000e+01
-6.500000000000000000e+01
-6.400000000000000000e+01
-6.300000000000000000e+01
-6.200000000000000000e+01
-6.100000000000000000e+01
-6.000000000000000000e+01
-5.900000000000000000e+01
-5.800000000000000000e+01
-5.700000000000000000e+01
-5.600000000000000000e+01
-5.500000000000000000e+01
-5.400000000000000000e+01
-5.300000000000000000e+01
-5.200000000000000000e+01
-5.100000000000000000e+01
-5.000000000000000000e+01
-4.900000000000000000e+01
-4.800000000000000000e+01
-4.700000000000000000e+01
-4.600000000000000000e+01
-4.500000000000000000e+01
-4.400000000000000000e+01
-4.300000000000000000e+01
-4.200000000000000000e+01
-4.100000000000000000e+01
-4.000000000000000000e+01
-3.900000000000000000e+01
-3.800000000000000000e+01
-3.700000000000000000e+01
-3.600000000000000000e+01
-3.500000000000000000e+01
-3.400000000000000000e+01
-3.300000000000000000e+01
-3.200000000000000000e+01
-3.100000000000000000e+01
-3.000000000000000000e+01
-2.900000000000000000e+01
-2.800000000000000000e+01
-2.700000000000000000e+01
-2.600000000000000000e+01
-2.500000000000000000e+01
-2.400000000000000000e+01
-2.300000000000000000e+01
-2.200000000000000000e+01
-2.100000000000000000e+01
-2.000000000000000000e+01
-1.900000000000000000e+01
-1.800000000000000000e+01
-1.700000000000000000e+01
-1.600000000000000000e+01
-1.500000000000000000e+01
-1.400000000000000000e+01
-1.300000000000000000e+01
-1.200000000000000000e+01
-1.100000000000000000e+01
-1.000000000000000000e+01
-9.000000000000000000e+00
-8.000000000000000000e+00
-7.000000000000000000e+00
-6.000000000000000000e+00
-5.000000000000000000e+00
-4.000000000000000000e+00
-3.000000000000000000e+00
-2.000000000000000000e+00
-1.000000000000000000e+00
0.000000000000000000e+00
1.000000000000000000e+00
2.000000000000000000e+00
3.000000000000000000e+00
4.000000000000000000e+00
5.000000000000000000e+00
6.000000000000000000e+00
7.000000000000000000e+00
8.000000000000000000e+00
9.000000000000000000e+00
1.000000000000000000e+01
1.100000000000000000e+01
1.200000000000000000e+01
1.300000000000000000e+01
1.400000000000000000e+01
1.500000000000000000e+01
1.600000000000000000e+01
1.700000000000000000e+01
1.800000000000000000e+01
1.900000000000000000e+01
2.000000000000000000e+01
2.100000000000000000e+01
2.200000000000000000e+01
2.300000000000000000e+01
2.400000000000000000e+01
2.500000000000000000e+01
2.600000000000000000e+01
2.700000000000000000e+01
2.800000000000000000e+01
2.900000000000000000e+01
3.000000000000000000e+01
3.100000000000000000e+01
3.200000000000000000e+01
3.300000000000000000e+01
3.400000000000000000e+01
3.500000000000000000e+01
3.600000000000000000e+01
3.700000000000000000e+01
3.800000000000000000e+01
3.900000000000000000e+01
4.000000000000000000e+01
4.100000000000000000e+01
4.200000000000000000e+01
4.300000000000000000e+01
4.400000000000000000e+01
4.500000000000000000e+01
4.600000000000000000e+01
4.700000000000000000e+01
4.800000000000000000e+01
4.900000000000000000e+01
5.000000000000000000e+01
5.100000000000000000e+01
5.200000000000000000e+01
5.300000000000000000e+01
5.400000000000000000e+01
5.500000000000000000e+01
5.600000000000000000e+01
5.700000000000000000e+01
5.800000000000000000e+01
5.900000000000000000e+01
6.000000000000000000e+01
6.100000000000000000e+01
6.200000000000000000e+01
6.300000000000000000e+01
6.400000000000000000e+01
6.500000000000000000e+01
6.600000000000000000e+01
6.700000000000000000e+01
6.800000000000000000e+01
6.900000000000000000e+01
7.000000000000000000e+01
7.100000000000000000e+01
7.200000000000000000e+01
7.300000000000000000e+01
7.400000000000000000e+01
7.500000000000000000e+01
7.600000000000000000e+01
7.700000000000000000e+01
7.800000000000000000e+01
7.900000000000000000e+01
8.000000000000000000e+01
8.100000000000000000e+01
8.200000000000000000e+01
8.300000000000000000e+01
8.400000000000000000e+01
8.500000000000000000e+01
8.600000000000000000e+01
8.700000000000000000e+01
8.800000000000000000e+01
8.900000000000000000e+01
9.000000000000000000e+01
9.100000000000000000e+01
9.200000000000000000e+01
9.300000000000000000e+01
9.400000000000000000e+01
9.500000000000000000e+01
9.600000000000000000e+01
9.700000000000000000e+01
9.800000000000000000e+01
9.900000000000000000e+01
