single photon fraction:    0.2634
laser fraction:    0.0878
thermal source fraction:    0.3435
non-detected fraction:    0.3053
number of bins:  200.0000
bin width (ns):    1.0000
average detection events per bin: 5000.0000

# binary result
0.000000000000000000e+00

# g2 signal
9.825495112839670586e-01
9.909498461386943013e-01
9.790735106544247168e-01
9.944258467682366431e-01
9.703835090805689179e-01
1.005433182095120781e+00
1.001957181465578328e+00
1.003695181780349666e+00
1.023392518681089491e+00
1.005143515375992225e+00
1.028027186187145947e+00
1.022233851804575488e+00
9.926878464534655278e-01
9.819701778457099461e-01
9.851565117561238427e-01
9.712525092379544756e-01
9.839978448796097288e-01
9.698041756423118054e-01
1.007460849129020453e+00
9.724111761144685895e-01
1.019047517894161592e+00
9.979018473977789849e-01
1.013833516949848024e+00
9.935568466108510854e-01
9.874738455091520706e-01
9.816805111265815009e-01
9.938465133299796417e-01
9.863151786326379566e-01
1.008329849286406121e+00
1.017309517579390477e+00
1.010357516320305793e+00
1.032372186974073847e+00
9.761768434631393765e-01
9.721215093953400332e-01
1.006302182252506450e+00
9.892118458239231860e-01
1.002826181622963997e+00
9.469205048311580830e-01
1.056704191380870128e+00
9.808115109691958322e-01
1.015571517264619139e+00
1.005433182095120781e+00
1.014992183826362249e+00
1.014412850388105136e+00
9.970328472403934272e-01
1.005433182095120781e+00
9.671971751701550213e-01
1.007750515848149009e+00
9.955845136447507571e-01
9.944258467682366431e-01
9.947155134873651994e-01
1.008040182567277565e+00
9.961638470830078695e-01
9.973225139595219835e-01
9.944258467682366431e-01
9.883428456665376283e-01
1.025709852434117719e+00
9.897911792621801874e-01
1.001667514746449994e+00
1.011226516477691240e+00
1.021654518366318376e+00
9.979018473977789849e-01
1.014992183826362249e+00
9.837081781604811725e-01
1.037006854480130302e+00
1.003115848342092553e+00
1.045407189334857545e+00
1.014412850388105136e+00
1.018757851175033036e+00
9.842875115987381740e-01
9.993501809934216551e-01
9.790735106544247168e-01
9.938465133299796417e-01
1.006302182252506450e+00
1.007750515848149009e+00
1.013543850230719467e+00
1.016730184141133364e+00
1.002246848184706884e+00
1.009778182882048680e+00
9.909498461386943013e-01
1.009488516162920124e+00
9.808115109691958322e-01
1.022523518523703823e+00
1.006012515533377893e+00
1.017599184298519033e+00
9.906601794195658561e-01
9.967431805212648710e-01
9.912395128578228576e-01
1.009488516162920124e+00
1.002536514903835441e+00
1.004564181937735112e+00
1.006012515533377893e+00
1.005722848814249337e+00
1.006012515533377893e+00
1.001957181465578328e+00
1.016150850702876252e+00
9.753078433057538188e-01
9.973225139595219835e-01
9.909498461386943013e-01
1.022813185242832379e+00
1.117534202397861165e+00
9.799425108118102745e-01
1.003984848499478222e+00
1.011805849915948352e+00
1.027737519468017391e+00
9.842875115987381740e-01
1.003115848342092553e+00
9.958741803638793133e-01
9.947155134873651994e-01
9.837081781604811725e-01
9.643005079788697920e-01
9.816805111265815009e-01
1.013254183511590911e+00
9.921085130152084153e-01
1.007460849129020453e+00
1.000798514589064325e+00
9.929775131725940840e-01
1.017599184298519033e+00
1.024551185557603494e+00
9.813908444074529447e-01
1.013543850230719467e+00
9.889221791047946297e-01
1.011516183196819796e+00
1.006881515690763340e+00
9.886325123856661845e-01
9.918188462960799701e-01
1.005722848814249337e+00
9.770458436205250452e-01
1.021075184928061264e+00
9.915291795769514138e-01
9.874738455091520706e-01
1.019916518051547261e+00
1.017599184298519033e+00
9.938465133299796417e-01
9.753078433057538188e-01
1.008909182724663012e+00
9.813908444074529447e-01
1.013254183511590911e+00
9.805218442500673870e-01
9.787838439352961606e-01
9.912395128578228576e-01
9.750181765866252626e-01
1.012964516792462577e+00
9.993501809934216551e-01
1.014412850388105136e+00
1.032661853693202403e+00
9.889221791047946297e-01
9.973225139595219835e-01
9.938465133299796417e-01
9.999295144316787676e-01
9.964535138021364258e-01
1.030634186659302731e+00
1.003695181780349666e+00
9.883428456665376283e-01
9.938465133299796417e-01
1.005433182095120781e+00
1.020785518208932707e+00
9.923981797343369715e-01
9.996398477125502113e-01
1.014992183826362249e+00
1.015861183983747695e+00
9.715421759570830318e-01
9.866048453517664019e-01
9.889221791047946297e-01
9.782045104970391591e-01
9.973225139595219835e-01
1.013833516949848024e+00
1.015281850545490805e+00
1.014702517107233692e+00
1.004853848656863669e+00
9.825495112839670586e-01
1.016440517422004808e+00
9.993501809934216551e-01
1.017599184298519033e+00
1.002246848184706884e+00
1.020206184770675595e+00
9.854461784752522879e-01
9.964535138021364258e-01
1.014123183668976580e+00
9.724111761144685895e-01
1.000798514589064325e+00
1.008040182567277565e+00
1.017019850860261920e+00
1.012095516635076908e+00
1.009778182882048680e+00
9.892118458239231860e-01
9.770458436205250452e-01
1.036137854322744634e+00
1.019626851332418704e+00
1.002536514903835441e+00
1.014992183826362249e+00
9.712525092379544756e-01
1.013254183511590911e+00
1.018178517736775923e+00
1.022233851804575488e+00
1.006591848971634784e+00
1.014412850388105136e+00
9.839978448796097288e-01
1.034689520727102074e+00
9.787838439352961606e-01

# time bin value
-1.000000000000000000e+02
-9.900000000000000000e+01
-9.800000000000000000e+01
-9.700000000000000000e+01
-9.600000000000000000e+01
-9.500000000000000000e+01
-9.400000000000000000e+01
-9.300000000000000000e+01
-9.200000000000000000e+01
-9.100000000000000000e+01
-9.000000000000000000e+01
-8.900000000000000000e+01
-8.800000000000000000e+01
-8.700000000000000000e+01
-8.600000000000000000e+01
-8.500000000000000000e+01
-8.400000000000000000e+01
-8.300000000000000000e+01
-8.200000000000000000e+01
-8.100000000000000000e+01
-8.000000000000000000e+01
-7.900000000000000000e+01
-7.800000000000000000e+01
-7.700000000000000000e+01
-7.600000000000000000e+01
-7.500000000000000000e+01
-7.400000000000000000e+01
-7.300000000000000000e+01
-7.200000000000000000e+01
-7.100000000000000000e+01
-7.000000000000000000e+01
-6.900000000000000000e+01
-6.800000000000000000e+01
-6.700000000000000000e+01
-6.600000000000000000e+01
-6.500000000000000000e+01
-6.400000000000000000e+01
-6.300000000000000000e+01
-6.200000000000000000e+01
-6.100000000000000000e+01
-6.000000000000000000e+01
-5.900000000000000000e+01
-5.800000000000000000e+01
-5.700000000000000000e+01
-5.600000000000000000e+01
-5.500000000000000000e+01
-5.400000000000000000e+01
-5.300000000000000000e+01
-5.200000000000000000e+01
-5.100000000000000000e+01
-5.000000000000000000e+01
-4.900000000000000000e+01
-4.800000000000000000e+01
-4.700000000000000000e+01
-4.600000000000000000e+01
-4.500000000000000000e+01
-4.400000000000000000e+01
-4.300000000000000000e+01
-4.200000000000000000e+01
-4.100000000000000000e+01
-4.000000000000000000e+01
-3.900000000000000000e+01
-3.800000000000000000e+01
-3.700000000000000000e+01
-3.600000000000000000e+01
-3.500000000000000000e+01
-3.400000000000000000e+01
-3.300000000000000000e+01
-3.200000000000000000e+01
-3.100000000000000000e+01
-3.000000000000000000e+01
-2.900000000000000000e+01
-2.800000000000000000e+01
-2.700000000000000000e+01
-2.600000000000000000e+01
-2.500000000000000000e+01
-2.400000000000000000e+01
-2.300000000000000000e+01
-2.200000000000000000e+01
-2.100000000000000000e+01
-2.000000000000000000e+01
-1.900000000000000000e+01
-1.800000000000000000e+01
-1.700000000000000000e+01
-1.600000000000000000e+01
-1.500000000000000000e+01
-1.400000000000000000e+01
-1.300000000000000000e+01
-1.200000000000000000e+01
-1.100000000000000000e+01
-1.000000000000000000e+01
-9.000000000000000000e+00
-8.000000000000000000e+00
-7.000000000000000000e+00
-6.000000000000000000e+00
-5.000000000000000000e+00
-4.000000000000000000e+00
-3.000000000000000000e+00
-2.000000000000000000e+00
-1.000000000000000000e+00
0.000000000000000000e+00
1.000000000000000000e+00
2.000000000000000000e+00
3.000000000000000000e+00
4.000000000000000000e+00
5.000000000000000000e+00
6.000000000000000000e+00
7.000000000000000000e+00
8.000000000000000000e+00
9.000000000000000000e+00
1.000000000000000000e+01
1.100000000000000000e+01
1.200000000000000000e+01
1.300000000000000000e+01
1.400000000000000000e+01
1.500000000000000000e+01
1.600000000000000000e+01
1.700000000000000000e+01
1.800000000000000000e+01
1.900000000000000000e+01
2.000000000000000000e+01
2.100000000000000000e+01
2.200000000000000000e+01
2.300000000000000000e+01
2.400000000000000000e+01
2.500000000000000000e+01
2.600000000000000000e+01
2.700000000000000000e+01
2.800000000000000000e+01
2.900000000000000000e+01
3.000000000000000000e+01
3.100000000000000000e+01
3.200000000000000000e+01
3.300000000000000000e+01
3.400000000000000000e+01
3.500000000000000000e+01
3.600000000000000000e+01
3.700000000000000000e+01
3.800000000000000000e+01
3.900000000000000000e+01
4.000000000000000000e+01
4.100000000000000000e+01
4.200000000000000000e+01
4.300000000000000000e+01
4.400000000000000000e+01
4.500000000000000000e+01
4.600000000000000000e+01
4.700000000000000000e+01
4.800000000000000000e+01
4.900000000000000000e+01
5.000000000000000000e+01
5.100000000000000000e+01
5.200000000000000000e+01
5.300000000000000000e+01
5.400000000000000000e+01
5.500000000000000000e+01
5.600000000000000000e+01
5.700000000000000000e+01
5.800000000000000000e+01
5.900000000000000000e+01
6.000000000000000000e+01
6.100000000000000000e+01
6.200000000000000000e+01
6.300000000000000000e+01
6.400000000000000000e+01
6.500000000000000000e+01
6.600000000000000000e+01
6.700000000000000000e+01
6.800000000000000000e+01
6.900000000000000000e+01
7.000000000000000000e+01
7.100000000000000000e+01
7.200000000000000000e+01
7.300000000000000000e+01
7.400000000000000000e+01
7.500000000000000000e+01
7.600000000000000000e+01
7.700000000000000000e+01
7.800000000000000000e+01
7.900000000000000000e+01
8.000000000000000000e+01
8.100000000000000000e+01
8.200000000000000000e+01
8.300000000000000000e+01
8.400000000000000000e+01
8.500000000000000000e+01
8.600000000000000000e+01
8.700000000000000000e+01
8.800000000000000000e+01
8.900000000000000000e+01
9.000000000000000000e+01
9.100000000000000000e+01
9.200000000000000000e+01
9.300000000000000000e+01
9.400000000000000000e+01
9.500000000000000000e+01
9.600000000000000000e+01
9.700000000000000000e+01
9.800000000000000000e+01
9.900000000000000000e+01
