single photon fraction:    0.3750
laser fraction:    0.1207
thermal source fraction:    0.1810
non-detected fraction:    0.3233
number of bins:  200.0000
bin width (ns):    1.0000
average detection events per bin: 5000.0000

# binary result
0.000000000000000000e+00

# g2 signal
1.003554688542281248e+00
1.010669995048932401e+00
9.911029021556413410e-01
1.021046483704465713e+00
9.839875956489899655e-01
1.006815870691162962e+00
1.021342954808909465e+00
9.869523066934280386e-01
1.005333515168943981e+00
9.902134888423099746e-01
9.774652313512263158e-01
1.005333515168943981e+00
1.012152350571151604e+00
1.010966466153376375e+00
1.005333515168943981e+00
1.013041763884482860e+00
1.029051203524448344e+00
9.952534976178546433e-01
1.027272376897785611e+00
1.016599417137808548e+00
1.026382963584454133e+00
1.002368804124506019e+00
9.661993293823616380e-01
1.003851159646725000e+00
9.724252225756816470e-01
1.003851159646725000e+00
1.021342954808909465e+00
1.008001755108938191e+00
1.005629986273387733e+00
1.022825310331128446e+00
9.934746709911917995e-01
1.012448821675595356e+00
9.994040930800678346e-01
9.650134449645864088e-01
1.027272376897785611e+00
9.857664222756528094e-01
9.881381911112032679e-01
1.014820590511145815e+00
1.007705284004494439e+00
1.018081772660027529e+00
1.008001755108938191e+00
9.931781998867479366e-01
1.022528839226684694e+00
1.000293506393399312e+00
9.905099599467537264e-01
9.857664222756528094e-01
1.003554688542281248e+00
1.008891168422269669e+00
9.789475868734452968e-01
1.007408812900050687e+00
1.004444101855612503e+00
9.750934625156758573e-01
1.023121781435572419e+00
1.008594697317825917e+00
9.875452489023156533e-01
9.994040930800678346e-01
9.952534976178546433e-01
9.955499687222983951e-01
9.976252664534051018e-01
9.667922715912492526e-01
9.836911245445462137e-01
1.007705284004494439e+00
1.018674714868915254e+00
1.000293506393399312e+00
9.635310894423674277e-01
9.742040492023443798e-01
9.999970352889554492e-01
9.602699072934856028e-01
9.937711420956355513e-01
9.949570265134107805e-01
9.991076219756240828e-01
1.016006474928921044e+00
9.967358531400736243e-01
9.753899336201196091e-01
9.973287953489612390e-01
1.024011194748903675e+00
9.866558355889842868e-01
9.825052401267709845e-01
9.869523066934280386e-01
1.026086492480010381e+00
1.007705284004494439e+00
9.768722891423387011e-01
9.653099160690302716e-01
9.911029021556413410e-01
1.008001755108938191e+00
1.021342954808909465e+00
1.001775861915618293e+00
9.792440579778891596e-01
1.020750012600021961e+00
1.043874758746638598e+00
9.724252225756816470e-01
1.006815870691162962e+00
9.913993732600850928e-01
9.896205466334223599e-01
9.976252664534051018e-01
9.890276044245347453e-01
1.020750012600021961e+00
9.875452489023156533e-01
1.004444101855612503e+00
9.911029021556413410e-01
7.097518240384700361e-01
1.015117061615589567e+00
1.020157070391134235e+00
1.001479390811174541e+00
1.000293506393399312e+00
1.010669995048932401e+00
1.037055923344431196e+00
9.727216936801253988e-01
1.013041763884482860e+00
1.007112341795606936e+00
9.991076219756240828e-01
1.015710003824477292e+00
9.893240755289784971e-01
1.001775861915618293e+00
9.940676132000794141e-01
1.002368804124506019e+00
1.004740572960056477e+00
9.908064310511974782e-01
1.008001755108938191e+00
9.875452489023156533e-01
9.742040492023443798e-01
1.013931177197814337e+00
9.863593644845404240e-01
1.008001755108938191e+00
9.839875956489899655e-01
9.893240755289784971e-01
9.999970352889554492e-01
9.863593644845404240e-01
9.964393820356298725e-01
9.931781998867479366e-01
1.004444101855612503e+00
9.949570265134107805e-01
9.958464398267422579e-01
1.013041763884482860e+00
1.008891168422269669e+00
1.008001755108938191e+00
1.016599417137808548e+00
9.994040930800678346e-01
9.988111508711803310e-01
9.979217375578488536e-01
1.008891168422269669e+00
1.020157070391134235e+00
9.991076219756240828e-01
1.008891168422269669e+00
1.010373523944488650e+00
9.771687602467824529e-01
1.006815870691162962e+00
9.830981823356585991e-01
1.005926457377831706e+00
9.994040930800678346e-01
9.623452050245921985e-01
9.997005641845116974e-01
1.011559408362263879e+00
1.003258217437837274e+00
1.003554688542281248e+00
9.745005203067882427e-01
9.979217375578488536e-01
1.023121781435572419e+00
1.009780581735601146e+00
9.946605554089670287e-01
9.985146797667364682e-01
1.012448821675595356e+00
9.985146797667364682e-01
1.012152350571151604e+00
1.031126501255555050e+00
9.854699511712090576e-01
9.919923154689727074e-01
9.902134888423099746e-01
9.893240755289784971e-01
1.050100651939958496e+00
9.679781560090244819e-01
1.003258217437837274e+00
1.026975905793341859e+00
9.961429109311860097e-01
1.000293506393399312e+00
1.016599417137808548e+00
9.919923154689727074e-01
9.997005641845116974e-01
1.000293506393399312e+00
1.034684154508880738e+00
1.018971185973359006e+00
1.011855879466707631e+00
9.765758180378948383e-01
9.946605554089670287e-01
9.881381911112032679e-01
9.854699511712090576e-01
1.003851159646725000e+00
9.762793469334510865e-01
1.000293506393399312e+00
9.911029021556413410e-01
1.017488830451140025e+00
9.845805378578775802e-01
9.857664222756528094e-01
9.656063871734740234e-01
9.899170177378661117e-01
9.730181647845692616e-01
1.024900608062235152e+00
9.922887865734165702e-01
1.014820590511145815e+00
9.750934625156758573e-01

# time bin value
-1.000000000000000000e+02
-9.900000000000000000e+01
-9.800000000000000000e+01
-9.700000000000000000e+01
-9.600000000000000000e+01
-9.500000000000000000e+01
-9.400000000000000000e+01
-9.300000000000000000e+01
-9.200000000000000000e+01
-9.100000000000000000e+01
-9.000000000000000000e+01
-8.900000000000000000e+01
-8.800000000000000000e+01
-8.700000000000000000e+01
-8.600000000000000000e+01
-8.500000000000000000e+01
-8.400000000000000000e+01
-8.300000000000000000e+01
-8.200000000000000000e+01
-8.100000000000000000e+01
-8.000000000000000000e+01
-7.900000000000000000e+01
-7.800000000000000000e+01
-7.700000000000000000e+01
-7.600000000000000000e+01
-7.500000000000000000e+01
-7.400000000000000000e+01
-7.300000000000000000e+01
-7.200000000000000000e+01
-7.100000000000000000e+01
-7.000000000000000000e+01
-6.900000000000000000e+01
-6.800000000000000000e+01
-6.700000000000000000e+01
-6.600000000000000000e+01
-6.500000000000000000e+01
-6.400000000000000000e+01
-6.300000000000000000e+01
-6.200000000000000000e+01
-6.100000000000000000e+01
-6.000000000000000000e+01
-5.900000000000000000e+01
-5.800000000000000000e+01
-5.700000000000000000e+01
-5.600000000000000000e+01
-5.500000000000000000e+01
-5.400000000000000000e+01
-5.300000000000000000e+01
-5.200000000000000000e+01
-5.100000000000000000e+01
-5.000000000000000000e+01
-4.900000000000000000e+01
-4.800000000000000000e+01
-4.700000000000000000e+01
-4.600000000000000000e+01
-4.500000000000000000e+01
-4.400000000000000000e+01
-4.300000000000000000e+01
-4.200000000000000000e+01
-4.100000000000000000e+01
-4.000000000000000000e+01
-3.900000000000000000e+01
-3.800000000000000000e+01
-3.700000000000000000e+01
-3.600000000000000000e+01
-3.500000000000000000e+01
-3.400000000000000000e+01
-3.300000000000000000e+01
-3.200000000000000000e+01
-3.100000000000000000e+01
-3.000000000000000000e+01
-2.900000000000000000e+01
-2.800000000000000000e+01
-2.700000000000000000e+01
-2.600000000000000000e+01
-2.500000000000000000e+01
-2.400000000000000000e+01
-2.300000000000000000e+01
-2.200000000000000000e+01
-2.100000000000000000e+01
-2.000000000000000000e+01
-1.900000000000000000e+01
-1.800000000000000000e+01
-1.700000000000000000e+01
-1.600000000000000000e+01
-1.500000000000000000e+01
-1.400000000000000000e+01
-1.300000000000000000e+01
-1.200000000000000000e+01
-1.100000000000000000e+01
-1.000000000000000000e+01
-9.000000000000000000e+00
-8.000000000000000000e+00
-7.000000000000000000e+00
-6.000000000000000000e+00
-5.000000000000000000e+00
-4.000000000000000000e+00
-3.000000000000000000e+00
-2.000000000000000000e+00
-1.000000000000000000e+00
0.000000000000000000e+00
1.000000000000000000e+00
2.000000000000000000e+00
3.000000000000000000e+00
4.000000000000000000e+00
5.000000000000000000e+00
6.000000000000000000e+00
7.000000000000000000e+00
8.000000000000000000e+00
9.000000000000000000e+00
1.000000000000000000e+01
1.100000000000000000e+01
1.200000000000000000e+01
1.300000000000000000e+01
1.400000000000000000e+01
1.500000000000000000e+01
1.600000000000000000e+01
1.700000000000000000e+01
1.800000000000000000e+01
1.900000000000000000e+01
2.000000000000000000e+01
2.100000000000000000e+01
2.200000000000000000e+01
2.300000000000000000e+01
2.400000000000000000e+01
2.500000000000000000e+01
2.600000000000000000e+01
2.700000000000000000e+01
2.800000000000000000e+01
2.900000000000000000e+01
3.000000000000000000e+01
3.100000000000000000e+01
3.200000000000000000e+01
3.300000000000000000e+01
3.400000000000000000e+01
3.500000000000000000e+01
3.600000000000000000e+01
3.700000000000000000e+01
3.800000000000000000e+01
3.900000000000000000e+01
4.000000000000000000e+01
4.100000000000000000e+01
4.200000000000000000e+01
4.300000000000000000e+01
4.400000000000000000e+01
4.500000000000000000e+01
4.600000000000000000e+01
4.700000000000000000e+01
4.800000000000000000e+01
4.900000000000000000e+01
5.000000000000000000e+01
5.100000000000000000e+01
5.200000000000000000e+01
5.300000000000000000e+01
5.400000000000000000e+01
5.500000000000000000e+01
5.600000000000000000e+01
5.700000000000000000e+01
5.800000000000000000e+01
5.900000000000000000e+01
6.000000000000000000e+01
6.100000000000000000e+01
6.200000000000000000e+01
6.300000000000000000e+01
6.400000000000000000e+01
6.500000000000000000e+01
6.600000000000000000e+01
6.700000000000000000e+01
6.800000000000000000e+01
6.900000000000000000e+01
7.000000000000000000e+01
7.100000000000000000e+01
7.200000000000000000e+01
7.300000000000000000e+01
7.400000000000000000e+01
7.500000000000000000e+01
7.600000000000000000e+01
7.700000000000000000e+01
7.800000000000000000e+01
7.900000000000000000e+01
8.000000000000000000e+01
8.100000000000000000e+01
8.200000000000000000e+01
8.300000000000000000e+01
8.400000000000000000e+01
8.500000000000000000e+01
8.600000000000000000e+01
8.700000000000000000e+01
8.800000000000000000e+01
8.900000000000000000e+01
9.000000000000000000e+01
9.100000000000000000e+01
9.200000000000000000e+01
9.300000000000000000e+01
9.400000000000000000e+01
9.500000000000000000e+01
9.600000000000000000e+01
9.700000000000000000e+01
9.800000000000000000e+01
9.900000000000000000e+01
