single photon fraction:    0.3511
laser fraction:    0.3053
thermal source fraction:    0.1908
non-detected fraction:    0.1527
number of bins:  200.0000
bin width (ns):    1.0000
average detection events per bin: 5000.0000

# binary result
0.000000000000000000e+00

# g2 signal
1.015901583054098500e+00
1.018743265803900178e+00
1.022532176136969007e+00
9.962466107013034922e-01
9.874847555560817280e-01
1.009981410658678191e+00
1.024900245095136997e+00
9.936417348473186584e-01
1.031767645073824458e+00
1.001693169305090114e+00
1.008560569283777353e+00
1.039345465739962338e+00
1.010455024450311878e+00
9.995619072427388563e-01
1.022058562345335320e+00
9.903264383058834053e-01
1.011875865825212717e+00
1.002877203784173998e+00
1.012823093408479869e+00
1.028689155428206048e+00
9.827486176397456363e-01
9.922208934724178198e-01
9.986146796594715935e-01
9.588311211622481123e-01
1.000745941721822962e+00
1.003350817575807685e+00
9.950625762222194970e-01
9.751707969736077564e-01
1.015427969262464813e+00
1.017559231324816071e+00
1.003350817575807685e+00
9.903264383058834053e-01
1.018032845116449758e+00
1.000272327930189276e+00
9.900896314100665618e-01
9.810909693690279543e-01
1.012349479616846404e+00
1.013533514095930288e+00
1.004298045159074837e+00
9.782492866192262770e-01
1.020164107178801016e+00
9.884319831393488798e-01
1.016138389949915233e+00
9.997987141385555887e-01
1.004771658950708524e+00
9.948257693264026535e-01
1.009507796867044727e+00
9.893792107226161425e-01
1.005718886533975676e+00
1.010455024450311878e+00
1.004771658950708524e+00
9.526741418710111819e-01
1.014007127887563975e+00
9.832222314313792122e-01
9.791965142024935398e-01
9.763548314526918626e-01
1.009744603762861459e+00
1.012349479616846404e+00
1.001693169305090114e+00
9.839326521188296315e-01
1.000272327930189276e+00
9.881951762435321474e-01
1.008560569283777353e+00
1.004061238263258105e+00
9.979042589720211742e-01
9.955361900138530729e-01
1.009034183075411040e+00
1.029873189907289932e+00
9.813277762648447977e-01
9.997987141385555887e-01
1.016138389949915233e+00
9.900896314100665618e-01
9.971938382845707549e-01
1.011402252033579030e+00
1.005482079638158943e+00
9.820381969522952170e-01
9.848798797020968943e-01
1.018743265803900178e+00
1.001456362409273382e+00
9.934049279515018149e-01
9.948257693264026535e-01
1.002403589992540534e+00
9.976674520762043308e-01
1.019927300282984062e+00
9.841694590146464749e-01
9.808541624732111108e-01
9.851166865979136267e-01
1.000982748617639695e+00
1.014954355470831127e+00
1.009981410658678191e+00
9.995619072427388563e-01
9.829854245355623688e-01
1.002403589992540534e+00
9.943521555347690777e-01
1.000035521034372543e+00
1.007613341700510201e+00
9.834590383271960556e-01
1.002877203784173998e+00
1.011165445137762298e+00
1.013770320991747242e+00
7.982760457984535707e-01
9.971938382845707549e-01
9.638040659744010474e-01
9.948257693264026535e-01
9.995619072427388563e-01
9.813277762648447977e-01
9.886687900351657232e-01
1.010691831346128611e+00
1.022058562345335320e+00
9.818013900564783736e-01
9.948257693264026535e-01
1.014007127887563975e+00
9.912736658891505570e-01
9.867743348686313087e-01
1.032004451969641190e+00
1.014243934783380707e+00
1.013059900304296823e+00
9.671193625158364116e-01
9.950625762222194970e-01
9.813277762648447977e-01
9.822750038481119494e-01
1.005955693429792630e+00
1.012823093408479869e+00
1.004771658950708524e+00
1.008560569283777353e+00
9.896160176184329860e-01
9.822750038481119494e-01
9.827486176397456363e-01
9.780124797234094336e-01
9.851166865979136267e-01
1.009744603762861459e+00
9.905632452017001377e-01
9.896160176184329860e-01
9.990882934511051694e-01
1.010218217554495146e+00
9.960098038054867597e-01
1.011402252033579030e+00
1.019927300282984062e+00
9.955361900138530729e-01
1.023005789928602693e+00
1.001456362409273382e+00
9.915104727849674005e-01
9.948257693264026535e-01
1.021821755449518587e+00
1.037214203677611080e+00
9.595415418496985316e-01
9.938785417431355018e-01
1.016375196845731965e+00
9.988514865552884370e-01
1.013533514095930288e+00
9.675929763074699874e-01
1.016375196845731965e+00
9.796701279941271157e-01
9.917472796807842439e-01
9.908000520975169811e-01
9.993251003469220128e-01
9.780124797234094336e-01
1.012586286512663136e+00
1.010928638241945565e+00
9.768284452443254384e-01
9.853534934937304701e-01
1.019453686491350597e+00
1.020164107178801016e+00
9.955361900138530729e-01
9.799069348899439591e-01
9.976674520762043308e-01
9.770652521401422819e-01
9.872479486602648846e-01
9.758812176610581757e-01
9.934049279515018149e-01
9.829854245355623688e-01
1.008560569283777353e+00
1.011402252033579030e+00
9.912736658891505570e-01
9.979042589720211742e-01
9.822750038481119494e-01
1.005955693429792630e+00
9.976674520762043308e-01
9.742235693903406046e-01
9.744603762861573371e-01
1.012112672721029449e+00
1.006192500325609362e+00
9.799069348899439591e-01
9.905632452017001377e-01
9.692506245781876695e-01
9.967202244929371791e-01
9.981410658678380177e-01
9.993251003469220128e-01
9.822750038481119494e-01
1.008797376179594307e+00
1.022768983032785739e+00
1.012349479616846404e+00
1.023005789928602693e+00
1.006429307221426095e+00
9.706714659530885081e-01
9.889055969309825667e-01
1.006429307221426095e+00
1.000509134826006008e+00
9.884319831393488798e-01
9.983778727636547501e-01

# time bin value
-1.000000000000000000e+02
-9.900000000000000000e+01
-9.800000000000000000e+01
-9.700000000000000000e+01
-9.600000000000000000e+01
-9.500000000000000000e+01
-9.400000000000000000e+01
-9.300000000000000000e+01
-9.200000000000000000e+01
-9.100000000000000000e+01
-9.000000000000000000e+01
-8.900000000000000000e+01
-8.800000000000000000e+01
-8.700000000000000000e+01
-8.600000000000000000e+01
-8.500000000000000000e+01
-8.400000000000000000e+01
-8.300000000000000000e+01
-8.200000000000000000e+01
-8.100000000000000000e+01
-8.000000000000000000e+01
-7.900000000000000000e+01
-7.800000000000000000e+01
-7.700000000000000000e+01
-7.600000000000000000e+01
-7.500000000000000000e+01
-7.400000000000000000e+01
-7.300000000000000000e+01
-7.200000000000000000e+01
-7.100000000000000000e+01
-7.000000000000000000e+01
-6.900000000000000000e+01
-6.800000000000000000e+01
-6.700000000000000000e+01
-6.600000000000000000e+01
-6.500000000000000000e+01
-6.400000000000000000e+01
-6.300000000000000000e+01
-6.200000000000000000e+01
-6.100000000000000000e+01
-6.000000000000000000e+01
-5.900000000000000000e+01
-5.800000000000000000e+01
-5.700000000000000000e+01
-5.600000000000000000e+01
-5.500000000000000000e+01
-5.400000000000000000e+01
-5.300000000000000000e+01
-5.200000000000000000e+01
-5.100000000000000000e+01
-5.000000000000000000e+01
-4.900000000000000000e+01
-4.800000000000000000e+01
-4.700000000000000000e+01
-4.600000000000000000e+01
-4.500000000000000000e+01
-4.400000000000000000e+01
-4.300000000000000000e+01
-4.200000000000000000e+01
-4.100000000000000000e+01
-4.000000000000000000e+01
-3.900000000000000000e+01
-3.800000000000000000e+01
-3.700000000000000000e+01
-3.600000000000000000e+01
-3.500000000000000000e+01
-3.400000000000000000e+01
-3.300000000000000000e+01
-3.200000000000000000e+01
-3.100000000000000000e+01
-3.000000000000000000e+01
-2.900000000000000000e+01
-2.800000000000000000e+01
-2.700000000000000000e+01
-2.600000000000000000e+01
-2.500000000000000000e+01
-2.400000000000000000e+01
-2.300000000000000000e+01
-2.200000000000000000e+01
-2.100000000000000000e+01
-2.000000000000000000e+01
-1.900000000000000000e+01
-1.800000000000000000e+01
-1.700000000000000000e+01
-1.600000000000000000e+01
-1.500000000000000000e+01
-1.400000000000000000e+01
-1.300000000000000000e+01
-1.200000000000000000e+01
-1.100000000000000000e+01
-1.000000000000000000e+01
-9.000000000000000000e+00
-8.000000000000000000e+00
-7.000000000000000000e+00
-6.000000000000000000e+00
-5.000000000000000000e+00
-4.000000000000000000e+00
-3.000000000000000000e+00
-2.000000000000000000e+00
-1.000000000000000000e+00
0.000000000000000000e+00
1.000000000000000000e+00
2.000000000000000000e+00
3.000000000000000000e+00
4.000000000000000000e+00
5.000000000000000000e+00
6.000000000000000000e+00
7.000000000000000000e+00
8.000000000000000000e+00
9.000000000000000000e+00
1.000000000000000000e+01
1.100000000000000000e+01
1.200000000000000000e+01
1.300000000000000000e+01
1.400000000000000000e+01
1.500000000000000000e+01
1.600000000000000000e+01
1.700000000000000000e+01
1.800000000000000000e+01
1.900000000000000000e+01
2.000000000000000000e+01
2.100000000000000000e+01
2.200000000000000000e+01
2.300000000000000000e+01
2.400000000000000000e+01
2.500000000000000000e+01
2.600000000000000000e+01
2.700000000000000000e+01
2.800000000000000000e+01
2.900000000000000000e+01
3.000000000000000000e+01
3.100000000000000000e+01
3.200000000000000000e+01
3.300000000000000000e+01
3.400000000000000000e+01
3.500000000000000000e+01
3.600000000000000000e+01
3.700000000000000000e+01
3.800000000000000000e+01
3.900000000000000000e+01
4.000000000000000000e+01
4.100000000000000000e+01
4.200000000000000000e+01
4.300000000000000000e+01
4.400000000000000000e+01
4.500000000000000000e+01
4.600000000000000000e+01
4.700000000000000000e+01
4.800000000000000000e+01
4.900000000000000000e+01
5.000000000000000000e+01
5.100000000000000000e+01
5.200000000000000000e+01
5.300000000000000000e+01
5.400000000000000000e+01
5.500000000000000000e+01
5.600000000000000000e+01
5.700000000000000000e+01
5.800000000000000000e+01
5.900000000000000000e+01
6.000000000000000000e+01
6.100000000000000000e+01
6.200000000000000000e+01
6.300000000000000000e+01
6.400000000000000000e+01
6.500000000000000000e+01
6.600000000000000000e+01
6.700000000000000000e+01
6.800000000000000000e+01
6.900000000000000000e+01
7.000000000000000000e+01
7.100000000000000000e+01
7.200000000000000000e+01
7.300000000000000000e+01
7.400000000000000000e+01
7.500000000000000000e+01
7.600000000000000000e+01
7.700000000000000000e+01
7.800000000000000000e+01
7.900000000000000000e+01
8.000000000000000000e+01
8.100000000000000000e+01
8.200000000000000000e+01
8.300000000000000000e+01
8.400000000000000000e+01
8.500000000000000000e+01
8.600000000000000000e+01
8.700000000000000000e+01
8.800000000000000000e+01
8.900000000000000000e+01
9.000000000000000000e+01
9.100000000000000000e+01
9.200000000000000000e+01
9.300000000000000000e+01
9.400000000000000000e+01
9.500000000000000000e+01
9.600000000000000000e+01
9.700000000000000000e+01
9.800000000000000000e+01
9.900000000000000000e+01
