single photon fraction:    0.0610
laser fraction:    0.1646
thermal source fraction:    0.4573
non-detected fraction:    0.3171
number of bins:  200.0000
bin width (ns):    1.0000
average detection events per bin: 5000.0000

# binary result
0.000000000000000000e+00

# g2 signal
1.023661358356166451e+00
1.036634025339942866e+00
1.032211525231837124e+00
9.983056910696945785e-01
9.844485240642971702e-01
9.871020241291604824e-01
1.004202357880501939e+00
1.018649191566980194e+00
9.711810237399804979e-01
9.997798577723964186e-01
9.988953577507753145e-01
9.932935242805083220e-01
9.794363572751109137e-01
1.001843691156178995e+00
1.009509358010228786e+00
1.003907524539961571e+00
1.002728191177800099e+00
1.008624857988607681e+00
1.013342191437253570e+00
9.841536907237568022e-01
1.003907524539961571e+00
1.003023024518340467e+00
9.844485240642971702e-01
9.918193575778064819e-01
9.997798577723964186e-01
1.007150691285905619e+00
9.859226907669990103e-01
1.007445524626445987e+00
9.950625243237505302e-01
9.803208572967320178e-01
9.891658575129431696e-01
9.882813574913219545e-01
9.458253564535086255e-01
9.950625243237505302e-01
9.862175241075393783e-01
1.008035191307526723e+00
1.008035191307526723e+00
1.005676524583203779e+00
1.000959191134557891e+00
9.797311906156512817e-01
1.008330024648067091e+00
1.004202357880501939e+00
9.785518572534898096e-01
9.924090242588872179e-01
1.015111191480495778e+00
1.011868024734551730e+00
1.010688691372390258e+00
9.891658575129431696e-01
9.679378569940364496e-01
9.876916908102412185e-01
1.030737358529135284e+00
1.008330024648067091e+00
9.915245242372661139e-01
9.950625243237505302e-01
9.815001906588934899e-01
1.010983524712930626e+00
9.873968574697008505e-01
9.732448571237630741e-01
1.000664357794017523e+00
9.974211910480734744e-01
1.056093025815607156e+00
9.817950239994338579e-01
9.965366910264523703e-01
1.002433357837259731e+00
9.829743573615953300e-01
1.015995691502116882e+00
1.017764691545359090e+00
9.835640240426760661e-01
1.019828524929141667e+00
1.021597524972383875e+00
1.018354358226439826e+00
1.006266191264284515e+00
1.006855857945365251e+00
9.856278574264586423e-01
9.879865241507815865e-01
1.014226691458874674e+00
9.921141909183468499e-01
9.844485240642971702e-01
1.006561024604824883e+00
1.011868024734551730e+00
9.953573576642908982e-01
1.004792024561582675e+00
1.026609691761570131e+00
9.947676909832101622e-01
1.002433357837259731e+00
9.868071907886201144e-01
9.959470243453716343e-01
9.806156906372723858e-01
9.697068570372786578e-01
9.991901910913156826e-01
9.927038575994275860e-01
1.010688691372390258e+00
9.929986909399679540e-01
9.859226907669990103e-01
1.042235858810209859e+00
1.031916691891296756e+00
1.036634025339942866e+00
9.702965237183593938e-01
1.034865025296700658e+00
9.767828572102476015e-01
1.566744371631529020e+00
1.002138524496719363e+00
9.956521910048312662e-01
9.670533569724153455e-01
1.011573191394011362e+00
1.002138524496719363e+00
1.016290524842657250e+00
9.938831909615890581e-01
1.001843691156178995e+00
1.008330024648067091e+00
1.025725191739949027e+00
1.036634025339942866e+00
9.882813574913219545e-01
9.741293571453841782e-01
9.873968574697008505e-01
9.876916908102412185e-01
9.820898573399742260e-01
1.020418191610222403e+00
1.003317857858880835e+00
9.779621905724090736e-01
9.791415239345705457e-01
9.705913570588997619e-01
9.729500237832227061e-01
9.888710241724026906e-01
1.017469858204818722e+00
9.871020241291604824e-01
1.013637024777793938e+00
1.012162858075092098e+00
9.921141909183468499e-01
1.005381691242663411e+00
1.012752524756172834e+00
9.991901910913156826e-01
9.865123574480797464e-01
1.026314858421029763e+00
9.794363572751109137e-01
1.003023024518340467e+00
9.685275236751171857e-01
1.001843691156178995e+00
9.997798577723964186e-01
9.841536907237568022e-01
9.700016903778190258e-01
9.956521910048312662e-01
9.797311906156512817e-01
9.882813574913219545e-01
9.894606908534835377e-01
1.011278358053470994e+00
1.011278358053470994e+00
9.929986909399679540e-01
1.014521524799415042e+00
1.011278358053470994e+00
1.018059524885899458e+00
9.806156906372723858e-01
9.868071907886201144e-01
1.009804191350769154e+00
1.018354358226439826e+00
1.010393858031849890e+00
9.997798577723964186e-01
1.000664357794017523e+00
9.891658575129431696e-01
1.003317857858880835e+00
9.582083567562041937e-01
9.785518572534898096e-01
9.673481903129557136e-01
9.997798577723964186e-01
9.753086905075456503e-01
1.003023024518340467e+00
9.924090242588872179e-01
9.711810237399804979e-01
9.929986909399679540e-01
1.005381691242663411e+00
1.010393858031849890e+00
1.005971357923744147e+00
9.965366910264523703e-01
1.028968358485893075e+00
1.045479025556153907e+00
1.029852858507514179e+00
1.011278358053470994e+00
9.750138571670052823e-01
9.956521910048312662e-01
1.005381691242663411e+00
9.965366910264523703e-01
1.003023024518340467e+00
9.891658575129431696e-01
1.006855857945365251e+00
9.929986909399679540e-01
9.844485240642971702e-01
9.658740236102538734e-01
9.838588573832164341e-01
9.661688569507942415e-01
9.941780243021294261e-01
9.968315243669927384e-01
1.006855857945365251e+00
9.829743573615953300e-01
9.714758570805208659e-01
9.935883576210486900e-01
9.977160243886138424e-01
1.020418191610222403e+00
1.005676524583203779e+00
9.894606908534835377e-01
1.019238858248060930e+00

# time bin value
-1.000000000000000000e+02
-9.900000000000000000e+01
-9.800000000000000000e+01
-9.700000000000000000e+01
-9.600000000000000000e+01
-9.500000000000000000e+01
-9.400000000000000000e+01
-9.300000000000000000e+01
-9.200000000000000000e+01
-9.100000000000000000e+01
-9.000000000000000000e+01
-8.900000000000000000e+01
-8.800000000000000000e+01
-8.700000000000000000e+01
-8.600000000000000000e+01
-8.500000000000000000e+01
-8.400000000000000000e+01
-8.300000000000000000e+01
-8.200000000000000000e+01
-8.100000000000000000e+01
-8.000000000000000000e+01
-7.900000000000000000e+01
-7.800000000000000000e+01
-7.700000000000000000e+01
-7.600000000000000000e+01
-7.500000000000000000e+01
-7.400000000000000000e+01
-7.300000000000000000e+01
-7.200000000000000000e+01
-7.100000000000000000e+01
-7.000000000000000000e+01
-6.900000000000000000e+01
-6.800000000000000000e+01
-6.700000000000000000e+01
-6.600000000000000000e+01
-6.500000000000000000e+01
-6.400000000000000000e+01
-6.300000000000000000e+01
-6.200000000000000000e+01
-6.100000000000000000e+01
-6.000000000000000000e+01
-5.900000000000000000e+01
-5.800000000000000000e+01
-5.700000000000000000e+01
-5.600000000000000000e+01
-5.500000000000000000e+01
-5.400000000000000000e+01
-5.300000000000000000e+01
-5.200000000000000000e+01
-5.100000000000000000e+01
-5.000000000000000000e+01
-4.900000000000000000e+01
-4.800000000000000000e+01
-4.700000000000000000e+01
-4.600000000000000000e+01
-4.500000000000000000e+01
-4.400000000000000000e+01
-4.300000000000000000e+01
-4.200000000000000000e+01
-4.100000000000000000e+01
-4.000000000000000000e+01
-3.900000000000000000e+01
-3.800000000000000000e+01
-3.700000000000000000e+01
-3.600000000000000000e+01
-3.500000000000000000e+01
-3.400000000000000000e+01
-3.300000000000000000e+01
-3.200000000000000000e+01
-3.100000000000000000e+01
-3.000000000000000000e+01
-2.900000000000000000e+01
-2.800000000000000000e+01
-2.700000000000000000e+01
-2.600000000000000000e+01
-2.500000000000000000e+01
-2.400000000000000000e+01
-2.300000000000000000e+01
-2.200000000000000000e+01
-2.100000000000000000e+01
-2.000000000000000000e+01
-1.900000000000000000e+01
-1.800000000000000000e+01
-1.700000000000000000e+01
-1.600000000000000000e+01
-1.500000000000000000e+01
-1.400000000000000000e+01
-1.300000000000000000e+01
-1.200000000000000000e+01
-1.100000000000000000e+01
-1.000000000000000000e+01
-9.000000000000000000e+00
-8.000000000000000000e+00
-7.000000000000000000e+00
-6.000000000000000000e+00
-5.000000000000000000e+00
-4.000000000000000000e+00
-3.000000000000000000e+00
-2.000000000000000000e+00
-1.000000000000000000e+00
0.000000000000000000e+00
1.000000000000000000e+00
2.000000000000000000e+00
3.000000000000000000e+00
4.000000000000000000e+00
5.000000000000000000e+00
6.000000000000000000e+00
7.000000000000000000e+00
8.000000000000000000e+00
9.000000000000000000e+00
1.000000000000000000e+01
1.100000000000000000e+01
1.200000000000000000e+01
1.300000000000000000e+01
1.400000000000000000e+01
1.500000000000000000e+01
1.600000000000000000e+01
1.700000000000000000e+01
1.800000000000000000e+01
1.900000000000000000e+01
2.000000000000000000e+01
2.100000000000000000e+01
2.200000000000000000e+01
2.300000000000000000e+01
2.400000000000000000e+01
2.500000000000000000e+01
2.600000000000000000e+01
2.700000000000000000e+01
2.800000000000000000e+01
2.900000000000000000e+01
3.000000000000000000e+01
3.100000000000000000e+01
3.200000000000000000e+01
3.300000000000000000e+01
3.400000000000000000e+01
3.500000000000000000e+01
3.600000000000000000e+01
3.700000000000000000e+01
3.800000000000000000e+01
3.900000000000000000e+01
4.000000000000000000e+01
4.100000000000000000e+01
4.200000000000000000e+01
4.300000000000000000e+01
4.400000000000000000e+01
4.500000000000000000e+01
4.600000000000000000e+01
4.700000000000000000e+01
4.800000000000000000e+01
4.900000000000000000e+01
5.000000000000000000e+01
5.100000000000000000e+01
5.200000000000000000e+01
5.300000000000000000e+01
5.400000000000000000e+01
5.500000000000000000e+01
5.600000000000000000e+01
5.700000000000000000e+01
5.800000000000000000e+01
5.900000000000000000e+01
6.000000000000000000e+01
6.100000000000000000e+01
6.200000000000000000e+01
6.300000000000000000e+01
6.400000000000000000e+01
6.500000000000000000e+01
6.600000000000000000e+01
6.700000000000000000e+01
6.800000000000000000e+01
6.900000000000000000e+01
7.000000000000000000e+01
7.100000000000000000e+01
7.200000000000000000e+01
7.300000000000000000e+01
7.400000000000000000e+01
7.500000000000000000e+01
7.600000000000000000e+01
7.700000000000000000e+01
7.800000000000000000e+01
7.900000000000000000e+01
8.000000000000000000e+01
8.100000000000000000e+01
8.200000000000000000e+01
8.300000000000000000e+01
8.400000000000000000e+01
8.500000000000000000e+01
8.600000000000000000e+01
8.700000000000000000e+01
8.800000000000000000e+01
8.900000000000000000e+01
9.000000000000000000e+01
9.100000000000000000e+01
9.200000000000000000e+01
9.300000000000000000e+01
9.400000000000000000e+01
9.500000000000000000e+01
9.600000000000000000e+01
9.700000000000000000e+01
9.800000000000000000e+01
9.900000000000000000e+01
