single photon fraction:    0.1967
laser fraction:    0.2705
thermal source fraction:    0.5082
non-detected fraction:    0.0246
number of bins:  200.0000
bin width (ns):    1.0000
average detection events per bin: 5000.0000

# binary result
0.000000000000000000e+00

# g2 signal
9.983306219960981220e-01
9.725792130506767386e-01
9.917382613060702345e-01
9.898841598619998461e-01
9.956524754657742893e-01
1.017283658979928340e+00
1.000596745983295177e+00
1.012957422277097397e+00
9.944164078363940673e-01
1.004304948871435954e+00
9.911202274913800681e-01
1.004304948871435954e+00
9.927683176638870677e-01
9.882360696894929575e-01
1.027996245101223671e+00
9.878240471463661798e-01
1.003274892513619010e+00
1.023051974583702783e+00
1.005747027772379454e+00
1.009249219388956842e+00
1.041180966481279446e+00
1.022021918225885839e+00
9.913262387629434569e-01
9.933863514785772342e-01
1.020373828053378951e+00
9.787595511975778484e-01
9.746393257663104048e-01
9.925623063923236788e-01
1.005541016500816065e+00
9.983306219960981220e-01
9.746393257663104048e-01
9.886480922326196241e-01
1.009043208117393453e+00
9.828797766288452920e-01
1.018931749152435229e+00
1.017489670251491729e+00
9.872060133316760133e-01
1.002862869970492232e+00
1.022639952040576006e+00
1.006777084130196398e+00
1.002862869970492232e+00
9.898841598619998461e-01
9.890601147757464018e-01
9.940043852932672896e-01
1.009455230660520231e+00
9.812316864563382923e-01
1.002656858698928843e+00
1.023051974583702783e+00
1.013575456091787563e+00
9.888541035041830130e-01
9.979185994529713444e-01
9.894721373188731794e-01
9.653688185459586846e-01
1.030468380359984115e+00
9.892661260473097906e-01
1.017695681523055118e+00
9.886480922326196241e-01
1.004304948871435954e+00
9.828797766288452920e-01
9.915322500345068457e-01
9.878240471463661798e-01
9.847338780729155694e-01
9.682529763478459062e-01
9.855579231591691247e-01
9.799956188269580704e-01
9.830857879004086808e-01
1.003892926328309176e+00
9.993606783539149552e-01
9.925623063923236788e-01
1.026142143657153172e+00
9.970945543667179001e-01
9.818497202710283478e-01
9.872060133316760133e-01
9.915322500345068457e-01
1.000596745983295177e+00
9.816437089994650700e-01
1.005541016500816065e+00
9.962705092804644558e-01
9.917382613060702345e-01
1.013987478634914341e+00
1.013781467363350952e+00
1.000596745983295177e+00
9.812316864563382923e-01
9.795835962838312927e-01
9.843218555297889027e-01
9.806136526416481258e-01
9.845278668013521806e-01
9.902961824051266237e-01
9.966825318235911224e-01
1.007189106673323176e+00
9.952404529226475116e-01
9.898841598619998461e-01
1.000390734711731788e+00
9.843218555297889027e-01
9.923562951207604010e-01
9.861759569738591802e-01
9.740212919516202383e-01
1.001832813612675510e+00
9.859699457022957914e-01
9.742273032231836272e-01
1.322180340893718054e+00
9.909142162198167902e-01
9.830857879004086808e-01
9.666048861753389065e-01
9.820557315425917366e-01
9.966825318235911224e-01
9.853519118876057359e-01
1.016665625165238174e+00
1.003068881242055621e+00
1.005128993957689287e+00
1.010279275746773564e+00
9.777294948397610153e-01
1.014811523721167896e+00
1.007395117944886564e+00
9.717551679644231832e-01
9.962705092804644558e-01
9.913262387629434569e-01
9.834978104435353474e-01
9.921502838491970122e-01
9.985366332676615109e-01
1.006365061587069620e+00
1.006777084130196398e+00
1.015223546264294674e+00
1.006571072858633009e+00
9.962705092804644558e-01
9.977125881814079555e-01
1.019755794238688784e+00
1.011103320833027119e+00
1.054159676589771832e+00
9.977125881814079555e-01
1.017489670251491729e+00
1.006571072858633009e+00
9.795835962838312927e-01
1.013575456091787563e+00
9.826737653572819031e-01
1.012339388462407452e+00
9.997727008970417328e-01
9.989486558107882885e-01
1.006571072858633009e+00
9.954464641942109004e-01
1.006777084130196398e+00
9.797896075553946815e-01
9.686649988909725728e-01
9.946224191079574561e-01
1.027996245101223671e+00
1.007601129216449731e+00
9.789655624691412372e-01
1.023670008398392728e+00
1.018107704066181673e+00
9.876180358748027910e-01
1.051481530059448000e+00
9.853519118876057359e-01
1.026760177471843338e+00
9.935923627501406230e-01
1.005953039043942843e+00
1.009455230660520231e+00
9.979185994529713444e-01
1.020785850596505506e+00
1.009249219388956842e+00
9.942103965648306785e-01
9.769054497535074599e-01
9.839098329866621251e-01
9.909142162198167902e-01
1.010691298289900342e+00
9.950344416510841228e-01
9.725792130506767386e-01
9.917382613060702345e-01
1.016459613893674785e+00
1.005541016500816065e+00
9.882360696894929575e-01
9.865879795169859579e-01
1.003686915056745788e+00
1.004922982686125899e+00
1.010897309561463731e+00
9.820557315425917366e-01
1.017077647708364951e+00
1.006365061587069620e+00
9.896781485904365683e-01
9.898841598619998461e-01
1.009661241932083620e+00
9.966825318235911224e-01
9.639267396450150738e-01
9.845278668013521806e-01
1.021815906954322450e+00
9.942103965648306785e-01
1.008425174302703287e+00
9.958584867373376781e-01
9.851459006160423471e-01
9.713431454212964056e-01
9.816437089994650700e-01
9.876180358748027910e-01
9.814376977279016812e-01
1.008631185574266675e+00
1.005541016500816065e+00
1.006159050315506231e+00
9.944164078363940673e-01
1.003480903785182399e+00
1.005541016500816065e+00
1.011927365919280675e+00
1.024906076027773061e+00

# time bin value
-1.000000000000000000e+02
-9.900000000000000000e+01
-9.800000000000000000e+01
-9.700000000000000000e+01
-9.600000000000000000e+01
-9.500000000000000000e+01
-9.400000000000000000e+01
-9.300000000000000000e+01
-9.200000000000000000e+01
-9.100000000000000000e+01
-9.000000000000000000e+01
-8.900000000000000000e+01
-8.800000000000000000e+01
-8.700000000000000000e+01
-8.600000000000000000e+01
-8.500000000000000000e+01
-8.400000000000000000e+01
-8.300000000000000000e+01
-8.200000000000000000e+01
-8.100000000000000000e+01
-8.000000000000000000e+01
-7.900000000000000000e+01
-7.800000000000000000e+01
-7.700000000000000000e+01
-7.600000000000000000e+01
-7.500000000000000000e+01
-7.400000000000000000e+01
-7.300000000000000000e+01
-7.200000000000000000e+01
-7.100000000000000000e+01
-7.000000000000000000e+01
-6.900000000000000000e+01
-6.800000000000000000e+01
-6.700000000000000000e+01
-6.600000000000000000e+01
-6.500000000000000000e+01
-6.400000000000000000e+01
-6.300000000000000000e+01
-6.200000000000000000e+01
-6.100000000000000000e+01
-6.000000000000000000e+01
-5.900000000000000000e+01
-5.800000000000000000e+01
-5.700000000000000000e+01
-5.600000000000000000e+01
-5.500000000000000000e+01
-5.400000000000000000e+01
-5.300000000000000000e+01
-5.200000000000000000e+01
-5.100000000000000000e+01
-5.000000000000000000e+01
-4.900000000000000000e+01
-4.800000000000000000e+01
-4.700000000000000000e+01
-4.600000000000000000e+01
-4.500000000000000000e+01
-4.400000000000000000e+01
-4.300000000000000000e+01
-4.200000000000000000e+01
-4.100000000000000000e+01
-4.000000000000000000e+01
-3.900000000000000000e+01
-3.800000000000000000e+01
-3.700000000000000000e+01
-3.600000000000000000e+01
-3.500000000000000000e+01
-3.400000000000000000e+01
-3.300000000000000000e+01
-3.200000000000000000e+01
-3.100000000000000000e+01
-3.000000000000000000e+01
-2.900000000000000000e+01
-2.800000000000000000e+01
-2.700000000000000000e+01
-2.600000000000000000e+01
-2.500000000000000000e+01
-2.400000000000000000e+01
-2.300000000000000000e+01
-2.200000000000000000e+01
-2.100000000000000000e+01
-2.000000000000000000e+01
-1.900000000000000000e+01
-1.800000000000000000e+01
-1.700000000000000000e+01
-1.600000000000000000e+01
-1.500000000000000000e+01
-1.400000000000000000e+01
-1.300000000000000000e+01
-1.200000000000000000e+01
-1.100000000000000000e+01
-1.000000000000000000e+01
-9.000000000000000000e+00
-8.000000000000000000e+00
-7.000000000000000000e+00
-6.000000000000000000e+00
-5.000000000000000000e+00
-4.000000000000000000e+00
-3.000000000000000000e+00
-2.000000000000000000e+00
-1.000000000000000000e+00
0.000000000000000000e+00
1.000000000000000000e+00
2.000000000000000000e+00
3.000000000000000000e+00
4.000000000000000000e+00
5.000000000000000000e+00
6.000000000000000000e+00
7.000000000000000000e+00
8.000000000000000000e+00
9.000000000000000000e+00
1.000000000000000000e+01
1.100000000000000000e+01
1.200000000000000000e+01
1.300000000000000000e+01
1.400000000000000000e+01
1.500000000000000000e+01
1.600000000000000000e+01
1.700000000000000000e+01
1.800000000000000000e+01
1.900000000000000000e+01
2.000000000000000000e+01
2.100000000000000000e+01
2.200000000000000000e+01
2.300000000000000000e+01
2.400000000000000000e+01
2.500000000000000000e+01
2.600000000000000000e+01
2.700000000000000000e+01
2.800000000000000000e+01
2.900000000000000000e+01
3.000000000000000000e+01
3.100000000000000000e+01
3.200000000000000000e+01
3.300000000000000000e+01
3.400000000000000000e+01
3.500000000000000000e+01
3.600000000000000000e+01
3.700000000000000000e+01
3.800000000000000000e+01
3.900000000000000000e+01
4.000000000000000000e+01
4.100000000000000000e+01
4.200000000000000000e+01
4.300000000000000000e+01
4.400000000000000000e+01
4.500000000000000000e+01
4.600000000000000000e+01
4.700000000000000000e+01
4.800000000000000000e+01
4.900000000000000000e+01
5.000000000000000000e+01
5.100000000000000000e+01
5.200000000000000000e+01
5.300000000000000000e+01
5.400000000000000000e+01
5.500000000000000000e+01
5.600000000000000000e+01
5.700000000000000000e+01
5.800000000000000000e+01
5.900000000000000000e+01
6.000000000000000000e+01
6.100000000000000000e+01
6.200000000000000000e+01
6.300000000000000000e+01
6.400000000000000000e+01
6.500000000000000000e+01
6.600000000000000000e+01
6.700000000000000000e+01
6.800000000000000000e+01
6.900000000000000000e+01
7.000000000000000000e+01
7.100000000000000000e+01
7.200000000000000000e+01
7.300000000000000000e+01
7.400000000000000000e+01
7.500000000000000000e+01
7.600000000000000000e+01
7.700000000000000000e+01
7.800000000000000000e+01
7.900000000000000000e+01
8.000000000000000000e+01
8.100000000000000000e+01
8.200000000000000000e+01
8.300000000000000000e+01
8.400000000000000000e+01
8.500000000000000000e+01
8.600000000000000000e+01
8.700000000000000000e+01
8.800000000000000000e+01
8.900000000000000000e+01
9.000000000000000000e+01
9.100000000000000000e+01
9.200000000000000000e+01
9.300000000000000000e+01
9.400000000000000000e+01
9.500000000000000000e+01
9.600000000000000000e+01
9.700000000000000000e+01
9.800000000000000000e+01
9.900000000000000000e+01
