single photon fraction:    0.1967
laser fraction:    0.2705
thermal source fraction:    0.5082
non-detected fraction:    0.0246
number of bins:  200.0000
bin width (ns):    1.0000
average detection events per bin: 5000.0000

# binary result
0.000000000000000000e+00

# g2 signal
9.973227479858780553e-01
9.888726069097422133e-01
9.991776570025907578e-01
9.925824249431677293e-01
9.816590718447483210e-01
1.004124081047158112e+00
1.024528080230997951e+00
1.008246101084297353e+00
9.878421019004574033e-01
9.954678389691652418e-01
1.004948485054586005e+00
1.019169454182716761e+00
9.826895768540331311e-01
9.979410509914489191e-01
9.886665059078852957e-01
1.005566788060156869e+00
9.899031119190271344e-01
1.011543717114008922e+00
9.973227479858780553e-01
1.004124081047158112e+00
9.977349499895918905e-01
9.942312329580234032e-01
9.812468698410343748e-01
9.964983439784501629e-01
1.010101010101010166e+00
9.975288489877349729e-01
1.041428362383269635e+00
9.981471519933058367e-01
1.001444768023017406e+00
1.023291474219856223e+00
9.734150317704695077e-01
9.855749908800307546e-01
1.008040000082440546e+00
1.018551151177145897e+00
9.859871928837447008e-01
9.973227479858780553e-01
9.969105459821641091e-01
9.973227479858780553e-01
9.954678389691652418e-01
9.925824249431677293e-01
1.000414263013732485e+00
1.009894909099153137e+00
1.029268403273708277e+00
9.973227479858780553e-01
1.008040000082440546e+00
9.781553548131798337e-01
9.989715560007337292e-01
1.005566788060156869e+00
9.859871928837447008e-01
1.000002061010018650e+00
9.888726069097422133e-01
1.001238667021160378e+00
9.833078798596039949e-01
1.002887475036016163e+00
9.777431528094658875e-01
1.012574222123293843e+00
1.011543717114008922e+00
1.018757252179002926e+00
1.006803394071298596e+00
9.795980618261785899e-01
9.917580209357398369e-01
9.870176978930295109e-01
1.002681374034159134e+00
1.008658303088011410e+00
9.822773748503191849e-01
9.839261828651749697e-01
9.971166469840210267e-01
1.001032566019303571e+00
9.921702229394537831e-01
9.818651728466052386e-01
9.870176978930295109e-01
9.831017788577470773e-01
9.967044449803070805e-01
9.921702229394537831e-01
9.927885259450246469e-01
1.003917980045301084e+00
1.001238667021160378e+00
9.921702229394537831e-01
9.997959600081616216e-01
9.964983439784501629e-01
9.863993948874586470e-01
9.969105459821641091e-01
1.005566788060156869e+00
9.960861419747362167e-01
1.000002061010018650e+00
9.925824249431677293e-01
9.987654549988768116e-01
1.007215596075012654e+00
1.031535514294134925e+00
9.899031119190271344e-01
9.847505868726028622e-01
1.022054868208714495e+00
1.018345050175288868e+00
1.000208162011875679e+00
1.004124081047158112e+00
9.962922429765931343e-01
1.014841333143720492e+00
9.851627888763168084e-01
9.896970109171701058e-01
9.783614558150367513e-01
1.305237644760191218e+00
9.915519199338828082e-01
1.005772889062013675e+00
9.969105459821641091e-01
9.989715560007337292e-01
1.016077939154862220e+00
1.002681374034159134e+00
1.014635232141863463e+00
9.874298998967434571e-01
9.872237988948864285e-01
9.818651728466052386e-01
9.707357187463289128e-01
9.921702229394537831e-01
1.007215596075012654e+00
9.816590718447483210e-01
1.004948485054586005e+00
9.730028297667555615e-01
1.024321979229141144e+00
9.769187488020379950e-01
9.948495359635943780e-01
9.886665059078852957e-01
1.010307111102867195e+00
9.773309508057519412e-01
1.016490141158576277e+00
9.911397179301688620e-01
1.011543717114008922e+00
1.009482707095439302e+00
9.909336169283119444e-01
1.002887475036016163e+00
1.006803394071298596e+00
1.030505009284850226e+00
9.952617379673083242e-01
1.009276606093582274e+00
1.003711879043444055e+00
1.003711879043444055e+00
9.791858598224646437e-01
9.816590718447483210e-01
1.010101010101010166e+00
1.003299677039730220e+00
1.005772889062013675e+00
9.952617379673083242e-01
1.018138949173432062e+00
9.958800409728791880e-01
1.017520646167860976e+00
1.017108444164147141e+00
9.861932938856016184e-01
1.007833899080583517e+00
1.011749818115865951e+00
9.773309508057519412e-01
9.814529708428912924e-01
1.009276606093582274e+00
9.979410509914489191e-01
9.785675568168937799e-01
1.005978990063870704e+00
9.993837580044476754e-01
1.002475273032302328e+00
9.958800409728791880e-01
1.003093576037873191e+00
9.911397179301688620e-01
9.851627888763168084e-01
9.870176978930295109e-01
9.882543039041713495e-01
1.017520646167860976e+00
9.923763239413107007e-01
9.911397179301688620e-01
9.868115968911724822e-01
9.973227479858780553e-01
9.936129299524525393e-01
9.960861419747362167e-01
9.866054958893155646e-01
1.024321979229141144e+00
1.011543717114008922e+00
1.010925414108438058e+00
9.969105459821641091e-01
9.989715560007337292e-01
1.018345050175288868e+00
1.005360687058299840e+00
1.012574222123293843e+00
9.814529708428912924e-01
1.009070505091725245e+00
9.826895768540331311e-01
9.631099816776209632e-01
9.925824249431677293e-01
9.767126478001809664e-01
9.866054958893155646e-01
9.917580209357398369e-01
1.018963353180859954e+00
9.833078798596039949e-01
1.003711879043444055e+00
9.859871928837447008e-01
1.024940282234712008e+00
9.610489716590512321e-01
1.012986424127007679e+00
1.035451433329417359e+00
1.015665737151148384e+00
1.004124081047158112e+00
1.009070505091725245e+00
9.923763239413107007e-01
1.026589090249567793e+00
9.859871928837447008e-01

# time bin value
-1.000000000000000000e+02
-9.900000000000000000e+01
-9.800000000000000000e+01
-9.700000000000000000e+01
-9.600000000000000000e+01
-9.500000000000000000e+01
-9.400000000000000000e+01
-9.300000000000000000e+01
-9.200000000000000000e+01
-9.100000000000000000e+01
-9.000000000000000000e+01
-8.900000000000000000e+01
-8.800000000000000000e+01
-8.700000000000000000e+01
-8.600000000000000000e+01
-8.500000000000000000e+01
-8.400000000000000000e+01
-8.300000000000000000e+01
-8.200000000000000000e+01
-8.100000000000000000e+01
-8.000000000000000000e+01
-7.900000000000000000e+01
-7.800000000000000000e+01
-7.700000000000000000e+01
-7.600000000000000000e+01
-7.500000000000000000e+01
-7.400000000000000000e+01
-7.300000000000000000e+01
-7.200000000000000000e+01
-7.100000000000000000e+01
-7.000000000000000000e+01
-6.900000000000000000e+01
-6.800000000000000000e+01
-6.700000000000000000e+01
-6.600000000000000000e+01
-6.500000000000000000e+01
-6.400000000000000000e+01
-6.300000000000000000e+01
-6.200000000000000000e+01
-6.100000000000000000e+01
-6.000000000000000000e+01
-5.900000000000000000e+01
-5.800000000000000000e+01
-5.700000000000000000e+01
-5.600000000000000000e+01
-5.500000000000000000e+01
-5.400000000000000000e+01
-5.300000000000000000e+01
-5.200000000000000000e+01
-5.100000000000000000e+01
-5.000000000000000000e+01
-4.900000000000000000e+01
-4.800000000000000000e+01
-4.700000000000000000e+01
-4.600000000000000000e+01
-4.500000000000000000e+01
-4.400000000000000000e+01
-4.300000000000000000e+01
-4.200000000000000000e+01
-4.100000000000000000e+01
-4.000000000000000000e+01
-3.900000000000000000e+01
-3.800000000000000000e+01
-3.700000000000000000e+01
-3.600000000000000000e+01
-3.500000000000000000e+01
-3.400000000000000000e+01
-3.300000000000000000e+01
-3.200000000000000000e+01
-3.100000000000000000e+01
-3.000000000000000000e+01
-2.900000000000000000e+01
-2.800000000000000000e+01
-2.700000000000000000e+01
-2.600000000000000000e+01
-2.500000000000000000e+01
-2.400000000000000000e+01
-2.300000000000000000e+01
-2.200000000000000000e+01
-2.100000000000000000e+01
-2.000000000000000000e+01
-1.900000000000000000e+01
-1.800000000000000000e+01
-1.700000000000000000e+01
-1.600000000000000000e+01
-1.500000000000000000e+01
-1.400000000000000000e+01
-1.300000000000000000e+01
-1.200000000000000000e+01
-1.100000000000000000e+01
-1.000000000000000000e+01
-9.000000000000000000e+00
-8.000000000000000000e+00
-7.000000000000000000e+00
-6.000000000000000000e+00
-5.000000000000000000e+00
-4.000000000000000000e+00
-3.000000000000000000e+00
-2.000000000000000000e+00
-1.000000000000000000e+00
0.000000000000000000e+00
1.000000000000000000e+00
2.000000000000000000e+00
3.000000000000000000e+00
4.000000000000000000e+00
5.000000000000000000e+00
6.000000000000000000e+00
7.000000000000000000e+00
8.000000000000000000e+00
9.000000000000000000e+00
1.000000000000000000e+01
1.100000000000000000e+01
1.200000000000000000e+01
1.300000000000000000e+01
1.400000000000000000e+01
1.500000000000000000e+01
1.600000000000000000e+01
1.700000000000000000e+01
1.800000000000000000e+01
1.900000000000000000e+01
2.000000000000000000e+01
2.100000000000000000e+01
2.200000000000000000e+01
2.300000000000000000e+01
2.400000000000000000e+01
2.500000000000000000e+01
2.600000000000000000e+01
2.700000000000000000e+01
2.800000000000000000e+01
2.900000000000000000e+01
3.000000000000000000e+01
3.100000000000000000e+01
3.200000000000000000e+01
3.300000000000000000e+01
3.400000000000000000e+01
3.500000000000000000e+01
3.600000000000000000e+01
3.700000000000000000e+01
3.800000000000000000e+01
3.900000000000000000e+01
4.000000000000000000e+01
4.100000000000000000e+01
4.200000000000000000e+01
4.300000000000000000e+01
4.400000000000000000e+01
4.500000000000000000e+01
4.600000000000000000e+01
4.700000000000000000e+01
4.800000000000000000e+01
4.900000000000000000e+01
5.000000000000000000e+01
5.100000000000000000e+01
5.200000000000000000e+01
5.300000000000000000e+01
5.400000000000000000e+01
5.500000000000000000e+01
5.600000000000000000e+01
5.700000000000000000e+01
5.800000000000000000e+01
5.900000000000000000e+01
6.000000000000000000e+01
6.100000000000000000e+01
6.200000000000000000e+01
6.300000000000000000e+01
6.400000000000000000e+01
6.500000000000000000e+01
6.600000000000000000e+01
6.700000000000000000e+01
6.800000000000000000e+01
6.900000000000000000e+01
7.000000000000000000e+01
7.100000000000000000e+01
7.200000000000000000e+01
7.300000000000000000e+01
7.400000000000000000e+01
7.500000000000000000e+01
7.600000000000000000e+01
7.700000000000000000e+01
7.800000000000000000e+01
7.900000000000000000e+01
8.000000000000000000e+01
8.100000000000000000e+01
8.200000000000000000e+01
8.300000000000000000e+01
8.400000000000000000e+01
8.500000000000000000e+01
8.600000000000000000e+01
8.700000000000000000e+01
8.800000000000000000e+01
8.900000000000000000e+01
9.000000000000000000e+01
9.100000000000000000e+01
9.200000000000000000e+01
9.300000000000000000e+01
9.400000000000000000e+01
9.500000000000000000e+01
9.600000000000000000e+01
9.700000000000000000e+01
9.800000000000000000e+01
9.900000000000000000e+01
