single photon fraction:    0.4706
laser fraction:    0.1569
thermal source fraction:    0.1520
non-detected fraction:    0.2206
number of bins:  200.0000
bin width (ns):    1.0000
average detection events per bin: 5000.0000

# binary result
0.000000000000000000e+00

# g2 signal
9.559876348625413467e-01
9.977315693228463456e-01
1.012676928574066659e+00
9.930933543828125432e-01
1.043083004292066684e+00
1.009842463888490416e+00
9.768596020926938461e-01
9.987622837539650300e-01
1.026076216178609002e+00
1.002112105655100560e+00
1.010873178319608989e+00
1.022726394277473583e+00
1.001339069831761686e+00
1.001081391223981987e+00
9.655217433503887614e-01
1.004946570340676804e+00
1.003915855909558230e+00
1.009327106672931240e+00
1.033291217196439682e+00
9.871667464038803574e-01
1.007781035026253269e+00
1.005977284771795599e+00
9.982469265384057433e-01
1.035094967450897130e+00
9.974738907150667577e-01
1.003915855909558230e+00
1.050813362525456540e+00
9.820131742482870463e-01
9.851053175416429886e-01
1.011646214142948086e+00
9.796940667782702006e-01
9.956701404606090877e-01
9.678408508204057181e-01
9.833015672871854296e-01
1.003400498693998832e+00
1.008811749457371842e+00
1.004688891732897327e+00
9.820131742482870463e-01
1.000566034008422589e+00
1.009327106672931240e+00
1.007781035026253269e+00
1.025818537570829525e+00
9.961854976761684854e-01
1.011130856927388688e+00
9.902588896972361887e-01
1.001854427047320861e+00
9.812401384249480607e-01
1.002112105655100560e+00
9.951547832450498010e-01
9.897435324816769020e-01
9.954124618528294999e-01
1.002112105655100560e+00
9.938663902061515287e-01
1.011646214142948086e+00
9.701599582904226748e-01
1.005977284771795599e+00
9.905165683050158876e-01
9.920626399516938587e-01
1.013449964397405756e+00
1.002112105655100560e+00
1.014223000220744630e+00
9.881974608349989309e-01
1.016026750475202300e+00
1.000566034008422589e+00
1.011130856927388688e+00
1.001339069831761686e+00
1.007265677810693871e+00
9.887128180505582176e-01
1.028910680864185245e+00
9.933510329905921310e-01
1.003915855909558230e+00
9.977315693228463456e-01
1.026849252001948098e+00
9.608835284103549590e-01
9.835592458949650174e-01
9.680985294281854170e-01
1.022726394277473583e+00
9.747981732304565883e-01
1.009842463888490416e+00
1.013449964397405756e+00
1.002112105655100560e+00
9.948971046372701021e-01
9.894858538738972031e-01
9.856206747572023863e-01
9.936087115983718299e-01
1.001081391223981987e+00
1.006750320595134474e+00
9.869090677961006586e-01
1.003400498693998832e+00
9.918049613439141599e-01
9.905165683050158876e-01
1.012934607181846358e+00
1.007523356418473570e+00
9.799517453860497884e-01
1.016799786298541397e+00
1.000308355400643112e+00
1.013965321612964932e+00
9.997929981850837144e-01
9.887128180505582176e-01
1.029941395295304041e+00
5.725618664864061680e-01
9.959278190683887866e-01
9.845899603260837019e-01
9.822708528560667451e-01
1.034837288843117653e+00
1.005461927556236201e+00
9.812401384249480607e-01
1.003142820086219356e+00
1.009327106672931240e+00
1.020664965415236214e+00
1.026076216178609002e+00
1.002885141478439657e+00
9.948971046372701021e-01
1.016026750475202300e+00
1.004431213125117628e+00
1.001081391223981987e+00
1.020149608199676816e+00
1.010357821104049814e+00
1.013449964397405756e+00
9.954124618528294999e-01
9.974738907150667577e-01
1.001596748439541384e+00
9.941240688139311166e-01
9.985046051461853311e-01
1.019376572376337942e+00
1.019634250984117640e+00
9.902588896972361887e-01
9.951547832450498010e-01
9.928356757750328443e-01
9.977315693228463456e-01
1.020664965415236214e+00
1.005204248948456502e+00
9.995353195773040156e-01
1.012161571358507484e+00
1.013707643005185455e+00
9.753135304460158750e-01
9.943817474217108154e-01
9.848476389338634007e-01
1.035352646058676829e+00
9.907742469127955864e-01
9.724790657604396316e-01
1.022468715669693884e+00
9.791787095627108028e-01
9.941240688139311166e-01
1.005204248948456502e+00
1.021438001238575088e+00
1.019376572376337942e+00
1.002885141478439657e+00
1.001596748439541384e+00
1.022984072885253060e+00
1.003658177301778531e+00
9.915472827361345720e-01
1.014480678828524329e+00
9.809824598171684729e-01
1.005977284771795599e+00
9.879397822272193430e-01
1.008554070849592144e+00
9.881974608349989309e-01
9.920626399516938587e-01
9.964431762839480733e-01
1.003400498693998832e+00
1.016799786298541397e+00
9.856206747572023863e-01
1.014738357436304028e+00
9.918049613439141599e-01
1.007007999202914172e+00
1.009327106672931240e+00
1.003400498693998832e+00
1.020407286807456515e+00
9.719637085448803449e-01
1.004431213125117628e+00
1.002885141478439657e+00
1.002112105655100560e+00
9.959278190683887866e-01
1.024014787316371855e+00
9.794363881704905017e-01
1.011388535535168387e+00
9.925779971672531454e-01
9.848476389338634007e-01
9.809824598171684729e-01
1.019118893768558243e+00
9.920626399516938587e-01
1.000050676792863413e+00
1.005977284771795599e+00
9.874244250116599453e-01
1.022726394277473583e+00
1.012676928574066659e+00
1.005461927556236201e+00
1.017572822121880272e+00
9.943817474217108154e-01
9.925779971672531454e-01
9.874244250116599453e-01
1.003658177301778531e+00
1.016284429082981999e+00
9.887128180505582176e-01
1.003142820086219356e+00
1.016542107690761698e+00
9.948971046372701021e-01
1.010100142496270115e+00
1.002885141478439657e+00

# time bin value
-1.000000000000000000e+02
-9.900000000000000000e+01
-9.800000000000000000e+01
-9.700000000000000000e+01
-9.600000000000000000e+01
-9.500000000000000000e+01
-9.400000000000000000e+01
-9.300000000000000000e+01
-9.200000000000000000e+01
-9.100000000000000000e+01
-9.000000000000000000e+01
-8.900000000000000000e+01
-8.800000000000000000e+01
-8.700000000000000000e+01
-8.600000000000000000e+01
-8.500000000000000000e+01
-8.400000000000000000e+01
-8.300000000000000000e+01
-8.200000000000000000e+01
-8.100000000000000000e+01
-8.000000000000000000e+01
-7.900000000000000000e+01
-7.800000000000000000e+01
-7.700000000000000000e+01
-7.600000000000000000e+01
-7.500000000000000000e+01
-7.400000000000000000e+01
-7.300000000000000000e+01
-7.200000000000000000e+01
-7.100000000000000000e+01
-7.000000000000000000e+01
-6.900000000000000000e+01
-6.800000000000000000e+01
-6.700000000000000000e+01
-6.600000000000000000e+01
-6.500000000000000000e+01
-6.400000000000000000e+01
-6.300000000000000000e+01
-6.200000000000000000e+01
-6.100000000000000000e+01
-6.000000000000000000e+01
-5.900000000000000000e+01
-5.800000000000000000e+01
-5.700000000000000000e+01
-5.600000000000000000e+01
-5.500000000000000000e+01
-5.400000000000000000e+01
-5.300000000000000000e+01
-5.200000000000000000e+01
-5.100000000000000000e+01
-5.000000000000000000e+01
-4.900000000000000000e+01
-4.800000000000000000e+01
-4.700000000000000000e+01
-4.600000000000000000e+01
-4.500000000000000000e+01
-4.400000000000000000e+01
-4.300000000000000000e+01
-4.200000000000000000e+01
-4.100000000000000000e+01
-4.000000000000000000e+01
-3.900000000000000000e+01
-3.800000000000000000e+01
-3.700000000000000000e+01
-3.600000000000000000e+01
-3.500000000000000000e+01
-3.400000000000000000e+01
-3.300000000000000000e+01
-3.200000000000000000e+01
-3.100000000000000000e+01
-3.000000000000000000e+01
-2.900000000000000000e+01
-2.800000000000000000e+01
-2.700000000000000000e+01
-2.600000000000000000e+01
-2.500000000000000000e+01
-2.400000000000000000e+01
-2.300000000000000000e+01
-2.200000000000000000e+01
-2.100000000000000000e+01
-2.000000000000000000e+01
-1.900000000000000000e+01
-1.800000000000000000e+01
-1.700000000000000000e+01
-1.600000000000000000e+01
-1.500000000000000000e+01
-1.400000000000000000e+01
-1.300000000000000000e+01
-1.200000000000000000e+01
-1.100000000000000000e+01
-1.000000000000000000e+01
-9.000000000000000000e+00
-8.000000000000000000e+00
-7.000000000000000000e+00
-6.000000000000000000e+00
-5.000000000000000000e+00
-4.000000000000000000e+00
-3.000000000000000000e+00
-2.000000000000000000e+00
-1.000000000000000000e+00
0.000000000000000000e+00
1.000000000000000000e+00
2.000000000000000000e+00
3.000000000000000000e+00
4.000000000000000000e+00
5.000000000000000000e+00
6.000000000000000000e+00
7.000000000000000000e+00
8.000000000000000000e+00
9.000000000000000000e+00
1.000000000000000000e+01
1.100000000000000000e+01
1.200000000000000000e+01
1.300000000000000000e+01
1.400000000000000000e+01
1.500000000000000000e+01
1.600000000000000000e+01
1.700000000000000000e+01
1.800000000000000000e+01
1.900000000000000000e+01
2.000000000000000000e+01
2.100000000000000000e+01
2.200000000000000000e+01
2.300000000000000000e+01
2.400000000000000000e+01
2.500000000000000000e+01
2.600000000000000000e+01
2.700000000000000000e+01
2.800000000000000000e+01
2.900000000000000000e+01
3.000000000000000000e+01
3.100000000000000000e+01
3.200000000000000000e+01
3.300000000000000000e+01
3.400000000000000000e+01
3.500000000000000000e+01
3.600000000000000000e+01
3.700000000000000000e+01
3.800000000000000000e+01
3.900000000000000000e+01
4.000000000000000000e+01
4.100000000000000000e+01
4.200000000000000000e+01
4.300000000000000000e+01
4.400000000000000000e+01
4.500000000000000000e+01
4.600000000000000000e+01
4.700000000000000000e+01
4.800000000000000000e+01
4.900000000000000000e+01
5.000000000000000000e+01
5.100000000000000000e+01
5.200000000000000000e+01
5.300000000000000000e+01
5.400000000000000000e+01
5.500000000000000000e+01
5.600000000000000000e+01
5.700000000000000000e+01
5.800000000000000000e+01
5.900000000000000000e+01
6.000000000000000000e+01
6.100000000000000000e+01
6.200000000000000000e+01
6.300000000000000000e+01
6.400000000000000000e+01
6.500000000000000000e+01
6.600000000000000000e+01
6.700000000000000000e+01
6.800000000000000000e+01
6.900000000000000000e+01
7.000000000000000000e+01
7.100000000000000000e+01
7.200000000000000000e+01
7.300000000000000000e+01
7.400000000000000000e+01
7.500000000000000000e+01
7.600000000000000000e+01
7.700000000000000000e+01
7.800000000000000000e+01
7.900000000000000000e+01
8.000000000000000000e+01
8.100000000000000000e+01
8.200000000000000000e+01
8.300000000000000000e+01
8.400000000000000000e+01
8.500000000000000000e+01
8.600000000000000000e+01
8.700000000000000000e+01
8.800000000000000000e+01
8.900000000000000000e+01
9.000000000000000000e+01
9.100000000000000000e+01
9.200000000000000000e+01
9.300000000000000000e+01
9.400000000000000000e+01
9.500000000000000000e+01
9.600000000000000000e+01
9.700000000000000000e+01
9.800000000000000000e+01
9.900000000000000000e+01
