single photon fraction:    0.2634
laser fraction:    0.0878
thermal source fraction:    0.3435
non-detected fraction:    0.3053
number of bins:  200.0000
bin width (ns):    1.0000
average detection events per bin: 5000.0000

# binary result
0.000000000000000000e+00

# g2 signal
1.001823074919697909e+00
9.954567815493243765e-01
9.957461585207050270e-01
9.893798651503313835e-01
1.009346876175593932e+00
1.027577625372572800e+00
1.011083138003877613e+00
1.024394478687386201e+00
1.000665567034175529e+00
1.022368839887721759e+00
9.902479960644732238e-01
9.960355354920855664e-01
1.007031860404548951e+00
9.986399282345111983e-01
1.026998871429811722e+00
9.656509534971207120e-01
9.844604566368608811e-01
9.830135717799578510e-01
1.005006221604884731e+00
1.025262609601528041e+00
1.005584975547646032e+00
9.740428856671586866e-01
1.016581300460109416e+00
9.676765922967850431e-01
1.001244320976936608e+00
9.997974361200335780e-01
9.997974361200335780e-01
1.006163729490407110e+00
9.954567815493243765e-01
9.922736348641375548e-01
1.007610614347310252e+00
9.795410481233903788e-01
1.005584975547646032e+00
9.986399282345111983e-01
1.020921955030818618e+00
1.014845038631825735e+00
9.809879329802935199e-01
9.815666869230547098e-01
1.015134415603206275e+00
1.000376190062794768e+00
9.743322626385392260e-01
1.000376190062794768e+00
9.966142894348468673e-01
9.778047862951066982e-01
1.013108776803542055e+00
9.821454408658158997e-01
9.861967184651445617e-01
9.809879329802935199e-01
9.931417657782793951e-01
1.024105101716005439e+00
1.020343201088057539e+00
9.766472784095842075e-01
1.005874352519026571e+00
1.010793761032497073e+00
9.940098966924212354e-01
1.020921955030818618e+00
9.963249124634662168e-01
1.002112451891078670e+00
9.977717973203692470e-01
1.003559336747981590e+00
9.931417657782793951e-01
9.720172468674943556e-01
9.876436033220477029e-01
1.004138090690742890e+00
1.000376190062794768e+00
1.013108776803542055e+00
1.011951268918019453e+00
9.925630118355182052e-01
9.850392105796220710e-01
9.607315449836502097e-01
9.925630118355182052e-01
9.974824203489887076e-01
1.000954944005556069e+00
9.919842578927569043e-01
1.003848713719362351e+00
1.039442081199178247e+00
1.020053824116676777e+00
1.022658216859102298e+00
9.876436033220477029e-01
9.983505512631305479e-01
1.038284573313655645e+00
9.922736348641375548e-01
9.971930433776080571e-01
9.960355354920855664e-01
9.980611742917498974e-01
9.980611742917498974e-01
1.028156379315334101e+00
9.948780276065630757e-01
9.792516711520097283e-01
9.824348178371965501e-01
1.007321237375929712e+00
1.003848713719362351e+00
1.020632578059438078e+00
1.016581300460109416e+00
1.009057499204213393e+00
9.902479960644732238e-01
1.006742483433168411e+00
9.743322626385392260e-01
9.902479960644732238e-01
9.940098966924212354e-01
1.114680093758138701e+00
1.022368839887721759e+00
1.006163729490407110e+00
9.879329802934283533e-01
1.004716844633504191e+00
9.954567815493243765e-01
1.012819399832161515e+00
9.873542263506670524e-01
9.861967184651445617e-01
1.010215007089735773e+00
1.044072112741268210e+00
1.009057499204213393e+00
9.986399282345111983e-01
9.937205197210406959e-01
1.025262609601528041e+00
1.023236970801863599e+00
1.016291923488728877e+00
1.042914604855745608e+00
1.024683855658766740e+00
9.833029487513383904e-01
9.864860954365252121e-01
9.931417657782793951e-01
1.032207656914662763e+00
1.007899991318691013e+00
9.589952831553665291e-01
1.008189368290071553e+00
1.000376190062794768e+00
1.032207656914662763e+00
1.017449431374251256e+00
9.821454408658158997e-01
9.928523888068987446e-01
1.002980582805220511e+00
1.015713169545967576e+00
9.838817026940996913e-01
9.934311427496600455e-01
9.772260323523453973e-01
1.027577625372572800e+00
9.864860954365252121e-01
9.914055039499957145e-01
9.957461585207050270e-01
9.847498336082415316e-01
1.029313887200856703e+00
9.905373730358538742e-01
9.595740370981278300e-01
9.798304250947710292e-01
9.974824203489887076e-01
9.818560638944353602e-01
1.023526347773244360e+00
9.896692421217120339e-01
9.833029487513383904e-01
1.014845038631825735e+00
1.000954944005556069e+00
1.017160054402870717e+00
1.000376190062794768e+00
1.024105101716005439e+00
9.989293052058917377e-01
9.838817026940996913e-01
9.937205197210406959e-01
1.014845038631825735e+00
9.778047862951066982e-01
9.934311427496600455e-01
9.963249124634662168e-01
1.008189368290071553e+00
9.754897705240617167e-01
9.636253146974563810e-01
1.007899991318691013e+00
1.005295598576265270e+00
1.004716844633504191e+00
1.007899991318691013e+00
9.893798651503313835e-01
9.890904881789507330e-01
1.003269959776601050e+00
1.001823074919697909e+00
1.008768122232832853e+00
1.002401828862459210e+00
1.019475070173915698e+00
9.873542263506670524e-01
1.028445756286714863e+00
9.711491159533525153e-01
1.021790085944960458e+00
9.587059061839858787e-01
1.007321237375929712e+00
1.011951268918019453e+00
9.856179645223833719e-01
9.995080591486530386e-01
1.008768122232832853e+00
1.002980582805220511e+00
9.937205197210406959e-01
9.971930433776080571e-01
9.847498336082415316e-01
9.925630118355182052e-01
1.004427467662123430e+00
9.922736348641375548e-01
1.002691205833839749e+00
1.016291923488728877e+00
9.911161269786150640e-01
9.989293052058917377e-01
1.002980582805220511e+00
9.876436033220477029e-01
9.725960008102555454e-01

# time bin value
-1.000000000000000000e+02
-9.900000000000000000e+01
-9.800000000000000000e+01
-9.700000000000000000e+01
-9.600000000000000000e+01
-9.500000000000000000e+01
-9.400000000000000000e+01
-9.300000000000000000e+01
-9.200000000000000000e+01
-9.100000000000000000e+01
-9.000000000000000000e+01
-8.900000000000000000e+01
-8.800000000000000000e+01
-8.700000000000000000e+01
-8.600000000000000000e+01
-8.500000000000000000e+01
-8.400000000000000000e+01
-8.300000000000000000e+01
-8.200000000000000000e+01
-8.100000000000000000e+01
-8.000000000000000000e+01
-7.900000000000000000e+01
-7.800000000000000000e+01
-7.700000000000000000e+01
-7.600000000000000000e+01
-7.500000000000000000e+01
-7.400000000000000000e+01
-7.300000000000000000e+01
-7.200000000000000000e+01
-7.100000000000000000e+01
-7.000000000000000000e+01
-6.900000000000000000e+01
-6.800000000000000000e+01
-6.700000000000000000e+01
-6.600000000000000000e+01
-6.500000000000000000e+01
-6.400000000000000000e+01
-6.300000000000000000e+01
-6.200000000000000000e+01
-6.100000000000000000e+01
-6.000000000000000000e+01
-5.900000000000000000e+01
-5.800000000000000000e+01
-5.700000000000000000e+01
-5.600000000000000000e+01
-5.500000000000000000e+01
-5.400000000000000000e+01
-5.300000000000000000e+01
-5.200000000000000000e+01
-5.100000000000000000e+01
-5.000000000000000000e+01
-4.900000000000000000e+01
-4.800000000000000000e+01
-4.700000000000000000e+01
-4.600000000000000000e+01
-4.500000000000000000e+01
-4.400000000000000000e+01
-4.300000000000000000e+01
-4.200000000000000000e+01
-4.100000000000000000e+01
-4.000000000000000000e+01
-3.900000000000000000e+01
-3.800000000000000000e+01
-3.700000000000000000e+01
-3.600000000000000000e+01
-3.500000000000000000e+01
-3.400000000000000000e+01
-3.300000000000000000e+01
-3.200000000000000000e+01
-3.100000000000000000e+01
-3.000000000000000000e+01
-2.900000000000000000e+01
-2.800000000000000000e+01
-2.700000000000000000e+01
-2.600000000000000000e+01
-2.500000000000000000e+01
-2.400000000000000000e+01
-2.300000000000000000e+01
-2.200000000000000000e+01
-2.100000000000000000e+01
-2.000000000000000000e+01
-1.900000000000000000e+01
-1.800000000000000000e+01
-1.700000000000000000e+01
-1.600000000000000000e+01
-1.500000000000000000e+01
-1.400000000000000000e+01
-1.300000000000000000e+01
-1.200000000000000000e+01
-1.100000000000000000e+01
-1.000000000000000000e+01
-9.000000000000000000e+00
-8.000000000000000000e+00
-7.000000000000000000e+00
-6.000000000000000000e+00
-5.000000000000000000e+00
-4.000000000000000000e+00
-3.000000000000000000e+00
-2.000000000000000000e+00
-1.000000000000000000e+00
0.000000000000000000e+00
1.000000000000000000e+00
2.000000000000000000e+00
3.000000000000000000e+00
4.000000000000000000e+00
5.000000000000000000e+00
6.000000000000000000e+00
7.000000000000000000e+00
8.000000000000000000e+00
9.000000000000000000e+00
1.000000000000000000e+01
1.100000000000000000e+01
1.200000000000000000e+01
1.300000000000000000e+01
1.400000000000000000e+01
1.500000000000000000e+01
1.600000000000000000e+01
1.700000000000000000e+01
1.800000000000000000e+01
1.900000000000000000e+01
2.000000000000000000e+01
2.100000000000000000e+01
2.200000000000000000e+01
2.300000000000000000e+01
2.400000000000000000e+01
2.500000000000000000e+01
2.600000000000000000e+01
2.700000000000000000e+01
2.800000000000000000e+01
2.900000000000000000e+01
3.000000000000000000e+01
3.100000000000000000e+01
3.200000000000000000e+01
3.300000000000000000e+01
3.400000000000000000e+01
3.500000000000000000e+01
3.600000000000000000e+01
3.700000000000000000e+01
3.800000000000000000e+01
3.900000000000000000e+01
4.000000000000000000e+01
4.100000000000000000e+01
4.200000000000000000e+01
4.300000000000000000e+01
4.400000000000000000e+01
4.500000000000000000e+01
4.600000000000000000e+01
4.700000000000000000e+01
4.800000000000000000e+01
4.900000000000000000e+01
5.000000000000000000e+01
5.100000000000000000e+01
5.200000000000000000e+01
5.300000000000000000e+01
5.400000000000000000e+01
5.500000000000000000e+01
5.600000000000000000e+01
5.700000000000000000e+01
5.800000000000000000e+01
5.900000000000000000e+01
6.000000000000000000e+01
6.100000000000000000e+01
6.200000000000000000e+01
6.300000000000000000e+01
6.400000000000000000e+01
6.500000000000000000e+01
6.600000000000000000e+01
6.700000000000000000e+01
6.800000000000000000e+01
6.900000000000000000e+01
7.000000000000000000e+01
7.100000000000000000e+01
7.200000000000000000e+01
7.300000000000000000e+01
7.400000000000000000e+01
7.500000000000000000e+01
7.600000000000000000e+01
7.700000000000000000e+01
7.800000000000000000e+01
7.900000000000000000e+01
8.000000000000000000e+01
8.100000000000000000e+01
8.200000000000000000e+01
8.300000000000000000e+01
8.400000000000000000e+01
8.500000000000000000e+01
8.600000000000000000e+01
8.700000000000000000e+01
8.800000000000000000e+01
8.900000000000000000e+01
9.000000000000000000e+01
9.100000000000000000e+01
9.200000000000000000e+01
9.300000000000000000e+01
9.400000000000000000e+01
9.500000000000000000e+01
9.600000000000000000e+01
9.700000000000000000e+01
9.800000000000000000e+01
9.900000000000000000e+01
