single photon fraction:    0.5052
laser fraction:    0.1495
thermal source fraction:    0.2732
non-detected fraction:    0.0722
number of bins:  200.0000
bin width (ns):    1.0000
average detection events per bin: 5000.0000

# binary result
0.000000000000000000e+00

# g2 signal
1.020910643642343851e+00
1.021559527526014755e+00
1.003390778783227244e+00
9.739747093901427455e-01
1.018747697363440397e+00
9.925760473887109692e-01
1.014854394061414533e+00
9.919271635050399549e-01
1.024371357688589113e+00
9.847894407846591314e-01
9.945226990397239009e-01
1.000795243248543409e+00
9.854383246683301456e-01
1.003823368039007846e+00
9.943064044118334888e-01
1.002093011015885216e+00
9.997137701090916817e-01
9.904131011098076254e-01
1.014854394061414533e+00
9.960367614349561194e-01
1.029129839502176180e+00
1.020694349014453550e+00
1.004472251922678971e+00
1.019180286619221221e+00
9.746235932738137597e-01
1.012258858526730698e+00
9.679184598092136493e-01
1.024587652316479414e+00
1.026534303967492345e+00
9.854383246683301456e-01
1.016584751084537164e+00
1.013556626294072727e+00
9.858709139241107478e-01
9.841405569009881171e-01
9.906293957376979264e-01
1.014854394061414533e+00
9.888990387145754068e-01
1.012907742410401601e+00
1.010095912247827465e+00
9.975508238301884489e-01
9.772191288084977057e-01
1.032374258920531140e+00
1.011177385387278971e+00
9.884664494587946937e-01
9.930086366444915713e-01
1.024803946944369715e+00
1.005553725062130477e+00
9.986322969696400653e-01
1.004688546550569272e+00
1.000578948620653108e+00
1.009447028364156340e+00
1.010744796131498369e+00
9.856546192962204467e-01
9.906293957376979264e-01
1.000362653992762807e+00
9.865197978077817620e-01
1.006202608945801602e+00
1.024155063060698589e+00
9.858709139241107478e-01
9.914945742492592418e-01
1.003390778783227244e+00
9.759213610411557882e-01
9.852220300404398445e-01
9.720280577391298138e-01
9.726769416228008280e-01
9.895479225982463101e-01
1.032806848176311743e+00
9.921434581329302560e-01
1.032806848176311743e+00
1.002958189527446642e+00
1.012475153154620999e+00
1.001011537876433710e+00
1.019180286619221221e+00
9.819776106220848844e-01
9.664043974139813198e-01
1.027399482479053550e+00
9.906293957376979264e-01
9.906293957376979264e-01
9.748398879017040608e-01
1.020478054386563027e+00
9.932249312723818724e-01
9.990648862254207785e-01
9.945226990397239009e-01
1.000578948620653108e+00
1.012475153154620999e+00
1.010961090759388670e+00
1.007500376713143408e+00
9.934412259002722845e-01
9.904131011098076254e-01
9.811124321105235691e-01
9.927923420166012702e-01
9.964693506907368326e-01
1.001227832504324011e+00
9.860872085520011598e-01
9.824101998778655975e-01
9.964693506907368326e-01
1.017233634968208289e+00
9.757050664132653761e-01
9.802472535989622537e-01
9.956041721791755172e-01
7.418905736638218285e-01
9.847894407846591314e-01
9.999300647369820938e-01
1.003607073411117545e+00
1.006418903573691903e+00
9.813287267384138701e-01
9.880338602030140915e-01
1.025236536200150317e+00
9.856546192962204467e-01
9.763539502969363904e-01
9.938738151560528866e-01
1.003607073411117545e+00
1.025669125455930919e+00
9.947389936676142019e-01
1.011609974643059795e+00
1.006418903573691903e+00
9.919271635050399549e-01
1.013340331666182426e+00
9.990648862254207785e-01
9.804635482268525548e-01
9.789494858316203363e-01
1.004472251922678971e+00
9.999300647369820938e-01
1.015286983317195357e+00
9.741910040180331576e-01
9.880338602030140915e-01
9.973345292022981479e-01
9.925760473887109692e-01
1.012258858526730698e+00
9.646740403908586892e-01
9.847894407846591314e-01
1.036267562222557004e+00
1.003174484155336943e+00
9.997137701090916817e-01
9.964693506907368326e-01
1.004039662666898147e+00
1.012907742410401601e+00
1.006418903573691903e+00
1.009014439108375738e+00
9.932249312723818724e-01
9.873849763193430773e-01
9.936575205281625855e-01
9.951715829233948041e-01
1.026750598595382646e+00
1.003174484155336943e+00
1.009014439108375738e+00
1.015935867200866261e+00
9.921434581329302560e-01
1.005770019690020778e+00
1.014421804805633931e+00
9.856546192962204467e-01
9.927923420166012702e-01
1.011177385387278971e+00
1.002741894899556341e+00
9.800309589710719527e-01
1.017449929596098590e+00
1.010312206875717767e+00
1.003390778783227244e+00
9.677021651813233483e-01
1.004255957294788670e+00
1.008365555224704835e+00
1.003390778783227244e+00
9.860872085520011598e-01
1.008581849852595136e+00
9.973345292022981479e-01
1.010961090759388670e+00
1.014205510177743630e+00
9.811124321105235691e-01
9.850057354125494324e-01
9.795983697152913505e-01
9.914945742492592418e-01
1.033023142804202044e+00
9.994974754812013806e-01
1.012475153154620999e+00
9.964693506907368326e-01
9.917108688771496539e-01
9.893316279703560090e-01
9.981997077138594632e-01
1.003390778783227244e+00
9.908456903655883385e-01
1.000362653992762807e+00
1.001011537876433710e+00
1.004472251922678971e+00
1.002741894899556341e+00
1.016368456456646863e+00
9.910619849934786396e-01
1.010961090759388670e+00
1.004688546550569272e+00
9.997137701090916817e-01
9.845731461567688303e-01
9.891153333424657079e-01
9.945226990397239009e-01
9.891153333424657079e-01
1.005770019690020778e+00
1.007284082085253107e+00
1.016584751084537164e+00
1.021992116781795357e+00
1.019829170502892124e+00
9.759213610411557882e-01
9.964693506907368326e-01

# time bin value
-1.000000000000000000e+02
-9.900000000000000000e+01
-9.800000000000000000e+01
-9.700000000000000000e+01
-9.600000000000000000e+01
-9.500000000000000000e+01
-9.400000000000000000e+01
-9.300000000000000000e+01
-9.200000000000000000e+01
-9.100000000000000000e+01
-9.000000000000000000e+01
-8.900000000000000000e+01
-8.800000000000000000e+01
-8.700000000000000000e+01
-8.600000000000000000e+01
-8.500000000000000000e+01
-8.400000000000000000e+01
-8.300000000000000000e+01
-8.200000000000000000e+01
-8.100000000000000000e+01
-8.000000000000000000e+01
-7.900000000000000000e+01
-7.800000000000000000e+01
-7.700000000000000000e+01
-7.600000000000000000e+01
-7.500000000000000000e+01
-7.400000000000000000e+01
-7.300000000000000000e+01
-7.200000000000000000e+01
-7.100000000000000000e+01
-7.000000000000000000e+01
-6.900000000000000000e+01
-6.800000000000000000e+01
-6.700000000000000000e+01
-6.600000000000000000e+01
-6.500000000000000000e+01
-6.400000000000000000e+01
-6.300000000000000000e+01
-6.200000000000000000e+01
-6.100000000000000000e+01
-6.000000000000000000e+01
-5.900000000000000000e+01
-5.800000000000000000e+01
-5.700000000000000000e+01
-5.600000000000000000e+01
-5.500000000000000000e+01
-5.400000000000000000e+01
-5.300000000000000000e+01
-5.200000000000000000e+01
-5.100000000000000000e+01
-5.000000000000000000e+01
-4.900000000000000000e+01
-4.800000000000000000e+01
-4.700000000000000000e+01
-4.600000000000000000e+01
-4.500000000000000000e+01
-4.400000000000000000e+01
-4.300000000000000000e+01
-4.200000000000000000e+01
-4.100000000000000000e+01
-4.000000000000000000e+01
-3.900000000000000000e+01
-3.800000000000000000e+01
-3.700000000000000000e+01
-3.600000000000000000e+01
-3.500000000000000000e+01
-3.400000000000000000e+01
-3.300000000000000000e+01
-3.200000000000000000e+01
-3.100000000000000000e+01
-3.000000000000000000e+01
-2.900000000000000000e+01
-2.800000000000000000e+01
-2.700000000000000000e+01
-2.600000000000000000e+01
-2.500000000000000000e+01
-2.400000000000000000e+01
-2.300000000000000000e+01
-2.200000000000000000e+01
-2.100000000000000000e+01
-2.000000000000000000e+01
-1.900000000000000000e+01
-1.800000000000000000e+01
-1.700000000000000000e+01
-1.600000000000000000e+01
-1.500000000000000000e+01
-1.400000000000000000e+01
-1.300000000000000000e+01
-1.200000000000000000e+01
-1.100000000000000000e+01
-1.000000000000000000e+01
-9.000000000000000000e+00
-8.000000000000000000e+00
-7.000000000000000000e+00
-6.000000000000000000e+00
-5.000000000000000000e+00
-4.000000000000000000e+00
-3.000000000000000000e+00
-2.000000000000000000e+00
-1.000000000000000000e+00
0.000000000000000000e+00
1.000000000000000000e+00
2.000000000000000000e+00
3.000000000000000000e+00
4.000000000000000000e+00
5.000000000000000000e+00
6.000000000000000000e+00
7.000000000000000000e+00
8.000000000000000000e+00
9.000000000000000000e+00
1.000000000000000000e+01
1.100000000000000000e+01
1.200000000000000000e+01
1.300000000000000000e+01
1.400000000000000000e+01
1.500000000000000000e+01
1.600000000000000000e+01
1.700000000000000000e+01
1.800000000000000000e+01
1.900000000000000000e+01
2.000000000000000000e+01
2.100000000000000000e+01
2.200000000000000000e+01
2.300000000000000000e+01
2.400000000000000000e+01
2.500000000000000000e+01
2.600000000000000000e+01
2.700000000000000000e+01
2.800000000000000000e+01
2.900000000000000000e+01
3.000000000000000000e+01
3.100000000000000000e+01
3.200000000000000000e+01
3.300000000000000000e+01
3.400000000000000000e+01
3.500000000000000000e+01
3.600000000000000000e+01
3.700000000000000000e+01
3.800000000000000000e+01
3.900000000000000000e+01
4.000000000000000000e+01
4.100000000000000000e+01
4.200000000000000000e+01
4.300000000000000000e+01
4.400000000000000000e+01
4.500000000000000000e+01
4.600000000000000000e+01
4.700000000000000000e+01
4.800000000000000000e+01
4.900000000000000000e+01
5.000000000000000000e+01
5.100000000000000000e+01
5.200000000000000000e+01
5.300000000000000000e+01
5.400000000000000000e+01
5.500000000000000000e+01
5.600000000000000000e+01
5.700000000000000000e+01
5.800000000000000000e+01
5.900000000000000000e+01
6.000000000000000000e+01
6.100000000000000000e+01
6.200000000000000000e+01
6.300000000000000000e+01
6.400000000000000000e+01
6.500000000000000000e+01
6.600000000000000000e+01
6.700000000000000000e+01
6.800000000000000000e+01
6.900000000000000000e+01
7.000000000000000000e+01
7.100000000000000000e+01
7.200000000000000000e+01
7.300000000000000000e+01
7.400000000000000000e+01
7.500000000000000000e+01
7.600000000000000000e+01
7.700000000000000000e+01
7.800000000000000000e+01
7.900000000000000000e+01
8.000000000000000000e+01
8.100000000000000000e+01
8.200000000000000000e+01
8.300000000000000000e+01
8.400000000000000000e+01
8.500000000000000000e+01
8.600000000000000000e+01
8.700000000000000000e+01
8.800000000000000000e+01
8.900000000000000000e+01
9.000000000000000000e+01
9.100000000000000000e+01
9.200000000000000000e+01
9.300000000000000000e+01
9.400000000000000000e+01
9.500000000000000000e+01
9.600000000000000000e+01
9.700000000000000000e+01
9.800000000000000000e+01
9.900000000000000000e+01
