single photon fraction:    0.5590
laser fraction:    0.1988
thermal source fraction:    0.0621
non-detected fraction:    0.1801
number of bins:  200.0000
bin width (ns):    1.0000
average detection events per bin: 5000.0000

# binary result
1.000000000000000000e+00

# g2 signal
9.991663407420954268e-01
9.927975432772034869e-01
1.021947039366516874e+00
9.994112944907451723e-01
1.002840646971840943e+00
1.006514953201586238e+00
9.776104108609224852e-01
1.021947039366516874e+00
9.908379132880059670e-01
1.007249814447535252e+00
1.000636063233993678e+00
9.974516645015476524e-01
1.028560790580058670e+00
1.019497501880019863e+00
9.820195783366170161e-01
1.022681900612465888e+00
9.781003183582218652e-01
9.881434220528593215e-01
9.910828670366556015e-01
9.996562482393948068e-01
9.795700408501201162e-01
9.768755496149734707e-01
9.754058271230753308e-01
1.010924120677280769e+00
1.001615878228592438e+00
1.008229629442134012e+00
9.790801333528207362e-01
9.957369882609997669e-01
1.001370924479942692e+00
1.000146155736694187e+00
1.010679166928631023e+00
1.004065415715089227e+00
1.032725004307103234e+00
9.913278207853053470e-01
9.905929595393562215e-01
9.967168032555985269e-01
1.013618611912427303e+00
1.011658981923229783e+00
9.903480057907065870e-01
1.010189259431331532e+00
1.014353473158376318e+00
9.954920345123501324e-01
9.989213869934457923e-01
1.012883750666478289e+00
9.999012019880445523e-01
1.030520420569256190e+00
9.935324045231525014e-01
1.019987409377319354e+00
1.012148889420529274e+00
9.996562482393948068e-01
9.866736995609611816e-01
1.000881016982643423e+00
9.967168032555985269e-01
1.027580975585459688e+00
9.847140695717636616e-01
1.005535138206987478e+00
9.954920345123501324e-01
9.903480057907065870e-01
1.010924120677280769e+00
1.007004860698885729e+00
9.832443470798654106e-01
1.018517686885421103e+00
1.008964490688083249e+00
1.003575508217789958e+00
1.009454398185382518e+00
1.000636063233993678e+00
9.690370296581832799e-01
9.712416133960305453e-01
9.994112944907451723e-01
9.861837920636618016e-01
9.514003597554054892e-01
1.010189259431331532e+00
1.019007594382720594e+00
9.707517058987311653e-01
9.925525895285537414e-01
9.937773582718022469e-01
9.758957346203747107e-01
1.015578241901624823e+00
9.683021684122342654e-01
1.005535138206987478e+00
9.638930009365397344e-01
9.883883758015089560e-01
1.018517686885421103e+00
9.984314794961464123e-01
1.007984675693484489e+00
1.027825929334109434e+00
1.032969958055752979e+00
1.006025045704286969e+00
1.022926854361115634e+00
1.021947039366516874e+00
1.007739721944834743e+00
1.011169074425930292e+00
9.768755496149734707e-01
1.000636063233993678e+00
9.954920345123501324e-01
1.010679166928631023e+00
1.002350739474541452e+00
1.008474583190783758e+00
1.026601160590860928e+00
1.024396576853013885e+00
3.725746516961822019e-01
1.028560790580058670e+00
9.999012019880445523e-01
1.022681900612465888e+00
1.013863565661077049e+00
1.006025045704286969e+00
9.891232370474580815e-01
1.015088334404325554e+00
1.007004860698885729e+00
1.033949773050351739e+00
1.016803010644873329e+00
9.925525895285537414e-01
1.009944305682682009e+00
9.871636070582605615e-01
9.807948095933685106e-01
1.005535138206987478e+00
1.033214911804402725e+00
1.034684634296300976e+00
1.006514953201586238e+00
9.996562482393948068e-01
1.013618611912427303e+00
9.695269371554826598e-01
9.984314794961464123e-01
1.010679166928631023e+00
1.009944305682682009e+00
9.874085608069101960e-01
1.033704819301701994e+00
9.807948095933685106e-01
9.888782832988083360e-01
9.910828670366556015e-01
1.006025045704286969e+00
1.011414028174580038e+00
1.002105785725891707e+00
9.976966182501972868e-01
1.027091068088160419e+00
1.002840646971840943e+00
9.793250871014703707e-01
9.837342545771647906e-01
9.734461971338778108e-01
1.019987409377319354e+00
9.883883758015089560e-01
1.011414028174580038e+00
9.776104108609224852e-01
9.991663407420954268e-01
1.019742455628669608e+00
1.007249814447535252e+00
1.012393843169178798e+00
9.952470807637003869e-01
1.001125970731292947e+00
1.005780091955637223e+00
1.001125970731292947e+00
9.945122195177512614e-01
9.947571732664010069e-01
1.006269999452936492e+00
1.007984675693484489e+00
9.986764332447960468e-01
9.842241620744642816e-01
1.002595693223191198e+00
9.920626820312543614e-01
1.019987409377319354e+00
1.009209444436732772e+00
9.940223120204518814e-01
9.994112944907451723e-01
1.003820461966439703e+00
1.006514953201586238e+00
9.839792083258145361e-01
1.007004860698885729e+00
9.976966182501972868e-01
9.888782832988083360e-01
9.883883758015089560e-01
9.945122195177512614e-01
9.927975432772034869e-01
1.008719536939433503e+00
9.920626820312543614e-01
1.023906669355714394e+00
1.002105785725891707e+00
9.976966182501972868e-01
1.035419495542249990e+00
1.005045230709687987e+00
1.009699351934032263e+00
1.018517686885421103e+00
9.945122195177512614e-01
9.945122195177512614e-01
9.842241620744642816e-01
1.029295651826007685e+00
9.773654571122728507e-01
9.827544395825660306e-01
1.003085600720490467e+00
1.015823195650274569e+00
1.003820461966439703e+00
9.925525895285537414e-01
1.007494768196184998e+00
9.974516645015476524e-01
1.026601160590860928e+00
9.972067107528979069e-01
1.019497501880019863e+00
1.030765374317905714e+00
9.999012019880445523e-01
1.005535138206987478e+00
1.042768108001740801e+00

# time bin value
-1.000000000000000000e+02
-9.900000000000000000e+01
-9.800000000000000000e+01
-9.700000000000000000e+01
-9.600000000000000000e+01
-9.500000000000000000e+01
-9.400000000000000000e+01
-9.300000000000000000e+01
-9.200000000000000000e+01
-9.100000000000000000e+01
-9.000000000000000000e+01
-8.900000000000000000e+01
-8.800000000000000000e+01
-8.700000000000000000e+01
-8.600000000000000000e+01
-8.500000000000000000e+01
-8.400000000000000000e+01
-8.300000000000000000e+01
-8.200000000000000000e+01
-8.100000000000000000e+01
-8.000000000000000000e+01
-7.900000000000000000e+01
-7.800000000000000000e+01
-7.700000000000000000e+01
-7.600000000000000000e+01
-7.500000000000000000e+01
-7.400000000000000000e+01
-7.300000000000000000e+01
-7.200000000000000000e+01
-7.100000000000000000e+01
-7.000000000000000000e+01
-6.900000000000000000e+01
-6.800000000000000000e+01
-6.700000000000000000e+01
-6.600000000000000000e+01
-6.500000000000000000e+01
-6.400000000000000000e+01
-6.300000000000000000e+01
-6.200000000000000000e+01
-6.100000000000000000e+01
-6.000000000000000000e+01
-5.900000000000000000e+01
-5.800000000000000000e+01
-5.700000000000000000e+01
-5.600000000000000000e+01
-5.500000000000000000e+01
-5.400000000000000000e+01
-5.300000000000000000e+01
-5.200000000000000000e+01
-5.100000000000000000e+01
-5.000000000000000000e+01
-4.900000000000000000e+01
-4.800000000000000000e+01
-4.700000000000000000e+01
-4.600000000000000000e+01
-4.500000000000000000e+01
-4.400000000000000000e+01
-4.300000000000000000e+01
-4.200000000000000000e+01
-4.100000000000000000e+01
-4.000000000000000000e+01
-3.900000000000000000e+01
-3.800000000000000000e+01
-3.700000000000000000e+01
-3.600000000000000000e+01
-3.500000000000000000e+01
-3.400000000000000000e+01
-3.300000000000000000e+01
-3.200000000000000000e+01
-3.100000000000000000e+01
-3.000000000000000000e+01
-2.900000000000000000e+01
-2.800000000000000000e+01
-2.700000000000000000e+01
-2.600000000000000000e+01
-2.500000000000000000e+01
-2.400000000000000000e+01
-2.300000000000000000e+01
-2.200000000000000000e+01
-2.100000000000000000e+01
-2.000000000000000000e+01
-1.900000000000000000e+01
-1.800000000000000000e+01
-1.700000000000000000e+01
-1.600000000000000000e+01
-1.500000000000000000e+01
-1.400000000000000000e+01
-1.300000000000000000e+01
-1.200000000000000000e+01
-1.100000000000000000e+01
-1.000000000000000000e+01
-9.000000000000000000e+00
-8.000000000000000000e+00
-7.000000000000000000e+00
-6.000000000000000000e+00
-5.000000000000000000e+00
-4.000000000000000000e+00
-3.000000000000000000e+00
-2.000000000000000000e+00
-1.000000000000000000e+00
0.000000000000000000e+00
1.000000000000000000e+00
2.000000000000000000e+00
3.000000000000000000e+00
4.000000000000000000e+00
5.000000000000000000e+00
6.000000000000000000e+00
7.000000000000000000e+00
8.000000000000000000e+00
9.000000000000000000e+00
1.000000000000000000e+01
1.100000000000000000e+01
1.200000000000000000e+01
1.300000000000000000e+01
1.400000000000000000e+01
1.500000000000000000e+01
1.600000000000000000e+01
1.700000000000000000e+01
1.800000000000000000e+01
1.900000000000000000e+01
2.000000000000000000e+01
2.100000000000000000e+01
2.200000000000000000e+01
2.300000000000000000e+01
2.400000000000000000e+01
2.500000000000000000e+01
2.600000000000000000e+01
2.700000000000000000e+01
2.800000000000000000e+01
2.900000000000000000e+01
3.000000000000000000e+01
3.100000000000000000e+01
3.200000000000000000e+01
3.300000000000000000e+01
3.400000000000000000e+01
3.500000000000000000e+01
3.600000000000000000e+01
3.700000000000000000e+01
3.800000000000000000e+01
3.900000000000000000e+01
4.000000000000000000e+01
4.100000000000000000e+01
4.200000000000000000e+01
4.300000000000000000e+01
4.400000000000000000e+01
4.500000000000000000e+01
4.600000000000000000e+01
4.700000000000000000e+01
4.800000000000000000e+01
4.900000000000000000e+01
5.000000000000000000e+01
5.100000000000000000e+01
5.200000000000000000e+01
5.300000000000000000e+01
5.400000000000000000e+01
5.500000000000000000e+01
5.600000000000000000e+01
5.700000000000000000e+01
5.800000000000000000e+01
5.900000000000000000e+01
6.000000000000000000e+01
6.100000000000000000e+01
6.200000000000000000e+01
6.300000000000000000e+01
6.400000000000000000e+01
6.500000000000000000e+01
6.600000000000000000e+01
6.700000000000000000e+01
6.800000000000000000e+01
6.900000000000000000e+01
7.000000000000000000e+01
7.100000000000000000e+01
7.200000000000000000e+01
7.300000000000000000e+01
7.400000000000000000e+01
7.500000000000000000e+01
7.600000000000000000e+01
7.700000000000000000e+01
7.800000000000000000e+01
7.900000000000000000e+01
8.000000000000000000e+01
8.100000000000000000e+01
8.200000000000000000e+01
8.300000000000000000e+01
8.400000000000000000e+01
8.500000000000000000e+01
8.600000000000000000e+01
8.700000000000000000e+01
8.800000000000000000e+01
8.900000000000000000e+01
9.000000000000000000e+01
9.100000000000000000e+01
9.200000000000000000e+01
9.300000000000000000e+01
9.400000000000000000e+01
9.500000000000000000e+01
9.600000000000000000e+01
9.700000000000000000e+01
9.800000000000000000e+01
9.900000000000000000e+01
