single photon fraction:    0.3780
laser fraction:    0.0407
thermal source fraction:    0.3293
non-detected fraction:    0.2520
number of bins:  200.0000
bin width (ns):    1.0000
average detection events per bin: 5000.0000

# binary result
0.000000000000000000e+00

# g2 signal
1.023572701146852504e+00
1.016320939685040781e+00
1.008800594465383949e+00
1.010412097012453270e+00
1.009606345738918609e+00
1.003697503066331098e+00
1.006114756886935080e+00
1.010680680770298157e+00
9.840908887436546904e-01
1.009874929496763496e+00
9.819422186808955955e-01
9.953714065731397165e-01
1.011755015801677704e+00
9.908054826897767509e-01
9.848966400171893509e-01
1.011217848285987930e+00
9.948342390574500538e-01
1.013366518348747025e+00
9.553524266542520182e-01
9.867767263221034479e-01
1.014709437137971459e+00
1.015515188411506120e+00
9.897311476583972034e-01
1.002891751792796438e+00
9.609926855689946423e-01
9.816736349230507086e-01
1.016589523442885667e+00
9.932227365103807326e-01
1.003160335550641324e+00
1.013903685864436799e+00
1.007726259434004401e+00
1.026258538725301372e+00
1.003160335550641324e+00
9.840908887436546904e-01
1.006383340644779967e+00
9.752276247347734239e-01
1.004234670582020872e+00
1.017395274716420328e+00
1.005846173129090193e+00
1.030018711335129789e+00
9.996687466986579063e-01
9.902683151740869771e-01
1.023841284904697391e+00
9.840908887436546904e-01
9.937599040260705063e-01
1.005577589371245306e+00
1.002354584277106664e+00
9.848966400171893509e-01
9.784506298289120663e-01
1.014172269622281686e+00
1.008532010707539062e+00
9.977886603937436982e-01
1.013903685864436799e+00
9.792563811024467268e-01
9.881196451113278822e-01
1.004234670582020872e+00
9.881196451113278822e-01
9.800621323759813874e-01
1.006114756886935080e+00
1.008800594465383949e+00
9.988629954251232457e-01
1.003160335550641324e+00
1.004234670582020872e+00
9.816736349230507086e-01
9.916112339633114114e-01
9.985944116672783588e-01
9.921484014790011852e-01
1.006114756886935080e+00
9.814050511652058217e-01
9.867767263221034479e-01
1.004771838097710646e+00
9.932227365103807326e-01
9.797935486181365006e-01
1.006920508160469740e+00
9.835537212279649166e-01
9.951028228152948296e-01
9.792563811024467268e-01
9.763019597661529714e-01
9.991315791829681325e-01
9.988629954251232457e-01
1.024915619936076938e+00
9.948342390574500538e-01
9.951028228152948296e-01
1.016858107200730554e+00
1.006651924402624854e+00
1.016858107200730554e+00
1.003697503066331098e+00
1.024915619936076938e+00
1.019812528537024310e+00
1.016589523442885667e+00
9.792563811024467268e-01
1.008263426949694175e+00
1.024915619936076938e+00
9.679758632729615897e-01
9.948342390574500538e-01
1.019275361021334536e+00
1.005577589371245306e+00
9.835537212279649166e-01
1.026527122483146259e+00
1.035121802734182639e+00
9.373573148786448206e-01
1.004234670582020872e+00
1.017932442232110102e+00
9.956399903309846033e-01
9.988629954251232457e-01
9.867767263221034479e-01
1.020349696052713862e+00
1.031093046366509336e+00
9.784506298289120663e-01
9.951028228152948296e-01
9.985944116672783588e-01
9.961771578466743771e-01
1.003697503066331098e+00
1.014172269622281686e+00
9.891939801427074297e-01
1.023035533631162730e+00
9.975200766358988114e-01
9.846280562593444641e-01
9.991315791829681325e-01
9.991315791829681325e-01
1.002891751792796438e+00
9.824793861965853692e-01
1.025184203693921825e+00
1.001011665487882230e+00
9.908054826897767509e-01
9.934913202682256195e-01
1.002623168034951551e+00
1.021424031084093409e+00
1.018738193505644762e+00
9.902683151740869771e-01
1.001280249245727116e+00
9.956399903309846033e-01
9.991315791829681325e-01
1.006114756886935080e+00
9.709302846092553452e-01
1.011217848285987930e+00
9.886568126270176560e-01
9.867767263221034479e-01
9.859709750485687874e-01
9.980572441515885851e-01
9.985944116672783588e-01
9.846280562593444641e-01
9.873138938377932217e-01
9.838223049858098035e-01
9.873138938377932217e-01
9.983258279094334720e-01
1.003966086824175985e+00
1.025184203693921825e+00
1.024109868662542278e+00
9.902683151740869771e-01
9.924169852368460720e-01
9.862395588064136742e-01
1.022498366115472956e+00
1.009874929496763496e+00
1.005577589371245306e+00
9.969829091202090376e-01
9.924169852368460720e-01
9.999373304565027931e-01
1.013635102106591912e+00
9.891939801427074297e-01
1.022766949873317843e+00
9.803307161338262743e-01
9.873138938377932217e-01
1.020349696052713862e+00
9.752276247347734239e-01
1.027332873756680920e+00
1.012292183317367478e+00
9.757647922504631977e-01
9.972514928780539245e-01
9.889253963848625428e-01
1.000474497972192456e+00
1.003966086824175985e+00
1.019275361021334536e+00
9.886568126270176560e-01
1.043716482985218796e+00
1.018469609747799876e+00
1.019275361021334536e+00
9.854338075328790136e-01
9.951028228152948296e-01
9.848966400171893509e-01
1.019006777263489649e+00
1.014172269622281686e+00
9.851652237750341268e-01
9.827479699544302560e-01
9.848966400171893509e-01
1.009874929496763496e+00
9.886568126270176560e-01
9.859709750485687874e-01
9.773762947975325188e-01
9.875824775956381085e-01
9.929541527525358457e-01
9.940284877839153932e-01
1.009874929496763496e+00
9.873138938377932217e-01
9.832851374701200298e-01
9.859709750485687874e-01
9.865081425642585611e-01
1.006383340644779967e+00
1.003428919308486211e+00
1.012023599559522591e+00

# time bin value
-1.000000000000000000e+02
-9.900000000000000000e+01
-9.800000000000000000e+01
-9.700000000000000000e+01
-9.600000000000000000e+01
-9.500000000000000000e+01
-9.400000000000000000e+01
-9.300000000000000000e+01
-9.200000000000000000e+01
-9.100000000000000000e+01
-9.000000000000000000e+01
-8.900000000000000000e+01
-8.800000000000000000e+01
-8.700000000000000000e+01
-8.600000000000000000e+01
-8.500000000000000000e+01
-8.400000000000000000e+01
-8.300000000000000000e+01
-8.200000000000000000e+01
-8.100000000000000000e+01
-8.000000000000000000e+01
-7.900000000000000000e+01
-7.800000000000000000e+01
-7.700000000000000000e+01
-7.600000000000000000e+01
-7.500000000000000000e+01
-7.400000000000000000e+01
-7.300000000000000000e+01
-7.200000000000000000e+01
-7.100000000000000000e+01
-7.000000000000000000e+01
-6.900000000000000000e+01
-6.800000000000000000e+01
-6.700000000000000000e+01
-6.600000000000000000e+01
-6.500000000000000000e+01
-6.400000000000000000e+01
-6.300000000000000000e+01
-6.200000000000000000e+01
-6.100000000000000000e+01
-6.000000000000000000e+01
-5.900000000000000000e+01
-5.800000000000000000e+01
-5.700000000000000000e+01
-5.600000000000000000e+01
-5.500000000000000000e+01
-5.400000000000000000e+01
-5.300000000000000000e+01
-5.200000000000000000e+01
-5.100000000000000000e+01
-5.000000000000000000e+01
-4.900000000000000000e+01
-4.800000000000000000e+01
-4.700000000000000000e+01
-4.600000000000000000e+01
-4.500000000000000000e+01
-4.400000000000000000e+01
-4.300000000000000000e+01
-4.200000000000000000e+01
-4.100000000000000000e+01
-4.000000000000000000e+01
-3.900000000000000000e+01
-3.800000000000000000e+01
-3.700000000000000000e+01
-3.600000000000000000e+01
-3.500000000000000000e+01
-3.400000000000000000e+01
-3.300000000000000000e+01
-3.200000000000000000e+01
-3.100000000000000000e+01
-3.000000000000000000e+01
-2.900000000000000000e+01
-2.800000000000000000e+01
-2.700000000000000000e+01
-2.600000000000000000e+01
-2.500000000000000000e+01
-2.400000000000000000e+01
-2.300000000000000000e+01
-2.200000000000000000e+01
-2.100000000000000000e+01
-2.000000000000000000e+01
-1.900000000000000000e+01
-1.800000000000000000e+01
-1.700000000000000000e+01
-1.600000000000000000e+01
-1.500000000000000000e+01
-1.400000000000000000e+01
-1.300000000000000000e+01
-1.200000000000000000e+01
-1.100000000000000000e+01
-1.000000000000000000e+01
-9.000000000000000000e+00
-8.000000000000000000e+00
-7.000000000000000000e+00
-6.000000000000000000e+00
-5.000000000000000000e+00
-4.000000000000000000e+00
-3.000000000000000000e+00
-2.000000000000000000e+00
-1.000000000000000000e+00
0.000000000000000000e+00
1.000000000000000000e+00
2.000000000000000000e+00
3.000000000000000000e+00
4.000000000000000000e+00
5.000000000000000000e+00
6.000000000000000000e+00
7.000000000000000000e+00
8.000000000000000000e+00
9.000000000000000000e+00
1.000000000000000000e+01
1.100000000000000000e+01
1.200000000000000000e+01
1.300000000000000000e+01
1.400000000000000000e+01
1.500000000000000000e+01
1.600000000000000000e+01
1.700000000000000000e+01
1.800000000000000000e+01
1.900000000000000000e+01
2.000000000000000000e+01
2.100000000000000000e+01
2.200000000000000000e+01
2.300000000000000000e+01
2.400000000000000000e+01
2.500000000000000000e+01
2.600000000000000000e+01
2.700000000000000000e+01
2.800000000000000000e+01
2.900000000000000000e+01
3.000000000000000000e+01
3.100000000000000000e+01
3.200000000000000000e+01
3.300000000000000000e+01
3.400000000000000000e+01
3.500000000000000000e+01
3.600000000000000000e+01
3.700000000000000000e+01
3.800000000000000000e+01
3.900000000000000000e+01
4.000000000000000000e+01
4.100000000000000000e+01
4.200000000000000000e+01
4.300000000000000000e+01
4.400000000000000000e+01
4.500000000000000000e+01
4.600000000000000000e+01
4.700000000000000000e+01
4.800000000000000000e+01
4.900000000000000000e+01
5.000000000000000000e+01
5.100000000000000000e+01
5.200000000000000000e+01
5.300000000000000000e+01
5.400000000000000000e+01
5.500000000000000000e+01
5.600000000000000000e+01
5.700000000000000000e+01
5.800000000000000000e+01
5.900000000000000000e+01
6.000000000000000000e+01
6.100000000000000000e+01
6.200000000000000000e+01
6.300000000000000000e+01
6.400000000000000000e+01
6.500000000000000000e+01
6.600000000000000000e+01
6.700000000000000000e+01
6.800000000000000000e+01
6.900000000000000000e+01
7.000000000000000000e+01
7.100000000000000000e+01
7.200000000000000000e+01
7.300000000000000000e+01
7.400000000000000000e+01
7.500000000000000000e+01
7.600000000000000000e+01
7.700000000000000000e+01
7.800000000000000000e+01
7.900000000000000000e+01
8.000000000000000000e+01
8.100000000000000000e+01
8.200000000000000000e+01
8.300000000000000000e+01
8.400000000000000000e+01
8.500000000000000000e+01
8.600000000000000000e+01
8.700000000000000000e+01
8.800000000000000000e+01
8.900000000000000000e+01
9.000000000000000000e+01
9.100000000000000000e+01
9.200000000000000000e+01
9.300000000000000000e+01
9.400000000000000000e+01
9.500000000000000000e+01
9.600000000000000000e+01
9.700000000000000000e+01
9.800000000000000000e+01
9.900000000000000000e+01
