single photon fraction:    0.2717
laser fraction:    0.0815
thermal source fraction:    0.2663
non-detected fraction:    0.3804
number of bins:  200.0000
bin width (ns):    1.0000
average detection events per bin: 5000.0000

# binary result
0.000000000000000000e+00

# g2 signal
9.868655825491540190e-01
9.852435155166932024e-01
9.891364763945991179e-01
9.745378731024518792e-01
9.953003311179502433e-01
1.006005973532191566e+00
9.807017278258030046e-01
9.709693256310381049e-01
9.537754150869536263e-01
9.888120629881069767e-01
1.025146364515229003e+00
1.036176420335962467e+00
1.012169828255542692e+00
9.962735713374266666e-01
9.742134596959597381e-01
1.022551057263291652e+00
9.807017278258030046e-01
9.920561970530286100e-01
9.729158060699910626e-01
9.933538506789972855e-01
9.985444651828718765e-01
1.006654800345175849e+00
9.794040741998343291e-01
1.025795191328213285e+00
9.995177054023482999e-01
1.021577817043815228e+00
1.002761839467269933e+00
9.871899959556461601e-01
1.022875470669784015e+00
9.969223981504110599e-01
1.016062789133448607e+00
9.978956383698874832e-01
1.029039325393134918e+00
1.027417258360674213e+00
9.962735713374266666e-01
1.047530889563188072e+00
1.002113012654285651e+00
1.012169828255542692e+00
1.009898934410097482e+00
1.015413962320464103e+00
1.010223347816589623e+00
9.871899959556461601e-01
1.014440722100987680e+00
9.732402194764833148e-01
9.998421188088404410e-01
9.965979847439189188e-01
1.027092844954182072e+00
9.907585434270599345e-01
1.028066085173658495e+00
1.009574521003605341e+00
9.631834038752262739e-01
9.910829568335520756e-01
1.038122900774915536e+00
1.043313515278790016e+00
9.936782640854894266e-01
1.008601280784128917e+00
1.007952453971144413e+00
9.751866999154362725e-01
9.858923423296775956e-01
9.949759177114581021e-01
9.891364763945991179e-01
9.927050238660128922e-01
1.009250107597113200e+00
9.852435155166932024e-01
9.920561970530286100e-01
1.002113012654285651e+00
1.022551057263291652e+00
9.894608898010913700e-01
9.943270908984737089e-01
1.000815359028316864e+00
1.003735079686746356e+00
1.016711615946432890e+00
9.875144093621383012e-01
9.897853032075835111e-01
9.888120629881069767e-01
1.062453906261827674e+00
1.009574521003605341e+00
9.784308339803577947e-01
1.035203180116486044e+00
9.553974821194144429e-01
9.790796607933421880e-01
1.008276867377636776e+00
1.044935582311250943e+00
9.982200517763796244e-01
1.022226643856799511e+00
9.826482082647559624e-01
1.007628040564652272e+00
9.842702752972167790e-01
9.991932919958561587e-01
9.875144093621383012e-01
1.004708319906223002e+00
1.002113012654285651e+00
1.014116308694495538e+00
9.742134596959597381e-01
9.998421188088404410e-01
1.019631336604862382e+00
9.680496049726087238e-01
1.028066085173658495e+00
1.018982509791877877e+00
1.020604576824338805e+00
9.589660295908282173e-01
1.008925694190621059e+00
9.865411691426618779e-01
1.018009269572401454e+00
1.024497537702244720e+00
9.975712249633953421e-01
9.852435155166932024e-01
1.048179716376172577e+00
9.982200517763796244e-01
9.972468115569032010e-01
9.920561970530286100e-01
9.719425658505146393e-01
1.012169828255542692e+00
1.014765135507479821e+00
9.836214484842323857e-01
1.027417258360674213e+00
1.039744967807376241e+00
9.784308339803577947e-01
9.888120629881069767e-01
1.014440722100987680e+00
1.037149660555439112e+00
9.661031245336557660e-01
9.524777614609849508e-01
9.738890462894675970e-01
9.927050238660128922e-01
1.015413962320464103e+00
9.696716720050695404e-01
1.017684856165909313e+00
9.982200517763796244e-01
9.829726216712481035e-01
9.953003311179502433e-01
1.014440722100987680e+00
9.914073702400443278e-01
1.019955750011354523e+00
9.946515043049658500e-01
1.016062789133448607e+00
9.962735713374266666e-01
1.005681560125699425e+00
9.774575937608813714e-01
9.810261412322951458e-01
9.686984317855930060e-01
9.988688785893640176e-01
1.001139772434809228e+00
9.839458618907246379e-01
1.020928990230830946e+00
1.047855302969680213e+00
9.946515043049658500e-01
1.003410666280254215e+00
9.751866999154362725e-01
9.998421188088404410e-01
9.985444651828718765e-01
1.007628040564652272e+00
9.936782640854894266e-01
9.592904429973203584e-01
1.008925694190621059e+00
9.862167557361697368e-01
1.008925694190621059e+00
9.690228451920851471e-01
9.884876495816148356e-01
1.017360442759417172e+00
9.816749680452794280e-01
9.884876495816148356e-01
9.917317836465364689e-01
1.018982509791877877e+00
1.006005973532191566e+00
9.816749680452794280e-01
1.000490945621824723e+00
9.985444651828718765e-01
1.013791895288003397e+00
1.026768431547689930e+00
1.031634632645072269e+00
9.790796607933421880e-01
9.888120629881069767e-01
9.515045212415085274e-01
9.745378731024518792e-01
9.914073702400443278e-01
9.982200517763796244e-01
9.904341300205677934e-01
1.010547761223081764e+00
1.005032733312715143e+00
9.638322306882105561e-01
9.858923423296775956e-01
9.748622865089440204e-01
1.030336979019103705e+00
1.011845414849050329e+00
9.904341300205677934e-01
1.018009269572401454e+00
9.978956383698874832e-01
9.904341300205677934e-01
9.933538506789972855e-01
9.962735713374266666e-01
1.020280163417846664e+00
9.832970350777402446e-01
9.991932919958561587e-01
9.969223981504110599e-01
9.528021748674770919e-01
1.006005973532191566e+00
9.771331803543892303e-01
9.768087669478970891e-01
1.048504129782664718e+00

# time bin value
-1.000000000000000000e+02
-9.900000000000000000e+01
-9.800000000000000000e+01
-9.700000000000000000e+01
-9.600000000000000000e+01
-9.500000000000000000e+01
-9.400000000000000000e+01
-9.300000000000000000e+01
-9.200000000000000000e+01
-9.100000000000000000e+01
-9.000000000000000000e+01
-8.900000000000000000e+01
-8.800000000000000000e+01
-8.700000000000000000e+01
-8.600000000000000000e+01
-8.500000000000000000e+01
-8.400000000000000000e+01
-8.300000000000000000e+01
-8.200000000000000000e+01
-8.100000000000000000e+01
-8.000000000000000000e+01
-7.900000000000000000e+01
-7.800000000000000000e+01
-7.700000000000000000e+01
-7.600000000000000000e+01
-7.500000000000000000e+01
-7.400000000000000000e+01
-7.300000000000000000e+01
-7.200000000000000000e+01
-7.100000000000000000e+01
-7.000000000000000000e+01
-6.900000000000000000e+01
-6.800000000000000000e+01
-6.700000000000000000e+01
-6.600000000000000000e+01
-6.500000000000000000e+01
-6.400000000000000000e+01
-6.300000000000000000e+01
-6.200000000000000000e+01
-6.100000000000000000e+01
-6.000000000000000000e+01
-5.900000000000000000e+01
-5.800000000000000000e+01
-5.700000000000000000e+01
-5.600000000000000000e+01
-5.500000000000000000e+01
-5.400000000000000000e+01
-5.300000000000000000e+01
-5.200000000000000000e+01
-5.100000000000000000e+01
-5.000000000000000000e+01
-4.900000000000000000e+01
-4.800000000000000000e+01
-4.700000000000000000e+01
-4.600000000000000000e+01
-4.500000000000000000e+01
-4.400000000000000000e+01
-4.300000000000000000e+01
-4.200000000000000000e+01
-4.100000000000000000e+01
-4.000000000000000000e+01
-3.900000000000000000e+01
-3.800000000000000000e+01
-3.700000000000000000e+01
-3.600000000000000000e+01
-3.500000000000000000e+01
-3.400000000000000000e+01
-3.300000000000000000e+01
-3.200000000000000000e+01
-3.100000000000000000e+01
-3.000000000000000000e+01
-2.900000000000000000e+01
-2.800000000000000000e+01
-2.700000000000000000e+01
-2.600000000000000000e+01
-2.500000000000000000e+01
-2.400000000000000000e+01
-2.300000000000000000e+01
-2.200000000000000000e+01
-2.100000000000000000e+01
-2.000000000000000000e+01
-1.900000000000000000e+01
-1.800000000000000000e+01
-1.700000000000000000e+01
-1.600000000000000000e+01
-1.500000000000000000e+01
-1.400000000000000000e+01
-1.300000000000000000e+01
-1.200000000000000000e+01
-1.100000000000000000e+01
-1.000000000000000000e+01
-9.000000000000000000e+00
-8.000000000000000000e+00
-7.000000000000000000e+00
-6.000000000000000000e+00
-5.000000000000000000e+00
-4.000000000000000000e+00
-3.000000000000000000e+00
-2.000000000000000000e+00
-1.000000000000000000e+00
0.000000000000000000e+00
1.000000000000000000e+00
2.000000000000000000e+00
3.000000000000000000e+00
4.000000000000000000e+00
5.000000000000000000e+00
6.000000000000000000e+00
7.000000000000000000e+00
8.000000000000000000e+00
9.000000000000000000e+00
1.000000000000000000e+01
1.100000000000000000e+01
1.200000000000000000e+01
1.300000000000000000e+01
1.400000000000000000e+01
1.500000000000000000e+01
1.600000000000000000e+01
1.700000000000000000e+01
1.800000000000000000e+01
1.900000000000000000e+01
2.000000000000000000e+01
2.100000000000000000e+01
2.200000000000000000e+01
2.300000000000000000e+01
2.400000000000000000e+01
2.500000000000000000e+01
2.600000000000000000e+01
2.700000000000000000e+01
2.800000000000000000e+01
2.900000000000000000e+01
3.000000000000000000e+01
3.100000000000000000e+01
3.200000000000000000e+01
3.300000000000000000e+01
3.400000000000000000e+01
3.500000000000000000e+01
3.600000000000000000e+01
3.700000000000000000e+01
3.800000000000000000e+01
3.900000000000000000e+01
4.000000000000000000e+01
4.100000000000000000e+01
4.200000000000000000e+01
4.300000000000000000e+01
4.400000000000000000e+01
4.500000000000000000e+01
4.600000000000000000e+01
4.700000000000000000e+01
4.800000000000000000e+01
4.900000000000000000e+01
5.000000000000000000e+01
5.100000000000000000e+01
5.200000000000000000e+01
5.300000000000000000e+01
5.400000000000000000e+01
5.500000000000000000e+01
5.600000000000000000e+01
5.700000000000000000e+01
5.800000000000000000e+01
5.900000000000000000e+01
6.000000000000000000e+01
6.100000000000000000e+01
6.200000000000000000e+01
6.300000000000000000e+01
6.400000000000000000e+01
6.500000000000000000e+01
6.600000000000000000e+01
6.700000000000000000e+01
6.800000000000000000e+01
6.900000000000000000e+01
7.000000000000000000e+01
7.100000000000000000e+01
7.200000000000000000e+01
7.300000000000000000e+01
7.400000000000000000e+01
7.500000000000000000e+01
7.600000000000000000e+01
7.700000000000000000e+01
7.800000000000000000e+01
7.900000000000000000e+01
8.000000000000000000e+01
8.100000000000000000e+01
8.200000000000000000e+01
8.300000000000000000e+01
8.400000000000000000e+01
8.500000000000000000e+01
8.600000000000000000e+01
8.700000000000000000e+01
8.800000000000000000e+01
8.900000000000000000e+01
9.000000000000000000e+01
9.100000000000000000e+01
9.200000000000000000e+01
9.300000000000000000e+01
9.400000000000000000e+01
9.500000000000000000e+01
9.600000000000000000e+01
9.700000000000000000e+01
9.800000000000000000e+01
9.900000000000000000e+01
