single photon fraction:    0.0712
laser fraction:    0.3446
thermal source fraction:    0.3670
non-detected fraction:    0.2172
number of bins:  200.0000
bin width (ns):    1.0000
average detection events per bin: 5000.0000

# binary result
0.000000000000000000e+00

# g2 signal
9.658667155308455765e-01
1.027517782479622888e+00
1.000288561243912966e+00
9.833345178329991887e-01
1.001829837917632471e+00
9.987472845701934610e-01
1.004398632373831424e+00
9.977197667877139020e-01
1.015444448535487432e+00
9.607291266184474487e-01
1.001572958472012553e+00
9.951509723315148381e-01
9.848757945067185826e-01
9.923252984296958568e-01
9.892427450822569579e-01
9.797382055943204548e-01
1.018783881328546137e+00
9.892427450822569579e-01
1.006967426830030599e+00
9.807657233768001248e-01
9.763987728012617495e-01
1.016985725209206715e+00
1.023150831904084512e+00
9.825638794961394362e-01
9.797382055943204548e-01
1.011591256851188891e+00
1.012618774633668339e+00
1.000288561243912966e+00
1.004655511819451341e+00
1.014930689644247597e+00
1.007738065166890129e+00
9.912977806472161868e-01
1.002086717363252388e+00
1.002343596808872084e+00
1.013389412970528092e+00
1.003371114591351754e+00
1.021609555230365007e+00
9.900133834191167104e-01
1.002343596808872084e+00
9.889858656366370404e-01
1.011334377405568974e+00
1.000802320135152801e+00
9.763987728012617495e-01
1.000288561243912966e+00
1.000031681798293048e+00
9.797382055943204548e-01
1.012618774633668339e+00
9.650960771939858240e-01
1.026747144142763135e+00
9.889858656366370404e-01
1.009022462394989716e+00
1.020325158002265642e+00
9.774262905837413085e-01
1.017756363546066467e+00
9.704905455520038693e-01
9.959216106683745906e-01
1.006453667938790764e+00
1.018270122437306302e+00
9.997748023526731309e-01
9.817932411592796837e-01
9.751143755731621621e-01
9.874445889629176465e-01
9.871877095172977290e-01
9.941234545490351682e-01
9.715180633344835393e-01
9.956647312227546731e-01
9.874445889629176465e-01
9.925821778753157743e-01
1.013903171861767927e+00
1.012361895188048422e+00
1.007738065166890129e+00
1.002343596808872084e+00
9.923252984296958568e-01
9.846189150610986651e-01
1.004655511819451341e+00
1.002343596808872084e+00
1.027260903034002970e+00
9.987472845701934610e-01
9.828207589417593537e-01
1.009793100731849469e+00
9.784538083662209784e-01
9.846189150610986651e-01
9.882152272997773990e-01
1.029572818044582228e+00
9.974628873420939845e-01
9.889858656366370404e-01
9.864170711804379765e-01
1.043444308108057106e+00
1.021095796339125394e+00
9.902702628647366279e-01
9.920684189840759393e-01
1.007224306275650294e+00
9.992610434614332959e-01
9.912977806472161868e-01
1.015187569089867514e+00
1.009536221286229551e+00
1.028545300262102558e+00
9.954078517771347556e-01
1.018527001882926220e+00
1.003627994036971671e+00
1.355552834536242646e+00
1.005426150156311094e+00
9.920684189840759393e-01
9.992610434614332959e-01
9.851326739523385001e-01
1.006196788493170846e+00
9.823070000505195187e-01
9.961784901139943971e-01
1.003627994036971671e+00
9.638116799658863476e-01
9.905271423103565454e-01
1.017242604654826632e+00
1.001316079026392636e+00
9.959216106683745906e-01
9.920684189840759393e-01
9.566190554885289909e-01
9.979766462333338195e-01
9.897565039734967929e-01
9.853895533979584176e-01
9.815363617136597663e-01
1.002600476254492001e+00
1.001059199580772718e+00
9.859033122891982526e-01
1.000288561243912966e+00
1.009022462394989716e+00
1.035481045293840108e+00
1.003371114591351754e+00
9.810226028224200423e-01
1.002086717363252388e+00
1.006967426830030599e+00
1.001316079026392636e+00
9.959216106683745906e-01
9.936096956577954442e-01
1.002857355700111919e+00
9.969491284508541495e-01
1.006967426830030599e+00
1.002600476254492001e+00
9.656098360852256590e-01
9.830776383873792712e-01
9.982335256789537370e-01
1.002343596808872084e+00
1.009022462394989716e+00
9.915546600928361043e-01
1.018013242991686385e+00
1.020582037447885559e+00
9.848757945067185826e-01
1.033939768620120603e+00
1.011077497959949056e+00
1.005169270710691176e+00
1.008508703503749881e+00
1.023921470240944265e+00
9.871877095172977290e-01
1.010306859623089304e+00
9.812794822680399598e-01
9.946372134402750032e-01
1.021609555230365007e+00
9.838482767242390237e-01
1.001059199580772718e+00
9.889858656366370404e-01
9.956647312227546731e-01
1.012618774633668339e+00
9.966922490052342321e-01
1.033682889174500685e+00
9.864170711804379765e-01
9.774262905837413085e-01
1.014673810198627679e+00
9.702336661063839518e-01
9.995179229070532134e-01
1.007224306275650294e+00
1.011848136296808809e+00
9.990041640158133784e-01
9.805088439311802073e-01
1.021352675784745312e+00
9.763987728012617495e-01
9.797382055943204548e-01
1.006453667938790764e+00
1.004912391265071259e+00
1.024692108577804017e+00
9.835913972786191062e-01
1.021095796339125394e+00
1.008251824058129964e+00
9.679217510958048054e-01
1.020838916893505477e+00
1.004912391265071259e+00
1.004655511819451341e+00
9.912977806472161868e-01
9.810226028224200423e-01
1.005169270710691176e+00
1.000031681798293048e+00
9.977197667877139020e-01
9.733162194538228507e-01
9.992610434614332959e-01
1.025719626360283687e+00
1.016985725209206715e+00
1.014416930753007762e+00
1.018270122437306302e+00
1.007994944612510047e+00
1.018783881328546137e+00
9.974628873420939845e-01
9.869308300716778115e-01

# time bin value
-1.000000000000000000e+02
-9.900000000000000000e+01
-9.800000000000000000e+01
-9.700000000000000000e+01
-9.600000000000000000e+01
-9.500000000000000000e+01
-9.400000000000000000e+01
-9.300000000000000000e+01
-9.200000000000000000e+01
-9.100000000000000000e+01
-9.000000000000000000e+01
-8.900000000000000000e+01
-8.800000000000000000e+01
-8.700000000000000000e+01
-8.600000000000000000e+01
-8.500000000000000000e+01
-8.400000000000000000e+01
-8.300000000000000000e+01
-8.200000000000000000e+01
-8.100000000000000000e+01
-8.000000000000000000e+01
-7.900000000000000000e+01
-7.800000000000000000e+01
-7.700000000000000000e+01
-7.600000000000000000e+01
-7.500000000000000000e+01
-7.400000000000000000e+01
-7.300000000000000000e+01
-7.200000000000000000e+01
-7.100000000000000000e+01
-7.000000000000000000e+01
-6.900000000000000000e+01
-6.800000000000000000e+01
-6.700000000000000000e+01
-6.600000000000000000e+01
-6.500000000000000000e+01
-6.400000000000000000e+01
-6.300000000000000000e+01
-6.200000000000000000e+01
-6.100000000000000000e+01
-6.000000000000000000e+01
-5.900000000000000000e+01
-5.800000000000000000e+01
-5.700000000000000000e+01
-5.600000000000000000e+01
-5.500000000000000000e+01
-5.400000000000000000e+01
-5.300000000000000000e+01
-5.200000000000000000e+01
-5.100000000000000000e+01
-5.000000000000000000e+01
-4.900000000000000000e+01
-4.800000000000000000e+01
-4.700000000000000000e+01
-4.600000000000000000e+01
-4.500000000000000000e+01
-4.400000000000000000e+01
-4.300000000000000000e+01
-4.200000000000000000e+01
-4.100000000000000000e+01
-4.000000000000000000e+01
-3.900000000000000000e+01
-3.800000000000000000e+01
-3.700000000000000000e+01
-3.600000000000000000e+01
-3.500000000000000000e+01
-3.400000000000000000e+01
-3.300000000000000000e+01
-3.200000000000000000e+01
-3.100000000000000000e+01
-3.000000000000000000e+01
-2.900000000000000000e+01
-2.800000000000000000e+01
-2.700000000000000000e+01
-2.600000000000000000e+01
-2.500000000000000000e+01
-2.400000000000000000e+01
-2.300000000000000000e+01
-2.200000000000000000e+01
-2.100000000000000000e+01
-2.000000000000000000e+01
-1.900000000000000000e+01
-1.800000000000000000e+01
-1.700000000000000000e+01
-1.600000000000000000e+01
-1.500000000000000000e+01
-1.400000000000000000e+01
-1.300000000000000000e+01
-1.200000000000000000e+01
-1.100000000000000000e+01
-1.000000000000000000e+01
-9.000000000000000000e+00
-8.000000000000000000e+00
-7.000000000000000000e+00
-6.000000000000000000e+00
-5.000000000000000000e+00
-4.000000000000000000e+00
-3.000000000000000000e+00
-2.000000000000000000e+00
-1.000000000000000000e+00
0.000000000000000000e+00
1.000000000000000000e+00
2.000000000000000000e+00
3.000000000000000000e+00
4.000000000000000000e+00
5.000000000000000000e+00
6.000000000000000000e+00
7.000000000000000000e+00
8.000000000000000000e+00
9.000000000000000000e+00
1.000000000000000000e+01
1.100000000000000000e+01
1.200000000000000000e+01
1.300000000000000000e+01
1.400000000000000000e+01
1.500000000000000000e+01
1.600000000000000000e+01
1.700000000000000000e+01
1.800000000000000000e+01
1.900000000000000000e+01
2.000000000000000000e+01
2.100000000000000000e+01
2.200000000000000000e+01
2.300000000000000000e+01
2.400000000000000000e+01
2.500000000000000000e+01
2.600000000000000000e+01
2.700000000000000000e+01
2.800000000000000000e+01
2.900000000000000000e+01
3.000000000000000000e+01
3.100000000000000000e+01
3.200000000000000000e+01
3.300000000000000000e+01
3.400000000000000000e+01
3.500000000000000000e+01
3.600000000000000000e+01
3.700000000000000000e+01
3.800000000000000000e+01
3.900000000000000000e+01
4.000000000000000000e+01
4.100000000000000000e+01
4.200000000000000000e+01
4.300000000000000000e+01
4.400000000000000000e+01
4.500000000000000000e+01
4.600000000000000000e+01
4.700000000000000000e+01
4.800000000000000000e+01
4.900000000000000000e+01
5.000000000000000000e+01
5.100000000000000000e+01
5.200000000000000000e+01
5.300000000000000000e+01
5.400000000000000000e+01
5.500000000000000000e+01
5.600000000000000000e+01
5.700000000000000000e+01
5.800000000000000000e+01
5.900000000000000000e+01
6.000000000000000000e+01
6.100000000000000000e+01
6.200000000000000000e+01
6.300000000000000000e+01
6.400000000000000000e+01
6.500000000000000000e+01
6.600000000000000000e+01
6.700000000000000000e+01
6.800000000000000000e+01
6.900000000000000000e+01
7.000000000000000000e+01
7.100000000000000000e+01
7.200000000000000000e+01
7.300000000000000000e+01
7.400000000000000000e+01
7.500000000000000000e+01
7.600000000000000000e+01
7.700000000000000000e+01
7.800000000000000000e+01
7.900000000000000000e+01
8.000000000000000000e+01
8.100000000000000000e+01
8.200000000000000000e+01
8.300000000000000000e+01
8.400000000000000000e+01
8.500000000000000000e+01
8.600000000000000000e+01
8.700000000000000000e+01
8.800000000000000000e+01
8.900000000000000000e+01
9.000000000000000000e+01
9.100000000000000000e+01
9.200000000000000000e+01
9.300000000000000000e+01
9.400000000000000000e+01
9.500000000000000000e+01
9.600000000000000000e+01
9.700000000000000000e+01
9.800000000000000000e+01
9.900000000000000000e+01
