single photon fraction:    0.3780
laser fraction:    0.0407
thermal source fraction:    0.3293
non-detected fraction:    0.2520
number of bins:  200.0000
bin width (ns):    1.0000
average detection events per bin: 5000.0000

# binary result
0.000000000000000000e+00

# g2 signal
1.004387937687171384e+00
9.716594845894590549e-01
1.027458814460968650e+00
1.000095681543209158e+00
1.023434824326004078e+00
1.000363947552206811e+00
9.928524993002727506e-01
1.011362853921110139e+00
1.014582046029081752e+00
9.931207653092704035e-01
1.007607129795142997e+00
1.017264706119058282e+00
1.034165464685909752e+00
1.004656203696169037e+00
1.010289789885119527e+00
1.005192735714164343e+00
9.920477012732799027e-01
9.735373466524426256e-01
1.001168745579199770e+00
9.767565387604142391e-01
9.872189131113223715e-01
1.025044420379989774e+00
1.011899385939105445e+00
9.966082234262397810e-01
9.968764894352374339e-01
1.032555868631923834e+00
1.008680193831133609e+00
1.014045514011086446e+00
9.974130214532327399e-01
9.885602431563105252e-01
9.679037604634921355e-01
9.885602431563105252e-01
9.826583909583623822e-01
9.668306964275015236e-01
1.029068410514954568e+00
9.786344008233978098e-01
1.004387937687171384e+00
9.974130214532327399e-01
9.966082234262397810e-01
9.941938293452610154e-01
9.925842332912752086e-01
1.007607129795142997e+00
1.010021523876121874e+00
1.005997533741157302e+00
1.001705277597195076e+00
1.003314873651180772e+00
1.007875395804140650e+00
9.952668933812516272e-01
9.995591495252138525e-01
1.027727080469966303e+00
9.807805288953789224e-01
9.789026668323954627e-01
9.732690806434449726e-01
9.923159672822775557e-01
1.005997533741157302e+00
1.005192735714164343e+00
9.893650411833034841e-01
1.014045514011086446e+00
1.005192735714164343e+00
9.995591495252138525e-01
1.008948459840131262e+00
1.016459908092065323e+00
9.982178194802255877e-01
9.874871791203199134e-01
9.949986273722539742e-01
9.880237111383152193e-01
9.915111692552845968e-01
9.936572973272657094e-01
1.001168745579199770e+00
1.008680193831133609e+00
1.025580952397985079e+00
1.004387937687171384e+00
1.008680193831133609e+00
1.010558055894117180e+00
1.018337770155048894e+00
9.966082234262397810e-01
1.004656203696169037e+00
1.008948459840131262e+00
1.000900479570202117e+00
1.036311592757890754e+00
1.004656203696169037e+00
1.000095681543209158e+00
9.762200067424190442e-01
9.936572973272657094e-01
9.974130214532327399e-01
1.033897198676912099e+00
9.789026668323954627e-01
9.805122628863812695e-01
9.912429032462869438e-01
9.909746372372892909e-01
1.001168745579199770e+00
1.001705277597195076e+00
9.974130214532327399e-01
9.896333071923011371e-01
9.936572973272657094e-01
9.998274155342115055e-01
1.011631119930107792e+00
9.890967751743058312e-01
1.013508981993091140e+00
9.920477012732799027e-01
9.279321251228433987e-01
9.848045190303434948e-01
1.007070597777147913e+00
9.960716914082444751e-01
9.987543514982208936e-01
1.032019336613928528e+00
9.968764894352374339e-01
1.007338863786145566e+00
1.003314873651180772e+00
9.730008146344473197e-01
9.754152087154260853e-01
9.998274155342115055e-01
1.018606036164046325e+00
1.025849218406982732e+00
9.797074648593883106e-01
1.009753257867124221e+00
1.003851405669176078e+00
9.711229525714637489e-01
9.968764894352374339e-01
9.845362530213459529e-01
1.006802331768150260e+00
1.021556962263020507e+00
9.874871791203199134e-01
9.853410510483388007e-01
1.001437011588197423e+00
1.031751070604930876e+00
1.005997533741157302e+00
9.805122628863812695e-01
1.005729267732159649e+00
9.850727850393411478e-01
9.872189131113223715e-01
1.020752164236027548e+00
1.015118578047077058e+00
1.022093494281015813e+00
1.028531878496959262e+00
1.001705277597195076e+00
1.008948459840131262e+00
1.001168745579199770e+00
1.003583139660178425e+00
9.923159672822775557e-01
1.011362853921110139e+00
9.874871791203199134e-01
9.821218589403670762e-01
9.987543514982208936e-01
9.960716914082444751e-01
9.780978688054025039e-01
9.987543514982208936e-01
9.936572973272657094e-01
9.968764894352374339e-01
1.009753257867124221e+00
9.692450905084802892e-01
9.974130214532327399e-01
9.968764894352374339e-01
1.013240715984093487e+00
9.941938293452610154e-01
9.743421446794354734e-01
9.756834747244237382e-01
1.012167651948103098e+00
9.890967751743058312e-01
1.003851405669176078e+00
1.013508981993091140e+00
1.000632213561204464e+00
9.925842332912752086e-01
1.000363947552206811e+00
1.032555868631923834e+00
1.014850312038079405e+00
9.756834747244237382e-01
1.002510075624187813e+00
1.009484991858126568e+00
1.007070597777147913e+00
1.009216725849128915e+00
9.872189131113223715e-01
9.885602431563105252e-01
1.004387937687171384e+00
9.837314549943529940e-01
1.012167651948103098e+00
9.810487949043765754e-01
9.963399574172421280e-01
1.000632213561204464e+00
1.002241809615190160e+00
1.007875395804140650e+00
9.958034253992468221e-01
1.004924469705166690e+00
1.005192735714164343e+00
1.011362853921110139e+00
9.716594845894590549e-01
9.949986273722539742e-01
9.947303613632563213e-01
9.681720264724897884e-01
1.004387937687171384e+00
9.786344008233978098e-01
9.770248047694118920e-01
9.920477012732799027e-01
9.949986273722539742e-01
1.010289789885119527e+00
9.719277505984567078e-01
1.026922282442973344e+00
1.031214538586935570e+00
9.992908835162161996e-01
9.563683220765935022e-01

# time bin value
-1.000000000000000000e+02
-9.900000000000000000e+01
-9.800000000000000000e+01
-9.700000000000000000e+01
-9.600000000000000000e+01
-9.500000000000000000e+01
-9.400000000000000000e+01
-9.300000000000000000e+01
-9.200000000000000000e+01
-9.100000000000000000e+01
-9.000000000000000000e+01
-8.900000000000000000e+01
-8.800000000000000000e+01
-8.700000000000000000e+01
-8.600000000000000000e+01
-8.500000000000000000e+01
-8.400000000000000000e+01
-8.300000000000000000e+01
-8.200000000000000000e+01
-8.100000000000000000e+01
-8.000000000000000000e+01
-7.900000000000000000e+01
-7.800000000000000000e+01
-7.700000000000000000e+01
-7.600000000000000000e+01
-7.500000000000000000e+01
-7.400000000000000000e+01
-7.300000000000000000e+01
-7.200000000000000000e+01
-7.100000000000000000e+01
-7.000000000000000000e+01
-6.900000000000000000e+01
-6.800000000000000000e+01
-6.700000000000000000e+01
-6.600000000000000000e+01
-6.500000000000000000e+01
-6.400000000000000000e+01
-6.300000000000000000e+01
-6.200000000000000000e+01
-6.100000000000000000e+01
-6.000000000000000000e+01
-5.900000000000000000e+01
-5.800000000000000000e+01
-5.700000000000000000e+01
-5.600000000000000000e+01
-5.500000000000000000e+01
-5.400000000000000000e+01
-5.300000000000000000e+01
-5.200000000000000000e+01
-5.100000000000000000e+01
-5.000000000000000000e+01
-4.900000000000000000e+01
-4.800000000000000000e+01
-4.700000000000000000e+01
-4.600000000000000000e+01
-4.500000000000000000e+01
-4.400000000000000000e+01
-4.300000000000000000e+01
-4.200000000000000000e+01
-4.100000000000000000e+01
-4.000000000000000000e+01
-3.900000000000000000e+01
-3.800000000000000000e+01
-3.700000000000000000e+01
-3.600000000000000000e+01
-3.500000000000000000e+01
-3.400000000000000000e+01
-3.300000000000000000e+01
-3.200000000000000000e+01
-3.100000000000000000e+01
-3.000000000000000000e+01
-2.900000000000000000e+01
-2.800000000000000000e+01
-2.700000000000000000e+01
-2.600000000000000000e+01
-2.500000000000000000e+01
-2.400000000000000000e+01
-2.300000000000000000e+01
-2.200000000000000000e+01
-2.100000000000000000e+01
-2.000000000000000000e+01
-1.900000000000000000e+01
-1.800000000000000000e+01
-1.700000000000000000e+01
-1.600000000000000000e+01
-1.500000000000000000e+01
-1.400000000000000000e+01
-1.300000000000000000e+01
-1.200000000000000000e+01
-1.100000000000000000e+01
-1.000000000000000000e+01
-9.000000000000000000e+00
-8.000000000000000000e+00
-7.000000000000000000e+00
-6.000000000000000000e+00
-5.000000000000000000e+00
-4.000000000000000000e+00
-3.000000000000000000e+00
-2.000000000000000000e+00
-1.000000000000000000e+00
0.000000000000000000e+00
1.000000000000000000e+00
2.000000000000000000e+00
3.000000000000000000e+00
4.000000000000000000e+00
5.000000000000000000e+00
6.000000000000000000e+00
7.000000000000000000e+00
8.000000000000000000e+00
9.000000000000000000e+00
1.000000000000000000e+01
1.100000000000000000e+01
1.200000000000000000e+01
1.300000000000000000e+01
1.400000000000000000e+01
1.500000000000000000e+01
1.600000000000000000e+01
1.700000000000000000e+01
1.800000000000000000e+01
1.900000000000000000e+01
2.000000000000000000e+01
2.100000000000000000e+01
2.200000000000000000e+01
2.300000000000000000e+01
2.400000000000000000e+01
2.500000000000000000e+01
2.600000000000000000e+01
2.700000000000000000e+01
2.800000000000000000e+01
2.900000000000000000e+01
3.000000000000000000e+01
3.100000000000000000e+01
3.200000000000000000e+01
3.300000000000000000e+01
3.400000000000000000e+01
3.500000000000000000e+01
3.600000000000000000e+01
3.700000000000000000e+01
3.800000000000000000e+01
3.900000000000000000e+01
4.000000000000000000e+01
4.100000000000000000e+01
4.200000000000000000e+01
4.300000000000000000e+01
4.400000000000000000e+01
4.500000000000000000e+01
4.600000000000000000e+01
4.700000000000000000e+01
4.800000000000000000e+01
4.900000000000000000e+01
5.000000000000000000e+01
5.100000000000000000e+01
5.200000000000000000e+01
5.300000000000000000e+01
5.400000000000000000e+01
5.500000000000000000e+01
5.600000000000000000e+01
5.700000000000000000e+01
5.800000000000000000e+01
5.900000000000000000e+01
6.000000000000000000e+01
6.100000000000000000e+01
6.200000000000000000e+01
6.300000000000000000e+01
6.400000000000000000e+01
6.500000000000000000e+01
6.600000000000000000e+01
6.700000000000000000e+01
6.800000000000000000e+01
6.900000000000000000e+01
7.000000000000000000e+01
7.100000000000000000e+01
7.200000000000000000e+01
7.300000000000000000e+01
7.400000000000000000e+01
7.500000000000000000e+01
7.600000000000000000e+01
7.700000000000000000e+01
7.800000000000000000e+01
7.900000000000000000e+01
8.000000000000000000e+01
8.100000000000000000e+01
8.200000000000000000e+01
8.300000000000000000e+01
8.400000000000000000e+01
8.500000000000000000e+01
8.600000000000000000e+01
8.700000000000000000e+01
8.800000000000000000e+01
8.900000000000000000e+01
9.000000000000000000e+01
9.100000000000000000e+01
9.200000000000000000e+01
9.300000000000000000e+01
9.400000000000000000e+01
9.500000000000000000e+01
9.600000000000000000e+01
9.700000000000000000e+01
9.800000000000000000e+01
9.900000000000000000e+01
