single photon fraction:    0.1368
laser fraction:    0.3462
thermal source fraction:    0.3632
non-detected fraction:    0.1538
number of bins:  200.0000
bin width (ns):    1.0000
average detection events per bin: 5000.0000

# binary result
0.000000000000000000e+00

# g2 signal
1.018612893099415606e+00
1.004142612130839662e+00
1.000347128598098490e+00
1.014105756404285463e+00
1.015054627287470757e+00
1.020273417144989869e+00
1.007463660221988189e+00
1.004854265293228632e+00
1.014817409566674433e+00
1.015291845008267080e+00
9.991610399941169840e-01
1.021222288028175162e+00
1.002719305806061723e+00
1.030473779139231771e+00
9.789975337264293920e-01
9.979749513901353675e-01
1.010310272871544290e+00
1.001770434922876429e+00
1.006040353897210249e+00
1.006277571618006572e+00
1.002244870364469076e+00
9.668994299658169034e-01
1.021933941190564132e+00
1.028813255093657508e+00
1.016477933612248696e+00
9.863512830711154145e-01
9.787603160056330687e-01
9.877745893958933543e-01
9.920445083702272848e-01
9.967888627861537509e-01
9.870629362335043844e-01
1.031422650022417065e+00
1.013394103241896493e+00
9.953655564613758111e-01
1.001533217202080106e+00
9.944166855781905179e-01
9.920445083702272848e-01
9.873001539543007077e-01
9.956027741821721344e-01
1.007938095663580835e+00
9.844535413047448280e-01
1.006514789338802895e+00
1.013868538683489140e+00
1.010784708313136937e+00
9.830302349799668882e-01
9.972632982277463976e-01
9.951283387405794878e-01
9.678483008490021966e-01
1.014342974125081787e+00
1.008649748825970027e+00
9.934678146950052247e-01
9.842163235839485047e-01
1.007463660221988189e+00
9.946539032989868412e-01
9.948911210197831645e-01
9.742531793105029259e-01
9.837418881423558581e-01
1.011496361475525907e+00
9.794719691680220386e-01
9.735415261481139559e-01
1.013156885521100170e+00
1.006514789338802895e+00
9.948911210197831645e-01
9.837418881423558581e-01
9.816069286551889483e-01
9.991610399941169840e-01
9.832674527007632115e-01
9.664249945242242568e-01
9.870629362335043844e-01
1.005328700734821279e+00
9.937050324158015480e-01
9.946539032989868412e-01
1.018138457657822959e+00
9.837418881423558581e-01
9.906212020454492340e-01
9.801836223304110085e-01
1.016715151333045020e+00
9.844535413047448280e-01
9.929933792534125780e-01
9.918072906494309615e-01
9.811324932135963017e-01
9.953655564613758111e-01
9.993982577149133073e-01
9.654761236410389635e-01
9.529035844388337173e-01
9.806580577720036551e-01
1.034980915834361914e+00
1.008412531105173704e+00
1.005803136176413926e+00
9.543268907636116571e-01
1.019324546261804576e+00
1.005328700734821279e+00
9.967888627861537509e-01
9.875373716750970310e-01
1.033083174067991328e+00
1.019798981703397223e+00
9.970260805069500742e-01
1.008649748825970027e+00
1.003668176689247016e+00
1.003193741247654369e+00
1.255830613895739578e+00
9.827930172591705649e-01
1.002244870364469076e+00
9.877745893958933543e-01
1.004142612130839662e+00
9.993982577149133073e-01
1.003668176689247016e+00
9.977377336693390442e-01
9.702204780569654297e-01
9.733043084273176326e-01
1.009835837429951644e+00
9.882490248374860009e-01
9.856396299087264445e-01
9.863512830711154145e-01
9.870629362335043844e-01
1.015291845008267080e+00
1.005091483014024956e+00
1.016952369053841343e+00
1.003193741247654369e+00
9.849279767463374746e-01
9.920445083702272848e-01
1.021696723469767809e+00
9.576479388547602944e-01
9.899095488830602640e-01
1.009361401988358997e+00
1.003193741247654369e+00
9.960772096237647810e-01
9.993982577149133073e-01
9.937050324158015480e-01
1.007226442501191865e+00
9.925189438118199314e-01
9.612062046667051440e-01
1.020510634865786193e+00
9.545641084844079804e-01
9.861140653503190912e-01
9.873001539543007077e-01
1.008886966546766351e+00
9.832674527007632115e-01
1.015766280449859726e+00
1.029999343697639125e+00
9.804208400512073318e-01
9.963144273445611043e-01
1.006514789338802895e+00
1.023357247515342072e+00
9.863512830711154145e-01
1.002956523526858046e+00
9.891978957206712941e-01
1.006752007059599219e+00
1.007938095663580835e+00
1.005803136176413926e+00
9.797091868888183619e-01
9.941794678573941946e-01
9.894351134414676174e-01
9.775742274016514521e-01
9.956027741821721344e-01
9.939422501365978713e-01
9.806580577720036551e-01
1.029050472814453832e+00
1.017664022216230313e+00
1.007938095663580835e+00
9.775742274016514521e-01
9.982121691109316908e-01
9.835046704215595348e-01
9.982121691109316908e-01
9.768625742392624822e-01
1.002007652643672753e+00
9.953655564613758111e-01
9.972632982277463976e-01
1.006752007059599219e+00
9.806580577720036551e-01
1.006514789338802895e+00
1.014817409566674433e+00
1.006277571618006572e+00
1.021933941190564132e+00
1.002007652643672753e+00
9.920445083702272848e-01
1.020747852586582516e+00
1.010073055150747967e+00
1.001533217202080106e+00
9.699832603361691064e-01
1.001058781760487459e+00
1.013868538683489140e+00
9.951283387405794878e-01
9.887234602790786475e-01
9.856396299087264445e-01
9.730670907065213093e-01
9.953655564613758111e-01
9.956027741821721344e-01
1.004379829851635986e+00
9.965516450653574276e-01
1.013394103241896493e+00
1.003668176689247016e+00
9.652389059202426402e-01
9.908584197662455573e-01
9.870629362335043844e-01
9.839791058631521814e-01
1.003668176689247016e+00
1.002956523526858046e+00
9.934678146950052247e-01
9.763881387976698356e-01

# time bin value
-1.000000000000000000e+02
-9.900000000000000000e+01
-9.800000000000000000e+01
-9.700000000000000000e+01
-9.600000000000000000e+01
-9.500000000000000000e+01
-9.400000000000000000e+01
-9.300000000000000000e+01
-9.200000000000000000e+01
-9.100000000000000000e+01
-9.000000000000000000e+01
-8.900000000000000000e+01
-8.800000000000000000e+01
-8.700000000000000000e+01
-8.600000000000000000e+01
-8.500000000000000000e+01
-8.400000000000000000e+01
-8.300000000000000000e+01
-8.200000000000000000e+01
-8.100000000000000000e+01
-8.000000000000000000e+01
-7.900000000000000000e+01
-7.800000000000000000e+01
-7.700000000000000000e+01
-7.600000000000000000e+01
-7.500000000000000000e+01
-7.400000000000000000e+01
-7.300000000000000000e+01
-7.200000000000000000e+01
-7.100000000000000000e+01
-7.000000000000000000e+01
-6.900000000000000000e+01
-6.800000000000000000e+01
-6.700000000000000000e+01
-6.600000000000000000e+01
-6.500000000000000000e+01
-6.400000000000000000e+01
-6.300000000000000000e+01
-6.200000000000000000e+01
-6.100000000000000000e+01
-6.000000000000000000e+01
-5.900000000000000000e+01
-5.800000000000000000e+01
-5.700000000000000000e+01
-5.600000000000000000e+01
-5.500000000000000000e+01
-5.400000000000000000e+01
-5.300000000000000000e+01
-5.200000000000000000e+01
-5.100000000000000000e+01
-5.000000000000000000e+01
-4.900000000000000000e+01
-4.800000000000000000e+01
-4.700000000000000000e+01
-4.600000000000000000e+01
-4.500000000000000000e+01
-4.400000000000000000e+01
-4.300000000000000000e+01
-4.200000000000000000e+01
-4.100000000000000000e+01
-4.000000000000000000e+01
-3.900000000000000000e+01
-3.800000000000000000e+01
-3.700000000000000000e+01
-3.600000000000000000e+01
-3.500000000000000000e+01
-3.400000000000000000e+01
-3.300000000000000000e+01
-3.200000000000000000e+01
-3.100000000000000000e+01
-3.000000000000000000e+01
-2.900000000000000000e+01
-2.800000000000000000e+01
-2.700000000000000000e+01
-2.600000000000000000e+01
-2.500000000000000000e+01
-2.400000000000000000e+01
-2.300000000000000000e+01
-2.200000000000000000e+01
-2.100000000000000000e+01
-2.000000000000000000e+01
-1.900000000000000000e+01
-1.800000000000000000e+01
-1.700000000000000000e+01
-1.600000000000000000e+01
-1.500000000000000000e+01
-1.400000000000000000e+01
-1.300000000000000000e+01
-1.200000000000000000e+01
-1.100000000000000000e+01
-1.000000000000000000e+01
-9.000000000000000000e+00
-8.000000000000000000e+00
-7.000000000000000000e+00
-6.000000000000000000e+00
-5.000000000000000000e+00
-4.000000000000000000e+00
-3.000000000000000000e+00
-2.000000000000000000e+00
-1.000000000000000000e+00
0.000000000000000000e+00
1.000000000000000000e+00
2.000000000000000000e+00
3.000000000000000000e+00
4.000000000000000000e+00
5.000000000000000000e+00
6.000000000000000000e+00
7.000000000000000000e+00
8.000000000000000000e+00
9.000000000000000000e+00
1.000000000000000000e+01
1.100000000000000000e+01
1.200000000000000000e+01
1.300000000000000000e+01
1.400000000000000000e+01
1.500000000000000000e+01
1.600000000000000000e+01
1.700000000000000000e+01
1.800000000000000000e+01
1.900000000000000000e+01
2.000000000000000000e+01
2.100000000000000000e+01
2.200000000000000000e+01
2.300000000000000000e+01
2.400000000000000000e+01
2.500000000000000000e+01
2.600000000000000000e+01
2.700000000000000000e+01
2.800000000000000000e+01
2.900000000000000000e+01
3.000000000000000000e+01
3.100000000000000000e+01
3.200000000000000000e+01
3.300000000000000000e+01
3.400000000000000000e+01
3.500000000000000000e+01
3.600000000000000000e+01
3.700000000000000000e+01
3.800000000000000000e+01
3.900000000000000000e+01
4.000000000000000000e+01
4.100000000000000000e+01
4.200000000000000000e+01
4.300000000000000000e+01
4.400000000000000000e+01
4.500000000000000000e+01
4.600000000000000000e+01
4.700000000000000000e+01
4.800000000000000000e+01
4.900000000000000000e+01
5.000000000000000000e+01
5.100000000000000000e+01
5.200000000000000000e+01
5.300000000000000000e+01
5.400000000000000000e+01
5.500000000000000000e+01
5.600000000000000000e+01
5.700000000000000000e+01
5.800000000000000000e+01
5.900000000000000000e+01
6.000000000000000000e+01
6.100000000000000000e+01
6.200000000000000000e+01
6.300000000000000000e+01
6.400000000000000000e+01
6.500000000000000000e+01
6.600000000000000000e+01
6.700000000000000000e+01
6.800000000000000000e+01
6.900000000000000000e+01
7.000000000000000000e+01
7.100000000000000000e+01
7.200000000000000000e+01
7.300000000000000000e+01
7.400000000000000000e+01
7.500000000000000000e+01
7.600000000000000000e+01
7.700000000000000000e+01
7.800000000000000000e+01
7.900000000000000000e+01
8.000000000000000000e+01
8.100000000000000000e+01
8.200000000000000000e+01
8.300000000000000000e+01
8.400000000000000000e+01
8.500000000000000000e+01
8.600000000000000000e+01
8.700000000000000000e+01
8.800000000000000000e+01
8.900000000000000000e+01
9.000000000000000000e+01
9.100000000000000000e+01
9.200000000000000000e+01
9.300000000000000000e+01
9.400000000000000000e+01
9.500000000000000000e+01
9.600000000000000000e+01
9.700000000000000000e+01
9.800000000000000000e+01
9.900000000000000000e+01
