single photon fraction:    0.1368
laser fraction:    0.3462
thermal source fraction:    0.3632
non-detected fraction:    0.1538
number of bins:  200.0000
bin width (ns):    1.0000
average detection events per bin: 5000.0000

# binary result
0.000000000000000000e+00

# g2 signal
1.023398186067930205e+00
9.853536438349216331e-01
1.001760352672906640e+00
1.000095903950212417e+00
9.934381090594359698e-01
9.846403086680527439e-01
9.951025577821300816e-01
1.003187023006644418e+00
1.008893704341595754e+00
1.026727083513318428e+00
1.004375914951425974e+00
1.024587078012711761e+00
1.020307067011498203e+00
9.910603251698729688e-01
1.001284795894993973e+00
1.009369261119508199e+00
9.946270010042175258e-01
1.010558153064289755e+00
1.011271488231158644e+00
1.002949244617688196e+00
9.986692336164746386e-01
9.941514442263048590e-01
9.599113562165971780e-01
9.901092116140477462e-01
9.932003306704796364e-01
9.841647518901400771e-01
9.962914497269116376e-01
9.753669514987568512e-01
1.000571460728125084e+00
1.014362607287590645e+00
1.007229255618901531e+00
9.910603251698729688e-01
1.011509266620115088e+00
9.893958764471787459e-01
9.896336548361350793e-01
9.955781145600426374e-01
9.882069845023973009e-01
1.013173715342809089e+00
1.008418147563683087e+00
1.000333682339168861e+00
9.765558434435384072e-01
9.877314277244846341e-01
9.972425632827368602e-01
1.005089250118294864e+00
1.002235909450819085e+00
9.789336273331014082e-01
1.012460380175940200e+00
9.882069845023973009e-01
1.001522574283950195e+00
9.946270010042175258e-01
9.805980760557955200e-01
1.010795931453246199e+00
1.000571460728125084e+00
9.932003306704796364e-01
9.839269735011838547e-01
1.004613693340382197e+00
9.960536713379553042e-01
9.777447353883199632e-01
1.010558153064289755e+00
9.924869955036107472e-01
9.981936768385619718e-01
1.012698158564896644e+00
1.011271488231158644e+00
9.993825687833435278e-01
9.979558984496057494e-01
1.013173715342809089e+00
1.019355953455673092e+00
1.003424801395600641e+00
1.002473687839775529e+00
1.004851471729338419e+00
1.015075942454459534e+00
9.977181200606494160e-01
1.016978169566109980e+00
1.007704812396814198e+00
9.889203196692661901e-01
9.896336548361350793e-01
1.008655925952639310e+00
9.910603251698729688e-01
9.986692336164746386e-01
1.005327028507251086e+00
9.948647793931737482e-01
9.970047848937805268e-01
1.027202640291231095e+00
1.027678197069143762e+00
1.033860435182007542e+00
1.011509266620115088e+00
9.684713782190240705e-01
1.000333682339168861e+00
9.701358269417181823e-01
9.991447903943871944e-01
9.932003306704796364e-01
9.910603251698729688e-01
9.725136108312812944e-01
1.006515920452032642e+00
1.025775969957493317e+00
1.026251526735405761e+00
1.005089250118294864e+00
9.786958489441451858e-01
9.817869680005770761e-01
1.013173715342809089e+00
1.257134342411976524e+00
9.967670065048241934e-01
9.967670065048241934e-01
1.001522574283950195e+00
9.851158654459652997e-01
1.011033709842202422e+00
9.836891951122275213e-01
1.034573770348876431e+00
1.010795931453246199e+00
1.002473687839775529e+00
1.003187023006644418e+00
9.962914497269116376e-01
1.008418147563683087e+00
1.006753698840988864e+00
1.022684850901061315e+00
1.019355953455673092e+00
1.002711466228731751e+00
9.729891676091938502e-01
1.005564806896207530e+00
9.979558984496057494e-01
9.825003031674459653e-01
1.011509266620115088e+00
1.026489305124362206e+00
9.687091566079804039e-01
9.922492171146544138e-01
9.891580980582225235e-01
1.000095903950212417e+00
9.893958764471787459e-01
9.820247463895334095e-01
1.017929283121935313e+00
1.011747045009071311e+00
1.000809239117081306e+00
9.924869955036107472e-01
1.003662579784557085e+00
9.805980760557955200e-01
9.889203196692661901e-01
1.013173715342809089e+00
9.803602976668392976e-01
1.023873742845842871e+00
9.891580980582225235e-01
9.841647518901400771e-01
1.005089250118294864e+00
9.846403086680527439e-01
9.718002756644122941e-01
1.021971515734192426e+00
1.017215947955066202e+00
9.817869680005770761e-01
9.832136383343148545e-01
1.005564806896207530e+00
1.006753698840988864e+00
1.004851471729338419e+00
9.884447628913536343e-01
9.872558709465720783e-01
1.021733737345235982e+00
9.917736603367418580e-01
1.004613693340382197e+00
9.679958214411115147e-01
9.896336548361350793e-01
1.014362607287590645e+00
1.001522574283950195e+00
1.006991477229945309e+00
9.946270010042175258e-01
1.003187023006644418e+00
1.003662579784557085e+00
1.010082596286377088e+00
1.008180369174726865e+00
9.803602976668392976e-01
9.927247738925670806e-01
1.015313720843415979e+00
9.634780320509417351e-01
1.009369261119508199e+00
9.634780320509417351e-01
1.010558153064289755e+00
9.993825687833435278e-01
1.008418147563683087e+00
1.018404839899847758e+00
1.049553808853123549e+00
1.005802585285163753e+00
1.016978169566109980e+00
9.989070120054309720e-01
9.972425632827368602e-01
9.851158654459652997e-01
1.009607039508464643e+00
1.011509266620115088e+00
9.903469900030039685e-01
1.002711466228731751e+00
9.677580430521551813e-01
9.989070120054309720e-01
1.008418147563683087e+00
9.917736603367418580e-01
1.005564806896207530e+00
1.029818202569750429e+00
9.687091566079804039e-01
9.753669514987568512e-01
9.846403086680527439e-01
9.836891951122275213e-01
9.706113837196308491e-01
9.794091841110140750e-01
9.903469900030039685e-01
1.019831510233585536e+00

# time bin value
-1.000000000000000000e+02
-9.900000000000000000e+01
-9.800000000000000000e+01
-9.700000000000000000e+01
-9.600000000000000000e+01
-9.500000000000000000e+01
-9.400000000000000000e+01
-9.300000000000000000e+01
-9.200000000000000000e+01
-9.100000000000000000e+01
-9.000000000000000000e+01
-8.900000000000000000e+01
-8.800000000000000000e+01
-8.700000000000000000e+01
-8.600000000000000000e+01
-8.500000000000000000e+01
-8.400000000000000000e+01
-8.300000000000000000e+01
-8.200000000000000000e+01
-8.100000000000000000e+01
-8.000000000000000000e+01
-7.900000000000000000e+01
-7.800000000000000000e+01
-7.700000000000000000e+01
-7.600000000000000000e+01
-7.500000000000000000e+01
-7.400000000000000000e+01
-7.300000000000000000e+01
-7.200000000000000000e+01
-7.100000000000000000e+01
-7.000000000000000000e+01
-6.900000000000000000e+01
-6.800000000000000000e+01
-6.700000000000000000e+01
-6.600000000000000000e+01
-6.500000000000000000e+01
-6.400000000000000000e+01
-6.300000000000000000e+01
-6.200000000000000000e+01
-6.100000000000000000e+01
-6.000000000000000000e+01
-5.900000000000000000e+01
-5.800000000000000000e+01
-5.700000000000000000e+01
-5.600000000000000000e+01
-5.500000000000000000e+01
-5.400000000000000000e+01
-5.300000000000000000e+01
-5.200000000000000000e+01
-5.100000000000000000e+01
-5.000000000000000000e+01
-4.900000000000000000e+01
-4.800000000000000000e+01
-4.700000000000000000e+01
-4.600000000000000000e+01
-4.500000000000000000e+01
-4.400000000000000000e+01
-4.300000000000000000e+01
-4.200000000000000000e+01
-4.100000000000000000e+01
-4.000000000000000000e+01
-3.900000000000000000e+01
-3.800000000000000000e+01
-3.700000000000000000e+01
-3.600000000000000000e+01
-3.500000000000000000e+01
-3.400000000000000000e+01
-3.300000000000000000e+01
-3.200000000000000000e+01
-3.100000000000000000e+01
-3.000000000000000000e+01
-2.900000000000000000e+01
-2.800000000000000000e+01
-2.700000000000000000e+01
-2.600000000000000000e+01
-2.500000000000000000e+01
-2.400000000000000000e+01
-2.300000000000000000e+01
-2.200000000000000000e+01
-2.100000000000000000e+01
-2.000000000000000000e+01
-1.900000000000000000e+01
-1.800000000000000000e+01
-1.700000000000000000e+01
-1.600000000000000000e+01
-1.500000000000000000e+01
-1.400000000000000000e+01
-1.300000000000000000e+01
-1.200000000000000000e+01
-1.100000000000000000e+01
-1.000000000000000000e+01
-9.000000000000000000e+00
-8.000000000000000000e+00
-7.000000000000000000e+00
-6.000000000000000000e+00
-5.000000000000000000e+00
-4.000000000000000000e+00
-3.000000000000000000e+00
-2.000000000000000000e+00
-1.000000000000000000e+00
0.000000000000000000e+00
1.000000000000000000e+00
2.000000000000000000e+00
3.000000000000000000e+00
4.000000000000000000e+00
5.000000000000000000e+00
6.000000000000000000e+00
7.000000000000000000e+00
8.000000000000000000e+00
9.000000000000000000e+00
1.000000000000000000e+01
1.100000000000000000e+01
1.200000000000000000e+01
1.300000000000000000e+01
1.400000000000000000e+01
1.500000000000000000e+01
1.600000000000000000e+01
1.700000000000000000e+01
1.800000000000000000e+01
1.900000000000000000e+01
2.000000000000000000e+01
2.100000000000000000e+01
2.200000000000000000e+01
2.300000000000000000e+01
2.400000000000000000e+01
2.500000000000000000e+01
2.600000000000000000e+01
2.700000000000000000e+01
2.800000000000000000e+01
2.900000000000000000e+01
3.000000000000000000e+01
3.100000000000000000e+01
3.200000000000000000e+01
3.300000000000000000e+01
3.400000000000000000e+01
3.500000000000000000e+01
3.600000000000000000e+01
3.700000000000000000e+01
3.800000000000000000e+01
3.900000000000000000e+01
4.000000000000000000e+01
4.100000000000000000e+01
4.200000000000000000e+01
4.300000000000000000e+01
4.400000000000000000e+01
4.500000000000000000e+01
4.600000000000000000e+01
4.700000000000000000e+01
4.800000000000000000e+01
4.900000000000000000e+01
5.000000000000000000e+01
5.100000000000000000e+01
5.200000000000000000e+01
5.300000000000000000e+01
5.400000000000000000e+01
5.500000000000000000e+01
5.600000000000000000e+01
5.700000000000000000e+01
5.800000000000000000e+01
5.900000000000000000e+01
6.000000000000000000e+01
6.100000000000000000e+01
6.200000000000000000e+01
6.300000000000000000e+01
6.400000000000000000e+01
6.500000000000000000e+01
6.600000000000000000e+01
6.700000000000000000e+01
6.800000000000000000e+01
6.900000000000000000e+01
7.000000000000000000e+01
7.100000000000000000e+01
7.200000000000000000e+01
7.300000000000000000e+01
7.400000000000000000e+01
7.500000000000000000e+01
7.600000000000000000e+01
7.700000000000000000e+01
7.800000000000000000e+01
7.900000000000000000e+01
8.000000000000000000e+01
8.100000000000000000e+01
8.200000000000000000e+01
8.300000000000000000e+01
8.400000000000000000e+01
8.500000000000000000e+01
8.600000000000000000e+01
8.700000000000000000e+01
8.800000000000000000e+01
8.900000000000000000e+01
9.000000000000000000e+01
9.100000000000000000e+01
9.200000000000000000e+01
9.300000000000000000e+01
9.400000000000000000e+01
9.500000000000000000e+01
9.600000000000000000e+01
9.700000000000000000e+01
9.800000000000000000e+01
9.900000000000000000e+01
