single photon fraction:    0.1967
laser fraction:    0.2705
thermal source fraction:    0.5082
non-detected fraction:    0.0246
number of bins:  200.0000
bin width (ns):    1.0000
average detection events per bin: 5000.0000

# binary result
0.000000000000000000e+00

# g2 signal
1.018320555042467879e+00
9.795352502718065457e-01
1.010480972163291691e+00
1.000784645970626219e+00
1.005323351848044222e+00
9.811856887726857490e-01
1.011925105851561035e+00
9.912946245905709386e-01
1.000784645970626219e+00
1.004910742222824283e+00
9.882000524014223908e-01
9.830424320861749221e-01
1.003466608534554938e+00
1.019558383918127253e+00
1.018939469480297566e+00
1.005942266285873909e+00
1.016257506916368847e+00
9.968648545310382358e-01
9.690137048287016386e-01
1.000165731532796531e+00
9.743776299565590771e-01
9.898504909023015941e-01
9.904694053401312814e-01
9.861370042753233589e-01
9.964522449058184073e-01
9.743776299565590771e-01
9.892315764644719067e-01
9.886126620266422194e-01
9.993405122823569853e-01
1.003879218159774878e+00
1.006561180723703597e+00
9.935639775292798292e-01
1.002022474846285816e+00
9.857243946501036413e-01
9.943891967797193754e-01
1.005117047035434252e+00
1.003672913347164908e+00
1.002641389284115503e+00
9.921198438410104847e-01
1.013781849165050097e+00
9.785037262087570298e-01
1.033380806362990567e+00
1.009449448100242064e+00
1.013575544352440128e+00
9.840739561492244381e-01
1.003260303721945190e+00
9.840739561492244381e-01
1.004085522972384625e+00
9.768532877078778265e-01
1.006973790348923314e+00
1.017289030979418252e+00
9.999594267201866726e-01
9.888189668392520781e-01
1.010274667350681721e+00
1.022240346482055973e+00
9.968648545310382358e-01
9.867559187131530463e-01
1.005529656660653970e+00
9.780911165835373122e-01
1.017289030979418252e+00
9.735524107061194199e-01
9.890252716518620479e-01
1.023271870545105378e+00
1.003879218159774878e+00
1.010480972163291691e+00
1.014813373228099502e+00
9.752028492069986232e-01
9.830424320861749221e-01
1.021415127231616315e+00
1.022240346482055973e+00
9.749965443943887644e-01
1.010893581788511408e+00
9.952144160301590325e-01
9.974837689688679232e-01
9.972774641562579534e-01
9.991342074697471265e-01
1.013781849165050097e+00
9.948018064049392040e-01
9.888189668392520781e-01
1.015225982853319442e+00
1.001403560408455906e+00
1.005529656660653970e+00
9.879937475888125320e-01
9.735524107061194199e-01
1.003672913347164908e+00
1.003260303721945190e+00
9.882000524014223908e-01
1.010687276975901439e+00
1.000784645970626219e+00
1.002022474846285816e+00
9.813919935852957188e-01
1.018526859855077626e+00
1.016051202103758877e+00
9.795352502718065457e-01
9.978963785940877518e-01
9.923261486536203435e-01
9.948018064049392040e-01
9.673632663278224353e-01
9.945955015923293452e-01
1.004291827784994595e+00
1.305909463820668748e+00
1.012750325102000470e+00
1.026572747546863784e+00
9.869622235257630161e-01
1.013162934727220410e+00
9.877874427762025622e-01
1.023271870545105378e+00
9.886126620266422194e-01
9.896441860896917353e-01
1.019764688730737223e+00
1.012750325102000470e+00
9.904694053401312814e-01
9.966585497184282660e-01
9.669506567026027177e-01
1.009862057725462003e+00
9.925324534662303133e-01
9.793289454591966869e-01
1.009036838475022346e+00
9.871685283383728748e-01
1.013781849165050097e+00
1.001816170033675846e+00
9.968648545310382358e-01
1.020589907981176658e+00
1.003053998909335220e+00
1.035031244863869659e+00
1.019145774292907536e+00
9.869622235257630161e-01
1.019970993543346971e+00
1.022859260919885660e+00
9.811856887726857490e-01
9.826298224609550935e-01
9.898504909023015941e-01
1.003466608534554938e+00
9.869622235257630161e-01
9.793289454591966869e-01
1.013162934727220410e+00
1.008005314411972719e+00
1.001403560408455906e+00
1.007180095161533284e+00
9.983089882193074693e-01
9.962459400932085485e-01
1.002641389284115503e+00
9.865496139005431875e-01
9.898504909023015941e-01
9.917072342157906562e-01
1.003672913347164908e+00
1.015432287665929190e+00
9.989279026571371567e-01
9.822172128357352650e-01
9.795352502718065457e-01
1.009655752912852034e+00
1.000372036345406501e+00
9.886126620266422194e-01
9.888189668392520781e-01
9.830424320861749221e-01
1.014607068415489532e+00
1.008005314411972719e+00
9.859306994627135001e-01
1.032761891925160880e+00
9.551912823838383249e-01
9.813919935852957188e-01
1.021621432044226285e+00
1.021208822419006346e+00
1.023684480170325317e+00
1.010480972163291691e+00
9.974837689688679232e-01
9.877874427762025622e-01
1.027810576422523159e+00
9.912946245905709386e-01
9.642686941386739985e-01
1.019764688730737223e+00
1.010068362538071751e+00
1.016257506916368847e+00
9.595236834486462474e-01
9.921198438410104847e-01
9.865496139005431875e-01
9.844865657744441556e-01
1.009243143287632316e+00
1.010480972163291691e+00
9.826298224609550935e-01
9.968648545310382358e-01
9.892315764644719067e-01
9.846928705870541254e-01
1.035443854489089599e+00
9.906757101527412512e-01
9.875811379635927034e-01
9.871685283383728748e-01
1.021208822419006346e+00
9.921198438410104847e-01
1.003879218159774878e+00
9.999594267201866726e-01
1.026985357172083724e+00
1.018939469480297566e+00
1.016463811728978817e+00
1.014813373228099502e+00
1.017495335792028222e+00
9.987215978445272979e-01
9.974837689688679232e-01
9.964522449058184073e-01
1.011925105851561035e+00

# time bin value
-1.000000000000000000e+02
-9.900000000000000000e+01
-9.800000000000000000e+01
-9.700000000000000000e+01
-9.600000000000000000e+01
-9.500000000000000000e+01
-9.400000000000000000e+01
-9.300000000000000000e+01
-9.200000000000000000e+01
-9.100000000000000000e+01
-9.000000000000000000e+01
-8.900000000000000000e+01
-8.800000000000000000e+01
-8.700000000000000000e+01
-8.600000000000000000e+01
-8.500000000000000000e+01
-8.400000000000000000e+01
-8.300000000000000000e+01
-8.200000000000000000e+01
-8.100000000000000000e+01
-8.000000000000000000e+01
-7.900000000000000000e+01
-7.800000000000000000e+01
-7.700000000000000000e+01
-7.600000000000000000e+01
-7.500000000000000000e+01
-7.400000000000000000e+01
-7.300000000000000000e+01
-7.200000000000000000e+01
-7.100000000000000000e+01
-7.000000000000000000e+01
-6.900000000000000000e+01
-6.800000000000000000e+01
-6.700000000000000000e+01
-6.600000000000000000e+01
-6.500000000000000000e+01
-6.400000000000000000e+01
-6.300000000000000000e+01
-6.200000000000000000e+01
-6.100000000000000000e+01
-6.000000000000000000e+01
-5.900000000000000000e+01
-5.800000000000000000e+01
-5.700000000000000000e+01
-5.600000000000000000e+01
-5.500000000000000000e+01
-5.400000000000000000e+01
-5.300000000000000000e+01
-5.200000000000000000e+01
-5.100000000000000000e+01
-5.000000000000000000e+01
-4.900000000000000000e+01
-4.800000000000000000e+01
-4.700000000000000000e+01
-4.600000000000000000e+01
-4.500000000000000000e+01
-4.400000000000000000e+01
-4.300000000000000000e+01
-4.200000000000000000e+01
-4.100000000000000000e+01
-4.000000000000000000e+01
-3.900000000000000000e+01
-3.800000000000000000e+01
-3.700000000000000000e+01
-3.600000000000000000e+01
-3.500000000000000000e+01
-3.400000000000000000e+01
-3.300000000000000000e+01
-3.200000000000000000e+01
-3.100000000000000000e+01
-3.000000000000000000e+01
-2.900000000000000000e+01
-2.800000000000000000e+01
-2.700000000000000000e+01
-2.600000000000000000e+01
-2.500000000000000000e+01
-2.400000000000000000e+01
-2.300000000000000000e+01
-2.200000000000000000e+01
-2.100000000000000000e+01
-2.000000000000000000e+01
-1.900000000000000000e+01
-1.800000000000000000e+01
-1.700000000000000000e+01
-1.600000000000000000e+01
-1.500000000000000000e+01
-1.400000000000000000e+01
-1.300000000000000000e+01
-1.200000000000000000e+01
-1.100000000000000000e+01
-1.000000000000000000e+01
-9.000000000000000000e+00
-8.000000000000000000e+00
-7.000000000000000000e+00
-6.000000000000000000e+00
-5.000000000000000000e+00
-4.000000000000000000e+00
-3.000000000000000000e+00
-2.000000000000000000e+00
-1.000000000000000000e+00
0.000000000000000000e+00
1.000000000000000000e+00
2.000000000000000000e+00
3.000000000000000000e+00
4.000000000000000000e+00
5.000000000000000000e+00
6.000000000000000000e+00
7.000000000000000000e+00
8.000000000000000000e+00
9.000000000000000000e+00
1.000000000000000000e+01
1.100000000000000000e+01
1.200000000000000000e+01
1.300000000000000000e+01
1.400000000000000000e+01
1.500000000000000000e+01
1.600000000000000000e+01
1.700000000000000000e+01
1.800000000000000000e+01
1.900000000000000000e+01
2.000000000000000000e+01
2.100000000000000000e+01
2.200000000000000000e+01
2.300000000000000000e+01
2.400000000000000000e+01
2.500000000000000000e+01
2.600000000000000000e+01
2.700000000000000000e+01
2.800000000000000000e+01
2.900000000000000000e+01
3.000000000000000000e+01
3.100000000000000000e+01
3.200000000000000000e+01
3.300000000000000000e+01
3.400000000000000000e+01
3.500000000000000000e+01
3.600000000000000000e+01
3.700000000000000000e+01
3.800000000000000000e+01
3.900000000000000000e+01
4.000000000000000000e+01
4.100000000000000000e+01
4.200000000000000000e+01
4.300000000000000000e+01
4.400000000000000000e+01
4.500000000000000000e+01
4.600000000000000000e+01
4.700000000000000000e+01
4.800000000000000000e+01
4.900000000000000000e+01
5.000000000000000000e+01
5.100000000000000000e+01
5.200000000000000000e+01
5.300000000000000000e+01
5.400000000000000000e+01
5.500000000000000000e+01
5.600000000000000000e+01
5.700000000000000000e+01
5.800000000000000000e+01
5.900000000000000000e+01
6.000000000000000000e+01
6.100000000000000000e+01
6.200000000000000000e+01
6.300000000000000000e+01
6.400000000000000000e+01
6.500000000000000000e+01
6.600000000000000000e+01
6.700000000000000000e+01
6.800000000000000000e+01
6.900000000000000000e+01
7.000000000000000000e+01
7.100000000000000000e+01
7.200000000000000000e+01
7.300000000000000000e+01
7.400000000000000000e+01
7.500000000000000000e+01
7.600000000000000000e+01
7.700000000000000000e+01
7.800000000000000000e+01
7.900000000000000000e+01
8.000000000000000000e+01
8.100000000000000000e+01
8.200000000000000000e+01
8.300000000000000000e+01
8.400000000000000000e+01
8.500000000000000000e+01
8.600000000000000000e+01
8.700000000000000000e+01
8.800000000000000000e+01
8.900000000000000000e+01
9.000000000000000000e+01
9.100000000000000000e+01
9.200000000000000000e+01
9.300000000000000000e+01
9.400000000000000000e+01
9.500000000000000000e+01
9.600000000000000000e+01
9.700000000000000000e+01
9.800000000000000000e+01
9.900000000000000000e+01
