single photon fraction:    0.1368
laser fraction:    0.3462
thermal source fraction:    0.3632
non-detected fraction:    0.1538
number of bins:  200.0000
bin width (ns):    1.0000
average detection events per bin: 5000.0000

# binary result
0.000000000000000000e+00

# g2 signal
1.004224855772847480e+00
1.044374844092130994e+00
1.002086690714424133e+00
1.010164203157356999e+00
9.662130325119874241e-01
9.985230822837185549e-01
1.041523957347566531e+00
9.766662839087240089e-01
1.007550890308172908e+00
1.022755619612516931e+00
1.011114498738878487e+00
1.016816272228007412e+00
1.006838168622031793e+00
9.750032666410614057e-01
9.923461610038287750e-01
9.970976389114363236e-01
9.940091782714913782e-01
9.792795967579080996e-01
9.849813702470371357e-01
1.001849116819043761e+00
9.885449786777428249e-01
1.006600594726651421e+00
9.771414316994847526e-01
1.003749707982086736e+00
9.961473433299148361e-01
9.987606561790989268e-01
9.966224911206755799e-01
9.994733778652400424e-01
9.937716043761110063e-01
9.802298923394295871e-01
1.015153254960344809e+00
9.849813702470371357e-01
1.004700003563608224e+00
1.042236679033707647e+00
1.021330176240234699e+00
9.859316658285586232e-01
9.966224911206755799e-01
9.647875891397051928e-01
9.942467521668717501e-01
9.916334393176876594e-01
1.034159166590774781e+00
9.764287100133436370e-01
1.001136395132902646e+00
9.807050401301903308e-01
9.864068136193193670e-01
9.970976389114363236e-01
1.015153254960344809e+00
9.868819614100801108e-01
9.788044489671473558e-01
9.994733778652400424e-01
9.902079959454054281e-01
9.871195353054604826e-01
9.999485256560007862e-01
1.012064794320399974e+00
1.002086690714424133e+00
9.883074047823624531e-01
1.019904732867952246e+00
9.916334393176876594e-01
9.759535622225828932e-01
1.012064794320399974e+00
9.902079959454054281e-01
1.001849116819043761e+00
1.009451481471215883e+00
1.018954437286430759e+00
1.011827220425019602e+00
1.015865976646485924e+00
9.982855083883381830e-01
9.999485256560007862e-01
9.925837348992091469e-01
9.842686485608960201e-01
9.849813702470371357e-01
9.887825525731231968e-01
1.006363020831271049e+00
9.854565180377978795e-01
1.015153254960344809e+00
1.023943489089418790e+00
1.003749707982086736e+00
1.002799412400565249e+00
9.985230822837185549e-01
9.906831437361661719e-01
9.799923184440492152e-01
9.887825525731231968e-01
9.835559268747549044e-01
9.842686485608960201e-01
1.009213907575835512e+00
9.921085871084484031e-01
9.987606561790989268e-01
9.978103605975774393e-01
1.026081654147842137e+00
9.985230822837185549e-01
9.738153971641594353e-01
9.597985373367173834e-01
1.003987281877467108e+00
9.845062224562763920e-01
1.004937577458988596e+00
1.008738759785074768e+00
9.970976389114363236e-01
9.716772321057360884e-01
1.013727811588062577e+00
9.802298923394295871e-01
1.258428923829849388e+00
9.970976389114363236e-01
9.935340304807306344e-01
1.003749707982086736e+00
1.005650299145129711e+00
1.000186099551381158e+00
9.514834509984041455e-01
1.016103550541866296e+00
9.968600650160559518e-01
1.012777516006541090e+00
1.013015089901921462e+00
9.987606561790989268e-01
9.873571092008408545e-01
1.008976333680455140e+00
1.026319228043222509e+00
1.010164203157356999e+00
9.975727867021970674e-01
1.010164203157356999e+00
1.016816272228007412e+00
9.883074047823624531e-01
9.769038578041043808e-01
9.932964565853502625e-01
9.954346216437737205e-01
9.833183529793745326e-01
9.726275276872575759e-01
9.757159883272025214e-01
1.003036986295945621e+00
9.925837348992091469e-01
9.918710132130680313e-01
1.006838168622031793e+00
1.013727811588062577e+00
1.041761531242946903e+00
1.004700003563608224e+00
9.902079959454054281e-01
1.006600594726651421e+00
1.020855028449473956e+00
9.861692397239389951e-01
1.016816272228007412e+00
9.937716043761110063e-01
9.970976389114363236e-01
1.007075742517412165e+00
9.854565180377978795e-01
9.783293011763866120e-01
9.918710132130680313e-01
9.970976389114363236e-01
1.023230767403277675e+00
9.930588826899698907e-01
9.659754586166070522e-01
1.002086690714424133e+00
9.837935007701352763e-01
9.928213087945895188e-01
1.025368932461701021e+00
1.004462429668227852e+00
9.754784144318221495e-01
9.785668750717669839e-01
9.795171706532884714e-01
1.001136395132902646e+00
1.000186099551381158e+00
1.009213907575835512e+00
1.005175151354368968e+00
1.035822183858437606e+00
1.015865976646485924e+00
1.016341124437246668e+00
1.014202959378823321e+00
9.764287100133436370e-01
1.008026038098933652e+00
1.041999105138327275e+00
1.014678107169584065e+00
9.994733778652400424e-01
9.871195353054604826e-01
9.944843260622521219e-01
9.823680573978530450e-01
9.997109517606204143e-01
9.997109517606204143e-01
9.712020843149753446e-01
9.911582915269269156e-01
1.009689055366596255e+00
9.959097694345344642e-01
1.028457393101645856e+00
9.978103605975774393e-01
1.012064794320399974e+00
9.897328481546446843e-01
9.647875891397051928e-01
1.008501185889694396e+00
1.024418636880179534e+00
1.009213907575835512e+00
1.003036986295945621e+00
1.018004141704909271e+00
9.804674662348099590e-01
1.024656210775559906e+00
1.010164203157356999e+00
1.035822183858437606e+00
1.013727811588062577e+00
9.904455698407858000e-01
9.932964565853502625e-01
9.894952742592643125e-01
1.023468341298658046e+00
1.008501185889694396e+00
9.752408405364417776e-01
1.030357984264688831e+00

# time bin value
-1.000000000000000000e+02
-9.900000000000000000e+01
-9.800000000000000000e+01
-9.700000000000000000e+01
-9.600000000000000000e+01
-9.500000000000000000e+01
-9.400000000000000000e+01
-9.300000000000000000e+01
-9.200000000000000000e+01
-9.100000000000000000e+01
-9.000000000000000000e+01
-8.900000000000000000e+01
-8.800000000000000000e+01
-8.700000000000000000e+01
-8.600000000000000000e+01
-8.500000000000000000e+01
-8.400000000000000000e+01
-8.300000000000000000e+01
-8.200000000000000000e+01
-8.100000000000000000e+01
-8.000000000000000000e+01
-7.900000000000000000e+01
-7.800000000000000000e+01
-7.700000000000000000e+01
-7.600000000000000000e+01
-7.500000000000000000e+01
-7.400000000000000000e+01
-7.300000000000000000e+01
-7.200000000000000000e+01
-7.100000000000000000e+01
-7.000000000000000000e+01
-6.900000000000000000e+01
-6.800000000000000000e+01
-6.700000000000000000e+01
-6.600000000000000000e+01
-6.500000000000000000e+01
-6.400000000000000000e+01
-6.300000000000000000e+01
-6.200000000000000000e+01
-6.100000000000000000e+01
-6.000000000000000000e+01
-5.900000000000000000e+01
-5.800000000000000000e+01
-5.700000000000000000e+01
-5.600000000000000000e+01
-5.500000000000000000e+01
-5.400000000000000000e+01
-5.300000000000000000e+01
-5.200000000000000000e+01
-5.100000000000000000e+01
-5.000000000000000000e+01
-4.900000000000000000e+01
-4.800000000000000000e+01
-4.700000000000000000e+01
-4.600000000000000000e+01
-4.500000000000000000e+01
-4.400000000000000000e+01
-4.300000000000000000e+01
-4.200000000000000000e+01
-4.100000000000000000e+01
-4.000000000000000000e+01
-3.900000000000000000e+01
-3.800000000000000000e+01
-3.700000000000000000e+01
-3.600000000000000000e+01
-3.500000000000000000e+01
-3.400000000000000000e+01
-3.300000000000000000e+01
-3.200000000000000000e+01
-3.100000000000000000e+01
-3.000000000000000000e+01
-2.900000000000000000e+01
-2.800000000000000000e+01
-2.700000000000000000e+01
-2.600000000000000000e+01
-2.500000000000000000e+01
-2.400000000000000000e+01
-2.300000000000000000e+01
-2.200000000000000000e+01
-2.100000000000000000e+01
-2.000000000000000000e+01
-1.900000000000000000e+01
-1.800000000000000000e+01
-1.700000000000000000e+01
-1.600000000000000000e+01
-1.500000000000000000e+01
-1.400000000000000000e+01
-1.300000000000000000e+01
-1.200000000000000000e+01
-1.100000000000000000e+01
-1.000000000000000000e+01
-9.000000000000000000e+00
-8.000000000000000000e+00
-7.000000000000000000e+00
-6.000000000000000000e+00
-5.000000000000000000e+00
-4.000000000000000000e+00
-3.000000000000000000e+00
-2.000000000000000000e+00
-1.000000000000000000e+00
0.000000000000000000e+00
1.000000000000000000e+00
2.000000000000000000e+00
3.000000000000000000e+00
4.000000000000000000e+00
5.000000000000000000e+00
6.000000000000000000e+00
7.000000000000000000e+00
8.000000000000000000e+00
9.000000000000000000e+00
1.000000000000000000e+01
1.100000000000000000e+01
1.200000000000000000e+01
1.300000000000000000e+01
1.400000000000000000e+01
1.500000000000000000e+01
1.600000000000000000e+01
1.700000000000000000e+01
1.800000000000000000e+01
1.900000000000000000e+01
2.000000000000000000e+01
2.100000000000000000e+01
2.200000000000000000e+01
2.300000000000000000e+01
2.400000000000000000e+01
2.500000000000000000e+01
2.600000000000000000e+01
2.700000000000000000e+01
2.800000000000000000e+01
2.900000000000000000e+01
3.000000000000000000e+01
3.100000000000000000e+01
3.200000000000000000e+01
3.300000000000000000e+01
3.400000000000000000e+01
3.500000000000000000e+01
3.600000000000000000e+01
3.700000000000000000e+01
3.800000000000000000e+01
3.900000000000000000e+01
4.000000000000000000e+01
4.100000000000000000e+01
4.200000000000000000e+01
4.300000000000000000e+01
4.400000000000000000e+01
4.500000000000000000e+01
4.600000000000000000e+01
4.700000000000000000e+01
4.800000000000000000e+01
4.900000000000000000e+01
5.000000000000000000e+01
5.100000000000000000e+01
5.200000000000000000e+01
5.300000000000000000e+01
5.400000000000000000e+01
5.500000000000000000e+01
5.600000000000000000e+01
5.700000000000000000e+01
5.800000000000000000e+01
5.900000000000000000e+01
6.000000000000000000e+01
6.100000000000000000e+01
6.200000000000000000e+01
6.300000000000000000e+01
6.400000000000000000e+01
6.500000000000000000e+01
6.600000000000000000e+01
6.700000000000000000e+01
6.800000000000000000e+01
6.900000000000000000e+01
7.000000000000000000e+01
7.100000000000000000e+01
7.200000000000000000e+01
7.300000000000000000e+01
7.400000000000000000e+01
7.500000000000000000e+01
7.600000000000000000e+01
7.700000000000000000e+01
7.800000000000000000e+01
7.900000000000000000e+01
8.000000000000000000e+01
8.100000000000000000e+01
8.200000000000000000e+01
8.300000000000000000e+01
8.400000000000000000e+01
8.500000000000000000e+01
8.600000000000000000e+01
8.700000000000000000e+01
8.800000000000000000e+01
8.900000000000000000e+01
9.000000000000000000e+01
9.100000000000000000e+01
9.200000000000000000e+01
9.300000000000000000e+01
9.400000000000000000e+01
9.500000000000000000e+01
9.600000000000000000e+01
9.700000000000000000e+01
9.800000000000000000e+01
9.900000000000000000e+01
