single photon fraction:    0.3762
laser fraction:    0.3762
thermal source fraction:    0.0396
non-detected fraction:    0.2079
number of bins:  200.0000
bin width (ns):    1.0000
average detection events per bin: 5000.0000

# binary result
0.000000000000000000e+00

# g2 signal
1.010144603761322646e+00
9.702871765709411012e-01
9.799341971647914651e-01
1.004051748649417153e+00
9.880580039806653447e-01
9.974511556115195354e-01
1.022838051911125534e+00
9.913583004996141534e-01
1.003797879686421091e+00
1.004305617612413215e+00
1.004813355538405339e+00
9.921199073886023401e-01
1.010906210650310832e+00
1.014968114058247606e+00
1.003290141760428966e+00
9.936431211665787133e-01
1.019283886429180663e+00
1.007352045168365962e+00
1.012937162354279330e+00
1.024869003615094032e+00
9.839961005727283494e-01
9.883118729436614069e-01
1.004813355538405339e+00
9.824728867947519761e-01
1.018014541614200352e+00
9.982127625005077221e-01
1.023345789837117659e+00
1.007098176205369899e+00
1.035785369023924707e+00
9.883118729436614069e-01
9.954202039075510378e-01
9.888196108696535314e-01
9.878041350176692825e-01
9.941508590925708377e-01
1.006082700353385651e+00
9.878041350176692825e-01
1.002782403834436842e+00
9.956740728705471000e-01
1.019030017466184601e+00
9.893273487956456558e-01
9.525163491612169686e-01
1.026899955319062530e+00
9.999898452414801575e-01
9.746029489418741587e-01
9.992282383524919709e-01
1.001005321093464406e+00
1.003544010723425028e+00
1.004051748649417153e+00
9.987205004264998465e-01
1.009636865835330521e+00
9.888196108696535314e-01
9.971972866485234732e-01
1.005574962427393526e+00
9.839961005727283494e-01
9.781571144238190296e-01
9.888196108696535314e-01
9.862809212396929093e-01
1.002020796945448655e+00
9.817112799057639005e-01
1.006590438279377775e+00
9.647020593850278436e-01
1.012429424428287206e+00
1.020807100207157037e+00
1.006336569316381713e+00
9.878041350176692825e-01
9.860270522766968471e-01
9.956740728705471000e-01
1.001766927982452593e+00
9.913583004996141534e-01
9.885657419066574692e-01
1.021060969170153099e+00
9.994821073154880331e-01
1.002020796945448655e+00
1.004813355538405339e+00
9.933892522035826511e-01
1.027661562208050716e+00
9.707949144969332256e-01
1.003036272797432904e+00
9.936431211665787133e-01
1.030961858726999525e+00
1.014968114058247606e+00
1.013952638206263357e+00
9.725719972379056610e-01
9.949124659815589133e-01
1.027407693245054654e+00
1.020299362281164912e+00
9.931353832405865889e-01
1.023599658800113721e+00
1.011921686502295081e+00
9.921199073886023401e-01
1.024869003615094032e+00
1.019030017466184601e+00
1.003036272797432904e+00
9.758722937568544697e-01
9.989743693894959087e-01
1.011413948576302957e+00
9.819651488687599628e-01
1.013698769243267295e+00
1.002274665908444717e+00
9.949124659815589133e-01
5.892298631138551679e-01
1.006082700353385651e+00
1.007098176205369899e+00
9.659714042000081546e-01
9.916121694626102157e-01
9.911044315366180912e-01
1.000497583167472282e+00
9.692717007189569633e-01
9.982127625005077221e-01
9.809496730167757139e-01
1.007605914131362024e+00
1.008621389983346273e+00
1.054063934359640964e+00
1.000243714204476220e+00
1.021568707096145223e+00
1.020299362281164912e+00
1.001766927982452593e+00
1.013444900280271455e+00
9.756184247938584075e-01
9.560705146431618395e-01
1.021314838133149161e+00
1.004051748649417153e+00
1.000751452130468344e+00
9.801880661277875273e-01
1.012175555465291144e+00
1.006336569316381713e+00
9.933892522035826511e-01
9.898350867216377802e-01
1.023345789837117659e+00
1.000243714204476220e+00
9.959279418335431622e-01
1.023853527763109783e+00
1.007859783094358086e+00
9.862809212396929093e-01
1.019030017466184601e+00
1.029438644949023152e+00
9.885657419066574692e-01
9.938969901295747755e-01
9.911044315366180912e-01
1.019283886429180663e+00
1.006336569316381713e+00
9.941508590925708377e-01
9.982127625005077221e-01
1.010652341687314770e+00
1.009129127909338397e+00
1.029184775986027089e+00
9.969434176855274110e-01
1.006082700353385651e+00
1.009382996872334459e+00
1.002782403834436842e+00
1.007098176205369899e+00
1.004813355538405339e+00
1.002020796945448655e+00
9.895812177586417180e-01
9.796803282017954029e-01
1.004559486575409277e+00
1.009382996872334459e+00
1.011667817539299019e+00
9.705410455339371634e-01
9.989743693894959087e-01
1.016491327836223979e+00
9.971972866485234732e-01
1.027661562208050716e+00
1.016745196799220041e+00
9.999898452414801575e-01
1.014460376132255481e+00
1.023599658800113721e+00
1.020807100207157037e+00
9.890734798326495936e-01
1.017760672651204290e+00
9.982127625005077221e-01
9.890734798326495936e-01
9.697794386449489767e-01
1.000243714204476220e+00
1.005828831390389588e+00
9.982127625005077221e-01
9.969434176855274110e-01
1.001513059019456531e+00
1.015983589910231855e+00
9.956740728705471000e-01
1.033246679393964085e+00
1.009129127909338397e+00
9.842499695357244116e-01
9.771416385718347808e-01
9.756184247938584075e-01
1.011413948576302957e+00
1.033500548356960147e+00
1.012429424428287206e+00
1.007859783094358086e+00
1.009382996872334459e+00
1.018522279540192477e+00
9.944047280555668999e-01
9.949124659815589133e-01
1.023345789837117659e+00
1.011921686502295081e+00
1.024869003615094032e+00
1.009382996872334459e+00
1.000751452130468344e+00
1.003290141760428966e+00
9.979588935375116598e-01

# time bin value
-1.000000000000000000e+02
-9.900000000000000000e+01
-9.800000000000000000e+01
-9.700000000000000000e+01
-9.600000000000000000e+01
-9.500000000000000000e+01
-9.400000000000000000e+01
-9.300000000000000000e+01
-9.200000000000000000e+01
-9.100000000000000000e+01
-9.000000000000000000e+01
-8.900000000000000000e+01
-8.800000000000000000e+01
-8.700000000000000000e+01
-8.600000000000000000e+01
-8.500000000000000000e+01
-8.400000000000000000e+01
-8.300000000000000000e+01
-8.200000000000000000e+01
-8.100000000000000000e+01
-8.000000000000000000e+01
-7.900000000000000000e+01
-7.800000000000000000e+01
-7.700000000000000000e+01
-7.600000000000000000e+01
-7.500000000000000000e+01
-7.400000000000000000e+01
-7.300000000000000000e+01
-7.200000000000000000e+01
-7.100000000000000000e+01
-7.000000000000000000e+01
-6.900000000000000000e+01
-6.800000000000000000e+01
-6.700000000000000000e+01
-6.600000000000000000e+01
-6.500000000000000000e+01
-6.400000000000000000e+01
-6.300000000000000000e+01
-6.200000000000000000e+01
-6.100000000000000000e+01
-6.000000000000000000e+01
-5.900000000000000000e+01
-5.800000000000000000e+01
-5.700000000000000000e+01
-5.600000000000000000e+01
-5.500000000000000000e+01
-5.400000000000000000e+01
-5.300000000000000000e+01
-5.200000000000000000e+01
-5.100000000000000000e+01
-5.000000000000000000e+01
-4.900000000000000000e+01
-4.800000000000000000e+01
-4.700000000000000000e+01
-4.600000000000000000e+01
-4.500000000000000000e+01
-4.400000000000000000e+01
-4.300000000000000000e+01
-4.200000000000000000e+01
-4.100000000000000000e+01
-4.000000000000000000e+01
-3.900000000000000000e+01
-3.800000000000000000e+01
-3.700000000000000000e+01
-3.600000000000000000e+01
-3.500000000000000000e+01
-3.400000000000000000e+01
-3.300000000000000000e+01
-3.200000000000000000e+01
-3.100000000000000000e+01
-3.000000000000000000e+01
-2.900000000000000000e+01
-2.800000000000000000e+01
-2.700000000000000000e+01
-2.600000000000000000e+01
-2.500000000000000000e+01
-2.400000000000000000e+01
-2.300000000000000000e+01
-2.200000000000000000e+01
-2.100000000000000000e+01
-2.000000000000000000e+01
-1.900000000000000000e+01
-1.800000000000000000e+01
-1.700000000000000000e+01
-1.600000000000000000e+01
-1.500000000000000000e+01
-1.400000000000000000e+01
-1.300000000000000000e+01
-1.200000000000000000e+01
-1.100000000000000000e+01
-1.000000000000000000e+01
-9.000000000000000000e+00
-8.000000000000000000e+00
-7.000000000000000000e+00
-6.000000000000000000e+00
-5.000000000000000000e+00
-4.000000000000000000e+00
-3.000000000000000000e+00
-2.000000000000000000e+00
-1.000000000000000000e+00
0.000000000000000000e+00
1.000000000000000000e+00
2.000000000000000000e+00
3.000000000000000000e+00
4.000000000000000000e+00
5.000000000000000000e+00
6.000000000000000000e+00
7.000000000000000000e+00
8.000000000000000000e+00
9.000000000000000000e+00
1.000000000000000000e+01
1.100000000000000000e+01
1.200000000000000000e+01
1.300000000000000000e+01
1.400000000000000000e+01
1.500000000000000000e+01
1.600000000000000000e+01
1.700000000000000000e+01
1.800000000000000000e+01
1.900000000000000000e+01
2.000000000000000000e+01
2.100000000000000000e+01
2.200000000000000000e+01
2.300000000000000000e+01
2.400000000000000000e+01
2.500000000000000000e+01
2.600000000000000000e+01
2.700000000000000000e+01
2.800000000000000000e+01
2.900000000000000000e+01
3.000000000000000000e+01
3.100000000000000000e+01
3.200000000000000000e+01
3.300000000000000000e+01
3.400000000000000000e+01
3.500000000000000000e+01
3.600000000000000000e+01
3.700000000000000000e+01
3.800000000000000000e+01
3.900000000000000000e+01
4.000000000000000000e+01
4.100000000000000000e+01
4.200000000000000000e+01
4.300000000000000000e+01
4.400000000000000000e+01
4.500000000000000000e+01
4.600000000000000000e+01
4.700000000000000000e+01
4.800000000000000000e+01
4.900000000000000000e+01
5.000000000000000000e+01
5.100000000000000000e+01
5.200000000000000000e+01
5.300000000000000000e+01
5.400000000000000000e+01
5.500000000000000000e+01
5.600000000000000000e+01
5.700000000000000000e+01
5.800000000000000000e+01
5.900000000000000000e+01
6.000000000000000000e+01
6.100000000000000000e+01
6.200000000000000000e+01
6.300000000000000000e+01
6.400000000000000000e+01
6.500000000000000000e+01
6.600000000000000000e+01
6.700000000000000000e+01
6.800000000000000000e+01
6.900000000000000000e+01
7.000000000000000000e+01
7.100000000000000000e+01
7.200000000000000000e+01
7.300000000000000000e+01
7.400000000000000000e+01
7.500000000000000000e+01
7.600000000000000000e+01
7.700000000000000000e+01
7.800000000000000000e+01
7.900000000000000000e+01
8.000000000000000000e+01
8.100000000000000000e+01
8.200000000000000000e+01
8.300000000000000000e+01
8.400000000000000000e+01
8.500000000000000000e+01
8.600000000000000000e+01
8.700000000000000000e+01
8.800000000000000000e+01
8.900000000000000000e+01
9.000000000000000000e+01
9.100000000000000000e+01
9.200000000000000000e+01
9.300000000000000000e+01
9.400000000000000000e+01
9.500000000000000000e+01
9.600000000000000000e+01
9.700000000000000000e+01
9.800000000000000000e+01
9.900000000000000000e+01
