single photon fraction:    0.1143
laser fraction:    0.2971
thermal source fraction:    0.2171
non-detected fraction:    0.3714
number of bins:  200.0000
bin width (ns):    1.0000
average detection events per bin: 5000.0000

# binary result
0.000000000000000000e+00

# g2 signal
9.852847088931542263e-01
1.004478566858605149e+00
1.016314779270633295e+00
9.897632757517594859e-01
9.779270633397313395e-01
9.913627639155470073e-01
9.817658349328215461e-01
1.004798464491362786e+00
9.827255278310940145e-01
1.015035188739603411e+00
9.852847088931542263e-01
1.017274472168905985e+00
9.724888035828535005e-01
1.000959692898272468e+00
1.025911708253358867e+00
1.008957133717210519e+00
1.037747920665387014e+00
1.001599488163787521e+00
1.008637236084452882e+00
9.952015355086372139e-01
1.015035188739603411e+00
9.856046065259117528e-01
1.012156110044785562e+00
1.007037747920665360e+00
1.005438259756877839e+00
9.961612284069097933e-01
9.830454254638515410e-01
1.000319897632757415e+00
9.996801023672424735e-01
9.884836852207293800e-01
1.030710172744721653e+00
9.766474728087012336e-01
9.689699296225208203e-01
1.016954574536148348e+00
9.808061420345489667e-01
1.007357645553422998e+00
1.008637236084452882e+00
1.028790786948176494e+00
9.894433781190019594e-01
9.820857325655789616e-01
9.721689059500959740e-01
9.974408189379398992e-01
9.923224568138195867e-01
9.961612284069097933e-01
1.001279590531030106e+00
9.824056301983364881e-01
1.017914267434421038e+00
9.971209213051823728e-01
1.000000000000000000e+00
1.004798464491362786e+00
9.961612284069097933e-01
1.005118362124120202e+00
1.038387715930902067e+00
9.961612284069097933e-01
1.019193857965451144e+00
1.026231605886116505e+00
1.059181062060140732e+00
9.843250159948816469e-01
9.830454254638515410e-01
9.689699296225208203e-01
1.024632117722328761e+00
1.003198976327575265e+00
1.012476007677543199e+00
9.580934101087651422e-01
1.009596928982725572e+00
9.974408189379398992e-01
9.817658349328215461e-01
1.020473448496481028e+00
9.942418426103646345e-01
9.814459373000640197e-01
9.875239923224568006e-01
1.028470889315419079e+00
9.852847088931542263e-01
1.004478566858605149e+00
1.010876519513755678e+00
1.002239283429302574e+00
1.018873960332693507e+00
1.003518873960332680e+00
9.856046065259117528e-01
9.856046065259117528e-01
9.904030710172744278e-01
1.028150991682661441e+00
1.015994881637875880e+00
1.025271912987843814e+00
1.033909149072296918e+00
1.000319897632757415e+00
1.005438259756877839e+00
1.016314779270633295e+00
1.007037747920665360e+00
9.932821497120921661e-01
1.014715291106845774e+00
9.737683941138836063e-01
9.545745361484324620e-01
9.958413307741522669e-01
1.008317338451695466e+00
1.038387715930902067e+00
9.894433781190019594e-01
9.740882917466410218e-01
1.018873960332693507e+00
9.788867562380038079e-01
1.162507997440819008e+00
9.820857325655789616e-01
9.948816378758796874e-01
1.031669865642994344e+00
1.009277031349967935e+00
1.000639795265515053e+00
9.990403071017274206e-01
9.993602047344849471e-01
9.884836852207293800e-01
9.686500319897632938e-01
9.980806142034548412e-01
9.824056301983364881e-01
1.029110684580934132e+00
1.025911708253358867e+00
1.013115802943058252e+00
9.635316698656429812e-01
1.001599488163787521e+00
9.728087012156110269e-01
9.888035828534869065e-01
1.037747920665387014e+00
1.048304542546385054e+00
1.022072936660268772e+00
1.024312220089571346e+00
1.000639795265515053e+00
1.031669865642994344e+00
9.939219449776072191e-01
1.029430582213691547e+00
9.993602047344849471e-01
1.000959692898272468e+00
1.002559181062060212e+00
1.002879078694817627e+00
9.907229686500319543e-01
1.024312220089571346e+00
1.025911708253358867e+00
9.936020473448496926e-01
9.968010236724248463e-01
1.011196417146513093e+00
9.724888035828535005e-01
9.942418426103646345e-01
9.824056301983364881e-01
9.900831733845169014e-01
9.942418426103646345e-01
1.001599488163787521e+00
1.022712731925783824e+00
1.020793346129238666e+00
9.865642994241842212e-01
9.942418426103646345e-01
9.875239923224568006e-01
9.728087012156110269e-01
9.987204094689698941e-01
9.638515674984005077e-01
1.017914267434421038e+00
9.955214331413947404e-01
9.718490083173384475e-01
9.958413307741522669e-01
1.021113243761996081e+00
1.035188739603327024e+00
9.801663467690339138e-01
1.009277031349967935e+00
9.600127959053103011e-01
9.888035828534869065e-01
9.830454254638515410e-01
9.625719769673704018e-01
9.606525911708253540e-01
1.009277031349967935e+00
9.910428662827894808e-01
9.913627639155470073e-01
9.910428662827894808e-01
9.606525911708253540e-01
9.945617402431221610e-01
9.955214331413947404e-01
1.010236724248240625e+00
1.014075495841330721e+00
1.002239283429302574e+00
1.006397952655150307e+00
9.939219449776072191e-01
9.827255278310940145e-01
1.018234165067178454e+00
1.020153550863723613e+00
1.012476007677543199e+00
9.856046065259117528e-01
1.005118362124120202e+00
9.785668586052462814e-01
1.013435700575815668e+00
9.673704414587331879e-01
9.795265515035188608e-01
1.015355086372360827e+00
1.015994881637875880e+00
9.884836852207293800e-01
9.955214331413947404e-01
9.936020473448496926e-01
9.891234804862444330e-01
1.001599488163787521e+00
1.050543825975687851e+00
9.689699296225208203e-01
9.763275751759437071e-01
1.010236724248240625e+00
9.750479846449136012e-01
1.009916826615482988e+00
9.920025591810620602e-01

# time bin value
-1.000000000000000000e+02
-9.900000000000000000e+01
-9.800000000000000000e+01
-9.700000000000000000e+01
-9.600000000000000000e+01
-9.500000000000000000e+01
-9.400000000000000000e+01
-9.300000000000000000e+01
-9.200000000000000000e+01
-9.100000000000000000e+01
-9.000000000000000000e+01
-8.900000000000000000e+01
-8.800000000000000000e+01
-8.700000000000000000e+01
-8.600000000000000000e+01
-8.500000000000000000e+01
-8.400000000000000000e+01
-8.300000000000000000e+01
-8.200000000000000000e+01
-8.100000000000000000e+01
-8.000000000000000000e+01
-7.900000000000000000e+01
-7.800000000000000000e+01
-7.700000000000000000e+01
-7.600000000000000000e+01
-7.500000000000000000e+01
-7.400000000000000000e+01
-7.300000000000000000e+01
-7.200000000000000000e+01
-7.100000000000000000e+01
-7.000000000000000000e+01
-6.900000000000000000e+01
-6.800000000000000000e+01
-6.700000000000000000e+01
-6.600000000000000000e+01
-6.500000000000000000e+01
-6.400000000000000000e+01
-6.300000000000000000e+01
-6.200000000000000000e+01
-6.100000000000000000e+01
-6.000000000000000000e+01
-5.900000000000000000e+01
-5.800000000000000000e+01
-5.700000000000000000e+01
-5.600000000000000000e+01
-5.500000000000000000e+01
-5.400000000000000000e+01
-5.300000000000000000e+01
-5.200000000000000000e+01
-5.100000000000000000e+01
-5.000000000000000000e+01
-4.900000000000000000e+01
-4.800000000000000000e+01
-4.700000000000000000e+01
-4.600000000000000000e+01
-4.500000000000000000e+01
-4.400000000000000000e+01
-4.300000000000000000e+01
-4.200000000000000000e+01
-4.100000000000000000e+01
-4.000000000000000000e+01
-3.900000000000000000e+01
-3.800000000000000000e+01
-3.700000000000000000e+01
-3.600000000000000000e+01
-3.500000000000000000e+01
-3.400000000000000000e+01
-3.300000000000000000e+01
-3.200000000000000000e+01
-3.100000000000000000e+01
-3.000000000000000000e+01
-2.900000000000000000e+01
-2.800000000000000000e+01
-2.700000000000000000e+01
-2.600000000000000000e+01
-2.500000000000000000e+01
-2.400000000000000000e+01
-2.300000000000000000e+01
-2.200000000000000000e+01
-2.100000000000000000e+01
-2.000000000000000000e+01
-1.900000000000000000e+01
-1.800000000000000000e+01
-1.700000000000000000e+01
-1.600000000000000000e+01
-1.500000000000000000e+01
-1.400000000000000000e+01
-1.300000000000000000e+01
-1.200000000000000000e+01
-1.100000000000000000e+01
-1.000000000000000000e+01
-9.000000000000000000e+00
-8.000000000000000000e+00
-7.000000000000000000e+00
-6.000000000000000000e+00
-5.000000000000000000e+00
-4.000000000000000000e+00
-3.000000000000000000e+00
-2.000000000000000000e+00
-1.000000000000000000e+00
0.000000000000000000e+00
1.000000000000000000e+00
2.000000000000000000e+00
3.000000000000000000e+00
4.000000000000000000e+00
5.000000000000000000e+00
6.000000000000000000e+00
7.000000000000000000e+00
8.000000000000000000e+00
9.000000000000000000e+00
1.000000000000000000e+01
1.100000000000000000e+01
1.200000000000000000e+01
1.300000000000000000e+01
1.400000000000000000e+01
1.500000000000000000e+01
1.600000000000000000e+01
1.700000000000000000e+01
1.800000000000000000e+01
1.900000000000000000e+01
2.000000000000000000e+01
2.100000000000000000e+01
2.200000000000000000e+01
2.300000000000000000e+01
2.400000000000000000e+01
2.500000000000000000e+01
2.600000000000000000e+01
2.700000000000000000e+01
2.800000000000000000e+01
2.900000000000000000e+01
3.000000000000000000e+01
3.100000000000000000e+01
3.200000000000000000e+01
3.300000000000000000e+01
3.400000000000000000e+01
3.500000000000000000e+01
3.600000000000000000e+01
3.700000000000000000e+01
3.800000000000000000e+01
3.900000000000000000e+01
4.000000000000000000e+01
4.100000000000000000e+01
4.200000000000000000e+01
4.300000000000000000e+01
4.400000000000000000e+01
4.500000000000000000e+01
4.600000000000000000e+01
4.700000000000000000e+01
4.800000000000000000e+01
4.900000000000000000e+01
5.000000000000000000e+01
5.100000000000000000e+01
5.200000000000000000e+01
5.300000000000000000e+01
5.400000000000000000e+01
5.500000000000000000e+01
5.600000000000000000e+01
5.700000000000000000e+01
5.800000000000000000e+01
5.900000000000000000e+01
6.000000000000000000e+01
6.100000000000000000e+01
6.200000000000000000e+01
6.300000000000000000e+01
6.400000000000000000e+01
6.500000000000000000e+01
6.600000000000000000e+01
6.700000000000000000e+01
6.800000000000000000e+01
6.900000000000000000e+01
7.000000000000000000e+01
7.100000000000000000e+01
7.200000000000000000e+01
7.300000000000000000e+01
7.400000000000000000e+01
7.500000000000000000e+01
7.600000000000000000e+01
7.700000000000000000e+01
7.800000000000000000e+01
7.900000000000000000e+01
8.000000000000000000e+01
8.100000000000000000e+01
8.200000000000000000e+01
8.300000000000000000e+01
8.400000000000000000e+01
8.500000000000000000e+01
8.600000000000000000e+01
8.700000000000000000e+01
8.800000000000000000e+01
8.900000000000000000e+01
9.000000000000000000e+01
9.100000000000000000e+01
9.200000000000000000e+01
9.300000000000000000e+01
9.400000000000000000e+01
9.500000000000000000e+01
9.600000000000000000e+01
9.700000000000000000e+01
9.800000000000000000e+01
9.900000000000000000e+01
