single photon fraction:    0.3265
laser fraction:    0.0136
thermal source fraction:    0.3129
non-detected fraction:    0.3469
number of bins:  200.0000
bin width (ns):    1.0000
average detection events per bin: 5000.0000

# binary result
0.000000000000000000e+00

# g2 signal
1.024176559378331852e+00
9.930849355438828852e-01
9.823106104527371540e-01
9.896987190866656237e-01
1.010016017829968860e+00
9.903143948061596813e-01
1.018327640043138471e+00
1.013710072146933205e+00
9.872360162086895041e-01
9.986260170193291819e-01
9.915457462451477966e-01
9.933927734036298585e-01
1.010323855689715833e+00
9.952398005621120314e-01
9.832341240319782960e-01
1.006014125653257762e+00
9.783087182760259459e-01
1.002320071336293417e+00
1.004782774214269647e+00
1.012786558567692063e+00
9.872360162086895041e-01
1.012478720707945090e+00
9.860046647697013888e-01
9.807714211540020655e-01
1.027562775835549003e+00
1.005706287793510567e+00
9.699970960628564454e-01
1.017711964323644303e+00
9.832341240319782960e-01
1.013094396427439037e+00
1.002320071336293417e+00
9.989338548790762662e-01
1.012478720707945090e+00
9.853889890502074422e-01
9.807714211540020655e-01
1.044186020261888004e+00
1.007553314951992851e+00
9.853889890502074422e-01
1.006014125653257762e+00
9.770773668370378306e-01
1.000165206318064381e+00
9.869281783489425308e-01
9.970868277205940933e-01
1.039568452365682738e+00
9.847733133307133846e-01
1.010939531409210002e+00
9.958554762816059780e-01
1.034335208749983304e+00
1.012170882848198117e+00
9.875438540684364774e-01
1.026023586536813914e+00
1.002627909196040390e+00
1.001704395616799470e+00
1.016480612884656187e+00
9.995495305985702128e-01
9.973946655803411776e-01
1.027562775835549003e+00
9.632246631484220334e-01
9.610697981301928872e-01
1.015557099305415267e+00
9.835419618917252693e-01
9.872360162086895041e-01
9.863125026294484732e-01
1.030025478713525233e+00
1.021098180780861675e+00
1.002935747055787363e+00
1.015557099305415267e+00
9.789243939955200036e-01
1.001704395616799470e+00
1.033719533030489357e+00
1.015249261445668294e+00
9.930849355438828852e-01
9.773852046967849150e-01
1.010323855689715833e+00
1.010323855689715833e+00
1.004782774214269647e+00
1.004167098494775479e+00
1.006629801372751709e+00
9.943162869828708894e-01
9.736911503798206802e-01
9.986260170193291819e-01
9.795400697150140612e-01
1.011863044988450921e+00
1.006629801372751709e+00
1.018943315762632418e+00
9.835419618917252693e-01
9.847733133307133846e-01
1.000780882037558328e+00
1.028794127274537118e+00
9.783087182760259459e-01
9.681500689043743835e-01
1.016788450744403383e+00
9.896987190866656237e-01
9.952398005621120314e-01
9.724597989408325649e-01
9.866203404891954465e-01
1.019866829341873560e+00
9.983181791595822085e-01
9.856968269099544155e-01
1.021406018640608648e+00
9.579914195327227100e-01
9.884673676476776194e-01
9.860046647697013888e-01
1.004167098494775479e+00
1.029101965134284091e+00
1.022945207939343737e+00
9.770773668370378306e-01
1.042338993103405942e+00
1.014633585726174125e+00
9.816949347332432074e-01
1.003551422775281532e+00
9.921614219646418542e-01
1.013710072146933205e+00
1.012478720707945090e+00
1.005398449933763594e+00
1.006014125653257762e+00
1.004782774214269647e+00
9.733833125200737069e-01
1.004782774214269647e+00
9.973946655803411776e-01
1.001396557757052275e+00
9.801557454345081188e-01
9.696892582031094721e-01
1.007861152811739824e+00
9.804635832942550921e-01
1.022021694360102595e+00
1.029101965134284091e+00
1.009400342110474913e+00
1.009400342110474913e+00
1.031872505872007295e+00
9.998573684583172971e-01
1.024792235097825799e+00
9.629168252886750601e-01
1.029717640853778038e+00
1.000165206318064381e+00
1.001396557757052275e+00
9.767695289772908573e-01
9.915457462451477966e-01
9.893908812269186503e-01
9.783087182760259459e-01
1.022637370079596764e+00
1.012786558567692063e+00
9.826184483124842384e-01
1.015864937165162241e+00
1.011247369268956975e+00
1.006321963513004736e+00
1.016480612884656187e+00
9.986260170193291819e-01
9.687657446238683301e-01
1.010631693549463028e+00
9.780008804162789726e-01
1.000780882037558328e+00
1.020790342921114480e+00
1.022945207939343737e+00
9.838497997514722426e-01
9.502954730390472671e-01
9.847733133307133846e-01
9.841576376112193270e-01
9.835419618917252693e-01
1.012786558567692063e+00
1.006937639232498682e+00
9.887752055074245927e-01
9.690735824836154144e-01
9.940084491231239161e-01
9.937006112633769428e-01
1.013094396427439037e+00
1.010016017829968860e+00
9.881595297879305351e-01
1.029101965134284091e+00
9.949319627023649470e-01
1.011863044988450921e+00
9.930849355438828852e-01
9.970868277205940933e-01
1.033103857310995410e+00
1.022945207939343737e+00
1.028178451555042949e+00
9.893908812269186503e-01
9.896987190866656237e-01
1.015557099305415267e+00
1.003243584915534559e+00
9.576835816729757367e-01
1.029409802994031065e+00
9.706127717823505030e-01
1.018019802183391498e+00
9.801557454345081188e-01
9.995495305985702128e-01
9.850811511904603579e-01
1.014017910006680179e+00
9.764616911175438840e-01
9.841576376112193270e-01
9.875438540684364774e-01
1.013710072146933205e+00
9.749225018188087954e-01
1.002935747055787363e+00
9.970868277205940933e-01
1.006321963513004736e+00
1.004167098494775479e+00
9.844654754709663003e-01
1.011247369268956975e+00
1.003859260635028505e+00

# time bin value
-1.000000000000000000e+02
-9.900000000000000000e+01
-9.800000000000000000e+01
-9.700000000000000000e+01
-9.600000000000000000e+01
-9.500000000000000000e+01
-9.400000000000000000e+01
-9.300000000000000000e+01
-9.200000000000000000e+01
-9.100000000000000000e+01
-9.000000000000000000e+01
-8.900000000000000000e+01
-8.800000000000000000e+01
-8.700000000000000000e+01
-8.600000000000000000e+01
-8.500000000000000000e+01
-8.400000000000000000e+01
-8.300000000000000000e+01
-8.200000000000000000e+01
-8.100000000000000000e+01
-8.000000000000000000e+01
-7.900000000000000000e+01
-7.800000000000000000e+01
-7.700000000000000000e+01
-7.600000000000000000e+01
-7.500000000000000000e+01
-7.400000000000000000e+01
-7.300000000000000000e+01
-7.200000000000000000e+01
-7.100000000000000000e+01
-7.000000000000000000e+01
-6.900000000000000000e+01
-6.800000000000000000e+01
-6.700000000000000000e+01
-6.600000000000000000e+01
-6.500000000000000000e+01
-6.400000000000000000e+01
-6.300000000000000000e+01
-6.200000000000000000e+01
-6.100000000000000000e+01
-6.000000000000000000e+01
-5.900000000000000000e+01
-5.800000000000000000e+01
-5.700000000000000000e+01
-5.600000000000000000e+01
-5.500000000000000000e+01
-5.400000000000000000e+01
-5.300000000000000000e+01
-5.200000000000000000e+01
-5.100000000000000000e+01
-5.000000000000000000e+01
-4.900000000000000000e+01
-4.800000000000000000e+01
-4.700000000000000000e+01
-4.600000000000000000e+01
-4.500000000000000000e+01
-4.400000000000000000e+01
-4.300000000000000000e+01
-4.200000000000000000e+01
-4.100000000000000000e+01
-4.000000000000000000e+01
-3.900000000000000000e+01
-3.800000000000000000e+01
-3.700000000000000000e+01
-3.600000000000000000e+01
-3.500000000000000000e+01
-3.400000000000000000e+01
-3.300000000000000000e+01
-3.200000000000000000e+01
-3.100000000000000000e+01
-3.000000000000000000e+01
-2.900000000000000000e+01
-2.800000000000000000e+01
-2.700000000000000000e+01
-2.600000000000000000e+01
-2.500000000000000000e+01
-2.400000000000000000e+01
-2.300000000000000000e+01
-2.200000000000000000e+01
-2.100000000000000000e+01
-2.000000000000000000e+01
-1.900000000000000000e+01
-1.800000000000000000e+01
-1.700000000000000000e+01
-1.600000000000000000e+01
-1.500000000000000000e+01
-1.400000000000000000e+01
-1.300000000000000000e+01
-1.200000000000000000e+01
-1.100000000000000000e+01
-1.000000000000000000e+01
-9.000000000000000000e+00
-8.000000000000000000e+00
-7.000000000000000000e+00
-6.000000000000000000e+00
-5.000000000000000000e+00
-4.000000000000000000e+00
-3.000000000000000000e+00
-2.000000000000000000e+00
-1.000000000000000000e+00
0.000000000000000000e+00
1.000000000000000000e+00
2.000000000000000000e+00
3.000000000000000000e+00
4.000000000000000000e+00
5.000000000000000000e+00
6.000000000000000000e+00
7.000000000000000000e+00
8.000000000000000000e+00
9.000000000000000000e+00
1.000000000000000000e+01
1.100000000000000000e+01
1.200000000000000000e+01
1.300000000000000000e+01
1.400000000000000000e+01
1.500000000000000000e+01
1.600000000000000000e+01
1.700000000000000000e+01
1.800000000000000000e+01
1.900000000000000000e+01
2.000000000000000000e+01
2.100000000000000000e+01
2.200000000000000000e+01
2.300000000000000000e+01
2.400000000000000000e+01
2.500000000000000000e+01
2.600000000000000000e+01
2.700000000000000000e+01
2.800000000000000000e+01
2.900000000000000000e+01
3.000000000000000000e+01
3.100000000000000000e+01
3.200000000000000000e+01
3.300000000000000000e+01
3.400000000000000000e+01
3.500000000000000000e+01
3.600000000000000000e+01
3.700000000000000000e+01
3.800000000000000000e+01
3.900000000000000000e+01
4.000000000000000000e+01
4.100000000000000000e+01
4.200000000000000000e+01
4.300000000000000000e+01
4.400000000000000000e+01
4.500000000000000000e+01
4.600000000000000000e+01
4.700000000000000000e+01
4.800000000000000000e+01
4.900000000000000000e+01
5.000000000000000000e+01
5.100000000000000000e+01
5.200000000000000000e+01
5.300000000000000000e+01
5.400000000000000000e+01
5.500000000000000000e+01
5.600000000000000000e+01
5.700000000000000000e+01
5.800000000000000000e+01
5.900000000000000000e+01
6.000000000000000000e+01
6.100000000000000000e+01
6.200000000000000000e+01
6.300000000000000000e+01
6.400000000000000000e+01
6.500000000000000000e+01
6.600000000000000000e+01
6.700000000000000000e+01
6.800000000000000000e+01
6.900000000000000000e+01
7.000000000000000000e+01
7.100000000000000000e+01
7.200000000000000000e+01
7.300000000000000000e+01
7.400000000000000000e+01
7.500000000000000000e+01
7.600000000000000000e+01
7.700000000000000000e+01
7.800000000000000000e+01
7.900000000000000000e+01
8.000000000000000000e+01
8.100000000000000000e+01
8.200000000000000000e+01
8.300000000000000000e+01
8.400000000000000000e+01
8.500000000000000000e+01
8.600000000000000000e+01
8.700000000000000000e+01
8.800000000000000000e+01
8.900000000000000000e+01
9.000000000000000000e+01
9.100000000000000000e+01
9.200000000000000000e+01
9.300000000000000000e+01
9.400000000000000000e+01
9.500000000000000000e+01
9.600000000000000000e+01
9.700000000000000000e+01
9.800000000000000000e+01
9.900000000000000000e+01
