single photon fraction:    0.1510
laser fraction:    0.5104
thermal source fraction:    0.1823
non-detected fraction:    0.1562
number of bins:  200.0000
bin width (ns):    1.0000
average detection events per bin: 5000.0000

# binary result
0.000000000000000000e+00

# g2 signal
1.023979292017291431e+00
9.859131473326339101e-01
1.017555630101755648e+00
9.973329907380311665e-01
9.887681081839831965e-01
1.003280825845008994e+00
1.011131968186219643e+00
9.978088175465893439e-01
1.003756652653567061e+00
9.806790524384934038e-01
9.989983845679849539e-01
1.032068347762781224e+00
1.009704487760545000e+00
1.008990747547707567e+00
1.000663778397938630e+00
1.003994566057846205e+00
9.982846443551476323e-01
9.773482647785858290e-01
9.759207843529111859e-01
1.006135786696358281e+00
1.016603976484639071e+00
1.008752834143428423e+00
9.828202730770053686e-01
9.818686194598890138e-01
9.809169658427725480e-01
1.023503465208733365e+00
1.016128149676080783e+00
1.007325353717753780e+00
1.008277007334870135e+00
1.011369881590498787e+00
1.007801180526312068e+00
1.005422046483520848e+00
9.951917700995192018e-01
9.973329907380311665e-01
1.014938582654685284e+00
1.002091258823613273e+00
9.890060215882623407e-01
9.901955886096578396e-01
1.021600157974500434e+00
9.940022030781235918e-01
1.003994566057846205e+00
9.935263762695654144e-01
9.851994071197964775e-01
1.002567085632171562e+00
1.018031456910313715e+00
1.012083621803335998e+00
9.873406277583085533e-01
1.008752834143428423e+00
9.733037369058410437e-01
9.630734605218392863e-01
1.003518739249288139e+00
1.020886417761663001e+00
9.794894854170979048e-01
9.989983845679849539e-01
1.010180314569103066e+00
1.023265551804454221e+00
1.006849526909195491e+00
9.937642896738445586e-01
1.000901691802217774e+00
9.832960998855636570e-01
1.003280825845008994e+00
9.966192505251938449e-01
9.985225577594266655e-01
1.016841889888918216e+00
1.028023819890036439e+00
9.942401164824027360e-01
9.840098400984009785e-01
1.005897873292079137e+00
1.008514920739149279e+00
9.859131473326339101e-01
1.013511102229010641e+00
1.005897873292079137e+00
9.809169658427725480e-01
9.811548792470516922e-01
1.011845708399056853e+00
9.954296835037982349e-01
1.004470392866404493e+00
9.959055103123565234e-01
1.029213386911431938e+00
1.023265551804454221e+00
1.007325353717753780e+00
9.871027143540294091e-01
9.837719266941218343e-01
1.024217205421570576e+00
1.005422046483520848e+00
9.813927926513307254e-01
9.875785411625875865e-01
1.008039093930591212e+00
9.892439349925413739e-01
9.890060215882623407e-01
9.906714154182160170e-01
9.702108626502126132e-01
1.016128149676080783e+00
1.030402953932827437e+00
1.002567085632171562e+00
9.702108626502126132e-01
1.019458937335988358e+00
1.008514920739149279e+00
9.794894854170979048e-01
9.854373205240756217e-01
1.019458937335988358e+00
1.007087440313474636e+00
9.687833822245378590e-01
9.997121247808222755e-01
1.004232479462125349e+00
1.003280825845008994e+00
1.019934764144546646e+00
9.792515720128187606e-01
9.671179883945841826e-01
9.756828709486321527e-01
1.001853345419334351e+00
1.022075984783058722e+00
1.017079803293197360e+00
9.742553905229573985e-01
1.005897873292079137e+00
9.973329907380311665e-01
9.973329907380311665e-01
1.011845708399056853e+00
9.642630275432347853e-01
9.968571639294729891e-01
9.766345245657485075e-01
9.980467309508684881e-01
9.842477535026801228e-01
9.966192505251938449e-01
9.875785411625875865e-01
1.026358426060082651e+00
1.011845708399056853e+00
9.825823596727263354e-01
9.716383430758872564e-01
1.001853345419334351e+00
1.018031456910313715e+00
1.008277007334870135e+00
1.017079803293197360e+00
9.918609824396116270e-01
1.006849526909195491e+00
1.001377518610776063e+00
1.021124331165942145e+00
9.854373205240756217e-01
9.756828709486321527e-01
9.797273988213769380e-01
9.759207843529111859e-01
9.771103513743067959e-01
9.978088175465893439e-01
9.982846443551476323e-01
1.004232479462125349e+00
9.906714154182160170e-01
9.830581864812845128e-01
1.018269370314592859e+00
9.904335020139369838e-01
1.007801180526312068e+00
1.008990747547707567e+00
1.023265551804454221e+00
1.000425864993659708e+00
1.009228660951986711e+00
9.994742113765431313e-01
1.002329172227892418e+00
9.792515720128187606e-01
1.018031456910313715e+00
9.645009409475139295e-01
1.014462755846127218e+00
9.871027143540294091e-01
1.005897873292079137e+00
1.000901691802217774e+00
9.982846443551476323e-01
9.923368092481698044e-01
1.030878780741385725e+00
9.868648009497502649e-01
1.004708306270683638e+00
1.006849526909195491e+00
1.019934764144546646e+00
1.019458937335988358e+00
1.014224842441848073e+00
1.015414409463243572e+00
1.001377518610776063e+00
1.003756652653567061e+00
9.842477535026801228e-01
9.863889741411920875e-01
9.804411390342143706e-01
9.980467309508684881e-01
1.017079803293197360e+00
9.944780298866818802e-01
1.006373700100637425e+00
9.992362979722640981e-01
9.992362979722640981e-01
9.970950773337520223e-01
9.925747226524489486e-01
1.024930945634408008e+00
1.024217205421570576e+00
9.882922813754250191e-01
9.792515720128187606e-01
1.007325353717753780e+00
9.704487760544916464e-01
9.859131473326339101e-01
1.001139605206496919e+00
1.019696850740267502e+00
1.003994566057846205e+00
1.017317716697476504e+00
9.997121247808222755e-01
1.015890236271801861e+00
9.821065328641680470e-01

# time bin value
-1.000000000000000000e+02
-9.900000000000000000e+01
-9.800000000000000000e+01
-9.700000000000000000e+01
-9.600000000000000000e+01
-9.500000000000000000e+01
-9.400000000000000000e+01
-9.300000000000000000e+01
-9.200000000000000000e+01
-9.100000000000000000e+01
-9.000000000000000000e+01
-8.900000000000000000e+01
-8.800000000000000000e+01
-8.700000000000000000e+01
-8.600000000000000000e+01
-8.500000000000000000e+01
-8.400000000000000000e+01
-8.300000000000000000e+01
-8.200000000000000000e+01
-8.100000000000000000e+01
-8.000000000000000000e+01
-7.900000000000000000e+01
-7.800000000000000000e+01
-7.700000000000000000e+01
-7.600000000000000000e+01
-7.500000000000000000e+01
-7.400000000000000000e+01
-7.300000000000000000e+01
-7.200000000000000000e+01
-7.100000000000000000e+01
-7.000000000000000000e+01
-6.900000000000000000e+01
-6.800000000000000000e+01
-6.700000000000000000e+01
-6.600000000000000000e+01
-6.500000000000000000e+01
-6.400000000000000000e+01
-6.300000000000000000e+01
-6.200000000000000000e+01
-6.100000000000000000e+01
-6.000000000000000000e+01
-5.900000000000000000e+01
-5.800000000000000000e+01
-5.700000000000000000e+01
-5.600000000000000000e+01
-5.500000000000000000e+01
-5.400000000000000000e+01
-5.300000000000000000e+01
-5.200000000000000000e+01
-5.100000000000000000e+01
-5.000000000000000000e+01
-4.900000000000000000e+01
-4.800000000000000000e+01
-4.700000000000000000e+01
-4.600000000000000000e+01
-4.500000000000000000e+01
-4.400000000000000000e+01
-4.300000000000000000e+01
-4.200000000000000000e+01
-4.100000000000000000e+01
-4.000000000000000000e+01
-3.900000000000000000e+01
-3.800000000000000000e+01
-3.700000000000000000e+01
-3.600000000000000000e+01
-3.500000000000000000e+01
-3.400000000000000000e+01
-3.300000000000000000e+01
-3.200000000000000000e+01
-3.100000000000000000e+01
-3.000000000000000000e+01
-2.900000000000000000e+01
-2.800000000000000000e+01
-2.700000000000000000e+01
-2.600000000000000000e+01
-2.500000000000000000e+01
-2.400000000000000000e+01
-2.300000000000000000e+01
-2.200000000000000000e+01
-2.100000000000000000e+01
-2.000000000000000000e+01
-1.900000000000000000e+01
-1.800000000000000000e+01
-1.700000000000000000e+01
-1.600000000000000000e+01
-1.500000000000000000e+01
-1.400000000000000000e+01
-1.300000000000000000e+01
-1.200000000000000000e+01
-1.100000000000000000e+01
-1.000000000000000000e+01
-9.000000000000000000e+00
-8.000000000000000000e+00
-7.000000000000000000e+00
-6.000000000000000000e+00
-5.000000000000000000e+00
-4.000000000000000000e+00
-3.000000000000000000e+00
-2.000000000000000000e+00
-1.000000000000000000e+00
0.000000000000000000e+00
1.000000000000000000e+00
2.000000000000000000e+00
3.000000000000000000e+00
4.000000000000000000e+00
5.000000000000000000e+00
6.000000000000000000e+00
7.000000000000000000e+00
8.000000000000000000e+00
9.000000000000000000e+00
1.000000000000000000e+01
1.100000000000000000e+01
1.200000000000000000e+01
1.300000000000000000e+01
1.400000000000000000e+01
1.500000000000000000e+01
1.600000000000000000e+01
1.700000000000000000e+01
1.800000000000000000e+01
1.900000000000000000e+01
2.000000000000000000e+01
2.100000000000000000e+01
2.200000000000000000e+01
2.300000000000000000e+01
2.400000000000000000e+01
2.500000000000000000e+01
2.600000000000000000e+01
2.700000000000000000e+01
2.800000000000000000e+01
2.900000000000000000e+01
3.000000000000000000e+01
3.100000000000000000e+01
3.200000000000000000e+01
3.300000000000000000e+01
3.400000000000000000e+01
3.500000000000000000e+01
3.600000000000000000e+01
3.700000000000000000e+01
3.800000000000000000e+01
3.900000000000000000e+01
4.000000000000000000e+01
4.100000000000000000e+01
4.200000000000000000e+01
4.300000000000000000e+01
4.400000000000000000e+01
4.500000000000000000e+01
4.600000000000000000e+01
4.700000000000000000e+01
4.800000000000000000e+01
4.900000000000000000e+01
5.000000000000000000e+01
5.100000000000000000e+01
5.200000000000000000e+01
5.300000000000000000e+01
5.400000000000000000e+01
5.500000000000000000e+01
5.600000000000000000e+01
5.700000000000000000e+01
5.800000000000000000e+01
5.900000000000000000e+01
6.000000000000000000e+01
6.100000000000000000e+01
6.200000000000000000e+01
6.300000000000000000e+01
6.400000000000000000e+01
6.500000000000000000e+01
6.600000000000000000e+01
6.700000000000000000e+01
6.800000000000000000e+01
6.900000000000000000e+01
7.000000000000000000e+01
7.100000000000000000e+01
7.200000000000000000e+01
7.300000000000000000e+01
7.400000000000000000e+01
7.500000000000000000e+01
7.600000000000000000e+01
7.700000000000000000e+01
7.800000000000000000e+01
7.900000000000000000e+01
8.000000000000000000e+01
8.100000000000000000e+01
8.200000000000000000e+01
8.300000000000000000e+01
8.400000000000000000e+01
8.500000000000000000e+01
8.600000000000000000e+01
8.700000000000000000e+01
8.800000000000000000e+01
8.900000000000000000e+01
9.000000000000000000e+01
9.100000000000000000e+01
9.200000000000000000e+01
9.300000000000000000e+01
9.400000000000000000e+01
9.500000000000000000e+01
9.600000000000000000e+01
9.700000000000000000e+01
9.800000000000000000e+01
9.900000000000000000e+01
