single photon fraction:    0.3933
laser fraction:    0.1632
thermal source fraction:    0.2636
non-detected fraction:    0.1799
number of bins:  200.0000
bin width (ns):    1.0000
average detection events per bin: 5000.0000

# binary result
0.000000000000000000e+00

# g2 signal
9.800605828897449578e-01
1.021723573410189267e+00
1.025889872462233621e+00
1.021723573410189267e+00
9.847170347714416794e-01
9.847170347714416794e-01
9.996666960758364695e-01
1.008979599839229913e+00
1.000401925320314911e+00
9.942750149496613066e-01
9.935397857051828652e-01
9.920693272162259824e-01
9.830014998676587235e-01
1.013390975306100339e+00
9.925594800458782396e-01
9.920693272162259824e-01
9.955003970237920052e-01
1.009959905498534427e+00
9.967257790979227039e-01
9.967257790979227039e-01
9.876579517493554450e-01
1.006773912105794588e+00
9.955003970237920052e-01
1.009959905498534427e+00
9.888833338234861436e-01
9.893734866531384009e-01
9.778548951563097447e-01
1.016086815869188031e+00
9.864325696752247463e-01
1.004078071542706896e+00
1.004078071542706896e+00
1.012655746061621898e+00
9.785901244007881861e-01
9.834916526973109807e-01
9.957454734386180784e-01
9.986863904165318440e-01
9.866776460900508194e-01
1.000647001735140984e+00
1.003587918713054750e+00
1.000647001735140984e+00
9.886382574086599595e-01
1.004568224372359264e+00
9.827564234528325393e-01
9.991765432461841012e-01
1.022948955484320077e+00
1.028585713025321313e+00
1.011920516817143456e+00
1.006038682861316147e+00
1.012165593231969751e+00
1.010695134743012868e+00
1.023439108313972223e+00
1.001627307394445499e+00
1.010450058328186795e+00
9.812859649638756565e-01
9.820211942083540979e-01
1.021723573410189267e+00
9.925594800458782396e-01
9.854522640159201208e-01
1.032997088492191740e+00
9.834916526973109807e-01
9.964807026830965198e-01
9.981962375868795867e-01
1.013881128135752707e+00
9.893734866531384009e-01
9.790802772304404433e-01
9.763844366673528619e-01
9.945200913644873797e-01
9.690321442225685589e-01
1.036918311129410020e+00
1.012410669646795824e+00
9.910890215569214678e-01
9.832465762824847966e-01
1.008734523424403617e+00
9.856973404307463049e-01
9.763844366673528619e-01
1.004813300787185337e+00
1.004568224372359264e+00
9.945200913644873797e-01
1.023929261143624592e+00
9.832465762824847966e-01
1.000892078149967057e+00
1.012165593231969751e+00
1.003097765883402381e+00
1.018782656432275502e+00
1.000647001735140984e+00
1.002117460224097867e+00
1.028095560195668945e+00
9.739336725190914645e-01
9.908439451420952837e-01
1.019517885676753943e+00
9.869227225048770036e-01
1.001137154564793352e+00
9.849621111862678635e-01
1.008734523424403617e+00
1.012410669646795824e+00
9.967257790979227039e-01
1.030791400758756637e+00
9.871677989197031877e-01
9.834916526973109807e-01
1.016331892284014105e+00
8.266427472085796646e-01
1.007018988520620661e+00
1.018782656432275502e+00
1.046966444137281904e+00
1.004813300787185337e+00
1.025889872462233621e+00
9.977060847572272184e-01
1.002607613053750235e+00
1.015351586624709590e+00
1.009959905498534427e+00
1.005793606446490074e+00
9.947651677793135638e-01
1.017802350772970987e+00
1.011430363987491310e+00
1.039859228107323785e+00
9.751590545932221632e-01
1.026625101706712062e+00
1.009224676254055986e+00
9.864325696752247463e-01
1.014616357380231149e+00
1.003097765883402381e+00
9.940299385348351224e-01
1.012410669646795824e+00
9.942750149496613066e-01
1.027360330951190504e+00
1.007264064935446735e+00
1.018047427187797060e+00
1.005548530031663779e+00
9.776098187414835605e-01
1.013390975306100339e+00
1.029566018684625828e+00
1.009224676254055986e+00
1.011430363987491310e+00
9.923144036310521665e-01
1.013390975306100339e+00
1.007509141350273030e+00
9.991765432461841012e-01
9.830014998676587235e-01
9.986863904165318440e-01
9.918242508013997982e-01
9.913340979717475410e-01
9.587389347998706013e-01
1.029320942269799755e+00
9.974610083424011453e-01
1.009469752668882059e+00
9.773647423266573764e-01
9.675616857336116761e-01
1.001382230979619425e+00
9.856973404307463049e-01
1.010204981913360500e+00
9.874128753345292608e-01
1.027360330951190504e+00
1.007754217765099103e+00
1.032261859247713298e+00
9.717279847856561403e-01
1.003342842298228454e+00
1.016822045113666473e+00
9.891284102383123278e-01
1.002852689468576308e+00
9.861874932603985622e-01
9.778548951563097447e-01
9.830014998676587235e-01
1.002852689468576308e+00
1.007264064935446735e+00
1.029811095099451901e+00
9.852071876010939366e-01
9.839818055269632380e-01
9.932947092903566810e-01
1.002607613053750235e+00
1.009469752668882059e+00
1.023439108313972223e+00
1.010940211157838942e+00
9.805507357193973261e-01
1.006283759276142220e+00
9.940299385348351224e-01
1.000892078149967057e+00
9.945200913644873797e-01
9.795704300600927006e-01
9.722181376153083976e-01
1.003587918713054750e+00
9.945200913644873797e-01
9.920693272162259824e-01
1.009224676254055986e+00
9.768745894970051191e-01
1.001872383809271794e+00
1.014616357380231149e+00
1.015841739454361736e+00
9.942750149496613066e-01
9.996666960758364695e-01
9.994216196610102854e-01
1.014126204550578780e+00
1.005548530031663779e+00
1.022458802654667709e+00
9.837367291121371649e-01
9.972159319275749612e-01
9.969708555127488880e-01
9.984413140017056598e-01
1.000156848905488616e+00
1.019272809261927870e+00
9.981962375868795867e-01

# time bin value
-1.000000000000000000e+02
-9.900000000000000000e+01
-9.800000000000000000e+01
-9.700000000000000000e+01
-9.600000000000000000e+01
-9.500000000000000000e+01
-9.400000000000000000e+01
-9.300000000000000000e+01
-9.200000000000000000e+01
-9.100000000000000000e+01
-9.000000000000000000e+01
-8.900000000000000000e+01
-8.800000000000000000e+01
-8.700000000000000000e+01
-8.600000000000000000e+01
-8.500000000000000000e+01
-8.400000000000000000e+01
-8.300000000000000000e+01
-8.200000000000000000e+01
-8.100000000000000000e+01
-8.000000000000000000e+01
-7.900000000000000000e+01
-7.800000000000000000e+01
-7.700000000000000000e+01
-7.600000000000000000e+01
-7.500000000000000000e+01
-7.400000000000000000e+01
-7.300000000000000000e+01
-7.200000000000000000e+01
-7.100000000000000000e+01
-7.000000000000000000e+01
-6.900000000000000000e+01
-6.800000000000000000e+01
-6.700000000000000000e+01
-6.600000000000000000e+01
-6.500000000000000000e+01
-6.400000000000000000e+01
-6.300000000000000000e+01
-6.200000000000000000e+01
-6.100000000000000000e+01
-6.000000000000000000e+01
-5.900000000000000000e+01
-5.800000000000000000e+01
-5.700000000000000000e+01
-5.600000000000000000e+01
-5.500000000000000000e+01
-5.400000000000000000e+01
-5.300000000000000000e+01
-5.200000000000000000e+01
-5.100000000000000000e+01
-5.000000000000000000e+01
-4.900000000000000000e+01
-4.800000000000000000e+01
-4.700000000000000000e+01
-4.600000000000000000e+01
-4.500000000000000000e+01
-4.400000000000000000e+01
-4.300000000000000000e+01
-4.200000000000000000e+01
-4.100000000000000000e+01
-4.000000000000000000e+01
-3.900000000000000000e+01
-3.800000000000000000e+01
-3.700000000000000000e+01
-3.600000000000000000e+01
-3.500000000000000000e+01
-3.400000000000000000e+01
-3.300000000000000000e+01
-3.200000000000000000e+01
-3.100000000000000000e+01
-3.000000000000000000e+01
-2.900000000000000000e+01
-2.800000000000000000e+01
-2.700000000000000000e+01
-2.600000000000000000e+01
-2.500000000000000000e+01
-2.400000000000000000e+01
-2.300000000000000000e+01
-2.200000000000000000e+01
-2.100000000000000000e+01
-2.000000000000000000e+01
-1.900000000000000000e+01
-1.800000000000000000e+01
-1.700000000000000000e+01
-1.600000000000000000e+01
-1.500000000000000000e+01
-1.400000000000000000e+01
-1.300000000000000000e+01
-1.200000000000000000e+01
-1.100000000000000000e+01
-1.000000000000000000e+01
-9.000000000000000000e+00
-8.000000000000000000e+00
-7.000000000000000000e+00
-6.000000000000000000e+00
-5.000000000000000000e+00
-4.000000000000000000e+00
-3.000000000000000000e+00
-2.000000000000000000e+00
-1.000000000000000000e+00
0.000000000000000000e+00
1.000000000000000000e+00
2.000000000000000000e+00
3.000000000000000000e+00
4.000000000000000000e+00
5.000000000000000000e+00
6.000000000000000000e+00
7.000000000000000000e+00
8.000000000000000000e+00
9.000000000000000000e+00
1.000000000000000000e+01
1.100000000000000000e+01
1.200000000000000000e+01
1.300000000000000000e+01
1.400000000000000000e+01
1.500000000000000000e+01
1.600000000000000000e+01
1.700000000000000000e+01
1.800000000000000000e+01
1.900000000000000000e+01
2.000000000000000000e+01
2.100000000000000000e+01
2.200000000000000000e+01
2.300000000000000000e+01
2.400000000000000000e+01
2.500000000000000000e+01
2.600000000000000000e+01
2.700000000000000000e+01
2.800000000000000000e+01
2.900000000000000000e+01
3.000000000000000000e+01
3.100000000000000000e+01
3.200000000000000000e+01
3.300000000000000000e+01
3.400000000000000000e+01
3.500000000000000000e+01
3.600000000000000000e+01
3.700000000000000000e+01
3.800000000000000000e+01
3.900000000000000000e+01
4.000000000000000000e+01
4.100000000000000000e+01
4.200000000000000000e+01
4.300000000000000000e+01
4.400000000000000000e+01
4.500000000000000000e+01
4.600000000000000000e+01
4.700000000000000000e+01
4.800000000000000000e+01
4.900000000000000000e+01
5.000000000000000000e+01
5.100000000000000000e+01
5.200000000000000000e+01
5.300000000000000000e+01
5.400000000000000000e+01
5.500000000000000000e+01
5.600000000000000000e+01
5.700000000000000000e+01
5.800000000000000000e+01
5.900000000000000000e+01
6.000000000000000000e+01
6.100000000000000000e+01
6.200000000000000000e+01
6.300000000000000000e+01
6.400000000000000000e+01
6.500000000000000000e+01
6.600000000000000000e+01
6.700000000000000000e+01
6.800000000000000000e+01
6.900000000000000000e+01
7.000000000000000000e+01
7.100000000000000000e+01
7.200000000000000000e+01
7.300000000000000000e+01
7.400000000000000000e+01
7.500000000000000000e+01
7.600000000000000000e+01
7.700000000000000000e+01
7.800000000000000000e+01
7.900000000000000000e+01
8.000000000000000000e+01
8.100000000000000000e+01
8.200000000000000000e+01
8.300000000000000000e+01
8.400000000000000000e+01
8.500000000000000000e+01
8.600000000000000000e+01
8.700000000000000000e+01
8.800000000000000000e+01
8.900000000000000000e+01
9.000000000000000000e+01
9.100000000000000000e+01
9.200000000000000000e+01
9.300000000000000000e+01
9.400000000000000000e+01
9.500000000000000000e+01
9.600000000000000000e+01
9.700000000000000000e+01
9.800000000000000000e+01
9.900000000000000000e+01
