single photon fraction:    0.3596
laser fraction:    0.2939
thermal source fraction:    0.0877
non-detected fraction:    0.2588
number of bins:  200.0000
bin width (ns):    1.0000
average detection events per bin: 5000.0000

# binary result
0.000000000000000000e+00

# g2 signal
1.019546723813234523e+00
9.835595384981707934e-01
9.895123059938956134e-01
1.013864536658224402e+00
9.970885555339090711e-01
1.000876680303915744e+00
1.021711366538952781e+00
9.957356538303352433e-01
9.935710111046170967e-01
1.004123644392493020e+00
1.022793687901811799e+00
9.935710111046170967e-01
1.017923241768945886e+00
9.795008333874493101e-01
9.951944931489057344e-01
9.740892265731539990e-01
9.822066367945969656e-01
1.012782215295365384e+00
1.011429313591791557e+00
9.919475290603285700e-01
1.014405697339654022e+00
9.851830205424594311e-01
1.033616901530402421e+00
9.751715479360131278e-01
1.009264670866073521e+00
1.042546052773989596e+00
9.803125744095936289e-01
9.930298504231875878e-01
9.865359222460332589e-01
1.017923241768945886e+00
1.005476546096066848e+00
9.965473948524795622e-01
1.016299759724657470e+00
9.816654761131674567e-01
1.016570340065372058e+00
9.954650734896204334e-01
1.000335519622486347e+00
9.927592700824727778e-01
1.026040651990388852e+00
9.846418598610299222e-01
9.973591358746238811e-01
1.001417840985345364e+00
1.004664805073922418e+00
1.009805831547502919e+00
1.015217438361798230e+00
1.020087884494664143e+00
1.002229582007489572e+00
9.933004307639023978e-01
1.008182349503214503e+00
9.846418598610299222e-01
1.013323375976795004e+00
1.000335519622486347e+00
9.832889581574560944e-01
1.016029179383942660e+00
9.900534666753252333e-01
9.786890923653051022e-01
9.889711453124661045e-01
1.006017706777496246e+00
9.862653419053184489e-01
1.008182349503214503e+00
9.876182436088922767e-01
9.911357880381842511e-01
9.681364590774291790e-01
1.020629045176093541e+00
1.008994090525358711e+00
9.657012360109963334e-01
1.020358464835378953e+00
1.037134445959694284e+00
1.002500162348204382e+00
1.013593956317509814e+00
1.022793687901811799e+00
9.962768145117647522e-01
9.933004307639023978e-01
1.006017706777496246e+00
1.005747126436781658e+00
1.011699893932506367e+00
1.010346992228932539e+00
1.026311232331103662e+00
9.962768145117647522e-01
1.004935385414637228e+00
9.897828863346104233e-01
9.889711453124661045e-01
1.001417840985345364e+00
1.015217438361798230e+00
9.903240470160399322e-01
9.878888239496070867e-01
1.005205965755352038e+00
9.914063683788989501e-01
1.002770742688919192e+00
9.911357880381842511e-01
1.002500162348204382e+00
1.016299759724657470e+00
9.935710111046170967e-01
9.938415914453319067e-01
9.816654761131674567e-01
9.970885555339090711e-01
9.984414572374828989e-01
1.002229582007489572e+00
1.002500162348204382e+00
9.930298504231875878e-01
6.545338441890166115e-01
9.716540035067211534e-01
1.046875338225425889e+00
1.006829447799640675e+00
9.970885555339090711e-01
9.808537350910231378e-01
9.822066367945969656e-01
1.003582483711063400e+00
1.000876680303915744e+00
1.018464402450375506e+00
9.462194514795332356e-01
1.001688421326060174e+00
9.951944931489057344e-01
9.987120375781977089e-01
1.030369937441825146e+00
1.004123644392493020e+00
1.010346992228932539e+00
1.001417840985345364e+00
1.019546723813234523e+00
1.007370608481070073e+00
9.813948957724526467e-01
9.960062341710500533e-01
1.036863865618979474e+00
1.014676277680368832e+00
1.007911769162499693e+00
1.021711366538952781e+00
9.987120375781977089e-01
9.995237786003419167e-01
9.954650734896204334e-01
9.822066367945969656e-01
9.689482000995734978e-01
9.868065025867479578e-01
9.973591358746238811e-01
1.003853064051778210e+00
1.028205294716107110e+00
9.830183778167412845e-01
1.011970474273221177e+00
9.970885555339090711e-01
1.006558867458925866e+00
1.011970474273221177e+00
1.004394224733207830e+00
1.010617572569647349e+00
1.001147260644630554e+00
1.003853064051778210e+00
1.026311232331103662e+00
1.006017706777496246e+00
9.889711453124661045e-01
1.017111500746801678e+00
9.933004307639023978e-01
1.030369937441825146e+00
9.803125744095936289e-01
9.954650734896204334e-01
1.001417840985345364e+00
1.027934714375392300e+00
9.949239128081909245e-01
1.012511634954650575e+00
1.002500162348204382e+00
1.002770742688919192e+00
1.025499491308959454e+00
9.849124402017446211e-01
9.957356538303352433e-01
1.031181678463969353e+00
1.001959001666774762e+00
9.878888239496070867e-01
1.013052795636080194e+00
1.027934714375392300e+00
1.000876680303915744e+00
9.694893607810030067e-01
1.019546723813234523e+00
1.002229582007489572e+00
1.000335519622486347e+00
9.811243154317379478e-01
9.743598069138688089e-01
9.908652076974694412e-01
9.924886897417580789e-01
9.835595384981707934e-01
9.754421282767278267e-01
9.822066367945969656e-01
1.010888152910362159e+00
1.006288287118211056e+00
1.006558867458925866e+00
1.022793687901811799e+00
9.703011018031473256e-01
1.001417840985345364e+00
9.914063683788989501e-01
9.927592700824727778e-01
9.962768145117647522e-01
9.908652076974694412e-01
9.951944931489057344e-01
1.016299759724657470e+00
9.594778881745567034e-01
9.941121717860466056e-01
9.841006991796003023e-01
9.960062341710500533e-01
9.876182436088922767e-01
9.976297162153385800e-01
1.008452929843929091e+00
1.023064268242526609e+00
1.005205965755352038e+00
1.013323375976795004e+00

# time bin value
-1.000000000000000000e+02
-9.900000000000000000e+01
-9.800000000000000000e+01
-9.700000000000000000e+01
-9.600000000000000000e+01
-9.500000000000000000e+01
-9.400000000000000000e+01
-9.300000000000000000e+01
-9.200000000000000000e+01
-9.100000000000000000e+01
-9.000000000000000000e+01
-8.900000000000000000e+01
-8.800000000000000000e+01
-8.700000000000000000e+01
-8.600000000000000000e+01
-8.500000000000000000e+01
-8.400000000000000000e+01
-8.300000000000000000e+01
-8.200000000000000000e+01
-8.100000000000000000e+01
-8.000000000000000000e+01
-7.900000000000000000e+01
-7.800000000000000000e+01
-7.700000000000000000e+01
-7.600000000000000000e+01
-7.500000000000000000e+01
-7.400000000000000000e+01
-7.300000000000000000e+01
-7.200000000000000000e+01
-7.100000000000000000e+01
-7.000000000000000000e+01
-6.900000000000000000e+01
-6.800000000000000000e+01
-6.700000000000000000e+01
-6.600000000000000000e+01
-6.500000000000000000e+01
-6.400000000000000000e+01
-6.300000000000000000e+01
-6.200000000000000000e+01
-6.100000000000000000e+01
-6.000000000000000000e+01
-5.900000000000000000e+01
-5.800000000000000000e+01
-5.700000000000000000e+01
-5.600000000000000000e+01
-5.500000000000000000e+01
-5.400000000000000000e+01
-5.300000000000000000e+01
-5.200000000000000000e+01
-5.100000000000000000e+01
-5.000000000000000000e+01
-4.900000000000000000e+01
-4.800000000000000000e+01
-4.700000000000000000e+01
-4.600000000000000000e+01
-4.500000000000000000e+01
-4.400000000000000000e+01
-4.300000000000000000e+01
-4.200000000000000000e+01
-4.100000000000000000e+01
-4.000000000000000000e+01
-3.900000000000000000e+01
-3.800000000000000000e+01
-3.700000000000000000e+01
-3.600000000000000000e+01
-3.500000000000000000e+01
-3.400000000000000000e+01
-3.300000000000000000e+01
-3.200000000000000000e+01
-3.100000000000000000e+01
-3.000000000000000000e+01
-2.900000000000000000e+01
-2.800000000000000000e+01
-2.700000000000000000e+01
-2.600000000000000000e+01
-2.500000000000000000e+01
-2.400000000000000000e+01
-2.300000000000000000e+01
-2.200000000000000000e+01
-2.100000000000000000e+01
-2.000000000000000000e+01
-1.900000000000000000e+01
-1.800000000000000000e+01
-1.700000000000000000e+01
-1.600000000000000000e+01
-1.500000000000000000e+01
-1.400000000000000000e+01
-1.300000000000000000e+01
-1.200000000000000000e+01
-1.100000000000000000e+01
-1.000000000000000000e+01
-9.000000000000000000e+00
-8.000000000000000000e+00
-7.000000000000000000e+00
-6.000000000000000000e+00
-5.000000000000000000e+00
-4.000000000000000000e+00
-3.000000000000000000e+00
-2.000000000000000000e+00
-1.000000000000000000e+00
0.000000000000000000e+00
1.000000000000000000e+00
2.000000000000000000e+00
3.000000000000000000e+00
4.000000000000000000e+00
5.000000000000000000e+00
6.000000000000000000e+00
7.000000000000000000e+00
8.000000000000000000e+00
9.000000000000000000e+00
1.000000000000000000e+01
1.100000000000000000e+01
1.200000000000000000e+01
1.300000000000000000e+01
1.400000000000000000e+01
1.500000000000000000e+01
1.600000000000000000e+01
1.700000000000000000e+01
1.800000000000000000e+01
1.900000000000000000e+01
2.000000000000000000e+01
2.100000000000000000e+01
2.200000000000000000e+01
2.300000000000000000e+01
2.400000000000000000e+01
2.500000000000000000e+01
2.600000000000000000e+01
2.700000000000000000e+01
2.800000000000000000e+01
2.900000000000000000e+01
3.000000000000000000e+01
3.100000000000000000e+01
3.200000000000000000e+01
3.300000000000000000e+01
3.400000000000000000e+01
3.500000000000000000e+01
3.600000000000000000e+01
3.700000000000000000e+01
3.800000000000000000e+01
3.900000000000000000e+01
4.000000000000000000e+01
4.100000000000000000e+01
4.200000000000000000e+01
4.300000000000000000e+01
4.400000000000000000e+01
4.500000000000000000e+01
4.600000000000000000e+01
4.700000000000000000e+01
4.800000000000000000e+01
4.900000000000000000e+01
5.000000000000000000e+01
5.100000000000000000e+01
5.200000000000000000e+01
5.300000000000000000e+01
5.400000000000000000e+01
5.500000000000000000e+01
5.600000000000000000e+01
5.700000000000000000e+01
5.800000000000000000e+01
5.900000000000000000e+01
6.000000000000000000e+01
6.100000000000000000e+01
6.200000000000000000e+01
6.300000000000000000e+01
6.400000000000000000e+01
6.500000000000000000e+01
6.600000000000000000e+01
6.700000000000000000e+01
6.800000000000000000e+01
6.900000000000000000e+01
7.000000000000000000e+01
7.100000000000000000e+01
7.200000000000000000e+01
7.300000000000000000e+01
7.400000000000000000e+01
7.500000000000000000e+01
7.600000000000000000e+01
7.700000000000000000e+01
7.800000000000000000e+01
7.900000000000000000e+01
8.000000000000000000e+01
8.100000000000000000e+01
8.200000000000000000e+01
8.300000000000000000e+01
8.400000000000000000e+01
8.500000000000000000e+01
8.600000000000000000e+01
8.700000000000000000e+01
8.800000000000000000e+01
8.900000000000000000e+01
9.000000000000000000e+01
9.100000000000000000e+01
9.200000000000000000e+01
9.300000000000000000e+01
9.400000000000000000e+01
9.500000000000000000e+01
9.600000000000000000e+01
9.700000000000000000e+01
9.800000000000000000e+01
9.900000000000000000e+01
