single photon fraction:    0.0610
laser fraction:    0.1646
thermal source fraction:    0.4573
non-detected fraction:    0.3171
number of bins:  200.0000
bin width (ns):    1.0000
average detection events per bin: 5000.0000

# binary result
0.000000000000000000e+00

# g2 signal
1.002036827648292716e+00
1.024395840831284543e+00
9.949760866431373030e-01
9.967412718944261840e-01
9.946818891012558783e-01
1.019100285077418011e+00
9.914457161405596519e-01
1.028514606417625155e+00
9.811488021747082344e-01
9.655563324549901738e-01
9.955644817269002633e-01
9.988006546875964897e-01
1.027337816250099234e+00
1.002331025190174252e+00
1.029691396585151075e+00
9.802662095490637384e-01
1.030573989210795460e+00
1.019100285077418011e+00
9.840907775935229251e-01
1.014098926865433015e+00
1.001742630106411180e+00
1.010862753904736788e+00
9.955644817269002633e-01
1.007920778485922098e+00
9.817371972584710837e-01
1.025572630998810464e+00
9.917399136824411876e-01
9.655563324549901738e-01
1.009391766195329554e+00
9.955644817269002633e-01
9.982122596038335294e-01
1.002919420273937101e+00
1.002919420273937101e+00
9.985064571457150651e-01
9.799720120071823137e-01
1.010274358820973939e+00
1.030279791668913925e+00
1.007920778485922098e+00
9.937992964756114933e-01
9.937992964756114933e-01
9.917399136824411876e-01
1.009391766195329554e+00
9.837965800516413895e-01
9.684983078738048645e-01
9.737938636276713966e-01
9.958586792687817990e-01
1.009097568653448018e+00
1.000271642397003946e+00
1.020277075244943932e+00
9.929167038499671083e-01
9.664389250806345588e-01
1.002331025190174252e+00
9.943876915593744537e-01
9.958586792687817990e-01
9.967412718944261840e-01
1.016452507200484856e+00
1.008509173569684947e+00
9.861501603866932308e-01
9.714402832926196663e-01
9.970354694363076087e-01
9.967412718944261840e-01
1.009980161279092403e+00
1.014098926865433015e+00
9.979180620619521047e-01
9.967412718944261840e-01
9.820313948003526194e-01
1.028808803959506690e+00
9.887979382636264969e-01
9.917399136824411876e-01
9.964470743525447594e-01
9.755590488789601666e-01
1.003802012899581486e+00
1.004684605525225871e+00
9.985064571457150651e-01
1.008214976027803633e+00
9.949760866431373030e-01
9.846791726772858855e-01
1.018511889993655162e+00
1.003507815357699950e+00
9.964470743525447594e-01
9.693809004994493606e-01
1.016452507200484856e+00
9.835023825097599648e-01
1.006743988318396177e+00
1.012333741614144245e+00
9.893863333473893462e-01
1.009097568653448018e+00
9.993890497713594501e-01
9.746764562533157816e-01
9.840907775935229251e-01
9.752648513370787420e-01
9.837965800516413895e-01
9.732054685439084363e-01
9.917399136824411876e-01
1.043518681053580144e+00
1.006155593234633328e+00
1.017040902284247705e+00
9.726170734601454759e-01
1.003507815357699950e+00
1.015569914574840471e+00
1.577781417110332818e+00
1.009980161279092403e+00
9.664389250806345588e-01
1.006743988318396177e+00
9.805604070909452741e-01
9.405495413950650807e-01
9.876211480961005762e-01
9.885037407217449612e-01
9.761474439627231270e-01
9.829139874259970044e-01
9.870327530123376158e-01
9.852675677610487348e-01
9.746764562533157816e-01
1.013510531781670165e+00
1.021453865412469852e+00
1.010568556362855253e+00
9.940934940174929180e-01
9.646737398293457888e-01
9.967412718944261840e-01
9.890921358055079216e-01
1.004978803067107407e+00
9.729112710020270116e-01
9.605549742430051774e-01
1.057640163063890748e+00
1.005273000608988943e+00
9.973296669781891444e-01
1.000565839938885260e+00
1.002331025190174252e+00
9.793836169234193534e-01
9.967412718944261840e-01
1.025278433456928928e+00
9.902689259730338422e-01
9.779126292140120080e-01
1.016452507200484856e+00
9.832081849678785401e-01
9.855617653029302705e-01
1.029103001501388004e+00
1.006449790776514641e+00
9.967412718944261840e-01
1.008803371111566483e+00
9.946818891012558783e-01
9.873269505542190405e-01
9.890921358055079216e-01
9.858559628448116952e-01
9.717344808345010909e-01
1.034986952339017607e+00
9.961528768106632237e-01
1.005567198150870256e+00
9.714402832926196663e-01
9.723228759182640513e-01
1.015569914574840471e+00
1.000271642397003946e+00
9.929167038499671083e-01
1.018806087535536475e+00
9.926225063080855726e-01
9.955644817269002633e-01
1.019394482619299547e+00
9.870327530123376158e-01
9.852675677610487348e-01
9.993890497713594501e-01
1.022924853121877087e+00
9.988006546875964897e-01
9.973296669781891444e-01
9.905631235149152669e-01
9.864443579285746555e-01
9.952702841850188387e-01
9.940934940174929180e-01
9.935050989337299576e-01
1.014687321949195864e+00
1.011156951446618324e+00
9.885037407217449612e-01
9.767358390464860873e-01
9.717344808345010909e-01
9.899747284311523066e-01
9.855617653029302705e-01
9.673215177062790548e-01
9.855617653029302705e-01
9.782068267558934327e-01
9.935050989337299576e-01
9.708518882088567059e-01
1.004096210441463022e+00
9.979180620619521047e-01
9.920341112243226123e-01
9.893863333473893462e-01
1.017923494909892090e+00
1.014687321949195864e+00
9.667331226225160945e-01
9.943876915593744537e-01
9.620259619524125227e-01
1.000271642397003946e+00
1.000860037480766795e+00
1.025866828540691778e+00
1.003213617815818637e+00
1.000565839938885260e+00
9.764416415046046627e-01
9.988006546875964897e-01
1.003213617815818637e+00
9.867385554704561912e-01
1.044989668762987600e+00
9.932109013918485330e-01

# time bin value
-1.000000000000000000e+02
-9.900000000000000000e+01
-9.800000000000000000e+01
-9.700000000000000000e+01
-9.600000000000000000e+01
-9.500000000000000000e+01
-9.400000000000000000e+01
-9.300000000000000000e+01
-9.200000000000000000e+01
-9.100000000000000000e+01
-9.000000000000000000e+01
-8.900000000000000000e+01
-8.800000000000000000e+01
-8.700000000000000000e+01
-8.600000000000000000e+01
-8.500000000000000000e+01
-8.400000000000000000e+01
-8.300000000000000000e+01
-8.200000000000000000e+01
-8.100000000000000000e+01
-8.000000000000000000e+01
-7.900000000000000000e+01
-7.800000000000000000e+01
-7.700000000000000000e+01
-7.600000000000000000e+01
-7.500000000000000000e+01
-7.400000000000000000e+01
-7.300000000000000000e+01
-7.200000000000000000e+01
-7.100000000000000000e+01
-7.000000000000000000e+01
-6.900000000000000000e+01
-6.800000000000000000e+01
-6.700000000000000000e+01
-6.600000000000000000e+01
-6.500000000000000000e+01
-6.400000000000000000e+01
-6.300000000000000000e+01
-6.200000000000000000e+01
-6.100000000000000000e+01
-6.000000000000000000e+01
-5.900000000000000000e+01
-5.800000000000000000e+01
-5.700000000000000000e+01
-5.600000000000000000e+01
-5.500000000000000000e+01
-5.400000000000000000e+01
-5.300000000000000000e+01
-5.200000000000000000e+01
-5.100000000000000000e+01
-5.000000000000000000e+01
-4.900000000000000000e+01
-4.800000000000000000e+01
-4.700000000000000000e+01
-4.600000000000000000e+01
-4.500000000000000000e+01
-4.400000000000000000e+01
-4.300000000000000000e+01
-4.200000000000000000e+01
-4.100000000000000000e+01
-4.000000000000000000e+01
-3.900000000000000000e+01
-3.800000000000000000e+01
-3.700000000000000000e+01
-3.600000000000000000e+01
-3.500000000000000000e+01
-3.400000000000000000e+01
-3.300000000000000000e+01
-3.200000000000000000e+01
-3.100000000000000000e+01
-3.000000000000000000e+01
-2.900000000000000000e+01
-2.800000000000000000e+01
-2.700000000000000000e+01
-2.600000000000000000e+01
-2.500000000000000000e+01
-2.400000000000000000e+01
-2.300000000000000000e+01
-2.200000000000000000e+01
-2.100000000000000000e+01
-2.000000000000000000e+01
-1.900000000000000000e+01
-1.800000000000000000e+01
-1.700000000000000000e+01
-1.600000000000000000e+01
-1.500000000000000000e+01
-1.400000000000000000e+01
-1.300000000000000000e+01
-1.200000000000000000e+01
-1.100000000000000000e+01
-1.000000000000000000e+01
-9.000000000000000000e+00
-8.000000000000000000e+00
-7.000000000000000000e+00
-6.000000000000000000e+00
-5.000000000000000000e+00
-4.000000000000000000e+00
-3.000000000000000000e+00
-2.000000000000000000e+00
-1.000000000000000000e+00
0.000000000000000000e+00
1.000000000000000000e+00
2.000000000000000000e+00
3.000000000000000000e+00
4.000000000000000000e+00
5.000000000000000000e+00
6.000000000000000000e+00
7.000000000000000000e+00
8.000000000000000000e+00
9.000000000000000000e+00
1.000000000000000000e+01
1.100000000000000000e+01
1.200000000000000000e+01
1.300000000000000000e+01
1.400000000000000000e+01
1.500000000000000000e+01
1.600000000000000000e+01
1.700000000000000000e+01
1.800000000000000000e+01
1.900000000000000000e+01
2.000000000000000000e+01
2.100000000000000000e+01
2.200000000000000000e+01
2.300000000000000000e+01
2.400000000000000000e+01
2.500000000000000000e+01
2.600000000000000000e+01
2.700000000000000000e+01
2.800000000000000000e+01
2.900000000000000000e+01
3.000000000000000000e+01
3.100000000000000000e+01
3.200000000000000000e+01
3.300000000000000000e+01
3.400000000000000000e+01
3.500000000000000000e+01
3.600000000000000000e+01
3.700000000000000000e+01
3.800000000000000000e+01
3.900000000000000000e+01
4.000000000000000000e+01
4.100000000000000000e+01
4.200000000000000000e+01
4.300000000000000000e+01
4.400000000000000000e+01
4.500000000000000000e+01
4.600000000000000000e+01
4.700000000000000000e+01
4.800000000000000000e+01
4.900000000000000000e+01
5.000000000000000000e+01
5.100000000000000000e+01
5.200000000000000000e+01
5.300000000000000000e+01
5.400000000000000000e+01
5.500000000000000000e+01
5.600000000000000000e+01
5.700000000000000000e+01
5.800000000000000000e+01
5.900000000000000000e+01
6.000000000000000000e+01
6.100000000000000000e+01
6.200000000000000000e+01
6.300000000000000000e+01
6.400000000000000000e+01
6.500000000000000000e+01
6.600000000000000000e+01
6.700000000000000000e+01
6.800000000000000000e+01
6.900000000000000000e+01
7.000000000000000000e+01
7.100000000000000000e+01
7.200000000000000000e+01
7.300000000000000000e+01
7.400000000000000000e+01
7.500000000000000000e+01
7.600000000000000000e+01
7.700000000000000000e+01
7.800000000000000000e+01
7.900000000000000000e+01
8.000000000000000000e+01
8.100000000000000000e+01
8.200000000000000000e+01
8.300000000000000000e+01
8.400000000000000000e+01
8.500000000000000000e+01
8.600000000000000000e+01
8.700000000000000000e+01
8.800000000000000000e+01
8.900000000000000000e+01
9.000000000000000000e+01
9.100000000000000000e+01
9.200000000000000000e+01
9.300000000000000000e+01
9.400000000000000000e+01
9.500000000000000000e+01
9.600000000000000000e+01
9.700000000000000000e+01
9.800000000000000000e+01
9.900000000000000000e+01
