single photon fraction:    0.3498
laser fraction:    0.2414
thermal source fraction:    0.3645
non-detected fraction:    0.0443
number of bins:  200.0000
bin width (ns):    1.0000
average detection events per bin: 5000.0000

# binary result
0.000000000000000000e+00

# g2 signal
9.976001228333274407e-01
1.004120385074068089e+00
1.018002233715645133e+00
9.946554882729928826e-01
9.938141641128973580e-01
9.961278055531601616e-01
9.856112535519654383e-01
9.919211847526823167e-01
9.971794607532795673e-01
1.002858398833924802e+00
1.011271640434880492e+00
1.025994813236553060e+00
1.018422895795692895e+00
9.864525777120610739e-01
1.019053888915764539e+00
9.933935020328494847e-01
9.849802604318937949e-01
9.889765501923477586e-01
9.771980119510097484e-01
9.927625089127778413e-01
1.016950578515525727e+00
9.759360257108663506e-01
9.999137642735902443e-01
1.016740247475501624e+00
9.938141641128973580e-01
1.009168330034641459e+00
1.010009654194737205e+00
1.006644357554354885e+00
9.948658193130167637e-01
9.780393361111052730e-01
1.008116674834522053e+00
9.900282053924672754e-01
9.822459569115831179e-01
1.007906343794498172e+00
9.980207849133752029e-01
9.883455570722761152e-01
9.824562879516071101e-01
1.001596412593781293e+00
1.006223695474307123e+00
9.900282053924672754e-01
1.004120385074068089e+00
9.870835708321327173e-01
1.015898923315406099e+00
9.978104538733513218e-01
9.933935020328494847e-01
1.001596412593781293e+00
1.010850978354832730e+00
1.011271640434880492e+00
1.013374950835119526e+00
1.009799323154713324e+00
9.830872810716787535e-01
9.990724401134946087e-01
9.689951013900778287e-01
9.862422466720371927e-01
1.002437736753877040e+00
1.005172040274187495e+00
9.969691297132556862e-01
1.000755088433685769e+00
1.022419185556146859e+00
1.003910054034044208e+00
9.837182741917503970e-01
1.020946868275979691e+00
1.006854688594378766e+00
1.006223695474307123e+00
1.003910054034044208e+00
1.002858398833924802e+00
9.818252948315353557e-01
9.811943017114637122e-01
9.940244951529212392e-01
9.805633085913920688e-01
9.811943017114637122e-01
9.988621090734707275e-01
1.023681171796290146e+00
1.023891502836314027e+00
1.006644357554354885e+00
1.007485681714450410e+00
9.912901916326105622e-01
1.006013364434283242e+00
9.889765501923477586e-01
9.851905914719176760e-01
1.000965419473709650e+00
1.012743957715047660e+00
1.023260509716242384e+00
1.015688592275382218e+00
9.982311159533990841e-01
9.952864813930645260e-01
9.738327153106274281e-01
9.925521778727539601e-01
9.862422466720371927e-01
1.003489391953996446e+00
9.765670188309379940e-01
1.020526206195931707e+00
9.788806602712009086e-01
1.017160909555549608e+00
9.896075433124194021e-01
1.013795612915167288e+00
9.736223842706035470e-01
9.782496671511291542e-01
1.013374950835119526e+00
1.002437736753877040e+00
9.925521778727539601e-01
1.025994813236553060e+00
1.007275350674426528e+00
1.001175750513733531e+00
9.729913911505319035e-01
9.933935020328494847e-01
9.940244951529212392e-01
9.830872810716787535e-01
1.010430316274784968e+00
9.854009225119415571e-01
1.010430316274784968e+00
1.017791902675621252e+00
9.984414469934229652e-01
9.822459569115831179e-01
9.860319156320132006e-01
9.744637084306990715e-01
9.887662191523238775e-01
1.016529916435477743e+00
9.923418468327300790e-01
9.969691297132556862e-01
1.016109254355429981e+00
1.013164619795095422e+00
9.992827711535186008e-01
9.765670188309379940e-01
1.016740247475501624e+00
1.003699722994020327e+00
9.959174745131362805e-01
9.944451572329690014e-01
1.016740247475501624e+00
1.007696012754474291e+00
9.957071434731123993e-01
1.011481971474904373e+00
1.022208854516122978e+00
9.841389362717981593e-01
9.982311159533990841e-01
9.936038330728734769e-01
9.832976121117026347e-01
1.004330716114091970e+00
1.005803033394259360e+00
1.005592702354235257e+00
9.917108537126584356e-01
1.009378661074665340e+00
1.003910054034044208e+00
9.866629087520849550e-01
1.030832427157102549e+00
1.007485681714450410e+00
9.675227841099106607e-01
9.940244951529212392e-01
9.849802604318937949e-01
9.931831709928256036e-01
1.019684882035836182e+00
9.666814599498150251e-01
1.018002233715645133e+00
1.005803033394259360e+00
1.007485681714450410e+00
1.006434026514331004e+00
1.000755088433685769e+00
1.005382371314211376e+00
9.948658193130167637e-01
1.015898923315406099e+00
9.992827711535186008e-01
1.001596412593781293e+00
1.001175750513733531e+00
1.001175750513733531e+00
1.023050178676218502e+00
9.696260945101495832e-01
9.866629087520849550e-01
1.003699722994020327e+00
1.032725406517317701e+00
1.023260509716242384e+00
1.000965419473709650e+00
1.008116674834522053e+00
1.015688592275382218e+00
1.013585281875143407e+00
9.982311159533990841e-01
1.018422895795692895e+00
1.000965419473709650e+00
1.009168330034641459e+00
1.015057599155310575e+00
9.872939018721565985e-01
1.013585281875143407e+00
1.003699722994020327e+00
9.921315157927061978e-01
1.007065019634402647e+00
1.014005943955191169e+00
1.002858398833924802e+00
1.015057599155310575e+00
9.807736396314159499e-01
1.007065019634402647e+00
1.012743957715047660e+00
9.891868812323716398e-01
9.973897917933035595e-01
9.912901916326105622e-01
1.014005943955191169e+00
9.870835708321327173e-01
9.959174745131362805e-01
1.013795612915167288e+00
1.031884082357221954e+00
9.982311159533990841e-01
9.778290050710813919e-01

# time bin value
-1.000000000000000000e+02
-9.900000000000000000e+01
-9.800000000000000000e+01
-9.700000000000000000e+01
-9.600000000000000000e+01
-9.500000000000000000e+01
-9.400000000000000000e+01
-9.300000000000000000e+01
-9.200000000000000000e+01
-9.100000000000000000e+01
-9.000000000000000000e+01
-8.900000000000000000e+01
-8.800000000000000000e+01
-8.700000000000000000e+01
-8.600000000000000000e+01
-8.500000000000000000e+01
-8.400000000000000000e+01
-8.300000000000000000e+01
-8.200000000000000000e+01
-8.100000000000000000e+01
-8.000000000000000000e+01
-7.900000000000000000e+01
-7.800000000000000000e+01
-7.700000000000000000e+01
-7.600000000000000000e+01
-7.500000000000000000e+01
-7.400000000000000000e+01
-7.300000000000000000e+01
-7.200000000000000000e+01
-7.100000000000000000e+01
-7.000000000000000000e+01
-6.900000000000000000e+01
-6.800000000000000000e+01
-6.700000000000000000e+01
-6.600000000000000000e+01
-6.500000000000000000e+01
-6.400000000000000000e+01
-6.300000000000000000e+01
-6.200000000000000000e+01
-6.100000000000000000e+01
-6.000000000000000000e+01
-5.900000000000000000e+01
-5.800000000000000000e+01
-5.700000000000000000e+01
-5.600000000000000000e+01
-5.500000000000000000e+01
-5.400000000000000000e+01
-5.300000000000000000e+01
-5.200000000000000000e+01
-5.100000000000000000e+01
-5.000000000000000000e+01
-4.900000000000000000e+01
-4.800000000000000000e+01
-4.700000000000000000e+01
-4.600000000000000000e+01
-4.500000000000000000e+01
-4.400000000000000000e+01
-4.300000000000000000e+01
-4.200000000000000000e+01
-4.100000000000000000e+01
-4.000000000000000000e+01
-3.900000000000000000e+01
-3.800000000000000000e+01
-3.700000000000000000e+01
-3.600000000000000000e+01
-3.500000000000000000e+01
-3.400000000000000000e+01
-3.300000000000000000e+01
-3.200000000000000000e+01
-3.100000000000000000e+01
-3.000000000000000000e+01
-2.900000000000000000e+01
-2.800000000000000000e+01
-2.700000000000000000e+01
-2.600000000000000000e+01
-2.500000000000000000e+01
-2.400000000000000000e+01
-2.300000000000000000e+01
-2.200000000000000000e+01
-2.100000000000000000e+01
-2.000000000000000000e+01
-1.900000000000000000e+01
-1.800000000000000000e+01
-1.700000000000000000e+01
-1.600000000000000000e+01
-1.500000000000000000e+01
-1.400000000000000000e+01
-1.300000000000000000e+01
-1.200000000000000000e+01
-1.100000000000000000e+01
-1.000000000000000000e+01
-9.000000000000000000e+00
-8.000000000000000000e+00
-7.000000000000000000e+00
-6.000000000000000000e+00
-5.000000000000000000e+00
-4.000000000000000000e+00
-3.000000000000000000e+00
-2.000000000000000000e+00
-1.000000000000000000e+00
0.000000000000000000e+00
1.000000000000000000e+00
2.000000000000000000e+00
3.000000000000000000e+00
4.000000000000000000e+00
5.000000000000000000e+00
6.000000000000000000e+00
7.000000000000000000e+00
8.000000000000000000e+00
9.000000000000000000e+00
1.000000000000000000e+01
1.100000000000000000e+01
1.200000000000000000e+01
1.300000000000000000e+01
1.400000000000000000e+01
1.500000000000000000e+01
1.600000000000000000e+01
1.700000000000000000e+01
1.800000000000000000e+01
1.900000000000000000e+01
2.000000000000000000e+01
2.100000000000000000e+01
2.200000000000000000e+01
2.300000000000000000e+01
2.400000000000000000e+01
2.500000000000000000e+01
2.600000000000000000e+01
2.700000000000000000e+01
2.800000000000000000e+01
2.900000000000000000e+01
3.000000000000000000e+01
3.100000000000000000e+01
3.200000000000000000e+01
3.300000000000000000e+01
3.400000000000000000e+01
3.500000000000000000e+01
3.600000000000000000e+01
3.700000000000000000e+01
3.800000000000000000e+01
3.900000000000000000e+01
4.000000000000000000e+01
4.100000000000000000e+01
4.200000000000000000e+01
4.300000000000000000e+01
4.400000000000000000e+01
4.500000000000000000e+01
4.600000000000000000e+01
4.700000000000000000e+01
4.800000000000000000e+01
4.900000000000000000e+01
5.000000000000000000e+01
5.100000000000000000e+01
5.200000000000000000e+01
5.300000000000000000e+01
5.400000000000000000e+01
5.500000000000000000e+01
5.600000000000000000e+01
5.700000000000000000e+01
5.800000000000000000e+01
5.900000000000000000e+01
6.000000000000000000e+01
6.100000000000000000e+01
6.200000000000000000e+01
6.300000000000000000e+01
6.400000000000000000e+01
6.500000000000000000e+01
6.600000000000000000e+01
6.700000000000000000e+01
6.800000000000000000e+01
6.900000000000000000e+01
7.000000000000000000e+01
7.100000000000000000e+01
7.200000000000000000e+01
7.300000000000000000e+01
7.400000000000000000e+01
7.500000000000000000e+01
7.600000000000000000e+01
7.700000000000000000e+01
7.800000000000000000e+01
7.900000000000000000e+01
8.000000000000000000e+01
8.100000000000000000e+01
8.200000000000000000e+01
8.300000000000000000e+01
8.400000000000000000e+01
8.500000000000000000e+01
8.600000000000000000e+01
8.700000000000000000e+01
8.800000000000000000e+01
8.900000000000000000e+01
9.000000000000000000e+01
9.100000000000000000e+01
9.200000000000000000e+01
9.300000000000000000e+01
9.400000000000000000e+01
9.500000000000000000e+01
9.600000000000000000e+01
9.700000000000000000e+01
9.800000000000000000e+01
9.900000000000000000e+01
