single photon fraction:    0.1176
laser fraction:    0.2418
thermal source fraction:    0.2941
non-detected fraction:    0.3464
number of bins:  200.0000
bin width (ns):    1.0000
average detection events per bin: 5000.0000

# binary result
0.000000000000000000e+00

# g2 signal
9.969329866809261143e-01
1.002157358066122050e+00
1.036269430051813378e+00
9.907866674042249411e-01
9.803379246338330688e-01
9.843330321636887259e-01
1.003386621921462218e+00
9.809525565615031528e-01
1.000928094210781882e+00
9.917086152957301781e-01
1.022132895715400780e+00
9.941671430064106252e-01
9.953964068617507932e-01
1.019674368004720444e+00
9.858696119828640470e-01
1.041186485473174494e+00
1.008918309270493419e+00
1.006767097523648014e+00
1.005230517704472692e+00
9.821818204168433208e-01
1.028586530955936995e+00
1.024284107462246185e+00
1.005845149632142776e+00
9.877135077658744100e-01
1.023054843606906017e+00
9.714257616826164066e-01
9.849476640913589209e-01
9.597477550568841442e-01
1.027049951136761674e+00
9.975476186085961983e-01
1.009840257161998434e+00
9.738842893932968536e-01
1.031967006558122568e+00
1.014449996619524397e+00
9.803379246338330688e-01
9.904793514403898991e-01
9.892500875850497311e-01
1.000006146319276645e+00
9.932451951149053881e-01
1.004308569812967455e+00
9.938598270425755832e-01
9.775720809593174687e-01
9.701964978272761275e-01
1.011991468908843839e+00
9.984695665001014353e-01
9.987768824639364773e-01
1.045488908966865083e+00
9.898647195127198151e-01
1.020903631860060612e+00
9.941671430064106252e-01
9.907866674042249411e-01
9.625135987313997443e-01
9.846403481275238789e-01
9.674306541527606385e-01
9.723477095741215326e-01
1.036884061979483684e+00
1.008303677342823335e+00
9.877135077658744100e-01
9.874061918020393680e-01
9.984695665001014353e-01
9.880208237297094520e-01
9.990841984277715193e-01
1.010147573125833587e+00
9.914012993318951361e-01
1.008303677342823335e+00
9.597477550568841442e-01
9.861769279466990890e-01
9.895574035488847731e-01
9.944744589702456672e-01
1.011991468908843839e+00
1.018445104149380054e+00
9.987768824639364773e-01
1.011684152945008908e+00
1.000620778246946729e+00
1.018752420113215207e+00
1.020903631860060612e+00
9.791086607784927898e-01
9.907866674042249411e-01
1.015679260474864565e+00
1.029508478847442232e+00
9.818745044530082788e-01
9.815671884891732368e-01
9.898647195127198151e-01
9.797232927061628738e-01
9.975476186085961983e-01
1.011684152945008908e+00
1.004615885776802608e+00
9.880208237297094520e-01
1.000006146319276645e+00
9.950890908979157512e-01
1.009532941198163503e+00
1.004923201740637539e+00
9.917086152957301781e-01
1.008303677342823335e+00
9.892500875850497311e-01
9.981622505362663933e-01
9.849476640913589209e-01
9.824891363806784739e-01
9.769574490316473847e-01
1.008303677342823335e+00
1.269829562566457071e+00
9.978549345724312403e-01
9.987768824639364773e-01
1.025513371317586353e+00
9.861769279466990890e-01
9.821818204168433208e-01
9.705038137911111695e-01
9.824891363806784739e-01
1.003079305957627287e+00
1.018445104149380054e+00
1.027049951136761674e+00
1.002464674029957203e+00
9.938598270425755832e-01
9.914012993318951361e-01
1.027049951136761674e+00
9.855622960190290049e-01
1.003693937885297371e+00
1.000620778246946729e+00
9.957037228255859462e-01
1.017215840294039886e+00
9.459185366843065879e-01
1.004923201740637539e+00
9.870988758382043260e-01
1.000006146319276645e+00
9.904793514403898991e-01
1.013220732764184229e+00
9.855622960190290049e-01
1.009225625234328350e+00
1.012913416800349076e+00
1.018445104149380054e+00
1.003079305957627287e+00
9.910939833680599831e-01
1.009532941198163503e+00
9.907866674042249411e-01
1.016908524330204955e+00
9.923232472234002621e-01
1.000006146319276645e+00
9.643574945144099964e-01
9.867915598743691730e-01
9.944744589702456672e-01
1.000620778246946729e+00
9.984695665001014353e-01
9.861769279466990890e-01
9.726550255379565746e-01
1.014757312583359550e+00
1.016601208366369802e+00
1.004923201740637539e+00
9.379283216245950516e-01
9.834110842721835999e-01
1.022747527643070864e+00
1.007074413487482945e+00
9.864842439105341310e-01
1.004615885776802608e+00
9.855622960190290049e-01
9.886354556573795360e-01
1.034118218304967973e+00
1.021825579751565849e+00
1.026128003245256659e+00
1.006459781559812861e+00
9.993915143916065613e-01
9.827964523445135159e-01
9.877135077658744100e-01
9.794159767423278318e-01
1.008610993306658266e+00
9.926305631872353041e-01
1.010454889089668740e+00
9.883281396935444940e-01
9.757281851763072167e-01
1.010147573125833587e+00
1.009532941198163503e+00
1.003079305957627287e+00
9.920159312595652201e-01
9.938598270425755832e-01
1.008918309270493419e+00
9.898647195127198151e-01
1.025206055353751422e+00
1.008610993306658266e+00
9.867915598743691730e-01
1.002157358066122050e+00
9.963183547532560302e-01
1.006152465595977930e+00
1.000620778246946729e+00
9.855622960190290049e-01
9.652794424059152334e-01
9.880208237297094520e-01
1.014449996619524397e+00
9.834110842721835999e-01
1.003079305957627287e+00
9.575965433100387392e-01
1.003693937885297371e+00
1.014449996619524397e+00
1.011069521017338824e+00
1.002157358066122050e+00
1.001850042102287119e+00
9.960110387894209882e-01
1.000928094210781882e+00
1.014142680655689244e+00
9.953964068617507932e-01
1.009532941198163503e+00
1.009225625234328350e+00

# time bin value
-1.000000000000000000e+02
-9.900000000000000000e+01
-9.800000000000000000e+01
-9.700000000000000000e+01
-9.600000000000000000e+01
-9.500000000000000000e+01
-9.400000000000000000e+01
-9.300000000000000000e+01
-9.200000000000000000e+01
-9.100000000000000000e+01
-9.000000000000000000e+01
-8.900000000000000000e+01
-8.800000000000000000e+01
-8.700000000000000000e+01
-8.600000000000000000e+01
-8.500000000000000000e+01
-8.400000000000000000e+01
-8.300000000000000000e+01
-8.200000000000000000e+01
-8.100000000000000000e+01
-8.000000000000000000e+01
-7.900000000000000000e+01
-7.800000000000000000e+01
-7.700000000000000000e+01
-7.600000000000000000e+01
-7.500000000000000000e+01
-7.400000000000000000e+01
-7.300000000000000000e+01
-7.200000000000000000e+01
-7.100000000000000000e+01
-7.000000000000000000e+01
-6.900000000000000000e+01
-6.800000000000000000e+01
-6.700000000000000000e+01
-6.600000000000000000e+01
-6.500000000000000000e+01
-6.400000000000000000e+01
-6.300000000000000000e+01
-6.200000000000000000e+01
-6.100000000000000000e+01
-6.000000000000000000e+01
-5.900000000000000000e+01
-5.800000000000000000e+01
-5.700000000000000000e+01
-5.600000000000000000e+01
-5.500000000000000000e+01
-5.400000000000000000e+01
-5.300000000000000000e+01
-5.200000000000000000e+01
-5.100000000000000000e+01
-5.000000000000000000e+01
-4.900000000000000000e+01
-4.800000000000000000e+01
-4.700000000000000000e+01
-4.600000000000000000e+01
-4.500000000000000000e+01
-4.400000000000000000e+01
-4.300000000000000000e+01
-4.200000000000000000e+01
-4.100000000000000000e+01
-4.000000000000000000e+01
-3.900000000000000000e+01
-3.800000000000000000e+01
-3.700000000000000000e+01
-3.600000000000000000e+01
-3.500000000000000000e+01
-3.400000000000000000e+01
-3.300000000000000000e+01
-3.200000000000000000e+01
-3.100000000000000000e+01
-3.000000000000000000e+01
-2.900000000000000000e+01
-2.800000000000000000e+01
-2.700000000000000000e+01
-2.600000000000000000e+01
-2.500000000000000000e+01
-2.400000000000000000e+01
-2.300000000000000000e+01
-2.200000000000000000e+01
-2.100000000000000000e+01
-2.000000000000000000e+01
-1.900000000000000000e+01
-1.800000000000000000e+01
-1.700000000000000000e+01
-1.600000000000000000e+01
-1.500000000000000000e+01
-1.400000000000000000e+01
-1.300000000000000000e+01
-1.200000000000000000e+01
-1.100000000000000000e+01
-1.000000000000000000e+01
-9.000000000000000000e+00
-8.000000000000000000e+00
-7.000000000000000000e+00
-6.000000000000000000e+00
-5.000000000000000000e+00
-4.000000000000000000e+00
-3.000000000000000000e+00
-2.000000000000000000e+00
-1.000000000000000000e+00
0.000000000000000000e+00
1.000000000000000000e+00
2.000000000000000000e+00
3.000000000000000000e+00
4.000000000000000000e+00
5.000000000000000000e+00
6.000000000000000000e+00
7.000000000000000000e+00
8.000000000000000000e+00
9.000000000000000000e+00
1.000000000000000000e+01
1.100000000000000000e+01
1.200000000000000000e+01
1.300000000000000000e+01
1.400000000000000000e+01
1.500000000000000000e+01
1.600000000000000000e+01
1.700000000000000000e+01
1.800000000000000000e+01
1.900000000000000000e+01
2.000000000000000000e+01
2.100000000000000000e+01
2.200000000000000000e+01
2.300000000000000000e+01
2.400000000000000000e+01
2.500000000000000000e+01
2.600000000000000000e+01
2.700000000000000000e+01
2.800000000000000000e+01
2.900000000000000000e+01
3.000000000000000000e+01
3.100000000000000000e+01
3.200000000000000000e+01
3.300000000000000000e+01
3.400000000000000000e+01
3.500000000000000000e+01
3.600000000000000000e+01
3.700000000000000000e+01
3.800000000000000000e+01
3.900000000000000000e+01
4.000000000000000000e+01
4.100000000000000000e+01
4.200000000000000000e+01
4.300000000000000000e+01
4.400000000000000000e+01
4.500000000000000000e+01
4.600000000000000000e+01
4.700000000000000000e+01
4.800000000000000000e+01
4.900000000000000000e+01
5.000000000000000000e+01
5.100000000000000000e+01
5.200000000000000000e+01
5.300000000000000000e+01
5.400000000000000000e+01
5.500000000000000000e+01
5.600000000000000000e+01
5.700000000000000000e+01
5.800000000000000000e+01
5.900000000000000000e+01
6.000000000000000000e+01
6.100000000000000000e+01
6.200000000000000000e+01
6.300000000000000000e+01
6.400000000000000000e+01
6.500000000000000000e+01
6.600000000000000000e+01
6.700000000000000000e+01
6.800000000000000000e+01
6.900000000000000000e+01
7.000000000000000000e+01
7.100000000000000000e+01
7.200000000000000000e+01
7.300000000000000000e+01
7.400000000000000000e+01
7.500000000000000000e+01
7.600000000000000000e+01
7.700000000000000000e+01
7.800000000000000000e+01
7.900000000000000000e+01
8.000000000000000000e+01
8.100000000000000000e+01
8.200000000000000000e+01
8.300000000000000000e+01
8.400000000000000000e+01
8.500000000000000000e+01
8.600000000000000000e+01
8.700000000000000000e+01
8.800000000000000000e+01
8.900000000000000000e+01
9.000000000000000000e+01
9.100000000000000000e+01
9.200000000000000000e+01
9.300000000000000000e+01
9.400000000000000000e+01
9.500000000000000000e+01
9.600000000000000000e+01
9.700000000000000000e+01
9.800000000000000000e+01
9.900000000000000000e+01
