single photon fraction:    0.3422
laser fraction:    0.1369
thermal source fraction:    0.2167
non-detected fraction:    0.3042
number of bins:  200.0000
bin width (ns):    1.0000
average detection events per bin: 5000.0000

# binary result
0.000000000000000000e+00

# g2 signal
1.002197243283284411e+00
1.009999816976666409e+00
1.027627853839492511e+00
1.009710832765800426e+00
9.906378748486445174e-01
9.975734959094285648e-01
9.955506064333665694e-01
9.995963853854905601e-01
1.008843880133202475e+00
1.025604964363430405e+00
9.851471748421906094e-01
1.016935438037450457e+00
9.828353011552626306e-01
9.816793643117985857e-01
1.024449027519966471e+00
9.935277169573045741e-01
1.001330290650686461e+00
1.027049885417760322e+00
9.704089800880246752e-01
9.987294327528924986e-01
9.735878064075506044e-01
1.017513406459182423e+00
9.750327274618806328e-01
1.003642164337614551e+00
9.640513274489725948e-01
9.747437432510146493e-01
1.041499095961060384e+00
1.000463338018088510e+00
9.819683485226645692e-01
9.735878064075506044e-01
1.003931148548480534e+00
9.686750748228286634e-01
9.880370169508505551e-01
9.868810801073866212e-01
9.912158432703765953e-01
1.019247311724378546e+00
1.006532006446274607e+00
9.975734959094285648e-01
9.917938116921085623e-01
1.004220132759346518e+00
1.020403248567842480e+00
1.008265911711470508e+00
9.854361590530565929e-01
9.920827959029745458e-01
1.005954038024542418e+00
9.886149853725825221e-01
9.906378748486445174e-01
1.007976927500604525e+00
1.034274490689410353e+00
1.006820990657140591e+00
9.935277169573045741e-01
1.023004106465636553e+00
9.819683485226645692e-01
9.709869485097566422e-01
9.868810801073866212e-01
9.834132695769945975e-01
1.012022706452728515e+00
9.758996800944785832e-01
1.040054174906730466e+00
9.917938116921085623e-01
1.035141443322008303e+00
9.972845116985625813e-01
9.943946695899025245e-01
1.019247311724378546e+00
9.912158432703765953e-01
1.009421848554934442e+00
1.021848169622172398e+00
9.863031116856545433e-01
9.952616222225005860e-01
9.938167011681705576e-01
9.828353011552626306e-01
9.943946695899025245e-01
1.002486227494150617e+00
9.793674906248706069e-01
9.972845116985625813e-01
9.860141274747885598e-01
9.929497485355724962e-01
1.034852459111142320e+00
9.894819380051805835e-01
1.016068485404852506e+00
1.000752322228954494e+00
1.001908259072418428e+00
1.009421848554934442e+00
1.022715122254770348e+00
1.003064195915882584e+00
9.863031116856545433e-01
1.005665053813676435e+00
9.851471748421906094e-01
9.871700643182526047e-01
1.012889659085326466e+00
9.998853695963565436e-01
9.842802222095925480e-01
1.006243022235408402e+00
9.961285748550985364e-01
1.015201532772254556e+00
1.018380359091780374e+00
9.799454590466025738e-01
1.007687943289738541e+00
9.773446011488086116e-01
1.048145732810978448e+00
8.169583641181791256e-01
9.776335853596745951e-01
9.912158432703765953e-01
1.031384648580750518e+00
1.001908259072418428e+00
1.009999816976666409e+00
9.808124116792006353e-01
1.026760901206894339e+00
9.984404485420265152e-01
1.031095664369884313e+00
1.016357469615718490e+00
9.909268590595106119e-01
1.013467627507058433e+00
9.891929537943146000e-01
9.952616222225005860e-01
1.020114264356976497e+00
1.013178643296192449e+00
1.003064195915882584e+00
1.001908259072418428e+00
9.894819380051805835e-01
1.006532006446274607e+00
1.012600674874460482e+00
9.891929537943146000e-01
1.007109974868006574e+00
1.009132864344068459e+00
9.984404485420265152e-01
1.019247311724378546e+00
1.020403248567842480e+00
9.886149853725825221e-01
9.969955274876964868e-01
1.001330290650686461e+00
1.019825280146110513e+00
9.967065432768305033e-01
9.978624801202945482e-01
1.007398959078872558e+00
1.017802390670048407e+00
1.009999816976666409e+00
1.029650743315554395e+00
1.000174353807222527e+00
9.969955274876964868e-01
9.834132695769945975e-01
1.014623564350522367e+00
1.000752322228954494e+00
9.969955274876964868e-01
1.023582074887368520e+00
9.993074011746245766e-01
9.920827959029745458e-01
9.952616222225005860e-01
9.926607643247065127e-01
9.883260011617165386e-01
9.831242853661286141e-01
9.990184169637584821e-01
1.023004106465636553e+00
1.015779501193986523e+00
1.024160043309100487e+00
9.915048274812425788e-01
9.851471748421906094e-01
1.007398959078872558e+00
1.004220132759346518e+00
1.010866769609264582e+00
1.023871059098234504e+00
9.964175590659645199e-01
1.027627853839492511e+00
9.828353011552626306e-01
9.851471748421906094e-01
9.912158432703765953e-01
9.889039695834486166e-01
9.920827959029745458e-01
1.003353180126748567e+00
9.863031116856545433e-01
9.949726380116344915e-01
1.044099953858854457e+00
1.014045595928790400e+00
9.981514643311605317e-01
9.915048274812425788e-01
1.001041306439820477e+00
1.013178643296192449e+00
1.016646453826584473e+00
1.011444738030996549e+00
9.709869485097566422e-01
1.010288801187532393e+00
1.013467627507058433e+00
9.981514643311605317e-01
9.796564748357365904e-01
9.886149853725825221e-01
1.003064195915882584e+00
9.941056853790365411e-01
1.019825280146110513e+00
1.007976927500604525e+00
9.802344432574685573e-01
1.010577785398398598e+00
1.003353180126748567e+00
9.900599064269125504e-01
9.735878064075506044e-01
9.946836538007685080e-01
1.018091374880914390e+00
1.003931148548480534e+00
1.025893948574296388e+00
1.007687943289738541e+00
9.967065432768305033e-01

# time bin value
-1.000000000000000000e+02
-9.900000000000000000e+01
-9.800000000000000000e+01
-9.700000000000000000e+01
-9.600000000000000000e+01
-9.500000000000000000e+01
-9.400000000000000000e+01
-9.300000000000000000e+01
-9.200000000000000000e+01
-9.100000000000000000e+01
-9.000000000000000000e+01
-8.900000000000000000e+01
-8.800000000000000000e+01
-8.700000000000000000e+01
-8.600000000000000000e+01
-8.500000000000000000e+01
-8.400000000000000000e+01
-8.300000000000000000e+01
-8.200000000000000000e+01
-8.100000000000000000e+01
-8.000000000000000000e+01
-7.900000000000000000e+01
-7.800000000000000000e+01
-7.700000000000000000e+01
-7.600000000000000000e+01
-7.500000000000000000e+01
-7.400000000000000000e+01
-7.300000000000000000e+01
-7.200000000000000000e+01
-7.100000000000000000e+01
-7.000000000000000000e+01
-6.900000000000000000e+01
-6.800000000000000000e+01
-6.700000000000000000e+01
-6.600000000000000000e+01
-6.500000000000000000e+01
-6.400000000000000000e+01
-6.300000000000000000e+01
-6.200000000000000000e+01
-6.100000000000000000e+01
-6.000000000000000000e+01
-5.900000000000000000e+01
-5.800000000000000000e+01
-5.700000000000000000e+01
-5.600000000000000000e+01
-5.500000000000000000e+01
-5.400000000000000000e+01
-5.300000000000000000e+01
-5.200000000000000000e+01
-5.100000000000000000e+01
-5.000000000000000000e+01
-4.900000000000000000e+01
-4.800000000000000000e+01
-4.700000000000000000e+01
-4.600000000000000000e+01
-4.500000000000000000e+01
-4.400000000000000000e+01
-4.300000000000000000e+01
-4.200000000000000000e+01
-4.100000000000000000e+01
-4.000000000000000000e+01
-3.900000000000000000e+01
-3.800000000000000000e+01
-3.700000000000000000e+01
-3.600000000000000000e+01
-3.500000000000000000e+01
-3.400000000000000000e+01
-3.300000000000000000e+01
-3.200000000000000000e+01
-3.100000000000000000e+01
-3.000000000000000000e+01
-2.900000000000000000e+01
-2.800000000000000000e+01
-2.700000000000000000e+01
-2.600000000000000000e+01
-2.500000000000000000e+01
-2.400000000000000000e+01
-2.300000000000000000e+01
-2.200000000000000000e+01
-2.100000000000000000e+01
-2.000000000000000000e+01
-1.900000000000000000e+01
-1.800000000000000000e+01
-1.700000000000000000e+01
-1.600000000000000000e+01
-1.500000000000000000e+01
-1.400000000000000000e+01
-1.300000000000000000e+01
-1.200000000000000000e+01
-1.100000000000000000e+01
-1.000000000000000000e+01
-9.000000000000000000e+00
-8.000000000000000000e+00
-7.000000000000000000e+00
-6.000000000000000000e+00
-5.000000000000000000e+00
-4.000000000000000000e+00
-3.000000000000000000e+00
-2.000000000000000000e+00
-1.000000000000000000e+00
0.000000000000000000e+00
1.000000000000000000e+00
2.000000000000000000e+00
3.000000000000000000e+00
4.000000000000000000e+00
5.000000000000000000e+00
6.000000000000000000e+00
7.000000000000000000e+00
8.000000000000000000e+00
9.000000000000000000e+00
1.000000000000000000e+01
1.100000000000000000e+01
1.200000000000000000e+01
1.300000000000000000e+01
1.400000000000000000e+01
1.500000000000000000e+01
1.600000000000000000e+01
1.700000000000000000e+01
1.800000000000000000e+01
1.900000000000000000e+01
2.000000000000000000e+01
2.100000000000000000e+01
2.200000000000000000e+01
2.300000000000000000e+01
2.400000000000000000e+01
2.500000000000000000e+01
2.600000000000000000e+01
2.700000000000000000e+01
2.800000000000000000e+01
2.900000000000000000e+01
3.000000000000000000e+01
3.100000000000000000e+01
3.200000000000000000e+01
3.300000000000000000e+01
3.400000000000000000e+01
3.500000000000000000e+01
3.600000000000000000e+01
3.700000000000000000e+01
3.800000000000000000e+01
3.900000000000000000e+01
4.000000000000000000e+01
4.100000000000000000e+01
4.200000000000000000e+01
4.300000000000000000e+01
4.400000000000000000e+01
4.500000000000000000e+01
4.600000000000000000e+01
4.700000000000000000e+01
4.800000000000000000e+01
4.900000000000000000e+01
5.000000000000000000e+01
5.100000000000000000e+01
5.200000000000000000e+01
5.300000000000000000e+01
5.400000000000000000e+01
5.500000000000000000e+01
5.600000000000000000e+01
5.700000000000000000e+01
5.800000000000000000e+01
5.900000000000000000e+01
6.000000000000000000e+01
6.100000000000000000e+01
6.200000000000000000e+01
6.300000000000000000e+01
6.400000000000000000e+01
6.500000000000000000e+01
6.600000000000000000e+01
6.700000000000000000e+01
6.800000000000000000e+01
6.900000000000000000e+01
7.000000000000000000e+01
7.100000000000000000e+01
7.200000000000000000e+01
7.300000000000000000e+01
7.400000000000000000e+01
7.500000000000000000e+01
7.600000000000000000e+01
7.700000000000000000e+01
7.800000000000000000e+01
7.900000000000000000e+01
8.000000000000000000e+01
8.100000000000000000e+01
8.200000000000000000e+01
8.300000000000000000e+01
8.400000000000000000e+01
8.500000000000000000e+01
8.600000000000000000e+01
8.700000000000000000e+01
8.800000000000000000e+01
8.900000000000000000e+01
9.000000000000000000e+01
9.100000000000000000e+01
9.200000000000000000e+01
9.300000000000000000e+01
9.400000000000000000e+01
9.500000000000000000e+01
9.600000000000000000e+01
9.700000000000000000e+01
9.800000000000000000e+01
9.900000000000000000e+01
