single photon fraction:    0.0205
laser fraction:    0.2615
thermal source fraction:    0.4615
non-detected fraction:    0.2564
number of bins:  200.0000
bin width (ns):    1.0000
average detection events per bin: 5000.0000

# binary result
0.000000000000000000e+00

# g2 signal
1.000768780994867546e+00
9.723455399874396665e-01
9.915650648591290972e-01
9.972497130606146065e-01
9.872339043246638468e-01
9.940013426597656965e-01
1.008077614396777566e+00
9.915650648591290972e-01
9.983325031942309469e-01
9.826320462567945668e-01
1.014032960131667327e+00
9.975204105940187471e-01
9.869632067912597062e-01
9.950841327933820368e-01
1.009701799597202188e+00
1.011867379864434646e+00
1.013491565064859268e+00
1.014032960131667327e+00
9.988738982610391171e-01
1.002663663728696086e+00
1.001310176061675827e+00
9.907529722589167864e-01
9.923771574593412970e-01
9.940013426597656965e-01
9.853390215908353067e-01
9.948134352599778962e-01
1.018364120666132466e+00
9.999566883946553464e-01
1.014032960131667327e+00
9.731576325876518663e-01
1.015927842865495867e+00
1.000227385928059487e+00
1.008348311930181707e+00
1.004017151395716567e+00
9.820906511899863967e-01
9.742404227212682066e-01
1.015386447798687808e+00
9.921064599259371564e-01
9.931892500595534967e-01
9.810078610563700563e-01
1.000227385928059487e+00
9.734283301210560069e-01
9.929185525261494671e-01
1.021612491066981487e+00
1.011867379864434646e+00
1.022153886133789547e+00
1.006994824263161448e+00
1.013220867531455127e+00
9.888580895250882463e-01
9.896701821253005571e-01
9.766767005219049169e-01
1.004287848929120708e+00
9.872339043246638468e-01
1.023507373800810027e+00
9.810078610563700563e-01
9.839855339238149368e-01
1.012679472464646846e+00
1.016469237932303926e+00
1.016198540398900008e+00
9.715334473872274668e-01
9.899408796587045867e-01
1.000768780994867546e+00
1.000498083461463628e+00
9.796543733893496864e-01
1.013491565064859268e+00
1.021612491066981487e+00
1.012408774931242927e+00
9.612469411178725665e-01
9.853390215908353067e-01
9.804664659895619971e-01
1.013762262598263186e+00
9.945427377265738667e-01
1.012679472464646846e+00
9.937306451263616669e-01
1.005099941529332908e+00
1.026755744201658826e+00
1.007536219329969507e+00
9.996859908612513168e-01
9.875046018580678764e-01
1.029192022002295648e+00
9.967083179938064363e-01
9.896701821253005571e-01
1.001851571128483886e+00
9.810078610563700563e-01
9.685557745197825863e-01
1.019988305866557088e+00
9.837148363904107962e-01
9.842562314572189663e-01
9.896701821253005571e-01
9.999566883946553464e-01
9.893994845918964165e-01
9.869632067912597062e-01
9.956255278601902070e-01
9.988738982610391171e-01
9.864218117244516471e-01
9.910236697923209270e-01
9.558329904497910867e-01
1.021341793533577347e+00
9.904822747255127569e-01
9.734283301210560069e-01
1.601446607618511431e+00
9.861511141910475065e-01
9.986032007276349765e-01
1.006453429196353166e+00
9.961669229269983772e-01
9.896701821253005571e-01
1.005912034129545107e+00
1.009160404530393906e+00
9.956255278601902070e-01
1.039478528271650326e+00
9.983325031942309469e-01
9.872339043246638468e-01
9.991445957944431466e-01
9.639539164519133063e-01
9.934599475929575263e-01
1.002392966195292168e+00
1.019176213266344666e+00
1.024860861467830286e+00
9.999566883946553464e-01
1.007536219329969507e+00
9.885873919916842167e-01
9.745111202546722362e-01
1.028650626935487367e+00
9.899408796587045867e-01
9.934599475929575263e-01
1.029733417069103707e+00
9.977911081274227767e-01
9.693678671199947861e-01
9.588106633172358562e-01
1.001851571128483886e+00
9.736990276544600365e-01
1.009701799597202188e+00
9.934599475929575263e-01
9.967083179938064363e-01
9.996859908612513168e-01
1.024860861467830286e+00
9.883166944582801872e-01
9.988738982610391171e-01
9.658487991857418464e-01
9.948134352599778962e-01
9.972497130606146065e-01
9.934599475929575263e-01
1.006453429196353166e+00
9.715334473872274668e-01
9.742404227212682066e-01
1.018634818199536607e+00
9.940013426597656965e-01
9.680143794529744161e-01
9.885873919916842167e-01
9.934599475929575263e-01
9.964376204604024068e-01
9.866925092578556766e-01
1.001851571128483886e+00
1.002122268661888027e+00
9.850683240574312771e-01
1.002122268661888027e+00
1.005912034129545107e+00
1.017552028065920267e+00
9.942720401931698371e-01
9.850683240574312771e-01
9.956255278601902070e-01
9.904822747255127569e-01
9.896701821253005571e-01
1.011055287264222446e+00
1.028379929402083226e+00
1.011055287264222446e+00
1.017822725599324407e+00
9.902115771921086163e-01
9.972497130606146065e-01
1.047599454273772768e+00
1.040832015938670807e+00
1.003475756328908286e+00
1.000768780994867546e+00
1.015115750265283667e+00
9.866925092578556766e-01
9.977911081274227767e-01
9.958962253935942366e-01
1.013762262598263186e+00
9.975204105940187471e-01
9.948134352599778962e-01
1.020800398466769288e+00
9.834441388570067666e-01
9.964376204604024068e-01
1.004287848929120708e+00
9.731576325876518663e-01
9.777594906555211463e-01
9.831734413236027370e-01
1.006453429196353166e+00
9.915650648591290972e-01
1.016469237932303926e+00
1.022153886133789547e+00
9.856097191242393363e-01
9.921064599259371564e-01
9.866925092578556766e-01
1.024860861467830286e+00
9.999566883946553464e-01
9.712627498538233262e-01
1.017281330532516126e+00
1.001851571128483886e+00
9.796543733893496864e-01

# time bin value
-1.000000000000000000e+02
-9.900000000000000000e+01
-9.800000000000000000e+01
-9.700000000000000000e+01
-9.600000000000000000e+01
-9.500000000000000000e+01
-9.400000000000000000e+01
-9.300000000000000000e+01
-9.200000000000000000e+01
-9.100000000000000000e+01
-9.000000000000000000e+01
-8.900000000000000000e+01
-8.800000000000000000e+01
-8.700000000000000000e+01
-8.600000000000000000e+01
-8.500000000000000000e+01
-8.400000000000000000e+01
-8.300000000000000000e+01
-8.200000000000000000e+01
-8.100000000000000000e+01
-8.000000000000000000e+01
-7.900000000000000000e+01
-7.800000000000000000e+01
-7.700000000000000000e+01
-7.600000000000000000e+01
-7.500000000000000000e+01
-7.400000000000000000e+01
-7.300000000000000000e+01
-7.200000000000000000e+01
-7.100000000000000000e+01
-7.000000000000000000e+01
-6.900000000000000000e+01
-6.800000000000000000e+01
-6.700000000000000000e+01
-6.600000000000000000e+01
-6.500000000000000000e+01
-6.400000000000000000e+01
-6.300000000000000000e+01
-6.200000000000000000e+01
-6.100000000000000000e+01
-6.000000000000000000e+01
-5.900000000000000000e+01
-5.800000000000000000e+01
-5.700000000000000000e+01
-5.600000000000000000e+01
-5.500000000000000000e+01
-5.400000000000000000e+01
-5.300000000000000000e+01
-5.200000000000000000e+01
-5.100000000000000000e+01
-5.000000000000000000e+01
-4.900000000000000000e+01
-4.800000000000000000e+01
-4.700000000000000000e+01
-4.600000000000000000e+01
-4.500000000000000000e+01
-4.400000000000000000e+01
-4.300000000000000000e+01
-4.200000000000000000e+01
-4.100000000000000000e+01
-4.000000000000000000e+01
-3.900000000000000000e+01
-3.800000000000000000e+01
-3.700000000000000000e+01
-3.600000000000000000e+01
-3.500000000000000000e+01
-3.400000000000000000e+01
-3.300000000000000000e+01
-3.200000000000000000e+01
-3.100000000000000000e+01
-3.000000000000000000e+01
-2.900000000000000000e+01
-2.800000000000000000e+01
-2.700000000000000000e+01
-2.600000000000000000e+01
-2.500000000000000000e+01
-2.400000000000000000e+01
-2.300000000000000000e+01
-2.200000000000000000e+01
-2.100000000000000000e+01
-2.000000000000000000e+01
-1.900000000000000000e+01
-1.800000000000000000e+01
-1.700000000000000000e+01
-1.600000000000000000e+01
-1.500000000000000000e+01
-1.400000000000000000e+01
-1.300000000000000000e+01
-1.200000000000000000e+01
-1.100000000000000000e+01
-1.000000000000000000e+01
-9.000000000000000000e+00
-8.000000000000000000e+00
-7.000000000000000000e+00
-6.000000000000000000e+00
-5.000000000000000000e+00
-4.000000000000000000e+00
-3.000000000000000000e+00
-2.000000000000000000e+00
-1.000000000000000000e+00
0.000000000000000000e+00
1.000000000000000000e+00
2.000000000000000000e+00
3.000000000000000000e+00
4.000000000000000000e+00
5.000000000000000000e+00
6.000000000000000000e+00
7.000000000000000000e+00
8.000000000000000000e+00
9.000000000000000000e+00
1.000000000000000000e+01
1.100000000000000000e+01
1.200000000000000000e+01
1.300000000000000000e+01
1.400000000000000000e+01
1.500000000000000000e+01
1.600000000000000000e+01
1.700000000000000000e+01
1.800000000000000000e+01
1.900000000000000000e+01
2.000000000000000000e+01
2.100000000000000000e+01
2.200000000000000000e+01
2.300000000000000000e+01
2.400000000000000000e+01
2.500000000000000000e+01
2.600000000000000000e+01
2.700000000000000000e+01
2.800000000000000000e+01
2.900000000000000000e+01
3.000000000000000000e+01
3.100000000000000000e+01
3.200000000000000000e+01
3.300000000000000000e+01
3.400000000000000000e+01
3.500000000000000000e+01
3.600000000000000000e+01
3.700000000000000000e+01
3.800000000000000000e+01
3.900000000000000000e+01
4.000000000000000000e+01
4.100000000000000000e+01
4.200000000000000000e+01
4.300000000000000000e+01
4.400000000000000000e+01
4.500000000000000000e+01
4.600000000000000000e+01
4.700000000000000000e+01
4.800000000000000000e+01
4.900000000000000000e+01
5.000000000000000000e+01
5.100000000000000000e+01
5.200000000000000000e+01
5.300000000000000000e+01
5.400000000000000000e+01
5.500000000000000000e+01
5.600000000000000000e+01
5.700000000000000000e+01
5.800000000000000000e+01
5.900000000000000000e+01
6.000000000000000000e+01
6.100000000000000000e+01
6.200000000000000000e+01
6.300000000000000000e+01
6.400000000000000000e+01
6.500000000000000000e+01
6.600000000000000000e+01
6.700000000000000000e+01
6.800000000000000000e+01
6.900000000000000000e+01
7.000000000000000000e+01
7.100000000000000000e+01
7.200000000000000000e+01
7.300000000000000000e+01
7.400000000000000000e+01
7.500000000000000000e+01
7.600000000000000000e+01
7.700000000000000000e+01
7.800000000000000000e+01
7.900000000000000000e+01
8.000000000000000000e+01
8.100000000000000000e+01
8.200000000000000000e+01
8.300000000000000000e+01
8.400000000000000000e+01
8.500000000000000000e+01
8.600000000000000000e+01
8.700000000000000000e+01
8.800000000000000000e+01
8.900000000000000000e+01
9.000000000000000000e+01
9.100000000000000000e+01
9.200000000000000000e+01
9.300000000000000000e+01
9.400000000000000000e+01
9.500000000000000000e+01
9.600000000000000000e+01
9.700000000000000000e+01
9.800000000000000000e+01
9.900000000000000000e+01
