single photon fraction:    0.0468
laser fraction:    0.2807
thermal source fraction:    0.2281
non-detected fraction:    0.4444
number of bins:  200.0000
bin width (ns):    1.0000
average detection events per bin: 5000.0000

# binary result
0.000000000000000000e+00

# g2 signal
9.921869348187802862e-01
9.791651595167474298e-01
1.024379657093250406e+00
9.853143311871518373e-01
9.900166389351081619e-01
9.976126745279606522e-01
1.003038414237141129e+00
1.007379006004485378e+00
9.925486507993923624e-01
9.853143311871518373e-01
9.882080590320481139e-01
1.024017941112638441e+00
1.009187585907545426e+00
1.011719597771829626e+00
9.943572307024525214e-01
9.907400708963322034e-01
1.004485278159589212e+00
1.000506402372856929e+00
1.005932142082037295e+00
9.845908992259277959e-01
9.690371120596108501e-01
9.983361064891846937e-01
9.976126745279606522e-01
9.842291832453158307e-01
9.882080590320481139e-01
9.976126745279606522e-01
1.024017941112638441e+00
9.766331476524633404e-01
1.017507053461621958e+00
1.026911668957534607e+00
9.986978224697967699e-01
1.015336757577949722e+00
1.004846994140201177e+00
1.018592201403458075e+00
9.769948636330753056e-01
9.911017868769442796e-01
9.806120234391956236e-01
1.003761846198365060e+00
9.997829704116327765e-01
1.035592852492223104e+00
1.027635100918758537e+00
9.896549229544961968e-01
1.006293858062649260e+00
9.889314909932721553e-01
9.657816682341026082e-01
9.914635028575562448e-01
1.028358532879982690e+00
9.997829704116327765e-01
9.824206033422556716e-01
1.000506402372856929e+00
9.979743905085727285e-01
1.043188888085075705e+00
1.008464153946321273e+00
9.571004846994140003e-01
1.013528177674889674e+00
1.020400781306518123e+00
1.037401432395283152e+00
9.603559285249222421e-01
1.002314982275916977e+00
1.008464153946321273e+00
1.017868769442233923e+00
9.867611951095999201e-01
9.932720827606164038e-01
9.845908992259277959e-01
1.010272733849381543e+00
1.001591550314693047e+00
9.936337987412283690e-01
9.856760471677639135e-01
1.002676698256528942e+00
9.773565796136873818e-01
9.835057512840917893e-01
1.015336757577949722e+00
1.031975692686103008e+00
9.882080590320481139e-01
9.712074079432829743e-01
1.012443029733053557e+00
1.008825869926933461e+00
1.014613325616725792e+00
9.856760471677639135e-01
1.004846994140201177e+00
1.009187585907545426e+00
1.019677349345294193e+00
9.947189466830644866e-01
9.741011357881791399e-01
9.990595384504087351e-01
9.321420820371844052e-01
9.885697750126600791e-01
9.621645084279824012e-01
9.939955147218404452e-01
1.005570426101425108e+00
1.003038414237141129e+00
9.925486507993923624e-01
9.715691239238949395e-01
9.831440353034797131e-01
1.026549952976922642e+00
9.719308399045070157e-01
9.842291832453158307e-01
9.896549229544961968e-01
1.012443029733053557e+00
1.000868118353468894e+00
1.339434276206322938e+00
1.007379006004485378e+00
9.650582362728785668e-01
9.748245677494031813e-01
9.835057512840917893e-01
1.013528177674889674e+00
9.918252188381683210e-01
9.780800115749114232e-01
9.968892425667366108e-01
9.788034435361354646e-01
9.979743905085727285e-01
9.683136800983868087e-01
9.878463430514360377e-01
1.054402083484048402e+00
9.867611951095999201e-01
9.679519641177747324e-01
1.000506402372856929e+00
9.968892425667366108e-01
1.015336757577949722e+00
9.943572307024525214e-01
9.929103667800043276e-01
1.007017290023873191e+00
9.918252188381683210e-01
1.038848296317731457e+00
9.979743905085727285e-01
1.005932142082037295e+00
1.003038414237141129e+00
1.019315633364682006e+00
1.022571077190190358e+00
9.863994791289879549e-01
9.943572307024525214e-01
1.011719597771829626e+00
1.015336757577949722e+00
1.002314982275916977e+00
9.921869348187802862e-01
9.816971713810316302e-01
9.791651595167474298e-01
1.022209361209578171e+00
9.907400708963322034e-01
1.001591550314693047e+00
9.929103667800043276e-01
9.827823193228677479e-01
9.737394198075671747e-01
1.018953917384070040e+00
9.878463430514360377e-01
1.005570426101425108e+00
1.012081313752441591e+00
1.012804745713665744e+00
9.896549229544961968e-01
1.017868769442233923e+00
9.853143311871518373e-01
1.001229834334080859e+00
9.813354554004196650e-01
1.025464805035086524e+00
1.013166461694277709e+00
9.838674672647037545e-01
1.009187585907545426e+00
1.018953917384070040e+00
1.008825869926933461e+00
1.034869420530999173e+00
1.012443029733053557e+00
1.037401432395283152e+00
1.016060189539173875e+00
9.918252188381683210e-01
1.013166461694277709e+00
9.968892425667366108e-01
1.018592201403458075e+00
9.939955147218404452e-01
1.011719597771829626e+00
1.024017941112638441e+00
1.021124213267742276e+00
1.011719597771829626e+00
9.961658106055125694e-01
1.003761846198365060e+00
1.014975041597337757e+00
9.722925558851190919e-01
9.578239166606381527e-01
9.665051001953266496e-01
9.903783549157202382e-01
9.856760471677639135e-01
1.004485278159589212e+00
1.018953917384070040e+00
9.947189466830644866e-01
9.722925558851190919e-01
9.911017868769442796e-01
1.018230485422846110e+00
1.008464153946321273e+00
1.000868118353468894e+00
9.831440353034797131e-01
9.968892425667366108e-01
9.856760471677639135e-01
9.954423786442885280e-01
1.002314982275916977e+00
9.892932069738841205e-01
1.027996816899370724e+00
9.900166389351081619e-01
1.002676698256528942e+00
1.026911668957534607e+00
9.502278810677855514e-01
9.849526152065398721e-01

# time bin value
-1.000000000000000000e+02
-9.900000000000000000e+01
-9.800000000000000000e+01
-9.700000000000000000e+01
-9.600000000000000000e+01
-9.500000000000000000e+01
-9.400000000000000000e+01
-9.300000000000000000e+01
-9.200000000000000000e+01
-9.100000000000000000e+01
-9.000000000000000000e+01
-8.900000000000000000e+01
-8.800000000000000000e+01
-8.700000000000000000e+01
-8.600000000000000000e+01
-8.500000000000000000e+01
-8.400000000000000000e+01
-8.300000000000000000e+01
-8.200000000000000000e+01
-8.100000000000000000e+01
-8.000000000000000000e+01
-7.900000000000000000e+01
-7.800000000000000000e+01
-7.700000000000000000e+01
-7.600000000000000000e+01
-7.500000000000000000e+01
-7.400000000000000000e+01
-7.300000000000000000e+01
-7.200000000000000000e+01
-7.100000000000000000e+01
-7.000000000000000000e+01
-6.900000000000000000e+01
-6.800000000000000000e+01
-6.700000000000000000e+01
-6.600000000000000000e+01
-6.500000000000000000e+01
-6.400000000000000000e+01
-6.300000000000000000e+01
-6.200000000000000000e+01
-6.100000000000000000e+01
-6.000000000000000000e+01
-5.900000000000000000e+01
-5.800000000000000000e+01
-5.700000000000000000e+01
-5.600000000000000000e+01
-5.500000000000000000e+01
-5.400000000000000000e+01
-5.300000000000000000e+01
-5.200000000000000000e+01
-5.100000000000000000e+01
-5.000000000000000000e+01
-4.900000000000000000e+01
-4.800000000000000000e+01
-4.700000000000000000e+01
-4.600000000000000000e+01
-4.500000000000000000e+01
-4.400000000000000000e+01
-4.300000000000000000e+01
-4.200000000000000000e+01
-4.100000000000000000e+01
-4.000000000000000000e+01
-3.900000000000000000e+01
-3.800000000000000000e+01
-3.700000000000000000e+01
-3.600000000000000000e+01
-3.500000000000000000e+01
-3.400000000000000000e+01
-3.300000000000000000e+01
-3.200000000000000000e+01
-3.100000000000000000e+01
-3.000000000000000000e+01
-2.900000000000000000e+01
-2.800000000000000000e+01
-2.700000000000000000e+01
-2.600000000000000000e+01
-2.500000000000000000e+01
-2.400000000000000000e+01
-2.300000000000000000e+01
-2.200000000000000000e+01
-2.100000000000000000e+01
-2.000000000000000000e+01
-1.900000000000000000e+01
-1.800000000000000000e+01
-1.700000000000000000e+01
-1.600000000000000000e+01
-1.500000000000000000e+01
-1.400000000000000000e+01
-1.300000000000000000e+01
-1.200000000000000000e+01
-1.100000000000000000e+01
-1.000000000000000000e+01
-9.000000000000000000e+00
-8.000000000000000000e+00
-7.000000000000000000e+00
-6.000000000000000000e+00
-5.000000000000000000e+00
-4.000000000000000000e+00
-3.000000000000000000e+00
-2.000000000000000000e+00
-1.000000000000000000e+00
0.000000000000000000e+00
1.000000000000000000e+00
2.000000000000000000e+00
3.000000000000000000e+00
4.000000000000000000e+00
5.000000000000000000e+00
6.000000000000000000e+00
7.000000000000000000e+00
8.000000000000000000e+00
9.000000000000000000e+00
1.000000000000000000e+01
1.100000000000000000e+01
1.200000000000000000e+01
1.300000000000000000e+01
1.400000000000000000e+01
1.500000000000000000e+01
1.600000000000000000e+01
1.700000000000000000e+01
1.800000000000000000e+01
1.900000000000000000e+01
2.000000000000000000e+01
2.100000000000000000e+01
2.200000000000000000e+01
2.300000000000000000e+01
2.400000000000000000e+01
2.500000000000000000e+01
2.600000000000000000e+01
2.700000000000000000e+01
2.800000000000000000e+01
2.900000000000000000e+01
3.000000000000000000e+01
3.100000000000000000e+01
3.200000000000000000e+01
3.300000000000000000e+01
3.400000000000000000e+01
3.500000000000000000e+01
3.600000000000000000e+01
3.700000000000000000e+01
3.800000000000000000e+01
3.900000000000000000e+01
4.000000000000000000e+01
4.100000000000000000e+01
4.200000000000000000e+01
4.300000000000000000e+01
4.400000000000000000e+01
4.500000000000000000e+01
4.600000000000000000e+01
4.700000000000000000e+01
4.800000000000000000e+01
4.900000000000000000e+01
5.000000000000000000e+01
5.100000000000000000e+01
5.200000000000000000e+01
5.300000000000000000e+01
5.400000000000000000e+01
5.500000000000000000e+01
5.600000000000000000e+01
5.700000000000000000e+01
5.800000000000000000e+01
5.900000000000000000e+01
6.000000000000000000e+01
6.100000000000000000e+01
6.200000000000000000e+01
6.300000000000000000e+01
6.400000000000000000e+01
6.500000000000000000e+01
6.600000000000000000e+01
6.700000000000000000e+01
6.800000000000000000e+01
6.900000000000000000e+01
7.000000000000000000e+01
7.100000000000000000e+01
7.200000000000000000e+01
7.300000000000000000e+01
7.400000000000000000e+01
7.500000000000000000e+01
7.600000000000000000e+01
7.700000000000000000e+01
7.800000000000000000e+01
7.900000000000000000e+01
8.000000000000000000e+01
8.100000000000000000e+01
8.200000000000000000e+01
8.300000000000000000e+01
8.400000000000000000e+01
8.500000000000000000e+01
8.600000000000000000e+01
8.700000000000000000e+01
8.800000000000000000e+01
8.900000000000000000e+01
9.000000000000000000e+01
9.100000000000000000e+01
9.200000000000000000e+01
9.300000000000000000e+01
9.400000000000000000e+01
9.500000000000000000e+01
9.600000000000000000e+01
9.700000000000000000e+01
9.800000000000000000e+01
9.900000000000000000e+01
