single photon fraction:    0.1562
laser fraction:    0.4297
thermal source fraction:    0.0938
non-detected fraction:    0.3203
number of bins:  200.0000
bin width (ns):    1.0000
average detection events per bin: 5000.0000

# binary result
0.000000000000000000e+00

# g2 signal
9.567172602075940668e-01
1.029106305529045695e+00
1.017583151375835104e+00
1.002218945838220909e+00
9.726723967274243376e-01
9.992642909271411966e-01
9.939459120871978470e-01
1.003105342311544801e+00
1.015219427446971467e+00
9.844910163717429663e-01
9.803544994962314352e-01
9.989688254360332698e-01
1.006059997222624514e+00
9.945368430694138118e-01
1.003400807802652839e+00
1.003105342311544801e+00
9.915821881583340991e-01
1.001628014856005056e+00
1.013742099991431500e+00
9.788771720406915788e-01
1.019651409813590925e+00
1.010196514098135934e+00
1.015219427446971467e+00
1.009605583115920080e+00
1.008128255660380113e+00
1.014037565482539538e+00
9.901048607027942428e-01
1.011969307044783717e+00
1.024378857671318421e+00
1.011969307044783717e+00
9.688313453430207334e-01
1.001628014856005056e+00
1.000446152891573126e+00
1.014628496464755392e+00
1.002218945838220909e+00
9.942413775783057739e-01
9.898093952116863159e-01
1.020242340795806779e+00
9.942413775783057739e-01
9.883320677561464596e-01
1.013742099991431500e+00
9.768089136029357578e-01
1.040629459682256508e+00
9.898093952116863159e-01
1.019060478831374850e+00
9.723769312363162998e-01
1.009014652133704004e+00
9.747406551651800477e-01
9.901048607027942428e-01
9.904003261939022806e-01
9.977869634716014513e-01
1.002809876820436763e+00
9.747406551651800477e-01
1.021424202760238709e+00
1.004878135258192584e+00
1.011969307044783717e+00
9.664676214141569854e-01
9.998552219093571614e-01
9.661721559230490586e-01
1.001923480347112871e+00
1.012264772535891755e+00
1.001037083873788980e+00
1.011673841553675901e+00
1.019355944322482888e+00
9.771043790940437956e-01
9.744451896740721208e-01
9.983778944538173050e-01
9.971960324893854866e-01
1.032947356913449299e+00
9.966051015071695218e-01
9.744451896740721208e-01
1.000741618382681164e+00
9.862638093183907495e-01
1.009310117624812042e+00
9.912867226672261722e-01
1.025560719635750129e+00
9.839000853895270016e-01
9.850819473539588200e-01
9.847864818628508932e-01
1.006946393695948405e+00
9.909912571761181344e-01
1.017583151375835104e+00
1.014628496464755392e+00
9.912867226672261722e-01
9.936504465960899202e-01
9.971960324893854866e-01
9.841955508806349284e-01
9.915821881583340991e-01
1.009310117624812042e+00
1.002514411329328947e+00
9.904003261939022806e-01
1.025265254144642313e+00
9.927640501227660286e-01
9.960141705249535571e-01
1.006650928204840367e+00
1.021128737269130671e+00
9.744451896740721208e-01
1.037379339280068757e+00
1.033833753386773191e+00
1.005173600749300622e+00
8.914193866727335713e-01
9.762179826207199040e-01
1.001628014856005056e+00
9.853774128450668579e-01
9.856728783361747848e-01
1.036197477315637050e+00
1.028219909055721804e+00
9.912867226672261722e-01
1.006650928204840367e+00
1.024674323162426237e+00
1.016401289411403175e+00
9.904003261939022806e-01
9.735587932007482292e-01
1.022606064724670638e+00
9.992642909271411966e-01
1.007832790169272297e+00
1.018174082358050958e+00
1.013446634500323684e+00
1.021128737269130671e+00
9.892184642294703512e-01
1.001628014856005056e+00
9.930595156138739554e-01
1.004878135258192584e+00
9.682404143608047686e-01
1.034720149860097083e+00
1.002514411329328947e+00
1.016401289411403175e+00
1.006059997222624514e+00
1.009310117624812042e+00
9.759225171296118662e-01
9.806499649873393620e-01
1.016105823920295359e+00
1.005764531731516476e+00
1.007537324678164259e+00
9.859683438272827116e-01
1.017583151375835104e+00
1.026447116109074020e+00
1.011378376062567863e+00
1.009605583115920080e+00
9.723769312363162998e-01
9.856728783361747848e-01
9.726723967274243376e-01
1.002514411329328947e+00
9.773998445851517225e-01
1.024969788653534275e+00
1.003991738784868692e+00
9.877411367739306058e-01
1.000150687400465088e+00
9.759225171296118662e-01
9.942413775783057739e-01
9.670585523963729502e-01
1.009605583115920080e+00
1.000446152891573126e+00
9.969005669982774487e-01
1.018469547849158996e+00
1.016696754902511213e+00
1.012855703518107608e+00
1.020537806286914817e+00
1.022606064724670638e+00
9.901048607027942428e-01
1.007832790169272297e+00
9.797635685140154704e-01
1.001037083873788980e+00
9.874456712828225680e-01
1.011673841553675901e+00
9.921731191405500638e-01
9.992642909271411966e-01
1.003991738784868692e+00
9.726723967274243376e-01
9.871502057917146411e-01
1.003400807802652839e+00
9.901048607027942428e-01
1.002809876820436763e+00
9.776953100762597604e-01
9.895139297205783890e-01
1.006946393695948405e+00
1.027628978073505950e+00
1.023787926689102346e+00
9.906957916850102075e-01
1.023196995706886492e+00
9.703086727985605897e-01
1.006355462713732329e+00
9.800590340051233973e-01
1.033242822404557337e+00
9.815363614606632536e-01
1.011378376062567863e+00
1.004878135258192584e+00
9.980824289627093782e-01
9.927640501227660286e-01
9.593764496275658527e-01
9.995597564182492345e-01
1.010491979589243972e+00
1.006650928204840367e+00
9.862638093183907495e-01
1.015514892938079283e+00
1.001923480347112871e+00
9.995597564182492345e-01
1.000150687400465088e+00
1.023492461197994530e+00
1.000741618382681164e+00

# time bin value
-1.000000000000000000e+02
-9.900000000000000000e+01
-9.800000000000000000e+01
-9.700000000000000000e+01
-9.600000000000000000e+01
-9.500000000000000000e+01
-9.400000000000000000e+01
-9.300000000000000000e+01
-9.200000000000000000e+01
-9.100000000000000000e+01
-9.000000000000000000e+01
-8.900000000000000000e+01
-8.800000000000000000e+01
-8.700000000000000000e+01
-8.600000000000000000e+01
-8.500000000000000000e+01
-8.400000000000000000e+01
-8.300000000000000000e+01
-8.200000000000000000e+01
-8.100000000000000000e+01
-8.000000000000000000e+01
-7.900000000000000000e+01
-7.800000000000000000e+01
-7.700000000000000000e+01
-7.600000000000000000e+01
-7.500000000000000000e+01
-7.400000000000000000e+01
-7.300000000000000000e+01
-7.200000000000000000e+01
-7.100000000000000000e+01
-7.000000000000000000e+01
-6.900000000000000000e+01
-6.800000000000000000e+01
-6.700000000000000000e+01
-6.600000000000000000e+01
-6.500000000000000000e+01
-6.400000000000000000e+01
-6.300000000000000000e+01
-6.200000000000000000e+01
-6.100000000000000000e+01
-6.000000000000000000e+01
-5.900000000000000000e+01
-5.800000000000000000e+01
-5.700000000000000000e+01
-5.600000000000000000e+01
-5.500000000000000000e+01
-5.400000000000000000e+01
-5.300000000000000000e+01
-5.200000000000000000e+01
-5.100000000000000000e+01
-5.000000000000000000e+01
-4.900000000000000000e+01
-4.800000000000000000e+01
-4.700000000000000000e+01
-4.600000000000000000e+01
-4.500000000000000000e+01
-4.400000000000000000e+01
-4.300000000000000000e+01
-4.200000000000000000e+01
-4.100000000000000000e+01
-4.000000000000000000e+01
-3.900000000000000000e+01
-3.800000000000000000e+01
-3.700000000000000000e+01
-3.600000000000000000e+01
-3.500000000000000000e+01
-3.400000000000000000e+01
-3.300000000000000000e+01
-3.200000000000000000e+01
-3.100000000000000000e+01
-3.000000000000000000e+01
-2.900000000000000000e+01
-2.800000000000000000e+01
-2.700000000000000000e+01
-2.600000000000000000e+01
-2.500000000000000000e+01
-2.400000000000000000e+01
-2.300000000000000000e+01
-2.200000000000000000e+01
-2.100000000000000000e+01
-2.000000000000000000e+01
-1.900000000000000000e+01
-1.800000000000000000e+01
-1.700000000000000000e+01
-1.600000000000000000e+01
-1.500000000000000000e+01
-1.400000000000000000e+01
-1.300000000000000000e+01
-1.200000000000000000e+01
-1.100000000000000000e+01
-1.000000000000000000e+01
-9.000000000000000000e+00
-8.000000000000000000e+00
-7.000000000000000000e+00
-6.000000000000000000e+00
-5.000000000000000000e+00
-4.000000000000000000e+00
-3.000000000000000000e+00
-2.000000000000000000e+00
-1.000000000000000000e+00
0.000000000000000000e+00
1.000000000000000000e+00
2.000000000000000000e+00
3.000000000000000000e+00
4.000000000000000000e+00
5.000000000000000000e+00
6.000000000000000000e+00
7.000000000000000000e+00
8.000000000000000000e+00
9.000000000000000000e+00
1.000000000000000000e+01
1.100000000000000000e+01
1.200000000000000000e+01
1.300000000000000000e+01
1.400000000000000000e+01
1.500000000000000000e+01
1.600000000000000000e+01
1.700000000000000000e+01
1.800000000000000000e+01
1.900000000000000000e+01
2.000000000000000000e+01
2.100000000000000000e+01
2.200000000000000000e+01
2.300000000000000000e+01
2.400000000000000000e+01
2.500000000000000000e+01
2.600000000000000000e+01
2.700000000000000000e+01
2.800000000000000000e+01
2.900000000000000000e+01
3.000000000000000000e+01
3.100000000000000000e+01
3.200000000000000000e+01
3.300000000000000000e+01
3.400000000000000000e+01
3.500000000000000000e+01
3.600000000000000000e+01
3.700000000000000000e+01
3.800000000000000000e+01
3.900000000000000000e+01
4.000000000000000000e+01
4.100000000000000000e+01
4.200000000000000000e+01
4.300000000000000000e+01
4.400000000000000000e+01
4.500000000000000000e+01
4.600000000000000000e+01
4.700000000000000000e+01
4.800000000000000000e+01
4.900000000000000000e+01
5.000000000000000000e+01
5.100000000000000000e+01
5.200000000000000000e+01
5.300000000000000000e+01
5.400000000000000000e+01
5.500000000000000000e+01
5.600000000000000000e+01
5.700000000000000000e+01
5.800000000000000000e+01
5.900000000000000000e+01
6.000000000000000000e+01
6.100000000000000000e+01
6.200000000000000000e+01
6.300000000000000000e+01
6.400000000000000000e+01
6.500000000000000000e+01
6.600000000000000000e+01
6.700000000000000000e+01
6.800000000000000000e+01
6.900000000000000000e+01
7.000000000000000000e+01
7.100000000000000000e+01
7.200000000000000000e+01
7.300000000000000000e+01
7.400000000000000000e+01
7.500000000000000000e+01
7.600000000000000000e+01
7.700000000000000000e+01
7.800000000000000000e+01
7.900000000000000000e+01
8.000000000000000000e+01
8.100000000000000000e+01
8.200000000000000000e+01
8.300000000000000000e+01
8.400000000000000000e+01
8.500000000000000000e+01
8.600000000000000000e+01
8.700000000000000000e+01
8.800000000000000000e+01
8.900000000000000000e+01
9.000000000000000000e+01
9.100000000000000000e+01
9.200000000000000000e+01
9.300000000000000000e+01
9.400000000000000000e+01
9.500000000000000000e+01
9.600000000000000000e+01
9.700000000000000000e+01
9.800000000000000000e+01
9.900000000000000000e+01
