single photon fraction:    0.3762
laser fraction:    0.3762
thermal source fraction:    0.0396
non-detected fraction:    0.2079
number of bins:  200.0000
bin width (ns):    1.0000
average detection events per bin: 5000.0000

# binary result
0.000000000000000000e+00

# g2 signal
1.008290898767898014e+00
1.045297050406940986e+00
9.839580867312669454e-01
1.004742363679222539e+00
9.864927546517493484e-01
9.976452935018718104e-01
1.009558232728139160e+00
1.009558232728139160e+00
9.867462214437975332e-01
9.928294244529553003e-01
1.014374101777055781e+00
9.923224908688588197e-01
9.887739557801834556e-01
9.869996882358458290e-01
1.009558232728139160e+00
9.935898248291000767e-01
1.005249297263319130e+00
1.012092900648621452e+00
1.026033574211274724e+00
9.844650203153634260e-01
1.001700762174643655e+00
9.986591606700647716e-01
1.009558232728139160e+00
9.887739557801834556e-01
9.687500792083725276e-01
1.001447295382595470e+00
1.001700762174643655e+00
1.026793974587419500e+00
9.862392878597010526e-01
1.000940361798498879e+00
9.986591606700647716e-01
1.018683037241875811e+00
9.925759576609071155e-01
9.837046199392186496e-01
9.859858210676528678e-01
9.768610165539162171e-01
1.012092900648621452e+00
9.991660942541612522e-01
1.002968096134884801e+00
1.014881035361152151e+00
1.010825566688380306e+00
9.986591606700647716e-01
1.021978105538502879e+00
9.821838191869292078e-01
9.953640923734377033e-01
9.890274225722317514e-01
1.023498906290792432e+00
1.020710771578261733e+00
1.014374101777055781e+00
1.013106767816814413e+00
9.816768856028327273e-01
9.943502252052447421e-01
1.012346367440669859e+00
9.971383599177753299e-01
1.002714629342836616e+00
9.880135554040387902e-01
9.999264946303060286e-01
9.730590146731925572e-01
9.951106255813895185e-01
9.862392878597010526e-01
9.915620904927141543e-01
9.867462214437975332e-01
9.885204889881352708e-01
9.991660942541612522e-01
9.900412897404247126e-01
1.006516631223560276e+00
1.033637577972721822e+00
1.027554374963564054e+00
1.001447295382595470e+00
1.007023564807656646e+00
9.776214169300608825e-01
9.978987602939201063e-01
9.968848931257271451e-01
1.022738505914647655e+00
1.003981963303077762e+00
1.011585967064525082e+00
9.875066218199423096e-01
1.009304765936090975e+00
1.015387968945248742e+00
9.928294244529553003e-01
1.009304765936090975e+00
9.834511531471704648e-01
9.938432916211482615e-01
1.019950371202116957e+00
9.923224908688588197e-01
9.918155572847623391e-01
9.606391418628288381e-01
9.717916807129514112e-01
1.025273173835129947e+00
1.014120634985007374e+00
1.000433428214402509e+00
1.020203837994165141e+00
1.003475029718981393e+00
9.908016901165693779e-01
1.008544365559946199e+00
9.915620904927141543e-01
9.996730278382577328e-01
9.940967584131965573e-01
9.809164852266880619e-01
9.961244927495823687e-01
5.827201549189032770e-01
9.897878229483764168e-01
9.852254206915080914e-01
1.003981963303077762e+00
1.004742363679222539e+00
1.031609843636335899e+00
9.857323542756045720e-01
1.025273173835129947e+00
9.915620904927141543e-01
9.984056938780165869e-01
1.015387968945248742e+00
9.984056938780165869e-01
1.015641435737296927e+00
9.999264946303060286e-01
1.006263164431512092e+00
1.025019707043081763e+00
1.010825566688380306e+00
1.009558232728139160e+00
1.008544365559946199e+00
1.002714629342836616e+00
9.877600886119904944e-01
1.001193828590547286e+00
1.004235430095126169e+00
9.677362120401795664e-01
9.897878229483764168e-01
1.025019707043081763e+00
1.002714629342836616e+00
1.025019707043081763e+00
9.854788874835563872e-01
1.010318633104283936e+00
1.002461162550788432e+00
9.710312803368066348e-01
1.007023564807656646e+00
9.928294244529553003e-01
1.008544365559946199e+00
1.007530498391753238e+00
1.008797832351994384e+00
9.783818173062056589e-01
1.003475029718981393e+00
9.842115535233151302e-01
9.991660942541612522e-01
9.882670221960869750e-01
9.928294244529553003e-01
9.875066218199423096e-01
1.007023564807656646e+00
1.010065166312235529e+00
9.809164852266880619e-01
1.001447295382595470e+00
1.007530498391753238e+00
1.014120634985007374e+00
9.973918267098236257e-01
1.013613701400911005e+00
9.918155572847623391e-01
1.017162236489586258e+00
1.025019707043081763e+00
9.773679501380126977e-01
9.994195610462095480e-01
1.002461162550788432e+00
1.015134502153200335e+00
9.966314263336788493e-01
1.004995830471270724e+00
1.005756230847415500e+00
9.940967584131965573e-01
9.814234188107845425e-01
1.002968096134884801e+00
9.826907527710256884e-01
9.793956844743986201e-01
1.045550517198989171e+00
1.016401836113441703e+00
1.010825566688380306e+00
1.007783965183801422e+00
9.991660942541612522e-01
9.864927546517493484e-01
1.011079033480428491e+00
1.001954228966691840e+00
1.029328642507901792e+00
1.011585967064525082e+00
1.012599834232718043e+00
1.005756230847415500e+00
1.021724638746454694e+00
1.009558232728139160e+00
9.862392878597010526e-01
9.821838191869292078e-01
9.920690240768106349e-01
1.008544365559946199e+00
1.019189970825972180e+00
1.037186113061397297e+00
1.022738505914647655e+00
1.006770098015608461e+00
1.023498906290792432e+00
9.791422176823503243e-01
9.816768856028327273e-01
1.025780107419226539e+00
9.862392878597010526e-01
9.839580867312669454e-01
1.009558232728139160e+00
9.791422176823503243e-01
9.986591606700647716e-01
1.014120634985007374e+00
1.000179961422354324e+00

# time bin value
-1.000000000000000000e+02
-9.900000000000000000e+01
-9.800000000000000000e+01
-9.700000000000000000e+01
-9.600000000000000000e+01
-9.500000000000000000e+01
-9.400000000000000000e+01
-9.300000000000000000e+01
-9.200000000000000000e+01
-9.100000000000000000e+01
-9.000000000000000000e+01
-8.900000000000000000e+01
-8.800000000000000000e+01
-8.700000000000000000e+01
-8.600000000000000000e+01
-8.500000000000000000e+01
-8.400000000000000000e+01
-8.300000000000000000e+01
-8.200000000000000000e+01
-8.100000000000000000e+01
-8.000000000000000000e+01
-7.900000000000000000e+01
-7.800000000000000000e+01
-7.700000000000000000e+01
-7.600000000000000000e+01
-7.500000000000000000e+01
-7.400000000000000000e+01
-7.300000000000000000e+01
-7.200000000000000000e+01
-7.100000000000000000e+01
-7.000000000000000000e+01
-6.900000000000000000e+01
-6.800000000000000000e+01
-6.700000000000000000e+01
-6.600000000000000000e+01
-6.500000000000000000e+01
-6.400000000000000000e+01
-6.300000000000000000e+01
-6.200000000000000000e+01
-6.100000000000000000e+01
-6.000000000000000000e+01
-5.900000000000000000e+01
-5.800000000000000000e+01
-5.700000000000000000e+01
-5.600000000000000000e+01
-5.500000000000000000e+01
-5.400000000000000000e+01
-5.300000000000000000e+01
-5.200000000000000000e+01
-5.100000000000000000e+01
-5.000000000000000000e+01
-4.900000000000000000e+01
-4.800000000000000000e+01
-4.700000000000000000e+01
-4.600000000000000000e+01
-4.500000000000000000e+01
-4.400000000000000000e+01
-4.300000000000000000e+01
-4.200000000000000000e+01
-4.100000000000000000e+01
-4.000000000000000000e+01
-3.900000000000000000e+01
-3.800000000000000000e+01
-3.700000000000000000e+01
-3.600000000000000000e+01
-3.500000000000000000e+01
-3.400000000000000000e+01
-3.300000000000000000e+01
-3.200000000000000000e+01
-3.100000000000000000e+01
-3.000000000000000000e+01
-2.900000000000000000e+01
-2.800000000000000000e+01
-2.700000000000000000e+01
-2.600000000000000000e+01
-2.500000000000000000e+01
-2.400000000000000000e+01
-2.300000000000000000e+01
-2.200000000000000000e+01
-2.100000000000000000e+01
-2.000000000000000000e+01
-1.900000000000000000e+01
-1.800000000000000000e+01
-1.700000000000000000e+01
-1.600000000000000000e+01
-1.500000000000000000e+01
-1.400000000000000000e+01
-1.300000000000000000e+01
-1.200000000000000000e+01
-1.100000000000000000e+01
-1.000000000000000000e+01
-9.000000000000000000e+00
-8.000000000000000000e+00
-7.000000000000000000e+00
-6.000000000000000000e+00
-5.000000000000000000e+00
-4.000000000000000000e+00
-3.000000000000000000e+00
-2.000000000000000000e+00
-1.000000000000000000e+00
0.000000000000000000e+00
1.000000000000000000e+00
2.000000000000000000e+00
3.000000000000000000e+00
4.000000000000000000e+00
5.000000000000000000e+00
6.000000000000000000e+00
7.000000000000000000e+00
8.000000000000000000e+00
9.000000000000000000e+00
1.000000000000000000e+01
1.100000000000000000e+01
1.200000000000000000e+01
1.300000000000000000e+01
1.400000000000000000e+01
1.500000000000000000e+01
1.600000000000000000e+01
1.700000000000000000e+01
1.800000000000000000e+01
1.900000000000000000e+01
2.000000000000000000e+01
2.100000000000000000e+01
2.200000000000000000e+01
2.300000000000000000e+01
2.400000000000000000e+01
2.500000000000000000e+01
2.600000000000000000e+01
2.700000000000000000e+01
2.800000000000000000e+01
2.900000000000000000e+01
3.000000000000000000e+01
3.100000000000000000e+01
3.200000000000000000e+01
3.300000000000000000e+01
3.400000000000000000e+01
3.500000000000000000e+01
3.600000000000000000e+01
3.700000000000000000e+01
3.800000000000000000e+01
3.900000000000000000e+01
4.000000000000000000e+01
4.100000000000000000e+01
4.200000000000000000e+01
4.300000000000000000e+01
4.400000000000000000e+01
4.500000000000000000e+01
4.600000000000000000e+01
4.700000000000000000e+01
4.800000000000000000e+01
4.900000000000000000e+01
5.000000000000000000e+01
5.100000000000000000e+01
5.200000000000000000e+01
5.300000000000000000e+01
5.400000000000000000e+01
5.500000000000000000e+01
5.600000000000000000e+01
5.700000000000000000e+01
5.800000000000000000e+01
5.900000000000000000e+01
6.000000000000000000e+01
6.100000000000000000e+01
6.200000000000000000e+01
6.300000000000000000e+01
6.400000000000000000e+01
6.500000000000000000e+01
6.600000000000000000e+01
6.700000000000000000e+01
6.800000000000000000e+01
6.900000000000000000e+01
7.000000000000000000e+01
7.100000000000000000e+01
7.200000000000000000e+01
7.300000000000000000e+01
7.400000000000000000e+01
7.500000000000000000e+01
7.600000000000000000e+01
7.700000000000000000e+01
7.800000000000000000e+01
7.900000000000000000e+01
8.000000000000000000e+01
8.100000000000000000e+01
8.200000000000000000e+01
8.300000000000000000e+01
8.400000000000000000e+01
8.500000000000000000e+01
8.600000000000000000e+01
8.700000000000000000e+01
8.800000000000000000e+01
8.900000000000000000e+01
9.000000000000000000e+01
9.100000000000000000e+01
9.200000000000000000e+01
9.300000000000000000e+01
9.400000000000000000e+01
9.500000000000000000e+01
9.600000000000000000e+01
9.700000000000000000e+01
9.800000000000000000e+01
9.900000000000000000e+01
