single photon fraction:    0.3511
laser fraction:    0.3053
thermal source fraction:    0.1908
non-detected fraction:    0.1527
number of bins:  200.0000
bin width (ns):    1.0000
average detection events per bin: 5000.0000

# binary result
0.000000000000000000e+00

# g2 signal
1.013032262652039828e+00
9.907521894912322269e-01
1.000707115797125013e+00
1.023461233067737064e+00
1.004499468675560392e+00
1.015639505255964137e+00
1.001655204016733913e+00
9.957296526441785645e-01
9.957296526441785645e-01
9.817453514049483410e-01
9.983368952481028735e-01
9.935964541500587055e-01
9.784270426363174122e-01
9.734495794833709637e-01
9.959666746990808450e-01
1.013506306761844167e+00
1.004025424565755831e+00
1.022513144848128164e+00
1.004262446620658000e+00
9.983368952481028735e-01
1.029149762385390021e+00
9.985739173030051541e-01
9.767678882520018924e-01
1.018720791969692785e+00
1.006869689224582309e+00
1.028201674165781121e+00
1.003788402510853661e+00
9.656278516715981475e-01
1.013980350871648728e+00
9.893300571618189876e-01
1.005210534840266901e+00
9.874338807226012982e-01
1.034601269648140809e+00
1.019905902244203855e+00
9.898041012716233267e-01
9.758198000323931032e-01
1.030097850604998921e+00
1.004736490730462561e+00
1.009950975938311180e+00
1.003314358401049322e+00
9.957296526441785645e-01
1.018957814024594954e+00
1.012795240597137658e+00
9.739236235931754138e-01
9.774789544167085120e-01
1.002840314291244761e+00
9.810342852402416103e-01
1.012795240597137658e+00
9.935964541500587055e-01
9.914632556559388465e-01
9.902781453814277768e-01
1.000233071687320452e+00
9.871968586676991286e-01
9.943075203147653252e-01
1.025120387452052473e+00
9.976258290833962539e-01
1.016824615530475207e+00
1.007343733334386870e+00
9.879079248324057483e-01
1.011373108267724419e+00
1.010662042103017688e+00
9.869598366127968481e-01
1.015876527310866306e+00
1.020379946354008194e+00
1.018720791969692785e+00
9.834045057892637498e-01
9.879079248324057483e-01
1.009476931828506618e+00
1.015639505255964137e+00
1.002129248126538252e+00
9.914632556559388465e-01
9.988109393579073236e-01
1.003077336346147153e+00
1.003077336346147153e+00
9.767678882520018924e-01
1.023698255122639234e+00
9.810342852402416103e-01
1.001418181961831522e+00
9.976258290833962539e-01
9.999960496324183934e-01
1.006395645114777970e+00
1.000470093742222844e+00
9.997590275775161128e-01
9.985739173030051541e-01
1.001655204016733913e+00
9.950185864794719448e-01
9.853006822284814392e-01
9.992849834677117737e-01
1.006869689224582309e+00
9.938334762049608750e-01
9.786640646912195818e-01
9.983368952481028735e-01
9.871968586676991286e-01
9.573320797500207702e-01
1.041474909240304836e+00
9.563839915304119810e-01
9.845896160637748196e-01
1.003077336346147153e+00
9.874338807226012982e-01
9.864857925029925090e-01
8.200963099616419560e-01
1.043371085679522636e+00
1.015165461146159798e+00
1.012321196487333097e+00
9.829304616794592997e-01
9.843525940088725390e-01
9.971517849735918038e-01
1.014217372926550897e+00
1.008765865663800110e+00
9.980998731932007040e-01
1.005210534840266901e+00
1.000707115797125013e+00
9.819823734598505105e-01
1.021565056628519264e+00
9.973888070284940843e-01
1.024172299232443573e+00
1.028912740330487852e+00
9.919372997657432967e-01
1.030571894714803260e+00
1.022039100738323825e+00
9.701312707147400349e-01
9.973888070284940843e-01
9.876709027775034677e-01
9.983368952481028735e-01
9.789010867461217513e-01
1.013032262652039828e+00
9.857747263382858893e-01
1.003077336346147153e+00
9.928853879853520858e-01
9.997590275775161128e-01
1.009476931828506618e+00
9.988109393579073236e-01
1.009002887718702279e+00
9.943075203147653252e-01
9.679980722206201760e-01
1.000707115797125013e+00
1.013269284706941997e+00
1.001181159906929352e+00
9.954926305892763949e-01
9.829304616794592997e-01
1.032705093208923230e+00
9.973888070284940843e-01
9.966777408637874647e-01
1.000470093742222844e+00
1.039815754855989427e+00
9.905151674363300573e-01
9.966777408637874647e-01
9.898041012716233267e-01
1.017298659640279546e+00
1.013506306761844167e+00
1.011136086212822249e+00
1.002129248126538252e+00
1.020853990463812755e+00
9.774789544167085120e-01
9.909892115461343964e-01
9.812713072951438908e-01
9.997590275775161128e-01
1.021091012518714924e+00
9.914632556559388465e-01
1.003788402510853661e+00
1.009950975938311180e+00
9.888560130520145375e-01
1.001418181961831522e+00
1.000944137852027183e+00
9.988109393579073236e-01
1.000944137852027183e+00
9.774789544167085120e-01
9.888560130520145375e-01
9.931224100402542554e-01
9.905151674363300573e-01
9.959666746990808450e-01
9.985739173030051541e-01
1.002840314291244761e+00
1.014454394981453067e+00
9.739236235931754138e-01
9.971517849735918038e-01
9.997590275775161128e-01
1.006395645114777970e+00
1.003788402510853661e+00
9.898041012716233267e-01
9.890930351069167070e-01
1.005447556895169070e+00
9.985739173030051541e-01
1.013269284706941997e+00
1.012321196487333097e+00
9.890930351069167070e-01
1.012795240597137658e+00
9.817453514049483410e-01
1.004262446620658000e+00
9.969147629186896342e-01
1.003788402510853661e+00
9.791381088010240319e-01
1.029623806495194360e+00
9.888560130520145375e-01
1.003551380455951492e+00
9.881449468873079178e-01
1.017061637585377376e+00
1.006395645114777970e+00
1.003788402510853661e+00
9.985739173030051541e-01

# time bin value
-1.000000000000000000e+02
-9.900000000000000000e+01
-9.800000000000000000e+01
-9.700000000000000000e+01
-9.600000000000000000e+01
-9.500000000000000000e+01
-9.400000000000000000e+01
-9.300000000000000000e+01
-9.200000000000000000e+01
-9.100000000000000000e+01
-9.000000000000000000e+01
-8.900000000000000000e+01
-8.800000000000000000e+01
-8.700000000000000000e+01
-8.600000000000000000e+01
-8.500000000000000000e+01
-8.400000000000000000e+01
-8.300000000000000000e+01
-8.200000000000000000e+01
-8.100000000000000000e+01
-8.000000000000000000e+01
-7.900000000000000000e+01
-7.800000000000000000e+01
-7.700000000000000000e+01
-7.600000000000000000e+01
-7.500000000000000000e+01
-7.400000000000000000e+01
-7.300000000000000000e+01
-7.200000000000000000e+01
-7.100000000000000000e+01
-7.000000000000000000e+01
-6.900000000000000000e+01
-6.800000000000000000e+01
-6.700000000000000000e+01
-6.600000000000000000e+01
-6.500000000000000000e+01
-6.400000000000000000e+01
-6.300000000000000000e+01
-6.200000000000000000e+01
-6.100000000000000000e+01
-6.000000000000000000e+01
-5.900000000000000000e+01
-5.800000000000000000e+01
-5.700000000000000000e+01
-5.600000000000000000e+01
-5.500000000000000000e+01
-5.400000000000000000e+01
-5.300000000000000000e+01
-5.200000000000000000e+01
-5.100000000000000000e+01
-5.000000000000000000e+01
-4.900000000000000000e+01
-4.800000000000000000e+01
-4.700000000000000000e+01
-4.600000000000000000e+01
-4.500000000000000000e+01
-4.400000000000000000e+01
-4.300000000000000000e+01
-4.200000000000000000e+01
-4.100000000000000000e+01
-4.000000000000000000e+01
-3.900000000000000000e+01
-3.800000000000000000e+01
-3.700000000000000000e+01
-3.600000000000000000e+01
-3.500000000000000000e+01
-3.400000000000000000e+01
-3.300000000000000000e+01
-3.200000000000000000e+01
-3.100000000000000000e+01
-3.000000000000000000e+01
-2.900000000000000000e+01
-2.800000000000000000e+01
-2.700000000000000000e+01
-2.600000000000000000e+01
-2.500000000000000000e+01
-2.400000000000000000e+01
-2.300000000000000000e+01
-2.200000000000000000e+01
-2.100000000000000000e+01
-2.000000000000000000e+01
-1.900000000000000000e+01
-1.800000000000000000e+01
-1.700000000000000000e+01
-1.600000000000000000e+01
-1.500000000000000000e+01
-1.400000000000000000e+01
-1.300000000000000000e+01
-1.200000000000000000e+01
-1.100000000000000000e+01
-1.000000000000000000e+01
-9.000000000000000000e+00
-8.000000000000000000e+00
-7.000000000000000000e+00
-6.000000000000000000e+00
-5.000000000000000000e+00
-4.000000000000000000e+00
-3.000000000000000000e+00
-2.000000000000000000e+00
-1.000000000000000000e+00
0.000000000000000000e+00
1.000000000000000000e+00
2.000000000000000000e+00
3.000000000000000000e+00
4.000000000000000000e+00
5.000000000000000000e+00
6.000000000000000000e+00
7.000000000000000000e+00
8.000000000000000000e+00
9.000000000000000000e+00
1.000000000000000000e+01
1.100000000000000000e+01
1.200000000000000000e+01
1.300000000000000000e+01
1.400000000000000000e+01
1.500000000000000000e+01
1.600000000000000000e+01
1.700000000000000000e+01
1.800000000000000000e+01
1.900000000000000000e+01
2.000000000000000000e+01
2.100000000000000000e+01
2.200000000000000000e+01
2.300000000000000000e+01
2.400000000000000000e+01
2.500000000000000000e+01
2.600000000000000000e+01
2.700000000000000000e+01
2.800000000000000000e+01
2.900000000000000000e+01
3.000000000000000000e+01
3.100000000000000000e+01
3.200000000000000000e+01
3.300000000000000000e+01
3.400000000000000000e+01
3.500000000000000000e+01
3.600000000000000000e+01
3.700000000000000000e+01
3.800000000000000000e+01
3.900000000000000000e+01
4.000000000000000000e+01
4.100000000000000000e+01
4.200000000000000000e+01
4.300000000000000000e+01
4.400000000000000000e+01
4.500000000000000000e+01
4.600000000000000000e+01
4.700000000000000000e+01
4.800000000000000000e+01
4.900000000000000000e+01
5.000000000000000000e+01
5.100000000000000000e+01
5.200000000000000000e+01
5.300000000000000000e+01
5.400000000000000000e+01
5.500000000000000000e+01
5.600000000000000000e+01
5.700000000000000000e+01
5.800000000000000000e+01
5.900000000000000000e+01
6.000000000000000000e+01
6.100000000000000000e+01
6.200000000000000000e+01
6.300000000000000000e+01
6.400000000000000000e+01
6.500000000000000000e+01
6.600000000000000000e+01
6.700000000000000000e+01
6.800000000000000000e+01
6.900000000000000000e+01
7.000000000000000000e+01
7.100000000000000000e+01
7.200000000000000000e+01
7.300000000000000000e+01
7.400000000000000000e+01
7.500000000000000000e+01
7.600000000000000000e+01
7.700000000000000000e+01
7.800000000000000000e+01
7.900000000000000000e+01
8.000000000000000000e+01
8.100000000000000000e+01
8.200000000000000000e+01
8.300000000000000000e+01
8.400000000000000000e+01
8.500000000000000000e+01
8.600000000000000000e+01
8.700000000000000000e+01
8.800000000000000000e+01
8.900000000000000000e+01
9.000000000000000000e+01
9.100000000000000000e+01
9.200000000000000000e+01
9.300000000000000000e+01
9.400000000000000000e+01
9.500000000000000000e+01
9.600000000000000000e+01
9.700000000000000000e+01
9.800000000000000000e+01
9.900000000000000000e+01
