single photon fraction:    0.4671
laser fraction:    0.0719
thermal source fraction:    0.3713
non-detected fraction:    0.0898
number of bins:  200.0000
bin width (ns):    1.0000
average detection events per bin: 5000.0000

# binary result
0.000000000000000000e+00

# g2 signal
1.004386187592850588e+00
9.882718597479542844e-01
9.697293455154708530e-01
9.781176257634990323e-01
9.968808842130357784e-01
1.021604236523013576e+00
9.915830230037547821e-01
1.009242560368024844e+00
1.028005818817561590e+00
1.001075024337049868e+00
1.002620233856423626e+00
9.907000461355413012e-01
1.002840978073476830e+00
1.005269164461064069e+00
9.962186515618757232e-01
9.962186515618757232e-01
1.023811678693547389e+00
1.014319677360252303e+00
9.898170692673278204e-01
9.794420910658192536e-01
9.959979073448222975e-01
9.823117658875131220e-01
9.993090706006229063e-01
9.834154869727800286e-01
9.796628352828726793e-01
9.697293455154708530e-01
9.924659998719683740e-01
9.977638610812492592e-01
1.028668051468721645e+00
9.909207903525947270e-01
9.867266502285806373e-01
1.022266469174173853e+00
9.999713032517830724e-01
9.968808842130357784e-01
9.948941862595553909e-01
1.003944699158743736e+00
9.997505590347296467e-01
1.010125537236238324e+00
9.964393957789290379e-01
9.975431168641959445e-01
9.993090706006229063e-01
1.027343586166401312e+00
1.004386187592850588e+00
9.940112093913419100e-01
1.005931397112224124e+00
9.909207903525947270e-01
1.026019120864081202e+00
1.011229258321505009e+00
1.011891490972665286e+00
9.997505590347296467e-01
1.006593629763384179e+00
1.009021816150971418e+00
1.020721259654800095e+00
9.767931604611788110e-01
1.008580327716864566e+00
1.004386187592850588e+00
9.948941862595553909e-01
1.025577632429974351e+00
9.847399522751002499e-01
1.010346281453291528e+00
1.007035118197491030e+00
1.006593629763384179e+00
1.009684048802131473e+00
1.018734561701319707e+00
1.017630840616053023e+00
1.015423398445519210e+00
9.988675821665161658e-01
1.027564330383454738e+00
1.015423398445519210e+00
9.785591141976057727e-01
1.021162748088906946e+00
9.915830230037547821e-01
9.823117658875131220e-01
9.955564189107155570e-01
1.020942003871853521e+00
1.010567025670344954e+00
1.005269164461064069e+00
9.876096270967941182e-01
1.009463304585078047e+00
1.038160052802016731e+00
9.948941862595553909e-01
1.022045724957120427e+00
1.002620233856423626e+00
9.690671128643106869e-01
1.012774467840878767e+00
9.876096270967941182e-01
1.011229258321505009e+00
9.988675821665161658e-01
9.776761373293922919e-01
9.858436733603671565e-01
1.028888795685775071e+00
9.955564189107155570e-01
1.007918095065704511e+00
1.003723954941690311e+00
9.935697209572351696e-01
1.005931397112224124e+00
1.002620233856423626e+00
9.977638610812492592e-01
1.001737256988209923e+00
9.946734420425020762e-01
9.050512899188323246e-01
9.849606964921536756e-01
9.710538108177910743e-01
1.006593629763384179e+00
1.031096237856308662e+00
9.884926039650075991e-01
1.002399489639370200e+00
1.004827676026957217e+00
1.010346281453291528e+00
9.924659998719683740e-01
9.922452556549149483e-01
1.013436700492038822e+00
1.002620233856423626e+00
1.027343586166401312e+00
9.948941862595553909e-01
1.007035118197491030e+00
1.001958001205263349e+00
1.027564330383454738e+00
1.000633535902943239e+00
9.995298148176763320e-01
9.611203210503892480e-01
9.988675821665161658e-01
9.887133481820610248e-01
1.006152141329277550e+00
9.959979073448222975e-01
1.002178745422316775e+00
9.801043237169794198e-01
1.000192047468836387e+00
1.010567025670344954e+00
9.743649740735916831e-01
9.666389264767235590e-01
1.024253167127654240e+00
1.004606931809903791e+00
9.946734420425020762e-01
1.002840978073476830e+00
1.005269164461064069e+00
9.982053495153559997e-01
1.001516512771156719e+00
1.012995212057932193e+00
9.984260937324094254e-01
1.003061722290530255e+00
9.745857182906451088e-01
9.999713032517830724e-01
1.017630840616053023e+00
1.000412791685889813e+00
9.798835794999259940e-01
9.756894393759119044e-01
1.015202654228465784e+00
1.003282466507583681e+00
9.741442298565382574e-01
9.913622787867014674e-01
1.002840978073476830e+00
9.942319536083953357e-01
9.975431168641959445e-01
9.809873005851929006e-01
1.028447307251668219e+00
9.834154869727800286e-01
9.984260937324094254e-01
9.933489767401818549e-01
9.854021849262604160e-01
1.020942003871853521e+00
9.900378134843812461e-01
1.017410096398999597e+00
9.818702774534063815e-01
9.920245114378616336e-01
1.014540421577305729e+00
9.995298148176763320e-01
9.948941862595553909e-01
1.002840978073476830e+00
1.003061722290530255e+00
1.001516512771156719e+00
9.918037672208082078e-01
9.935697209572351696e-01
1.007918095065704511e+00
1.004386187592850588e+00
9.977638610812492592e-01
1.013878188926145674e+00
9.820910216704598072e-01
1.001295768554103294e+00
1.005710652895170698e+00
9.876096270967941182e-01
9.929074883060751144e-01
9.953356746936622423e-01
1.001075024337049868e+00
1.022487213391227057e+00
9.902585577014345608e-01
1.003944699158743736e+00
9.854021849262604160e-01
9.893755808332210799e-01
1.007476606631597660e+00
1.019176050135426559e+00
1.013215956274985396e+00
1.016527119530786116e+00
9.948941862595553909e-01
9.993090706006229063e-01
1.016306375313732691e+00
1.014540421577305729e+00
9.860644175774204712e-01
1.001958001205263349e+00
9.889340923991143395e-01

# time bin value
-1.000000000000000000e+02
-9.900000000000000000e+01
-9.800000000000000000e+01
-9.700000000000000000e+01
-9.600000000000000000e+01
-9.500000000000000000e+01
-9.400000000000000000e+01
-9.300000000000000000e+01
-9.200000000000000000e+01
-9.100000000000000000e+01
-9.000000000000000000e+01
-8.900000000000000000e+01
-8.800000000000000000e+01
-8.700000000000000000e+01
-8.600000000000000000e+01
-8.500000000000000000e+01
-8.400000000000000000e+01
-8.300000000000000000e+01
-8.200000000000000000e+01
-8.100000000000000000e+01
-8.000000000000000000e+01
-7.900000000000000000e+01
-7.800000000000000000e+01
-7.700000000000000000e+01
-7.600000000000000000e+01
-7.500000000000000000e+01
-7.400000000000000000e+01
-7.300000000000000000e+01
-7.200000000000000000e+01
-7.100000000000000000e+01
-7.000000000000000000e+01
-6.900000000000000000e+01
-6.800000000000000000e+01
-6.700000000000000000e+01
-6.600000000000000000e+01
-6.500000000000000000e+01
-6.400000000000000000e+01
-6.300000000000000000e+01
-6.200000000000000000e+01
-6.100000000000000000e+01
-6.000000000000000000e+01
-5.900000000000000000e+01
-5.800000000000000000e+01
-5.700000000000000000e+01
-5.600000000000000000e+01
-5.500000000000000000e+01
-5.400000000000000000e+01
-5.300000000000000000e+01
-5.200000000000000000e+01
-5.100000000000000000e+01
-5.000000000000000000e+01
-4.900000000000000000e+01
-4.800000000000000000e+01
-4.700000000000000000e+01
-4.600000000000000000e+01
-4.500000000000000000e+01
-4.400000000000000000e+01
-4.300000000000000000e+01
-4.200000000000000000e+01
-4.100000000000000000e+01
-4.000000000000000000e+01
-3.900000000000000000e+01
-3.800000000000000000e+01
-3.700000000000000000e+01
-3.600000000000000000e+01
-3.500000000000000000e+01
-3.400000000000000000e+01
-3.300000000000000000e+01
-3.200000000000000000e+01
-3.100000000000000000e+01
-3.000000000000000000e+01
-2.900000000000000000e+01
-2.800000000000000000e+01
-2.700000000000000000e+01
-2.600000000000000000e+01
-2.500000000000000000e+01
-2.400000000000000000e+01
-2.300000000000000000e+01
-2.200000000000000000e+01
-2.100000000000000000e+01
-2.000000000000000000e+01
-1.900000000000000000e+01
-1.800000000000000000e+01
-1.700000000000000000e+01
-1.600000000000000000e+01
-1.500000000000000000e+01
-1.400000000000000000e+01
-1.300000000000000000e+01
-1.200000000000000000e+01
-1.100000000000000000e+01
-1.000000000000000000e+01
-9.000000000000000000e+00
-8.000000000000000000e+00
-7.000000000000000000e+00
-6.000000000000000000e+00
-5.000000000000000000e+00
-4.000000000000000000e+00
-3.000000000000000000e+00
-2.000000000000000000e+00
-1.000000000000000000e+00
0.000000000000000000e+00
1.000000000000000000e+00
2.000000000000000000e+00
3.000000000000000000e+00
4.000000000000000000e+00
5.000000000000000000e+00
6.000000000000000000e+00
7.000000000000000000e+00
8.000000000000000000e+00
9.000000000000000000e+00
1.000000000000000000e+01
1.100000000000000000e+01
1.200000000000000000e+01
1.300000000000000000e+01
1.400000000000000000e+01
1.500000000000000000e+01
1.600000000000000000e+01
1.700000000000000000e+01
1.800000000000000000e+01
1.900000000000000000e+01
2.000000000000000000e+01
2.100000000000000000e+01
2.200000000000000000e+01
2.300000000000000000e+01
2.400000000000000000e+01
2.500000000000000000e+01
2.600000000000000000e+01
2.700000000000000000e+01
2.800000000000000000e+01
2.900000000000000000e+01
3.000000000000000000e+01
3.100000000000000000e+01
3.200000000000000000e+01
3.300000000000000000e+01
3.400000000000000000e+01
3.500000000000000000e+01
3.600000000000000000e+01
3.700000000000000000e+01
3.800000000000000000e+01
3.900000000000000000e+01
4.000000000000000000e+01
4.100000000000000000e+01
4.200000000000000000e+01
4.300000000000000000e+01
4.400000000000000000e+01
4.500000000000000000e+01
4.600000000000000000e+01
4.700000000000000000e+01
4.800000000000000000e+01
4.900000000000000000e+01
5.000000000000000000e+01
5.100000000000000000e+01
5.200000000000000000e+01
5.300000000000000000e+01
5.400000000000000000e+01
5.500000000000000000e+01
5.600000000000000000e+01
5.700000000000000000e+01
5.800000000000000000e+01
5.900000000000000000e+01
6.000000000000000000e+01
6.100000000000000000e+01
6.200000000000000000e+01
6.300000000000000000e+01
6.400000000000000000e+01
6.500000000000000000e+01
6.600000000000000000e+01
6.700000000000000000e+01
6.800000000000000000e+01
6.900000000000000000e+01
7.000000000000000000e+01
7.100000000000000000e+01
7.200000000000000000e+01
7.300000000000000000e+01
7.400000000000000000e+01
7.500000000000000000e+01
7.600000000000000000e+01
7.700000000000000000e+01
7.800000000000000000e+01
7.900000000000000000e+01
8.000000000000000000e+01
8.100000000000000000e+01
8.200000000000000000e+01
8.300000000000000000e+01
8.400000000000000000e+01
8.500000000000000000e+01
8.600000000000000000e+01
8.700000000000000000e+01
8.800000000000000000e+01
8.900000000000000000e+01
9.000000000000000000e+01
9.100000000000000000e+01
9.200000000000000000e+01
9.300000000000000000e+01
9.400000000000000000e+01
9.500000000000000000e+01
9.600000000000000000e+01
9.700000000000000000e+01
9.800000000000000000e+01
9.900000000000000000e+01
