single photon fraction:    0.1069
laser fraction:    0.1950
thermal source fraction:    0.5912
non-detected fraction:    0.1069
number of bins:  200.0000
bin width (ns):    1.0000
average detection events per bin: 5000.0000

# binary result
0.000000000000000000e+00

# g2 signal
9.748188704007287875e-01
9.851916828084164024e-01
1.012702185280979217e+00
1.023976981376291784e+00
1.011123713827635440e+00
1.016535615953385374e+00
1.008192266842854234e+00
9.732403989473850103e-01
1.020143550703885404e+00
1.006162803545697759e+00
9.836132113550726253e-01
1.008417762764760361e+00
9.987214381227915716e-01
9.906035849341664479e-01
1.010898217905729091e+00
9.964664789037289694e-01
9.917310645436977490e-01
9.892506094027289087e-01
9.989469340446978096e-01
9.754953581664475015e-01
9.800052766045725949e-01
1.013378673046698042e+00
1.002554868795197729e+00
1.005711811701885283e+00
1.007064787233322933e+00
1.005260819858072807e+00
9.757208540883538506e-01
1.019241567016260452e+00
9.903780890122602099e-01
9.951135033722915413e-01
9.910545767779789239e-01
9.969174707475415564e-01
9.944370156065727162e-01
1.009319746452385314e+00
9.797797806826663569e-01
9.894761053246351468e-01
1.000976397341853952e+00
9.912800726998851619e-01
1.010447226061916615e+00
9.869956501836664176e-01
9.987214381227915716e-01
9.721129193378537092e-01
1.007290283155229060e+00
9.982704462789789845e-01
9.876721379493851316e-01
9.978194544351665085e-01
9.831622195112601492e-01
9.813582521360101341e-01
9.892506094027289087e-01
1.001652885107572777e+00
9.885741216370101947e-01
1.007290283155229060e+00
1.003231356560916554e+00
1.003005860639010427e+00
1.009545242374291663e+00
1.000074413654229000e+00
9.809072602921975470e-01
9.998489177323227617e-01
9.928585441532289391e-01
1.014055160812416645e+00
9.901525930903539718e-01
1.033447810096354447e+00
1.010221730140010488e+00
9.849661868865101644e-01
9.845151950426976883e-01
9.784268051512288178e-01
1.012702185280979217e+00
1.013604168968604169e+00
1.017212103719104199e+00
1.020369046625791754e+00
9.890251134808226707e-01
9.998489177323227617e-01
9.912800726998851619e-01
9.975939585132602705e-01
1.005937307623791632e+00
1.018114087406729151e+00
1.018114087406729151e+00
9.906035849341664479e-01
9.883486257151039567e-01
1.031192850877291844e+00
9.757208540883538506e-01
9.671520090559162508e-01
1.003005860639010427e+00
9.779758133074163418e-01
9.779758133074163418e-01
9.987214381227915716e-01
1.016084624109572898e+00
1.001652885107572777e+00
1.021045534391510579e+00
9.982704462789789845e-01
9.897016012465413848e-01
1.015633632265760422e+00
1.006613795389510457e+00
9.993979258885102857e-01
1.016084624109572898e+00
1.009545242374291663e+00
1.005937307623791632e+00
1.005260819858072807e+00
1.021045534391510579e+00
9.948880074503851922e-01
1.523901440242453109e+00
9.975939585132602705e-01
9.991724299666040476e-01
1.019467062938166801e+00
1.010447226061916615e+00
9.942115196846664782e-01
1.012025697515260392e+00
9.975939585132602705e-01
9.637695702273224585e-01
1.006613795389510457e+00
9.919565604656039870e-01
1.004358836170447855e+00
1.000976397341853952e+00
9.766228377759788026e-01
9.856426746522288784e-01
9.869956501836664176e-01
9.847406909646039264e-01
1.012025697515260392e+00
1.026006444673448037e+00
1.000750901419947825e+00
1.010447226061916615e+00
9.700834560406974560e-01
1.009094250530479187e+00
9.966919748256352074e-01
1.002329372873291602e+00
1.000299909576135349e+00
1.017663095562916675e+00
1.010672721983822964e+00
1.008868754608572837e+00
1.006613795389510457e+00
9.948880074503851922e-01
9.919565604656039870e-01
9.980449503570727465e-01
9.948880074503851922e-01
9.827112276674476732e-01
1.006613795389510457e+00
9.912800726998851619e-01
1.002329372873291602e+00
9.822602358236350861e-01
1.015633632265760422e+00
9.833877154331663872e-01
1.028261403892510639e+00
9.885741216370101947e-01
9.673775049778224888e-01
1.019918054781979277e+00
1.030065371267760543e+00
9.897016012465413848e-01
1.007290283155229060e+00
9.919565604656039870e-01
9.957899911380102553e-01
9.899270971684477338e-01
1.009094250530479187e+00
1.015633632265760422e+00
1.008643258686666710e+00
9.989469340446978096e-01
9.935350319189477641e-01
1.007515779077135409e+00
9.854171787303226404e-01
1.000299909576135349e+00
9.754953581664475015e-01
9.942115196846664782e-01
1.020143550703885404e+00
1.001201893263760301e+00
9.854171787303226404e-01
1.003231356560916554e+00
1.028937891658229242e+00
1.002103876951385253e+00
9.673775049778224888e-01
9.991724299666040476e-01
1.018114087406729151e+00
1.013153177124791693e+00
9.741423826350100734e-01
1.005486315779979156e+00
9.698579601187912180e-01
1.025780948751541910e+00
1.022398509922948007e+00
1.003456852482822903e+00
1.000525405498041476e+00
9.953389992941977793e-01
1.023976981376291784e+00
9.768483336978850406e-01
9.836132113550726253e-01
1.000750901419947825e+00
9.971429666694477945e-01
1.001427389185666650e+00
9.953389992941977793e-01
1.007064787233322933e+00
9.858681705741351164e-01
9.894761053246351468e-01
9.831622195112601492e-01
1.003907844326635379e+00
1.013153177124791693e+00
9.869956501836664176e-01
9.847406909646039264e-01
1.017888591484823024e+00
9.926330482313227010e-01
9.806817643702913090e-01
1.009319746452385314e+00
9.878976338712913696e-01
9.802307725264788330e-01

# time bin value
-1.000000000000000000e+02
-9.900000000000000000e+01
-9.800000000000000000e+01
-9.700000000000000000e+01
-9.600000000000000000e+01
-9.500000000000000000e+01
-9.400000000000000000e+01
-9.300000000000000000e+01
-9.200000000000000000e+01
-9.100000000000000000e+01
-9.000000000000000000e+01
-8.900000000000000000e+01
-8.800000000000000000e+01
-8.700000000000000000e+01
-8.600000000000000000e+01
-8.500000000000000000e+01
-8.400000000000000000e+01
-8.300000000000000000e+01
-8.200000000000000000e+01
-8.100000000000000000e+01
-8.000000000000000000e+01
-7.900000000000000000e+01
-7.800000000000000000e+01
-7.700000000000000000e+01
-7.600000000000000000e+01
-7.500000000000000000e+01
-7.400000000000000000e+01
-7.300000000000000000e+01
-7.200000000000000000e+01
-7.100000000000000000e+01
-7.000000000000000000e+01
-6.900000000000000000e+01
-6.800000000000000000e+01
-6.700000000000000000e+01
-6.600000000000000000e+01
-6.500000000000000000e+01
-6.400000000000000000e+01
-6.300000000000000000e+01
-6.200000000000000000e+01
-6.100000000000000000e+01
-6.000000000000000000e+01
-5.900000000000000000e+01
-5.800000000000000000e+01
-5.700000000000000000e+01
-5.600000000000000000e+01
-5.500000000000000000e+01
-5.400000000000000000e+01
-5.300000000000000000e+01
-5.200000000000000000e+01
-5.100000000000000000e+01
-5.000000000000000000e+01
-4.900000000000000000e+01
-4.800000000000000000e+01
-4.700000000000000000e+01
-4.600000000000000000e+01
-4.500000000000000000e+01
-4.400000000000000000e+01
-4.300000000000000000e+01
-4.200000000000000000e+01
-4.100000000000000000e+01
-4.000000000000000000e+01
-3.900000000000000000e+01
-3.800000000000000000e+01
-3.700000000000000000e+01
-3.600000000000000000e+01
-3.500000000000000000e+01
-3.400000000000000000e+01
-3.300000000000000000e+01
-3.200000000000000000e+01
-3.100000000000000000e+01
-3.000000000000000000e+01
-2.900000000000000000e+01
-2.800000000000000000e+01
-2.700000000000000000e+01
-2.600000000000000000e+01
-2.500000000000000000e+01
-2.400000000000000000e+01
-2.300000000000000000e+01
-2.200000000000000000e+01
-2.100000000000000000e+01
-2.000000000000000000e+01
-1.900000000000000000e+01
-1.800000000000000000e+01
-1.700000000000000000e+01
-1.600000000000000000e+01
-1.500000000000000000e+01
-1.400000000000000000e+01
-1.300000000000000000e+01
-1.200000000000000000e+01
-1.100000000000000000e+01
-1.000000000000000000e+01
-9.000000000000000000e+00
-8.000000000000000000e+00
-7.000000000000000000e+00
-6.000000000000000000e+00
-5.000000000000000000e+00
-4.000000000000000000e+00
-3.000000000000000000e+00
-2.000000000000000000e+00
-1.000000000000000000e+00
0.000000000000000000e+00
1.000000000000000000e+00
2.000000000000000000e+00
3.000000000000000000e+00
4.000000000000000000e+00
5.000000000000000000e+00
6.000000000000000000e+00
7.000000000000000000e+00
8.000000000000000000e+00
9.000000000000000000e+00
1.000000000000000000e+01
1.100000000000000000e+01
1.200000000000000000e+01
1.300000000000000000e+01
1.400000000000000000e+01
1.500000000000000000e+01
1.600000000000000000e+01
1.700000000000000000e+01
1.800000000000000000e+01
1.900000000000000000e+01
2.000000000000000000e+01
2.100000000000000000e+01
2.200000000000000000e+01
2.300000000000000000e+01
2.400000000000000000e+01
2.500000000000000000e+01
2.600000000000000000e+01
2.700000000000000000e+01
2.800000000000000000e+01
2.900000000000000000e+01
3.000000000000000000e+01
3.100000000000000000e+01
3.200000000000000000e+01
3.300000000000000000e+01
3.400000000000000000e+01
3.500000000000000000e+01
3.600000000000000000e+01
3.700000000000000000e+01
3.800000000000000000e+01
3.900000000000000000e+01
4.000000000000000000e+01
4.100000000000000000e+01
4.200000000000000000e+01
4.300000000000000000e+01
4.400000000000000000e+01
4.500000000000000000e+01
4.600000000000000000e+01
4.700000000000000000e+01
4.800000000000000000e+01
4.900000000000000000e+01
5.000000000000000000e+01
5.100000000000000000e+01
5.200000000000000000e+01
5.300000000000000000e+01
5.400000000000000000e+01
5.500000000000000000e+01
5.600000000000000000e+01
5.700000000000000000e+01
5.800000000000000000e+01
5.900000000000000000e+01
6.000000000000000000e+01
6.100000000000000000e+01
6.200000000000000000e+01
6.300000000000000000e+01
6.400000000000000000e+01
6.500000000000000000e+01
6.600000000000000000e+01
6.700000000000000000e+01
6.800000000000000000e+01
6.900000000000000000e+01
7.000000000000000000e+01
7.100000000000000000e+01
7.200000000000000000e+01
7.300000000000000000e+01
7.400000000000000000e+01
7.500000000000000000e+01
7.600000000000000000e+01
7.700000000000000000e+01
7.800000000000000000e+01
7.900000000000000000e+01
8.000000000000000000e+01
8.100000000000000000e+01
8.200000000000000000e+01
8.300000000000000000e+01
8.400000000000000000e+01
8.500000000000000000e+01
8.600000000000000000e+01
8.700000000000000000e+01
8.800000000000000000e+01
8.900000000000000000e+01
9.000000000000000000e+01
9.100000000000000000e+01
9.200000000000000000e+01
9.300000000000000000e+01
9.400000000000000000e+01
9.500000000000000000e+01
9.600000000000000000e+01
9.700000000000000000e+01
9.800000000000000000e+01
9.900000000000000000e+01
