single photon fraction:    0.2841
laser fraction:    0.0985
thermal source fraction:    0.3144
non-detected fraction:    0.3030
number of bins:  200.0000
bin width (ns):    1.0000
average detection events per bin: 5000.0000

# binary result
0.000000000000000000e+00

# g2 signal
9.882293215081698889e-01
9.726530274738905968e-01
1.012747562117683797e+00
9.963059184148332914e-01
1.007843913995781104e+00
9.902484707348357951e-01
1.002940265873878189e+00
1.028323856151963200e+00
1.024285557698631388e+00
1.023131758140536807e+00
9.980366177519754967e-01
9.836141232757908970e-01
9.876524217291225982e-01
9.717876778053194942e-01
1.021112608913870901e+00
9.954405687462622998e-01
1.010151513111970489e+00
1.006690114437686301e+00
9.908253705138831968e-01
1.002074916205307087e+00
9.971712680834043940e-01
9.833256733862671961e-01
9.818834239386486917e-01
1.003805615542449292e+00
9.954405687462622998e-01
9.810180742700775891e-01
1.015343611123397105e+00
1.017074310460539088e+00
1.019670359466252396e+00
1.007267014216733703e+00
1.003805615542449292e+00
1.004670965211020395e+00
9.735183771424615884e-01
9.916907201824542994e-01
9.700569784681772889e-01
1.020535709134823499e+00
9.957290186357858897e-01
1.002363366094830788e+00
1.005247864990067796e+00
9.989019674205465993e-01
1.003805615542449292e+00
9.859217223919803930e-01
1.008709263664352207e+00
1.010439963001494190e+00
9.980366177519754967e-01
9.888062212872172907e-01
1.006978564327210002e+00
1.009574613332923088e+00
9.781335753748406914e-01
9.960174685253095905e-01
1.019093459687204994e+00
9.945752190776911972e-01
1.030631455268152807e+00
9.922676199615015902e-01
9.723645775843668959e-01
1.008132363885304805e+00
9.957290186357858897e-01
1.002651815984354489e+00
1.002651815984354489e+00
9.769797758167458879e-01
1.039573401843387090e+00
9.564998336605637919e-01
9.908253705138831968e-01
1.039861851732910791e+00
1.013901361675778601e+00
1.003517165652925591e+00
1.009863063222446788e+00
1.030343005378629107e+00
9.916907201824542994e-01
1.009574613332923088e+00
1.035535103390055500e+00
1.030343005378629107e+00
1.009574613332923088e+00
9.986135175310228984e-01
9.654417802357982969e-01
1.004094065431972993e+00
9.645764305672271943e-01
1.001498016426259685e+00
1.013036012007207498e+00
9.893831210662646924e-01
1.001786466315783386e+00
1.013612911786254900e+00
1.026304706925297294e+00
1.004094065431972993e+00
1.023708657919584208e+00
9.963059184148332914e-01
9.890946711767409916e-01
9.833256733862671961e-01
9.671724795729403912e-01
1.026016257035773593e+00
1.031208355047200209e+00
9.960174685253095905e-01
1.017939660129110191e+00
1.007267014216733703e+00
9.893831210662646924e-01
9.919791700719778893e-01
9.723645775843668959e-01
1.002651815984354489e+00
1.031785254826247389e+00
1.018228110018633892e+00
1.041304101180529296e+00
1.019670359466252396e+00
1.009574613332923088e+00
9.925560698510252911e-01
1.014478261454826002e+00
9.905369206243594959e-01
1.023420208030060508e+00
9.694800786891298872e-01
9.882293215081698889e-01
9.882293215081698889e-01
1.002363366094830788e+00
9.862101722815040938e-01
9.888062212872172907e-01
1.016497410681491687e+00
9.899600208453120942e-01
1.012747562117683797e+00
9.821718738281723926e-01
9.991904173100703002e-01
9.980366177519754967e-01
9.919791700719778893e-01
1.010151513111970489e+00
9.922676199615015902e-01
1.014189811565302302e+00
1.003805615542449292e+00
1.010439963001494190e+00
9.951521188567385989e-01
1.006401664548162600e+00
9.576536332186585954e-01
9.986135175310228984e-01
1.017939660129110191e+00
9.815949740491249909e-01
1.017939660129110191e+00
1.019958809355776097e+00
9.911138204034068977e-01
1.023997107809107687e+00
1.001498016426259685e+00
9.801527246015065975e-01
1.014478261454826002e+00
9.567882835500874927e-01
1.012747562117683797e+00
9.986135175310228984e-01
1.010439963001494190e+00
9.787104751538880931e-01
9.862101722815040938e-01
9.732299272529378875e-01
9.787104751538880931e-01
1.012170662338636395e+00
9.991904173100703002e-01
1.000344216868165104e+00
9.766913259272222980e-01
1.027458506483392098e+00
1.015920510902444507e+00
9.928445197405489919e-01
1.008709263664352207e+00
9.769797758167458879e-01
1.010151513111970489e+00
9.974597179729280949e-01
1.015055161233873404e+00
1.016785860571015387e+00
9.781335753748406914e-01
1.008709263664352207e+00
9.939983192986437954e-01
9.965943683043569923e-01
9.827487736072197944e-01
9.879408716186462991e-01
9.801527246015065975e-01
1.015920510902444507e+00
9.954405687462622998e-01
1.001209566536736206e+00
9.720761276948431950e-01
9.755375263691274945e-01
1.006978564327210002e+00
1.004959415100544096e+00
9.839025731653145979e-01
9.986135175310228984e-01
1.013324461896731199e+00
9.778451254853169905e-01
1.019958809355776097e+00
1.001786466315783386e+00
1.002363366094830788e+00
1.024285557698631388e+00
1.013901361675778601e+00
1.008709263664352207e+00
9.674609294624640921e-01
9.608265820034191940e-01
9.948636689672148981e-01
1.002651815984354489e+00
1.000921116647212505e+00
1.002074916205307087e+00
1.025439357256726192e+00
1.037554252616721406e+00
9.824603237176960935e-01
1.009863063222446788e+00
9.899600208453120942e-01
9.945752190776911972e-01
9.925560698510252911e-01
1.005536314879591497e+00
1.016497410681491687e+00
1.003805615542449292e+00
9.896715709557883933e-01

# time bin value
-1.000000000000000000e+02
-9.900000000000000000e+01
-9.800000000000000000e+01
-9.700000000000000000e+01
-9.600000000000000000e+01
-9.500000000000000000e+01
-9.400000000000000000e+01
-9.300000000000000000e+01
-9.200000000000000000e+01
-9.100000000000000000e+01
-9.000000000000000000e+01
-8.900000000000000000e+01
-8.800000000000000000e+01
-8.700000000000000000e+01
-8.600000000000000000e+01
-8.500000000000000000e+01
-8.400000000000000000e+01
-8.300000000000000000e+01
-8.200000000000000000e+01
-8.100000000000000000e+01
-8.000000000000000000e+01
-7.900000000000000000e+01
-7.800000000000000000e+01
-7.700000000000000000e+01
-7.600000000000000000e+01
-7.500000000000000000e+01
-7.400000000000000000e+01
-7.300000000000000000e+01
-7.200000000000000000e+01
-7.100000000000000000e+01
-7.000000000000000000e+01
-6.900000000000000000e+01
-6.800000000000000000e+01
-6.700000000000000000e+01
-6.600000000000000000e+01
-6.500000000000000000e+01
-6.400000000000000000e+01
-6.300000000000000000e+01
-6.200000000000000000e+01
-6.100000000000000000e+01
-6.000000000000000000e+01
-5.900000000000000000e+01
-5.800000000000000000e+01
-5.700000000000000000e+01
-5.600000000000000000e+01
-5.500000000000000000e+01
-5.400000000000000000e+01
-5.300000000000000000e+01
-5.200000000000000000e+01
-5.100000000000000000e+01
-5.000000000000000000e+01
-4.900000000000000000e+01
-4.800000000000000000e+01
-4.700000000000000000e+01
-4.600000000000000000e+01
-4.500000000000000000e+01
-4.400000000000000000e+01
-4.300000000000000000e+01
-4.200000000000000000e+01
-4.100000000000000000e+01
-4.000000000000000000e+01
-3.900000000000000000e+01
-3.800000000000000000e+01
-3.700000000000000000e+01
-3.600000000000000000e+01
-3.500000000000000000e+01
-3.400000000000000000e+01
-3.300000000000000000e+01
-3.200000000000000000e+01
-3.100000000000000000e+01
-3.000000000000000000e+01
-2.900000000000000000e+01
-2.800000000000000000e+01
-2.700000000000000000e+01
-2.600000000000000000e+01
-2.500000000000000000e+01
-2.400000000000000000e+01
-2.300000000000000000e+01
-2.200000000000000000e+01
-2.100000000000000000e+01
-2.000000000000000000e+01
-1.900000000000000000e+01
-1.800000000000000000e+01
-1.700000000000000000e+01
-1.600000000000000000e+01
-1.500000000000000000e+01
-1.400000000000000000e+01
-1.300000000000000000e+01
-1.200000000000000000e+01
-1.100000000000000000e+01
-1.000000000000000000e+01
-9.000000000000000000e+00
-8.000000000000000000e+00
-7.000000000000000000e+00
-6.000000000000000000e+00
-5.000000000000000000e+00
-4.000000000000000000e+00
-3.000000000000000000e+00
-2.000000000000000000e+00
-1.000000000000000000e+00
0.000000000000000000e+00
1.000000000000000000e+00
2.000000000000000000e+00
3.000000000000000000e+00
4.000000000000000000e+00
5.000000000000000000e+00
6.000000000000000000e+00
7.000000000000000000e+00
8.000000000000000000e+00
9.000000000000000000e+00
1.000000000000000000e+01
1.100000000000000000e+01
1.200000000000000000e+01
1.300000000000000000e+01
1.400000000000000000e+01
1.500000000000000000e+01
1.600000000000000000e+01
1.700000000000000000e+01
1.800000000000000000e+01
1.900000000000000000e+01
2.000000000000000000e+01
2.100000000000000000e+01
2.200000000000000000e+01
2.300000000000000000e+01
2.400000000000000000e+01
2.500000000000000000e+01
2.600000000000000000e+01
2.700000000000000000e+01
2.800000000000000000e+01
2.900000000000000000e+01
3.000000000000000000e+01
3.100000000000000000e+01
3.200000000000000000e+01
3.300000000000000000e+01
3.400000000000000000e+01
3.500000000000000000e+01
3.600000000000000000e+01
3.700000000000000000e+01
3.800000000000000000e+01
3.900000000000000000e+01
4.000000000000000000e+01
4.100000000000000000e+01
4.200000000000000000e+01
4.300000000000000000e+01
4.400000000000000000e+01
4.500000000000000000e+01
4.600000000000000000e+01
4.700000000000000000e+01
4.800000000000000000e+01
4.900000000000000000e+01
5.000000000000000000e+01
5.100000000000000000e+01
5.200000000000000000e+01
5.300000000000000000e+01
5.400000000000000000e+01
5.500000000000000000e+01
5.600000000000000000e+01
5.700000000000000000e+01
5.800000000000000000e+01
5.900000000000000000e+01
6.000000000000000000e+01
6.100000000000000000e+01
6.200000000000000000e+01
6.300000000000000000e+01
6.400000000000000000e+01
6.500000000000000000e+01
6.600000000000000000e+01
6.700000000000000000e+01
6.800000000000000000e+01
6.900000000000000000e+01
7.000000000000000000e+01
7.100000000000000000e+01
7.200000000000000000e+01
7.300000000000000000e+01
7.400000000000000000e+01
7.500000000000000000e+01
7.600000000000000000e+01
7.700000000000000000e+01
7.800000000000000000e+01
7.900000000000000000e+01
8.000000000000000000e+01
8.100000000000000000e+01
8.200000000000000000e+01
8.300000000000000000e+01
8.400000000000000000e+01
8.500000000000000000e+01
8.600000000000000000e+01
8.700000000000000000e+01
8.800000000000000000e+01
8.900000000000000000e+01
9.000000000000000000e+01
9.100000000000000000e+01
9.200000000000000000e+01
9.300000000000000000e+01
9.400000000000000000e+01
9.500000000000000000e+01
9.600000000000000000e+01
9.700000000000000000e+01
9.800000000000000000e+01
9.900000000000000000e+01
