single photon fraction:    0.3780
laser fraction:    0.0407
thermal source fraction:    0.3293
non-detected fraction:    0.2520
number of bins:  200.0000
bin width (ns):    1.0000
average detection events per bin: 5000.0000

# binary result
0.000000000000000000e+00

# g2 signal
9.845605050739765218e-01
9.853679631153166030e-01
9.996330551789909258e-01
9.821381309499563894e-01
1.003401192705244416e+00
9.850988104348699093e-01
9.719103290929822503e-01
9.958649176527373248e-01
9.824072836304030831e-01
9.737943978561091063e-01
9.896744060024635914e-01
9.694879549689621179e-01
1.024664254460532664e+00
9.888669479611235102e-01
9.832147416717430533e-01
1.033546292915273224e+00
1.035699514358846773e+00
9.751401612583424638e-01
1.010130009716411648e+00
9.767550773410226261e-01
9.568377789879678463e-01
1.000709665900777701e+00
1.009860857035965065e+00
1.000440513220330896e+00
9.904818640438035615e-01
9.813306729086163083e-01
9.926350854873771112e-01
1.031123918791253091e+00
1.027086628584552797e+00
9.832147416717430533e-01
1.013628994562218555e+00
1.004746956107477995e+00
9.958649176527373248e-01
9.964032230136307122e-01
1.016858826727578879e+00
9.724486344538756377e-01
1.003670345385691220e+00
9.894052533220168977e-01
9.964032230136307122e-01
1.020896116934279174e+00
9.999022078594376195e-01
9.853679631153166030e-01
1.001517123942117671e+00
1.040005957245993873e+00
9.802540621868295334e-01
9.805232148672762271e-01
1.015513063325345300e+00
1.007976788272838098e+00
1.004477803427031191e+00
1.046734774257160883e+00
1.028970697347679764e+00
1.002055429303011058e+00
9.885977952806768165e-01
9.974798337354174871e-01
9.821381309499563894e-01
9.980181390963107635e-01
9.783699934237027884e-01
9.751401612583424638e-01
1.028432391986786376e+00
1.009053398994624873e+00
9.982872917767574572e-01
9.969415283745240997e-01
1.008245940953284903e+00
9.964032230136307122e-01
9.856371157957632967e-01
9.651815120818151295e-01
1.017935437449365654e+00
9.980181390963107635e-01
9.937116962091638861e-01
1.009591704355518260e+00
9.915584747655903364e-01
9.883286426002301228e-01
1.018742895490705624e+00
1.000978818581224283e+00
9.974798337354174871e-01
1.005016108787924578e+00
1.043235789411353975e+00
1.025202559821426052e+00
9.985564444572041509e-01
1.001247971261671088e+00
1.019012048171152207e+00
9.678730388862819556e-01
9.947883069309505499e-01
1.004208650746584608e+00
1.006092719509711353e+00
1.019012048171152207e+00
9.872520318784433480e-01
9.864445738371032668e-01
9.953266122918439374e-01
1.017127979408025462e+00
1.001247971261671088e+00
9.982872917767574572e-01
1.017666284768918850e+00
1.014436452603558747e+00
9.945191542505038562e-01
9.964032230136307122e-01
1.003401192705244416e+00
1.038391041163313711e+00
9.969415283745240997e-01
9.961340703331840185e-01
9.530696414617142453e-01
1.011744925799091810e+00
1.002055429303011058e+00
9.958649176527373248e-01
9.872520318784433480e-01
1.007169330231498128e+00
9.996330551789909258e-01
9.891361006415702040e-01
1.014167299923111942e+00
9.794466041454894523e-01
9.832147416717430533e-01
9.920967801264837238e-01
9.964032230136307122e-01
1.026279170543212826e+00
9.988255971376508446e-01
9.684113442471753430e-01
1.016051368686238687e+00
9.950574596113972436e-01
9.869828791979966542e-01
1.001517123942117671e+00
1.000171360539884313e+00
1.054540201990114889e+00
9.988255971376508446e-01
1.011744925799091810e+00
1.005285261468371383e+00
1.000440513220330896e+00
9.740635505365558000e-01
9.797157568259361460e-01
9.834838943521897470e-01
1.012821536520878585e+00
1.019281200851599012e+00
9.996330551789909258e-01
9.853679631153166030e-01
1.003401192705244416e+00
1.010668315077305035e+00
9.869828791979966542e-01
9.762167719801292387e-01
1.008245940953284903e+00
1.010668315077305035e+00
9.837530470326364407e-01
1.030854766110806509e+00
9.942500015700571625e-01
1.019281200851599012e+00
1.014436452603558747e+00
1.016858826727578879e+00
9.907510167242502552e-01
9.934425435287171924e-01
9.988255971376508446e-01
1.005554414148817965e+00
1.002055429303011058e+00
1.016320521366685492e+00
9.667964281644952917e-01
9.885977952806768165e-01
1.010130009716411648e+00
1.030854766110806509e+00
9.713720237320889739e-01
1.012821536520878585e+00
9.641049013600283546e-01
1.018473742810258820e+00
1.017397132088472267e+00
1.011475773118645005e+00
9.931733908482704987e-01
1.033277140234826641e+00
1.006631024870604740e+00
9.834838943521897470e-01
1.013090689201325167e+00
9.678730388862819556e-01
1.005554414148817965e+00
1.003939498066137803e+00
1.029509002708573151e+00
1.017666284768918850e+00
1.012283231159985197e+00
1.027355781264999601e+00
9.990947498180975384e-01
1.009860857035965065e+00
9.950574596113972436e-01
9.864445738371032668e-01
1.010937467757751618e+00
9.708337183711955864e-01
1.018742895490705624e+00
1.001517123942117671e+00
9.980181390963107635e-01
9.880594899197834291e-01
1.006900177551051545e+00
1.002862887344351250e+00
9.850988104348699093e-01
1.025202559821426052e+00
1.033815445595720028e+00
1.007976788272838098e+00
1.026010017862766022e+00
1.025740865182319439e+00
1.012014078479538393e+00
1.009591704355518260e+00
9.988255971376508446e-01
1.024664254460532664e+00
9.853679631153166030e-01
1.012283231159985197e+00
9.996330551789909258e-01
9.990947498180975384e-01
1.012014078479538393e+00

# time bin value
-1.000000000000000000e+02
-9.900000000000000000e+01
-9.800000000000000000e+01
-9.700000000000000000e+01
-9.600000000000000000e+01
-9.500000000000000000e+01
-9.400000000000000000e+01
-9.300000000000000000e+01
-9.200000000000000000e+01
-9.100000000000000000e+01
-9.000000000000000000e+01
-8.900000000000000000e+01
-8.800000000000000000e+01
-8.700000000000000000e+01
-8.600000000000000000e+01
-8.500000000000000000e+01
-8.400000000000000000e+01
-8.300000000000000000e+01
-8.200000000000000000e+01
-8.100000000000000000e+01
-8.000000000000000000e+01
-7.900000000000000000e+01
-7.800000000000000000e+01
-7.700000000000000000e+01
-7.600000000000000000e+01
-7.500000000000000000e+01
-7.400000000000000000e+01
-7.300000000000000000e+01
-7.200000000000000000e+01
-7.100000000000000000e+01
-7.000000000000000000e+01
-6.900000000000000000e+01
-6.800000000000000000e+01
-6.700000000000000000e+01
-6.600000000000000000e+01
-6.500000000000000000e+01
-6.400000000000000000e+01
-6.300000000000000000e+01
-6.200000000000000000e+01
-6.100000000000000000e+01
-6.000000000000000000e+01
-5.900000000000000000e+01
-5.800000000000000000e+01
-5.700000000000000000e+01
-5.600000000000000000e+01
-5.500000000000000000e+01
-5.400000000000000000e+01
-5.300000000000000000e+01
-5.200000000000000000e+01
-5.100000000000000000e+01
-5.000000000000000000e+01
-4.900000000000000000e+01
-4.800000000000000000e+01
-4.700000000000000000e+01
-4.600000000000000000e+01
-4.500000000000000000e+01
-4.400000000000000000e+01
-4.300000000000000000e+01
-4.200000000000000000e+01
-4.100000000000000000e+01
-4.000000000000000000e+01
-3.900000000000000000e+01
-3.800000000000000000e+01
-3.700000000000000000e+01
-3.600000000000000000e+01
-3.500000000000000000e+01
-3.400000000000000000e+01
-3.300000000000000000e+01
-3.200000000000000000e+01
-3.100000000000000000e+01
-3.000000000000000000e+01
-2.900000000000000000e+01
-2.800000000000000000e+01
-2.700000000000000000e+01
-2.600000000000000000e+01
-2.500000000000000000e+01
-2.400000000000000000e+01
-2.300000000000000000e+01
-2.200000000000000000e+01
-2.100000000000000000e+01
-2.000000000000000000e+01
-1.900000000000000000e+01
-1.800000000000000000e+01
-1.700000000000000000e+01
-1.600000000000000000e+01
-1.500000000000000000e+01
-1.400000000000000000e+01
-1.300000000000000000e+01
-1.200000000000000000e+01
-1.100000000000000000e+01
-1.000000000000000000e+01
-9.000000000000000000e+00
-8.000000000000000000e+00
-7.000000000000000000e+00
-6.000000000000000000e+00
-5.000000000000000000e+00
-4.000000000000000000e+00
-3.000000000000000000e+00
-2.000000000000000000e+00
-1.000000000000000000e+00
0.000000000000000000e+00
1.000000000000000000e+00
2.000000000000000000e+00
3.000000000000000000e+00
4.000000000000000000e+00
5.000000000000000000e+00
6.000000000000000000e+00
7.000000000000000000e+00
8.000000000000000000e+00
9.000000000000000000e+00
1.000000000000000000e+01
1.100000000000000000e+01
1.200000000000000000e+01
1.300000000000000000e+01
1.400000000000000000e+01
1.500000000000000000e+01
1.600000000000000000e+01
1.700000000000000000e+01
1.800000000000000000e+01
1.900000000000000000e+01
2.000000000000000000e+01
2.100000000000000000e+01
2.200000000000000000e+01
2.300000000000000000e+01
2.400000000000000000e+01
2.500000000000000000e+01
2.600000000000000000e+01
2.700000000000000000e+01
2.800000000000000000e+01
2.900000000000000000e+01
3.000000000000000000e+01
3.100000000000000000e+01
3.200000000000000000e+01
3.300000000000000000e+01
3.400000000000000000e+01
3.500000000000000000e+01
3.600000000000000000e+01
3.700000000000000000e+01
3.800000000000000000e+01
3.900000000000000000e+01
4.000000000000000000e+01
4.100000000000000000e+01
4.200000000000000000e+01
4.300000000000000000e+01
4.400000000000000000e+01
4.500000000000000000e+01
4.600000000000000000e+01
4.700000000000000000e+01
4.800000000000000000e+01
4.900000000000000000e+01
5.000000000000000000e+01
5.100000000000000000e+01
5.200000000000000000e+01
5.300000000000000000e+01
5.400000000000000000e+01
5.500000000000000000e+01
5.600000000000000000e+01
5.700000000000000000e+01
5.800000000000000000e+01
5.900000000000000000e+01
6.000000000000000000e+01
6.100000000000000000e+01
6.200000000000000000e+01
6.300000000000000000e+01
6.400000000000000000e+01
6.500000000000000000e+01
6.600000000000000000e+01
6.700000000000000000e+01
6.800000000000000000e+01
6.900000000000000000e+01
7.000000000000000000e+01
7.100000000000000000e+01
7.200000000000000000e+01
7.300000000000000000e+01
7.400000000000000000e+01
7.500000000000000000e+01
7.600000000000000000e+01
7.700000000000000000e+01
7.800000000000000000e+01
7.900000000000000000e+01
8.000000000000000000e+01
8.100000000000000000e+01
8.200000000000000000e+01
8.300000000000000000e+01
8.400000000000000000e+01
8.500000000000000000e+01
8.600000000000000000e+01
8.700000000000000000e+01
8.800000000000000000e+01
8.900000000000000000e+01
9.000000000000000000e+01
9.100000000000000000e+01
9.200000000000000000e+01
9.300000000000000000e+01
9.400000000000000000e+01
9.500000000000000000e+01
9.600000000000000000e+01
9.700000000000000000e+01
9.800000000000000000e+01
9.900000000000000000e+01
