single photon fraction:    0.0610
laser fraction:    0.1646
thermal source fraction:    0.4573
non-detected fraction:    0.3171
number of bins:  200.0000
bin width (ns):    1.0000
average detection events per bin: 5000.0000

# binary result
0.000000000000000000e+00

# g2 signal
9.980716724555807051e-01
1.003084144665844946e+00
9.936489028582885519e-01
9.904055384869410172e-01
9.977768211490944950e-01
1.023723736119874772e+00
1.006327509037192591e+00
9.868673228091073835e-01
9.965974159231499874e-01
1.024903141345819391e+00
9.945334567777469603e-01
1.010455427327998423e+00
1.008096616876109408e+00
9.806754453728984133e-01
1.020185520442041138e+00
1.019300966522582730e+00
9.945334567777469603e-01
9.629843669837301334e-01
1.005737806424220171e+00
1.006327509037192591e+00
1.001020185520442141e+00
9.954180106972053688e-01
9.629843669837301334e-01
9.886364306480242004e-01
1.035222937072834082e+00
9.700607983393974010e-01
1.020185520442041138e+00
9.685865418069667943e-01
9.898158358739688190e-01
1.006917211650164790e+00
9.792011888404678066e-01
9.821497019053291311e-01
9.550233817086043464e-01
9.980716724555807051e-01
9.954180106972053688e-01
9.933540515518024527e-01
9.942386054712608612e-01
9.971871185361222967e-01
9.989562263750391136e-01
9.809702966793846235e-01
1.011339981247456832e+00
9.883415793415381012e-01
9.960077133101776781e-01
9.824445532118153412e-01
1.007506914263137210e+00
9.848033636637043564e-01
9.792011888404678066e-01
1.005148103811247973e+00
1.002494442052872747e+00
9.936489028582885519e-01
1.016057602151235084e+00
1.021070074361499547e+00
1.001609888133414339e+00
9.933540515518024527e-01
9.957128620036915789e-01
9.992510776815252127e-01
1.024313438732846970e+00
9.567924895475211633e-01
9.921746463258578341e-01
1.008981170795567817e+00
9.806754453728984133e-01
9.965974159231499874e-01
9.909952410999133265e-01
9.662277313550776681e-01
1.013698791699346069e+00
1.006622360343678801e+00
1.016647304764207504e+00
1.019890669135554928e+00
1.025787695265277799e+00
1.003968698585303354e+00
9.960077133101776781e-01
1.012224535166915240e+00
1.014288494312318267e+00
9.995459289880113118e-01
9.898158358739688190e-01
1.009570873408540015e+00
1.019006115216096520e+00
9.918797950193717350e-01
1.014288494312318267e+00
9.623946643707578241e-01
9.771372296950647796e-01
9.915849437128856358e-01
9.850982149701905666e-01
9.945334567777469603e-01
1.010455427327998423e+00
9.800857427599262151e-01
9.907003897934272274e-01
1.013403940392859859e+00
9.620998130642717250e-01
1.004263549891789564e+00
1.004853252504761763e+00
9.848033636637043564e-01
1.012224535166915240e+00
1.004263549891789564e+00
1.022544330893930153e+00
9.880467280350518910e-01
1.000135631600983732e+00
9.889312819545102995e-01
1.031389870088514460e+00
9.877518767285657919e-01
1.593376460251095361e+00
1.015173048231776676e+00
9.995459289880113118e-01
9.924694976323440443e-01
1.031684721395000448e+00
9.880467280350518910e-01
9.800857427599262151e-01
1.017237007377179703e+00
1.020775223055013337e+00
9.892261332609965097e-01
1.003084144665844946e+00
1.024903141345819391e+00
1.002199590746386537e+00
9.656380287421053588e-01
1.003378995972331156e+00
9.963025646166637772e-01
1.004853252504761763e+00
9.942386054712608612e-01
9.853930662766766657e-01
9.709453522588559204e-01
1.004558401198275774e+00
1.016647304764207504e+00
1.014583345618804477e+00
9.694710957264252027e-01
9.526645712567152202e-01
1.011634832553943042e+00
9.965974159231499874e-01
9.986613750685529034e-01
9.792011888404678066e-01
9.909952410999133265e-01
1.027851654410680604e+00
9.968922672296360865e-01
1.023134033506902574e+00
9.909952410999133265e-01
1.026967100491222196e+00
1.003378995972331156e+00
9.998407802944975220e-01
9.733041627107449356e-01
1.014878196925290688e+00
9.794960401469539057e-01
1.023134033506902574e+00
1.000725334213955930e+00
1.003378995972331156e+00
9.945334567777469603e-01
9.800857427599262151e-01
1.004263549891789564e+00
1.000725334213955930e+00
9.777269323080370889e-01
9.833291071312737497e-01
1.005148103811247973e+00
1.039350855363640136e+00
1.000725334213955930e+00
1.031389870088514460e+00
9.842136610507321581e-01
1.032864126620945067e+00
1.004263549891789564e+00
1.023428884813388562e+00
9.971871185361222967e-01
9.768423783885786804e-01
9.735990140172311458e-01
1.011339981247456832e+00
9.874570254220796928e-01
1.021659776974471745e+00
1.003378995972331156e+00
9.780217836145231880e-01
1.013109089086373649e+00
9.836239584377598488e-01
9.812651479858707226e-01
9.948283080842331705e-01
9.818548505988430319e-01
1.004263549891789564e+00
1.012224535166915240e+00
1.002199590746386537e+00
1.020775223055013337e+00
9.904055384869410172e-01
1.013993643005832279e+00
1.023134033506902574e+00
1.009865724715026225e+00
9.980716724555807051e-01
1.022544330893930153e+00
1.008096616876109408e+00
1.006327509037192591e+00
1.000725334213955930e+00
9.915849437128856358e-01
1.013403940392859859e+00
9.842136610507321581e-01
9.963025646166637772e-01
9.842136610507321581e-01
1.004263549891789564e+00
9.974819698426083958e-01
1.011339981247456832e+00
1.026967100491222196e+00
1.007506914263137210e+00
1.002199590746386537e+00
9.794960401469539057e-01
9.901106871804549181e-01
9.936489028582885519e-01
9.977768211490944950e-01
1.014288494312318267e+00
1.009276022102054027e+00

# time bin value
-1.000000000000000000e+02
-9.900000000000000000e+01
-9.800000000000000000e+01
-9.700000000000000000e+01
-9.600000000000000000e+01
-9.500000000000000000e+01
-9.400000000000000000e+01
-9.300000000000000000e+01
-9.200000000000000000e+01
-9.100000000000000000e+01
-9.000000000000000000e+01
-8.900000000000000000e+01
-8.800000000000000000e+01
-8.700000000000000000e+01
-8.600000000000000000e+01
-8.500000000000000000e+01
-8.400000000000000000e+01
-8.300000000000000000e+01
-8.200000000000000000e+01
-8.100000000000000000e+01
-8.000000000000000000e+01
-7.900000000000000000e+01
-7.800000000000000000e+01
-7.700000000000000000e+01
-7.600000000000000000e+01
-7.500000000000000000e+01
-7.400000000000000000e+01
-7.300000000000000000e+01
-7.200000000000000000e+01
-7.100000000000000000e+01
-7.000000000000000000e+01
-6.900000000000000000e+01
-6.800000000000000000e+01
-6.700000000000000000e+01
-6.600000000000000000e+01
-6.500000000000000000e+01
-6.400000000000000000e+01
-6.300000000000000000e+01
-6.200000000000000000e+01
-6.100000000000000000e+01
-6.000000000000000000e+01
-5.900000000000000000e+01
-5.800000000000000000e+01
-5.700000000000000000e+01
-5.600000000000000000e+01
-5.500000000000000000e+01
-5.400000000000000000e+01
-5.300000000000000000e+01
-5.200000000000000000e+01
-5.100000000000000000e+01
-5.000000000000000000e+01
-4.900000000000000000e+01
-4.800000000000000000e+01
-4.700000000000000000e+01
-4.600000000000000000e+01
-4.500000000000000000e+01
-4.400000000000000000e+01
-4.300000000000000000e+01
-4.200000000000000000e+01
-4.100000000000000000e+01
-4.000000000000000000e+01
-3.900000000000000000e+01
-3.800000000000000000e+01
-3.700000000000000000e+01
-3.600000000000000000e+01
-3.500000000000000000e+01
-3.400000000000000000e+01
-3.300000000000000000e+01
-3.200000000000000000e+01
-3.100000000000000000e+01
-3.000000000000000000e+01
-2.900000000000000000e+01
-2.800000000000000000e+01
-2.700000000000000000e+01
-2.600000000000000000e+01
-2.500000000000000000e+01
-2.400000000000000000e+01
-2.300000000000000000e+01
-2.200000000000000000e+01
-2.100000000000000000e+01
-2.000000000000000000e+01
-1.900000000000000000e+01
-1.800000000000000000e+01
-1.700000000000000000e+01
-1.600000000000000000e+01
-1.500000000000000000e+01
-1.400000000000000000e+01
-1.300000000000000000e+01
-1.200000000000000000e+01
-1.100000000000000000e+01
-1.000000000000000000e+01
-9.000000000000000000e+00
-8.000000000000000000e+00
-7.000000000000000000e+00
-6.000000000000000000e+00
-5.000000000000000000e+00
-4.000000000000000000e+00
-3.000000000000000000e+00
-2.000000000000000000e+00
-1.000000000000000000e+00
0.000000000000000000e+00
1.000000000000000000e+00
2.000000000000000000e+00
3.000000000000000000e+00
4.000000000000000000e+00
5.000000000000000000e+00
6.000000000000000000e+00
7.000000000000000000e+00
8.000000000000000000e+00
9.000000000000000000e+00
1.000000000000000000e+01
1.100000000000000000e+01
1.200000000000000000e+01
1.300000000000000000e+01
1.400000000000000000e+01
1.500000000000000000e+01
1.600000000000000000e+01
1.700000000000000000e+01
1.800000000000000000e+01
1.900000000000000000e+01
2.000000000000000000e+01
2.100000000000000000e+01
2.200000000000000000e+01
2.300000000000000000e+01
2.400000000000000000e+01
2.500000000000000000e+01
2.600000000000000000e+01
2.700000000000000000e+01
2.800000000000000000e+01
2.900000000000000000e+01
3.000000000000000000e+01
3.100000000000000000e+01
3.200000000000000000e+01
3.300000000000000000e+01
3.400000000000000000e+01
3.500000000000000000e+01
3.600000000000000000e+01
3.700000000000000000e+01
3.800000000000000000e+01
3.900000000000000000e+01
4.000000000000000000e+01
4.100000000000000000e+01
4.200000000000000000e+01
4.300000000000000000e+01
4.400000000000000000e+01
4.500000000000000000e+01
4.600000000000000000e+01
4.700000000000000000e+01
4.800000000000000000e+01
4.900000000000000000e+01
5.000000000000000000e+01
5.100000000000000000e+01
5.200000000000000000e+01
5.300000000000000000e+01
5.400000000000000000e+01
5.500000000000000000e+01
5.600000000000000000e+01
5.700000000000000000e+01
5.800000000000000000e+01
5.900000000000000000e+01
6.000000000000000000e+01
6.100000000000000000e+01
6.200000000000000000e+01
6.300000000000000000e+01
6.400000000000000000e+01
6.500000000000000000e+01
6.600000000000000000e+01
6.700000000000000000e+01
6.800000000000000000e+01
6.900000000000000000e+01
7.000000000000000000e+01
7.100000000000000000e+01
7.200000000000000000e+01
7.300000000000000000e+01
7.400000000000000000e+01
7.500000000000000000e+01
7.600000000000000000e+01
7.700000000000000000e+01
7.800000000000000000e+01
7.900000000000000000e+01
8.000000000000000000e+01
8.100000000000000000e+01
8.200000000000000000e+01
8.300000000000000000e+01
8.400000000000000000e+01
8.500000000000000000e+01
8.600000000000000000e+01
8.700000000000000000e+01
8.800000000000000000e+01
8.900000000000000000e+01
9.000000000000000000e+01
9.100000000000000000e+01
9.200000000000000000e+01
9.300000000000000000e+01
9.400000000000000000e+01
9.500000000000000000e+01
9.600000000000000000e+01
9.700000000000000000e+01
9.800000000000000000e+01
9.900000000000000000e+01
