single photon fraction:    0.0382
laser fraction:    0.3550
thermal source fraction:    0.2901
non-detected fraction:    0.3168
number of bins:  200.0000
bin width (ns):    1.0000
average detection events per bin: 5000.0000

# binary result
0.000000000000000000e+00

# g2 signal
1.011352334320066326e+00
1.002524702655940070e+00
1.022534001094626221e+00
9.981108868238769416e-01
9.954625973246390425e-01
1.014883386985716784e+00
9.745705357195402208e-01
9.972281236574643826e-01
1.002818957044744330e+00
1.006644264099199049e+00
9.786900971627991996e-01
1.009292553598436948e+00
1.026947816926689461e+00
1.032538650313969519e+00
1.001641939489527511e+00
9.736877725531276617e-01
1.001641939489527511e+00
9.789843515516033490e-01
9.866349656605127860e-01
9.951683429358348931e-01
9.819268954396455085e-01
9.972281236574643826e-01
1.005172992155177969e+00
9.810441322732328384e-01
1.016648913318542125e+00
9.692739567210644225e-01
9.989936499902896117e-01
9.857522024941002270e-01
1.006644264099199049e+00
9.613290882233508361e-01
1.014883386985716784e+00
1.009586807987241208e+00
1.024005273038647301e+00
9.963453604910517125e-01
1.001936193878331771e+00
9.925200534365969940e-01
1.004878737766373709e+00
9.630946145561760652e-01
1.008115536043220128e+00
1.014000623819304225e+00
9.957568517134433028e-01
1.016354658929737864e+00
1.007232772876807347e+00
1.005761500932786490e+00
1.011058079931262066e+00
9.931085622142054037e-01
9.934028166030096640e-01
1.006055755321590528e+00
9.913430358813801746e-01
1.003407465822352629e+00
1.014294878208108486e+00
1.003995974599961150e+00
9.807498778844285781e-01
9.648601408890012943e-01
1.003995974599961150e+00
9.866349656605127860e-01
1.012529351875283146e+00
9.763360620523654498e-01
9.669199216106307837e-01
9.698624654986729432e-01
9.754532988859528908e-01
1.004290228988765410e+00
1.008998299209632687e+00
9.972281236574643826e-01
9.751590444971486304e-01
1.017825930873758944e+00
1.021356983539409402e+00
1.004878737766373709e+00
9.919315446589885843e-01
9.816326410508412481e-01
9.895775095485549455e-01
9.795728603292117587e-01
1.005761500932786490e+00
9.881062376045338658e-01
9.898717639373590949e-01
1.016060404540933604e+00
1.018708694040171503e+00
1.003995974599961150e+00
1.006644264099199049e+00
9.948740885470306328e-01
9.963453604910517125e-01
1.011646588708870587e+00
1.023122509872234742e+00
1.016648913318542125e+00
9.875177288269254561e-01
9.501474214487909409e-01
1.005761500932786490e+00
1.008115536043220128e+00
1.030478869592339919e+00
9.913430358813801746e-01
1.002230448267135809e+00
1.021945492317017923e+00
9.810441322732328384e-01
9.869292200493170464e-01
9.995821587678980213e-01
1.032538650313969519e+00
1.005172992155177969e+00
9.972281236574643826e-01
9.872234744381211957e-01
1.021356983539409402e+00
1.344448302446430876e+00
9.975223780462685319e-01
1.021356983539409402e+00
9.801613691068201684e-01
9.842809305500791472e-01
9.992879043790937610e-01
1.028419088870710540e+00
1.000464921934310691e+00
1.025476544982668381e+00
9.857522024941002270e-01
9.945798341582264834e-01
9.857522024941002270e-01
9.845751849388832966e-01
1.009292553598436948e+00
9.816326410508412481e-01
9.954625973246390425e-01
1.023711018649843041e+00
9.995821587678980213e-01
1.006938518488003309e+00
9.901660183261633552e-01
9.934028166030096640e-01
9.981108868238769416e-01
9.766303164411697102e-01
9.695682111098686828e-01
9.916372902701843239e-01
9.766303164411697102e-01
9.948740885470306328e-01
9.742762813307360714e-01
1.000464921934310691e+00
1.007527027265611608e+00
9.701567198874770925e-01
9.910487814925759142e-01
9.928143078254011433e-01
9.925200534365969940e-01
9.957568517134433028e-01
9.910487814925759142e-01
9.936970709918138134e-01
1.017237422096150645e+00
9.884004919933380151e-01
1.011352334320066326e+00
1.016648913318542125e+00
1.020179965984192583e+00
1.038717992478857877e+00
1.014294878208108486e+00
1.008409790432024167e+00
9.957568517134433028e-01
1.012823606264087406e+00
9.986993956014853513e-01
9.925200534365969940e-01
1.001347685100723250e+00
9.963453604910517125e-01
9.972281236574643826e-01
9.936970709918138134e-01
1.012235097486478885e+00
9.613290882233508361e-01
1.000170667545506431e+00
1.005172992155177969e+00
9.948740885470306328e-01
1.021651237928213662e+00
9.869292200493170464e-01
9.863407112717086367e-01
9.992879043790937610e-01
9.751590444971486304e-01
1.008998299209632687e+00
1.019297202817780024e+00
9.781015883851907899e-01
9.925200534365969940e-01
9.884004919933380151e-01
9.986993956014853513e-01
9.942855797694222231e-01
1.034598431035598898e+00
1.011058079931262066e+00
1.011352334320066326e+00
9.919315446589885843e-01
1.008115536043220128e+00
9.719222462203023216e-01
1.005467246543982229e+00
1.012529351875283146e+00
1.014589132596912746e+00
1.008409790432024167e+00
9.989936499902896117e-01
9.939913253806180737e-01
1.001053430711918990e+00
9.825154042172539182e-01
9.733935181643234014e-01
9.978166324350727923e-01
9.757475532747570401e-01
9.775130796075823802e-01
1.010763825542458028e+00
9.998764131567021707e-01
1.007232772876807347e+00
1.016943167707346385e+00
9.951683429358348931e-01
9.931085622142054037e-01
1.031067378369948440e+00
1.036069702979619978e+00
9.807498778844285781e-01
1.000170667545506431e+00
9.963453604910517125e-01
9.722165006091065820e-01

# time bin value
-1.000000000000000000e+02
-9.900000000000000000e+01
-9.800000000000000000e+01
-9.700000000000000000e+01
-9.600000000000000000e+01
-9.500000000000000000e+01
-9.400000000000000000e+01
-9.300000000000000000e+01
-9.200000000000000000e+01
-9.100000000000000000e+01
-9.000000000000000000e+01
-8.900000000000000000e+01
-8.800000000000000000e+01
-8.700000000000000000e+01
-8.600000000000000000e+01
-8.500000000000000000e+01
-8.400000000000000000e+01
-8.300000000000000000e+01
-8.200000000000000000e+01
-8.100000000000000000e+01
-8.000000000000000000e+01
-7.900000000000000000e+01
-7.800000000000000000e+01
-7.700000000000000000e+01
-7.600000000000000000e+01
-7.500000000000000000e+01
-7.400000000000000000e+01
-7.300000000000000000e+01
-7.200000000000000000e+01
-7.100000000000000000e+01
-7.000000000000000000e+01
-6.900000000000000000e+01
-6.800000000000000000e+01
-6.700000000000000000e+01
-6.600000000000000000e+01
-6.500000000000000000e+01
-6.400000000000000000e+01
-6.300000000000000000e+01
-6.200000000000000000e+01
-6.100000000000000000e+01
-6.000000000000000000e+01
-5.900000000000000000e+01
-5.800000000000000000e+01
-5.700000000000000000e+01
-5.600000000000000000e+01
-5.500000000000000000e+01
-5.400000000000000000e+01
-5.300000000000000000e+01
-5.200000000000000000e+01
-5.100000000000000000e+01
-5.000000000000000000e+01
-4.900000000000000000e+01
-4.800000000000000000e+01
-4.700000000000000000e+01
-4.600000000000000000e+01
-4.500000000000000000e+01
-4.400000000000000000e+01
-4.300000000000000000e+01
-4.200000000000000000e+01
-4.100000000000000000e+01
-4.000000000000000000e+01
-3.900000000000000000e+01
-3.800000000000000000e+01
-3.700000000000000000e+01
-3.600000000000000000e+01
-3.500000000000000000e+01
-3.400000000000000000e+01
-3.300000000000000000e+01
-3.200000000000000000e+01
-3.100000000000000000e+01
-3.000000000000000000e+01
-2.900000000000000000e+01
-2.800000000000000000e+01
-2.700000000000000000e+01
-2.600000000000000000e+01
-2.500000000000000000e+01
-2.400000000000000000e+01
-2.300000000000000000e+01
-2.200000000000000000e+01
-2.100000000000000000e+01
-2.000000000000000000e+01
-1.900000000000000000e+01
-1.800000000000000000e+01
-1.700000000000000000e+01
-1.600000000000000000e+01
-1.500000000000000000e+01
-1.400000000000000000e+01
-1.300000000000000000e+01
-1.200000000000000000e+01
-1.100000000000000000e+01
-1.000000000000000000e+01
-9.000000000000000000e+00
-8.000000000000000000e+00
-7.000000000000000000e+00
-6.000000000000000000e+00
-5.000000000000000000e+00
-4.000000000000000000e+00
-3.000000000000000000e+00
-2.000000000000000000e+00
-1.000000000000000000e+00
0.000000000000000000e+00
1.000000000000000000e+00
2.000000000000000000e+00
3.000000000000000000e+00
4.000000000000000000e+00
5.000000000000000000e+00
6.000000000000000000e+00
7.000000000000000000e+00
8.000000000000000000e+00
9.000000000000000000e+00
1.000000000000000000e+01
1.100000000000000000e+01
1.200000000000000000e+01
1.300000000000000000e+01
1.400000000000000000e+01
1.500000000000000000e+01
1.600000000000000000e+01
1.700000000000000000e+01
1.800000000000000000e+01
1.900000000000000000e+01
2.000000000000000000e+01
2.100000000000000000e+01
2.200000000000000000e+01
2.300000000000000000e+01
2.400000000000000000e+01
2.500000000000000000e+01
2.600000000000000000e+01
2.700000000000000000e+01
2.800000000000000000e+01
2.900000000000000000e+01
3.000000000000000000e+01
3.100000000000000000e+01
3.200000000000000000e+01
3.300000000000000000e+01
3.400000000000000000e+01
3.500000000000000000e+01
3.600000000000000000e+01
3.700000000000000000e+01
3.800000000000000000e+01
3.900000000000000000e+01
4.000000000000000000e+01
4.100000000000000000e+01
4.200000000000000000e+01
4.300000000000000000e+01
4.400000000000000000e+01
4.500000000000000000e+01
4.600000000000000000e+01
4.700000000000000000e+01
4.800000000000000000e+01
4.900000000000000000e+01
5.000000000000000000e+01
5.100000000000000000e+01
5.200000000000000000e+01
5.300000000000000000e+01
5.400000000000000000e+01
5.500000000000000000e+01
5.600000000000000000e+01
5.700000000000000000e+01
5.800000000000000000e+01
5.900000000000000000e+01
6.000000000000000000e+01
6.100000000000000000e+01
6.200000000000000000e+01
6.300000000000000000e+01
6.400000000000000000e+01
6.500000000000000000e+01
6.600000000000000000e+01
6.700000000000000000e+01
6.800000000000000000e+01
6.900000000000000000e+01
7.000000000000000000e+01
7.100000000000000000e+01
7.200000000000000000e+01
7.300000000000000000e+01
7.400000000000000000e+01
7.500000000000000000e+01
7.600000000000000000e+01
7.700000000000000000e+01
7.800000000000000000e+01
7.900000000000000000e+01
8.000000000000000000e+01
8.100000000000000000e+01
8.200000000000000000e+01
8.300000000000000000e+01
8.400000000000000000e+01
8.500000000000000000e+01
8.600000000000000000e+01
8.700000000000000000e+01
8.800000000000000000e+01
8.900000000000000000e+01
9.000000000000000000e+01
9.100000000000000000e+01
9.200000000000000000e+01
9.300000000000000000e+01
9.400000000000000000e+01
9.500000000000000000e+01
9.600000000000000000e+01
9.700000000000000000e+01
9.800000000000000000e+01
9.900000000000000000e+01
