single photon fraction:    0.0382
laser fraction:    0.3550
thermal source fraction:    0.2901
non-detected fraction:    0.3168
number of bins:  200.0000
bin width (ns):    1.0000
average detection events per bin: 5000.0000

# binary result
0.000000000000000000e+00

# g2 signal
1.002790929625968275e+00
1.023700813914791619e+00
9.960173051380395437e-01
9.969008213755954362e-01
1.010448070351452898e+00
9.765799479118093540e-01
1.022817297677235837e+00
1.018694221901974784e+00
1.004557962101080060e+00
9.871821427624803968e-01
1.007797521638785110e+00
9.930722510128531244e-01
9.986678538507073322e-01
1.000729391738337748e+00
1.002201918800931013e+00
9.789359912119584006e-01
9.974898322006326978e-01
1.011626092001527422e+00
1.029885427577683199e+00
9.798195074495144041e-01
1.006030489163673325e+00
9.877711535875176585e-01
1.004263456688561540e+00
9.730458829615856731e-01
9.883601644125549202e-01
1.002790929625968275e+00
1.003674445863524278e+00
9.883601644125549202e-01
1.020755759789605310e+00
9.871821427624803968e-01
9.901271968876667051e-01
1.010153564938934156e+00
9.904217023001853359e-01
9.824700561621820816e-01
1.004852467513598802e+00
9.986678538507073322e-01
1.000434886325819228e+00
1.020166748964568049e+00
1.002496424213449533e+00
1.018694221901974784e+00
9.945447780754463896e-01
1.000140380913300486e+00
9.936612618378903861e-01
1.001612907975893751e+00
9.892436806501108126e-01
9.862986265249243933e-01
9.886546698250735510e-01
9.886546698250735510e-01
9.774634641493652465e-01
1.001023897150856490e+00
1.010742575763971418e+00
1.000434886325819228e+00
9.818810453371448199e-01
9.830590669872193432e-01
1.022228286852198575e+00
1.018399716489456264e+00
1.018399716489456264e+00
9.874766481749990277e-01
9.836480778122567159e-01
1.027529384277533930e+00
9.842370886372939776e-01
1.006324994576191845e+00
9.995513700882632246e-01
1.004557962101080060e+00
1.019872243552049307e+00
9.780524749744025081e-01
1.028118395102571192e+00
1.007503016226266590e+00
9.904217023001853359e-01
1.008975543288859633e+00
1.012215102826564683e+00
9.986678538507073322e-01
1.030474438402720461e+00
1.024878835564866142e+00
1.007208510813747848e+00
9.730458829615856731e-01
1.012215102826564683e+00
9.645052259985450460e-01
9.821755507496634507e-01
9.907162077127039668e-01
9.895381860626294435e-01
1.012215102826564683e+00
9.948392834879650204e-01
1.011037081176490160e+00
9.966063159630768054e-01
9.874766481749990277e-01
1.015749167776788475e+00
1.005146972926117321e+00
9.983733484381887013e-01
9.860041211124057625e-01
1.001318402563375010e+00
9.977843376131513287e-01
9.915997239502599703e-01
1.025467846389903404e+00
1.035481030415537296e+00
1.008092027051303852e+00
9.777579695618838773e-01
9.948392834879650204e-01
1.003085435038486795e+00
1.028707405927608454e+00
1.396250160750870828e+00
9.895381860626294435e-01
1.014276640714195210e+00
9.559645690355045300e-01
9.886546698250735510e-01
9.818810453371448199e-01
9.786414857994397698e-01
9.807030236870702966e-01
1.008681037876341113e+00
1.030474438402720461e+00
9.851206048748498700e-01
1.014865651539232472e+00
9.762854424992907232e-01
9.966063159630768054e-01
9.886546698250735510e-01
1.028412900515089934e+00
9.907162077127039668e-01
9.901271968876667051e-01
9.889491752375921818e-01
1.018694221901974784e+00
9.712788504864737771e-01
1.001023897150856490e+00
1.001318402563375010e+00
1.002790929625968275e+00
9.960173051380395437e-01
1.006619499988710587e+00
1.009859059526415637e+00
1.022522792264717095e+00
9.677447855362500961e-01
9.801140128620330350e-01
1.008092027051303852e+00
9.703953342489178846e-01
9.809975290995889274e-01
1.002790929625968275e+00
9.609711610483213651e-01
1.007503016226266590e+00
9.995513700882632246e-01
9.812920345121075583e-01
1.013393124476639207e+00
9.724568721365484114e-01
9.904217023001853359e-01
1.004852467513598802e+00
9.995513700882632246e-01
1.017221694839381518e+00
1.005441478338636063e+00
9.966063159630768054e-01
9.915997239502599703e-01
9.913052185377413394e-01
1.011037081176490160e+00
1.016338178601825737e+00
1.005441478338636063e+00
1.003674445863524278e+00
9.603821502232841034e-01
9.659777530611383112e-01
9.948392834879650204e-01
9.992568646757445938e-01
1.003379940451005536e+00
9.886546698250735510e-01
1.009270048701378375e+00
9.783469803869211390e-01
1.013393124476639207e+00
9.901271968876667051e-01
9.977843376131513287e-01
1.017810705664418780e+00
9.727513775490670422e-01
9.680392909487687270e-01
9.927777456003344936e-01
9.809975290995889274e-01
1.015749167776788475e+00
1.002201918800931013e+00
1.008386532463822371e+00
1.000140380913300486e+00
9.780524749744025081e-01
9.901271968876667051e-01
1.000729391738337748e+00
9.857096156998871317e-01
1.014865651539232472e+00
1.008092027051303852e+00
1.004852467513598802e+00
1.024289824739828880e+00
9.892436806501108126e-01
1.016043673189306995e+00
9.901271968876667051e-01
9.777579695618838773e-01
9.977843376131513287e-01
9.871821427624803968e-01
1.011920597414046163e+00
1.007208510813747848e+00
1.007208510813747848e+00
1.016043673189306995e+00
1.000434886325819228e+00
9.733403883741043039e-01
1.024289824739828880e+00
1.023700813914791619e+00
9.636217097609891535e-01
9.874766481749990277e-01
1.015749167776788475e+00
9.865931319374430242e-01
1.011626092001527422e+00
1.007503016226266590e+00

# time bin value
-1.000000000000000000e+02
-9.900000000000000000e+01
-9.800000000000000000e+01
-9.700000000000000000e+01
-9.600000000000000000e+01
-9.500000000000000000e+01
-9.400000000000000000e+01
-9.300000000000000000e+01
-9.200000000000000000e+01
-9.100000000000000000e+01
-9.000000000000000000e+01
-8.900000000000000000e+01
-8.800000000000000000e+01
-8.700000000000000000e+01
-8.600000000000000000e+01
-8.500000000000000000e+01
-8.400000000000000000e+01
-8.300000000000000000e+01
-8.200000000000000000e+01
-8.100000000000000000e+01
-8.000000000000000000e+01
-7.900000000000000000e+01
-7.800000000000000000e+01
-7.700000000000000000e+01
-7.600000000000000000e+01
-7.500000000000000000e+01
-7.400000000000000000e+01
-7.300000000000000000e+01
-7.200000000000000000e+01
-7.100000000000000000e+01
-7.000000000000000000e+01
-6.900000000000000000e+01
-6.800000000000000000e+01
-6.700000000000000000e+01
-6.600000000000000000e+01
-6.500000000000000000e+01
-6.400000000000000000e+01
-6.300000000000000000e+01
-6.200000000000000000e+01
-6.100000000000000000e+01
-6.000000000000000000e+01
-5.900000000000000000e+01
-5.800000000000000000e+01
-5.700000000000000000e+01
-5.600000000000000000e+01
-5.500000000000000000e+01
-5.400000000000000000e+01
-5.300000000000000000e+01
-5.200000000000000000e+01
-5.100000000000000000e+01
-5.000000000000000000e+01
-4.900000000000000000e+01
-4.800000000000000000e+01
-4.700000000000000000e+01
-4.600000000000000000e+01
-4.500000000000000000e+01
-4.400000000000000000e+01
-4.300000000000000000e+01
-4.200000000000000000e+01
-4.100000000000000000e+01
-4.000000000000000000e+01
-3.900000000000000000e+01
-3.800000000000000000e+01
-3.700000000000000000e+01
-3.600000000000000000e+01
-3.500000000000000000e+01
-3.400000000000000000e+01
-3.300000000000000000e+01
-3.200000000000000000e+01
-3.100000000000000000e+01
-3.000000000000000000e+01
-2.900000000000000000e+01
-2.800000000000000000e+01
-2.700000000000000000e+01
-2.600000000000000000e+01
-2.500000000000000000e+01
-2.400000000000000000e+01
-2.300000000000000000e+01
-2.200000000000000000e+01
-2.100000000000000000e+01
-2.000000000000000000e+01
-1.900000000000000000e+01
-1.800000000000000000e+01
-1.700000000000000000e+01
-1.600000000000000000e+01
-1.500000000000000000e+01
-1.400000000000000000e+01
-1.300000000000000000e+01
-1.200000000000000000e+01
-1.100000000000000000e+01
-1.000000000000000000e+01
-9.000000000000000000e+00
-8.000000000000000000e+00
-7.000000000000000000e+00
-6.000000000000000000e+00
-5.000000000000000000e+00
-4.000000000000000000e+00
-3.000000000000000000e+00
-2.000000000000000000e+00
-1.000000000000000000e+00
0.000000000000000000e+00
1.000000000000000000e+00
2.000000000000000000e+00
3.000000000000000000e+00
4.000000000000000000e+00
5.000000000000000000e+00
6.000000000000000000e+00
7.000000000000000000e+00
8.000000000000000000e+00
9.000000000000000000e+00
1.000000000000000000e+01
1.100000000000000000e+01
1.200000000000000000e+01
1.300000000000000000e+01
1.400000000000000000e+01
1.500000000000000000e+01
1.600000000000000000e+01
1.700000000000000000e+01
1.800000000000000000e+01
1.900000000000000000e+01
2.000000000000000000e+01
2.100000000000000000e+01
2.200000000000000000e+01
2.300000000000000000e+01
2.400000000000000000e+01
2.500000000000000000e+01
2.600000000000000000e+01
2.700000000000000000e+01
2.800000000000000000e+01
2.900000000000000000e+01
3.000000000000000000e+01
3.100000000000000000e+01
3.200000000000000000e+01
3.300000000000000000e+01
3.400000000000000000e+01
3.500000000000000000e+01
3.600000000000000000e+01
3.700000000000000000e+01
3.800000000000000000e+01
3.900000000000000000e+01
4.000000000000000000e+01
4.100000000000000000e+01
4.200000000000000000e+01
4.300000000000000000e+01
4.400000000000000000e+01
4.500000000000000000e+01
4.600000000000000000e+01
4.700000000000000000e+01
4.800000000000000000e+01
4.900000000000000000e+01
5.000000000000000000e+01
5.100000000000000000e+01
5.200000000000000000e+01
5.300000000000000000e+01
5.400000000000000000e+01
5.500000000000000000e+01
5.600000000000000000e+01
5.700000000000000000e+01
5.800000000000000000e+01
5.900000000000000000e+01
6.000000000000000000e+01
6.100000000000000000e+01
6.200000000000000000e+01
6.300000000000000000e+01
6.400000000000000000e+01
6.500000000000000000e+01
6.600000000000000000e+01
6.700000000000000000e+01
6.800000000000000000e+01
6.900000000000000000e+01
7.000000000000000000e+01
7.100000000000000000e+01
7.200000000000000000e+01
7.300000000000000000e+01
7.400000000000000000e+01
7.500000000000000000e+01
7.600000000000000000e+01
7.700000000000000000e+01
7.800000000000000000e+01
7.900000000000000000e+01
8.000000000000000000e+01
8.100000000000000000e+01
8.200000000000000000e+01
8.300000000000000000e+01
8.400000000000000000e+01
8.500000000000000000e+01
8.600000000000000000e+01
8.700000000000000000e+01
8.800000000000000000e+01
8.900000000000000000e+01
9.000000000000000000e+01
9.100000000000000000e+01
9.200000000000000000e+01
9.300000000000000000e+01
9.400000000000000000e+01
9.500000000000000000e+01
9.600000000000000000e+01
9.700000000000000000e+01
9.800000000000000000e+01
9.900000000000000000e+01
