single photon fraction:    0.0468
laser fraction:    0.2807
thermal source fraction:    0.2281
non-detected fraction:    0.4444
number of bins:  200.0000
bin width (ns):    1.0000
average detection events per bin: 5000.0000

# binary result
0.000000000000000000e+00

# g2 signal
9.926079307274056074e-01
1.013604013871894916e+00
9.831958934557381014e-01
9.947799393285596814e-01
9.799378805540069903e-01
9.904359221262516444e-01
1.028446072646447718e+00
1.004191976600227409e+00
9.723358504499677313e-01
1.019758038241831422e+00
1.009259996669586767e+00
9.850059006233664594e-01
1.019758038241831422e+00
1.029532076947024644e+00
9.955039421956111134e-01
9.723358504499677313e-01
1.026998066912344854e+00
9.860919049239434964e-01
1.013604013871894916e+00
9.850059006233664594e-01
9.672678303806082623e-01
9.998479593979191504e-01
9.821098891551610643e-01
9.875399106580461384e-01
1.001657966565547619e+00
9.904359221262516444e-01
1.006363985201381261e+00
1.034600097016384224e+00
1.012156008137792274e+00
9.810238848545840273e-01
9.904359221262516444e-01
9.745078590511218053e-01
1.008897995236061051e+00
1.027722069779396286e+00
1.021930046842985496e+00
1.012156008137792274e+00
1.004553978033752903e+00
9.824718905886866693e-01
9.828338920222123853e-01
1.004191976600227409e+00
1.019034035374779990e+00
1.006001983767855767e+00
9.994859579643935454e-01
1.000933963698496187e+00
9.915219264268285704e-01
1.009621998103112483e+00
1.005277980900804335e+00
9.748698604846475213e-01
1.002019967999073335e+00
1.003467973733175977e+00
9.962279450626624344e-01
1.032066086981704434e+00
1.002743970866124545e+00
1.008173992369009841e+00
1.003105972299650261e+00
9.690778375482366203e-01
9.679918332476595833e-01
1.017224028207151632e+00
9.951419407620853974e-01
9.748698604846475213e-01
9.484437558372731392e-01
9.629238131783001142e-01
9.824718905886866693e-01
1.034600097016384224e+00
9.897119192592002124e-01
1.016862026773625916e+00
9.929699321609313234e-01
9.879019120915718544e-01
1.006363985201381261e+00
1.032790089848755866e+00
1.018672033941254274e+00
1.035686101316961150e+00
9.991239565308678294e-01
1.015414021039523274e+00
1.010708002403689409e+00
1.022292048276511212e+00
9.723358504499677313e-01
1.009259996669586767e+00
1.005277980900804335e+00
1.007811990935484125e+00
1.019758038241831422e+00
1.021568045409459780e+00
1.017948031074203064e+00
1.002019967999073335e+00
1.000933963698496187e+00
9.987619550973421134e-01
9.792138776869556693e-01
1.000571962264970471e+00
1.033876094149332792e+00
1.000571962264970471e+00
1.000209960831444755e+00
1.007811990935484125e+00
1.025188059744716496e+00
9.857299034904177804e-01
9.965899464961881504e-01
9.737838561840704843e-01
9.831958934557381014e-01
9.810238848545840273e-01
9.976759507967650764e-01
9.958659436291367184e-01
1.339405304045004019e+00
9.379457142650284851e-01
1.039306115652217866e+00
1.004553978033752903e+00
9.871779092245205334e-01
1.006001983767855767e+00
9.842818977563151384e-01
9.879019120915718544e-01
9.915219264268285704e-01
9.850059006233664594e-01
9.918839278603542864e-01
1.041478124253371940e+00
1.000209960831444755e+00
9.759558647852245583e-01
9.987619550973421134e-01
9.875399106580461384e-01
9.560457859413122872e-01
9.607518045771461512e-01
9.980379522302907924e-01
9.828338920222123853e-01
9.944179378950340764e-01
9.864539063574691014e-01
9.973139493632394714e-01
1.004553978033752903e+00
9.994859579643935454e-01
1.001295965132021903e+00
1.030980082681127286e+00
9.897119192592002124e-01
9.868159077909948174e-01
9.929699321609313234e-01
1.046184142889205804e+00
9.795758791204812743e-01
9.665438275135569413e-01
1.000209960831444755e+00
1.016862026773625916e+00
1.033876094149332792e+00
9.813858862881096323e-01
9.915219264268285704e-01
1.021568045409459780e+00
1.017586029640677348e+00
9.567697888083636082e-01
1.014328016738946348e+00
1.005277980900804335e+00
1.011794006704266558e+00
1.031704085548178718e+00
1.004191976600227409e+00
9.893499178256746074e-01
9.922459292938800024e-01
1.017586029640677348e+00
1.003467973733175977e+00
1.015776022473048990e+00
9.922459292938800024e-01
9.882639135250975704e-01
1.019034035374779990e+00
9.918839278603542864e-01
1.019034035374779990e+00
1.010708002403689409e+00
9.654578232129799042e-01
1.014328016738946348e+00
9.650958217794541882e-01
9.509777658719528182e-01
1.016500025340100422e+00
9.795758791204812743e-01
9.784898748199042373e-01
9.654578232129799042e-01
1.001657966565547619e+00
9.962279450626624344e-01
9.969519479297137554e-01
9.882639135250975704e-01
1.016862026773625916e+00
9.926079307274056074e-01
1.015776022473048990e+00
1.002381969432598829e+00
9.839198963227894223e-01
9.875399106580461384e-01
9.828338920222123853e-01
9.897119192592002124e-01
1.015776022473048990e+00
1.012880011004843483e+00
1.000571962264970471e+00
1.004915979467278619e+00
9.784898748199042373e-01
1.007811990935484125e+00
1.016500025340100422e+00
9.593037988430433982e-01
1.009983999536638200e+00
9.918839278603542864e-01
1.009983999536638200e+00
1.002381969432598829e+00
9.926079307274056074e-01
1.009983999536638200e+00
9.886259149586231754e-01
9.958659436291367184e-01
1.006363985201381261e+00
9.792138776869556693e-01
1.019396036808305706e+00
9.976759507967650764e-01
9.741458576175960893e-01
9.835578948892637063e-01
9.893499178256746074e-01

# time bin value
-1.000000000000000000e+02
-9.900000000000000000e+01
-9.800000000000000000e+01
-9.700000000000000000e+01
-9.600000000000000000e+01
-9.500000000000000000e+01
-9.400000000000000000e+01
-9.300000000000000000e+01
-9.200000000000000000e+01
-9.100000000000000000e+01
-9.000000000000000000e+01
-8.900000000000000000e+01
-8.800000000000000000e+01
-8.700000000000000000e+01
-8.600000000000000000e+01
-8.500000000000000000e+01
-8.400000000000000000e+01
-8.300000000000000000e+01
-8.200000000000000000e+01
-8.100000000000000000e+01
-8.000000000000000000e+01
-7.900000000000000000e+01
-7.800000000000000000e+01
-7.700000000000000000e+01
-7.600000000000000000e+01
-7.500000000000000000e+01
-7.400000000000000000e+01
-7.300000000000000000e+01
-7.200000000000000000e+01
-7.100000000000000000e+01
-7.000000000000000000e+01
-6.900000000000000000e+01
-6.800000000000000000e+01
-6.700000000000000000e+01
-6.600000000000000000e+01
-6.500000000000000000e+01
-6.400000000000000000e+01
-6.300000000000000000e+01
-6.200000000000000000e+01
-6.100000000000000000e+01
-6.000000000000000000e+01
-5.900000000000000000e+01
-5.800000000000000000e+01
-5.700000000000000000e+01
-5.600000000000000000e+01
-5.500000000000000000e+01
-5.400000000000000000e+01
-5.300000000000000000e+01
-5.200000000000000000e+01
-5.100000000000000000e+01
-5.000000000000000000e+01
-4.900000000000000000e+01
-4.800000000000000000e+01
-4.700000000000000000e+01
-4.600000000000000000e+01
-4.500000000000000000e+01
-4.400000000000000000e+01
-4.300000000000000000e+01
-4.200000000000000000e+01
-4.100000000000000000e+01
-4.000000000000000000e+01
-3.900000000000000000e+01
-3.800000000000000000e+01
-3.700000000000000000e+01
-3.600000000000000000e+01
-3.500000000000000000e+01
-3.400000000000000000e+01
-3.300000000000000000e+01
-3.200000000000000000e+01
-3.100000000000000000e+01
-3.000000000000000000e+01
-2.900000000000000000e+01
-2.800000000000000000e+01
-2.700000000000000000e+01
-2.600000000000000000e+01
-2.500000000000000000e+01
-2.400000000000000000e+01
-2.300000000000000000e+01
-2.200000000000000000e+01
-2.100000000000000000e+01
-2.000000000000000000e+01
-1.900000000000000000e+01
-1.800000000000000000e+01
-1.700000000000000000e+01
-1.600000000000000000e+01
-1.500000000000000000e+01
-1.400000000000000000e+01
-1.300000000000000000e+01
-1.200000000000000000e+01
-1.100000000000000000e+01
-1.000000000000000000e+01
-9.000000000000000000e+00
-8.000000000000000000e+00
-7.000000000000000000e+00
-6.000000000000000000e+00
-5.000000000000000000e+00
-4.000000000000000000e+00
-3.000000000000000000e+00
-2.000000000000000000e+00
-1.000000000000000000e+00
0.000000000000000000e+00
1.000000000000000000e+00
2.000000000000000000e+00
3.000000000000000000e+00
4.000000000000000000e+00
5.000000000000000000e+00
6.000000000000000000e+00
7.000000000000000000e+00
8.000000000000000000e+00
9.000000000000000000e+00
1.000000000000000000e+01
1.100000000000000000e+01
1.200000000000000000e+01
1.300000000000000000e+01
1.400000000000000000e+01
1.500000000000000000e+01
1.600000000000000000e+01
1.700000000000000000e+01
1.800000000000000000e+01
1.900000000000000000e+01
2.000000000000000000e+01
2.100000000000000000e+01
2.200000000000000000e+01
2.300000000000000000e+01
2.400000000000000000e+01
2.500000000000000000e+01
2.600000000000000000e+01
2.700000000000000000e+01
2.800000000000000000e+01
2.900000000000000000e+01
3.000000000000000000e+01
3.100000000000000000e+01
3.200000000000000000e+01
3.300000000000000000e+01
3.400000000000000000e+01
3.500000000000000000e+01
3.600000000000000000e+01
3.700000000000000000e+01
3.800000000000000000e+01
3.900000000000000000e+01
4.000000000000000000e+01
4.100000000000000000e+01
4.200000000000000000e+01
4.300000000000000000e+01
4.400000000000000000e+01
4.500000000000000000e+01
4.600000000000000000e+01
4.700000000000000000e+01
4.800000000000000000e+01
4.900000000000000000e+01
5.000000000000000000e+01
5.100000000000000000e+01
5.200000000000000000e+01
5.300000000000000000e+01
5.400000000000000000e+01
5.500000000000000000e+01
5.600000000000000000e+01
5.700000000000000000e+01
5.800000000000000000e+01
5.900000000000000000e+01
6.000000000000000000e+01
6.100000000000000000e+01
6.200000000000000000e+01
6.300000000000000000e+01
6.400000000000000000e+01
6.500000000000000000e+01
6.600000000000000000e+01
6.700000000000000000e+01
6.800000000000000000e+01
6.900000000000000000e+01
7.000000000000000000e+01
7.100000000000000000e+01
7.200000000000000000e+01
7.300000000000000000e+01
7.400000000000000000e+01
7.500000000000000000e+01
7.600000000000000000e+01
7.700000000000000000e+01
7.800000000000000000e+01
7.900000000000000000e+01
8.000000000000000000e+01
8.100000000000000000e+01
8.200000000000000000e+01
8.300000000000000000e+01
8.400000000000000000e+01
8.500000000000000000e+01
8.600000000000000000e+01
8.700000000000000000e+01
8.800000000000000000e+01
8.900000000000000000e+01
9.000000000000000000e+01
9.100000000000000000e+01
9.200000000000000000e+01
9.300000000000000000e+01
9.400000000000000000e+01
9.500000000000000000e+01
9.600000000000000000e+01
9.700000000000000000e+01
9.800000000000000000e+01
9.900000000000000000e+01
