single photon fraction:    0.1460
laser fraction:    0.1788
thermal source fraction:    0.3321
non-detected fraction:    0.3431
number of bins:  200.0000
bin width (ns):    1.0000
average detection events per bin: 5000.0000

# binary result
0.000000000000000000e+00

# g2 signal
1.002523399865513865e+00
9.933399794087305335e-01
1.027930863129281169e+00
1.023951380931341637e+00
9.719119983429027609e-01
9.749731384951638713e-01
1.008033452139583952e+00
9.734425684190333161e-01
9.893604972107911122e-01
9.951766635000872663e-01
1.011706820322297196e+00
1.001298943804609376e+00
1.003135627895966220e+00
9.921155233478261559e-01
9.566062975815972091e-01
9.921155233478261559e-01
9.960950055457655772e-01
1.024257494946567704e+00
9.746670244799378047e-01
1.004972311987322842e+00
9.945644354696350220e-01
1.037114283586064500e+00
1.010176250246166640e+00
9.908910672869216674e-01
1.007727338124357885e+00
9.970133475914438881e-01
9.878299271346605570e-01
9.957888915305395106e-01
9.866054710737561795e-01
9.832382169062688915e-01
1.006196768048227330e+00
1.007727338124357885e+00
9.893604972107911122e-01
1.029155319190185658e+00
1.007421224109131597e+00
9.942583214544089554e-01
9.691569722058678282e-01
1.023033038885663437e+00
9.862993570585300018e-01
1.030379775251089924e+00
9.749731384951638713e-01
9.970133475914438881e-01
1.005584540017774975e+00
1.000380601758931176e+00
1.001605057819835665e+00
1.026094179037924548e+00
1.012625162367975618e+00
1.012625162367975618e+00
9.664019460688327845e-01
9.985439176675744433e-01
1.015380188505010661e+00
9.584429816729539420e-01
9.939522074391827777e-01
1.012625162367975618e+00
1.012625162367975618e+00
1.029767547220637791e+00
9.862993570585300018e-01
9.853810150128516909e-01
1.008033452139583952e+00
9.740547964494855604e-01
1.001605057819835665e+00
9.948705494848610886e-01
9.942583214544089554e-01
9.866054710737561795e-01
9.801770767540077811e-01
9.611980078099888747e-01
1.014767960474558306e+00
1.001605057819835665e+00
1.021808582824758949e+00
1.029155319190185658e+00
1.011400706307071129e+00
9.930338653935044668e-01
1.026094179037924548e+00
1.014155732444106173e+00
9.985439176675744433e-01
9.881360411498867347e-01
9.719119983429027609e-01
1.019971898733402327e+00
1.006196768048227330e+00
1.006196768048227330e+00
9.982378036523483766e-01
1.002217285850287798e+00
9.798709627387817145e-01
9.832382169062688915e-01
9.884421551651128013e-01
9.810954187996860920e-01
1.015380188505010661e+00
1.011400706307071129e+00
9.765037085712944265e-01
1.004053969941644420e+00
9.737486824342594938e-01
9.838504449367211357e-01
1.003135627895966220e+00
1.023951380931341637e+00
1.019665784718176038e+00
9.866054710737561795e-01
1.002217285850287798e+00
9.982378036523483766e-01
9.866054710737561795e-01
1.004972311987322842e+00
1.290882802208510594e+00
1.011094592291845062e+00
1.006502882063453397e+00
1.020890240779080527e+00
1.005890654033001042e+00
1.012319048352749551e+00
9.743609104647117380e-01
1.004360083956870486e+00
9.887482691803388679e-01
1.012319048352749551e+00
1.023339152900889504e+00
1.014155732444106173e+00
1.014155732444106173e+00
1.017522986611593350e+00
9.743609104647117380e-01
1.001605057819835665e+00
1.014155732444106173e+00
9.918094093325999783e-01
1.025788065022698259e+00
9.786465066778772259e-01
1.012931276383201684e+00
9.954827775153133329e-01
1.001911171835061731e+00
9.970133475914438881e-01
1.025175836992246126e+00
9.801770767540077811e-01
1.007421224109131597e+00
9.786465066778772259e-01
1.016604644565914928e+00
9.850749009976256243e-01
1.044461019951491210e+00
9.982378036523483766e-01
1.001605057819835665e+00
1.000074487743705109e+00
1.008645680170036085e+00
1.008339566154810019e+00
1.005278426002548908e+00
1.008645680170036085e+00
9.887482691803388679e-01
1.012319048352749551e+00
9.841565589519472024e-01
1.027930863129281169e+00
1.008339566154810019e+00
9.814015328149122697e-01
9.823198748605905806e-01
9.887482691803388679e-01
9.810954187996860920e-01
1.012012934337523262e+00
9.752792525103900489e-01
1.032522573357672835e+00
9.933399794087305335e-01
9.933399794087305335e-01
1.013543504413653817e+00
9.801770767540077811e-01
9.911971813021478450e-01
9.820137608453645139e-01
9.844626729671733800e-01
1.011400706307071129e+00
9.890543831955650456e-01
9.575246396272756311e-01
1.005584540017774975e+00
1.027930863129281169e+00
9.930338653935044668e-01
9.994622597132527542e-01
1.030073661235863858e+00
9.771159366017466708e-01
1.015074074489784373e+00
9.957888915305395106e-01
1.013543504413653817e+00
1.011706820322297196e+00
9.988500316828006209e-01
9.964011195609916438e-01
9.774220506169728484e-01
1.005890654033001042e+00
9.734425684190333161e-01
9.890543831955650456e-01
1.010482364261392707e+00
9.835443309214950691e-01
9.817076468301383363e-01
9.501779032618489218e-01
9.777281646321989150e-01
1.002523399865513865e+00
9.719119983429027609e-01
1.021196354794306593e+00
9.911971813021478450e-01
9.850749009976256243e-01
9.801770767540077811e-01
9.902788392564694231e-01
9.691569722058678282e-01
9.967072335762178215e-01
1.015074074489784373e+00
9.829321028910428248e-01
1.009870136230940574e+00
1.012931276383201684e+00
1.020584126763854460e+00
1.028543091159733303e+00
1.022420810855211082e+00
9.761975945560683599e-01
9.942583214544089554e-01
1.021502468809532882e+00

# time bin value
-1.000000000000000000e+02
-9.900000000000000000e+01
-9.800000000000000000e+01
-9.700000000000000000e+01
-9.600000000000000000e+01
-9.500000000000000000e+01
-9.400000000000000000e+01
-9.300000000000000000e+01
-9.200000000000000000e+01
-9.100000000000000000e+01
-9.000000000000000000e+01
-8.900000000000000000e+01
-8.800000000000000000e+01
-8.700000000000000000e+01
-8.600000000000000000e+01
-8.500000000000000000e+01
-8.400000000000000000e+01
-8.300000000000000000e+01
-8.200000000000000000e+01
-8.100000000000000000e+01
-8.000000000000000000e+01
-7.900000000000000000e+01
-7.800000000000000000e+01
-7.700000000000000000e+01
-7.600000000000000000e+01
-7.500000000000000000e+01
-7.400000000000000000e+01
-7.300000000000000000e+01
-7.200000000000000000e+01
-7.100000000000000000e+01
-7.000000000000000000e+01
-6.900000000000000000e+01
-6.800000000000000000e+01
-6.700000000000000000e+01
-6.600000000000000000e+01
-6.500000000000000000e+01
-6.400000000000000000e+01
-6.300000000000000000e+01
-6.200000000000000000e+01
-6.100000000000000000e+01
-6.000000000000000000e+01
-5.900000000000000000e+01
-5.800000000000000000e+01
-5.700000000000000000e+01
-5.600000000000000000e+01
-5.500000000000000000e+01
-5.400000000000000000e+01
-5.300000000000000000e+01
-5.200000000000000000e+01
-5.100000000000000000e+01
-5.000000000000000000e+01
-4.900000000000000000e+01
-4.800000000000000000e+01
-4.700000000000000000e+01
-4.600000000000000000e+01
-4.500000000000000000e+01
-4.400000000000000000e+01
-4.300000000000000000e+01
-4.200000000000000000e+01
-4.100000000000000000e+01
-4.000000000000000000e+01
-3.900000000000000000e+01
-3.800000000000000000e+01
-3.700000000000000000e+01
-3.600000000000000000e+01
-3.500000000000000000e+01
-3.400000000000000000e+01
-3.300000000000000000e+01
-3.200000000000000000e+01
-3.100000000000000000e+01
-3.000000000000000000e+01
-2.900000000000000000e+01
-2.800000000000000000e+01
-2.700000000000000000e+01
-2.600000000000000000e+01
-2.500000000000000000e+01
-2.400000000000000000e+01
-2.300000000000000000e+01
-2.200000000000000000e+01
-2.100000000000000000e+01
-2.000000000000000000e+01
-1.900000000000000000e+01
-1.800000000000000000e+01
-1.700000000000000000e+01
-1.600000000000000000e+01
-1.500000000000000000e+01
-1.400000000000000000e+01
-1.300000000000000000e+01
-1.200000000000000000e+01
-1.100000000000000000e+01
-1.000000000000000000e+01
-9.000000000000000000e+00
-8.000000000000000000e+00
-7.000000000000000000e+00
-6.000000000000000000e+00
-5.000000000000000000e+00
-4.000000000000000000e+00
-3.000000000000000000e+00
-2.000000000000000000e+00
-1.000000000000000000e+00
0.000000000000000000e+00
1.000000000000000000e+00
2.000000000000000000e+00
3.000000000000000000e+00
4.000000000000000000e+00
5.000000000000000000e+00
6.000000000000000000e+00
7.000000000000000000e+00
8.000000000000000000e+00
9.000000000000000000e+00
1.000000000000000000e+01
1.100000000000000000e+01
1.200000000000000000e+01
1.300000000000000000e+01
1.400000000000000000e+01
1.500000000000000000e+01
1.600000000000000000e+01
1.700000000000000000e+01
1.800000000000000000e+01
1.900000000000000000e+01
2.000000000000000000e+01
2.100000000000000000e+01
2.200000000000000000e+01
2.300000000000000000e+01
2.400000000000000000e+01
2.500000000000000000e+01
2.600000000000000000e+01
2.700000000000000000e+01
2.800000000000000000e+01
2.900000000000000000e+01
3.000000000000000000e+01
3.100000000000000000e+01
3.200000000000000000e+01
3.300000000000000000e+01
3.400000000000000000e+01
3.500000000000000000e+01
3.600000000000000000e+01
3.700000000000000000e+01
3.800000000000000000e+01
3.900000000000000000e+01
4.000000000000000000e+01
4.100000000000000000e+01
4.200000000000000000e+01
4.300000000000000000e+01
4.400000000000000000e+01
4.500000000000000000e+01
4.600000000000000000e+01
4.700000000000000000e+01
4.800000000000000000e+01
4.900000000000000000e+01
5.000000000000000000e+01
5.100000000000000000e+01
5.200000000000000000e+01
5.300000000000000000e+01
5.400000000000000000e+01
5.500000000000000000e+01
5.600000000000000000e+01
5.700000000000000000e+01
5.800000000000000000e+01
5.900000000000000000e+01
6.000000000000000000e+01
6.100000000000000000e+01
6.200000000000000000e+01
6.300000000000000000e+01
6.400000000000000000e+01
6.500000000000000000e+01
6.600000000000000000e+01
6.700000000000000000e+01
6.800000000000000000e+01
6.900000000000000000e+01
7.000000000000000000e+01
7.100000000000000000e+01
7.200000000000000000e+01
7.300000000000000000e+01
7.400000000000000000e+01
7.500000000000000000e+01
7.600000000000000000e+01
7.700000000000000000e+01
7.800000000000000000e+01
7.900000000000000000e+01
8.000000000000000000e+01
8.100000000000000000e+01
8.200000000000000000e+01
8.300000000000000000e+01
8.400000000000000000e+01
8.500000000000000000e+01
8.600000000000000000e+01
8.700000000000000000e+01
8.800000000000000000e+01
8.900000000000000000e+01
9.000000000000000000e+01
9.100000000000000000e+01
9.200000000000000000e+01
9.300000000000000000e+01
9.400000000000000000e+01
9.500000000000000000e+01
9.600000000000000000e+01
9.700000000000000000e+01
9.800000000000000000e+01
9.900000000000000000e+01
