single photon fraction:    0.4743
laser fraction:    0.0400
thermal source fraction:    0.0171
non-detected fraction:    0.4686
number of bins:  200.0000
bin width (ns):    1.0000
average detection events per bin: 5000.0000

# binary result
1.000000000000000000e+00

# g2 signal
1.033037078742057524e+00
1.008153703852650240e+00
1.005514558031046501e+00
9.813852248049547145e-01
1.011546891337569587e+00
9.915647872597121992e-01
1.021726453792326961e+00
9.991052038928658341e-01
1.003252433041100344e+00
1.002498391377784959e+00
9.606490790637819410e-01
1.022857516287300150e+00
9.945809539129736310e-01
1.016071141317461679e+00
9.832703289632430677e-01
1.017202203812434869e+00
9.987281830612082523e-01
9.821392664682701001e-01
1.026250703772219275e+00
1.006268599694361887e+00
1.011923912169227169e+00
9.870405372798199961e-01
9.942039330813159381e-01
9.862864956165046104e-01
9.798771414783239431e-01
1.007399662189334855e+00
9.881715997747929636e-01
1.006645620526019691e+00
1.015317099654146293e+00
1.015694120485804097e+00
9.602720582321243592e-01
9.957120164079467095e-01
1.051888120324941722e+00
1.026627724603876857e+00
1.043970682860130506e+00
9.874175581114776890e-01
9.851554331215315319e-01
1.011923912169227169e+00
1.017579224644092450e+00
9.764839539934048185e-01
1.004760516367731116e+00
1.029266870425480818e+00
9.825162872999277930e-01
9.994822247245235269e-01
9.787460789833508645e-01
9.727137456768278900e-01
1.037938349553607420e+00
1.001367328882811991e+00
1.029643891257138399e+00
9.772379956567200932e-01
1.025496662108903889e+00
9.689435373602510726e-01
1.041331537038526545e+00
9.723367248451701972e-01
1.000236266387839024e+00
1.023988578782273118e+00
1.046609828681734244e+00
9.915647872597121992e-01
1.010415828842596397e+00
9.900567039330814278e-01
9.817622456366124073e-01
1.000613287219496605e+00
1.023611557950615536e+00
1.030020912088795981e+00
9.953349955762890167e-01
9.938269122496582453e-01
9.949579747446313238e-01
1.039069412048580610e+00
9.874175581114776890e-01
9.636652457170434838e-01
9.836473497949007605e-01
9.712056623501972297e-01
9.893026622697660422e-01
1.007399662189334855e+00
9.802541623099816359e-01
1.002121370546127377e+00
1.010038808010938816e+00
9.926958497546852778e-01
9.851554331215315319e-01
1.055658328641518651e+00
1.002875412209442763e+00
1.003252433041100344e+00
9.874175581114776890e-01
9.832703289632430677e-01
9.942039330813159381e-01
1.014563057990830908e+00
1.011546891337569587e+00
1.016825182980777065e+00
9.938269122496582453e-01
9.866635164481623033e-01
1.017202203812434869e+00
9.953349955762890167e-01
1.005891578862704305e+00
1.034545162068688295e+00
9.787460789833508645e-01
1.032283037078742138e+00
9.844013914582161462e-01
1.009661787179281012e+00
9.855324539531892247e-01
9.983511622295505594e-01
1.349734577334513186e-01
1.040577495375211159e+00
1.001744349714469795e+00
1.040954516206868963e+00
9.915647872597121992e-01
1.011169870505911783e+00
9.908107455963968135e-01
1.020595391297353993e+00
1.023988578782273118e+00
1.001367328882811991e+00
9.825162872999277930e-01
1.001744349714469795e+00
1.019841349634038608e+00
1.014563057990830908e+00
9.972200997345774809e-01
1.017956245475750254e+00
1.020972412129011575e+00
1.020595391297353993e+00
9.998592455561812198e-01
9.591409957371512807e-01
1.024742620445588503e+00
1.019087307970723222e+00
9.866635164481623033e-01
1.015694120485804097e+00
9.877945789431353818e-01
9.915647872597121992e-01
9.813852248049547145e-01
1.006645620526019691e+00
1.001367328882811991e+00
1.011923912169227169e+00
1.032283037078742138e+00
1.038315370385265224e+00
9.911877664280545064e-01
9.640422665487011766e-01
1.031906016247084557e+00
1.010038808010938816e+00
9.644192873803588695e-01
1.013431995495857940e+00
9.964660580712620952e-01
9.877945789431353818e-01
1.010415828842596397e+00
1.006268599694361887e+00
9.904337247647391207e-01
1.020595391297353993e+00
1.008153703852650240e+00
9.738448081718009686e-01
9.900567039330814278e-01
1.011923912169227169e+00
1.007776683020992659e+00
9.915647872597121992e-01
1.015694120485804097e+00
9.768609748250625113e-01
1.015694120485804097e+00
1.026627724603876857e+00
9.972200997345774809e-01
9.859094747848469176e-01
1.013431995495857940e+00
9.945809539129736310e-01
1.016071141317461679e+00
9.825162872999277930e-01
1.031528995415426753e+00
9.674354540336203012e-01
9.745988498351163543e-01
1.003629453872758148e+00
9.930728705863429706e-01
1.007399662189334855e+00
9.949579747446313238e-01
9.644192873803588695e-01
1.009661787179281012e+00
1.007399662189334855e+00
1.015317099654146293e+00
1.022480495455642346e+00
9.994822247245235269e-01
9.840243706265584533e-01
1.021726453792326961e+00
1.002875412209442763e+00
1.001744349714469795e+00
9.957120164079467095e-01
1.018710287139065418e+00
9.806311831416393288e-01
9.647963082120165623e-01
1.019087307970723222e+00
1.036807287058634452e+00
1.032660057910399942e+00
9.949579747446313238e-01
1.000990308051154409e+00
9.651733290436742552e-01
1.006645620526019691e+00
1.043970682860130506e+00
1.013431995495857940e+00
1.027004745435534661e+00
1.014940078822488712e+00
9.798771414783239431e-01
9.919418080913698921e-01
9.968430789029197880e-01
9.828933081315853748e-01
1.007022641357677273e+00
1.031528995415426753e+00
1.005891578862704305e+00
1.019841349634038608e+00

# time bin value
-1.000000000000000000e+02
-9.900000000000000000e+01
-9.800000000000000000e+01
-9.700000000000000000e+01
-9.600000000000000000e+01
-9.500000000000000000e+01
-9.400000000000000000e+01
-9.300000000000000000e+01
-9.200000000000000000e+01
-9.100000000000000000e+01
-9.000000000000000000e+01
-8.900000000000000000e+01
-8.800000000000000000e+01
-8.700000000000000000e+01
-8.600000000000000000e+01
-8.500000000000000000e+01
-8.400000000000000000e+01
-8.300000000000000000e+01
-8.200000000000000000e+01
-8.100000000000000000e+01
-8.000000000000000000e+01
-7.900000000000000000e+01
-7.800000000000000000e+01
-7.700000000000000000e+01
-7.600000000000000000e+01
-7.500000000000000000e+01
-7.400000000000000000e+01
-7.300000000000000000e+01
-7.200000000000000000e+01
-7.100000000000000000e+01
-7.000000000000000000e+01
-6.900000000000000000e+01
-6.800000000000000000e+01
-6.700000000000000000e+01
-6.600000000000000000e+01
-6.500000000000000000e+01
-6.400000000000000000e+01
-6.300000000000000000e+01
-6.200000000000000000e+01
-6.100000000000000000e+01
-6.000000000000000000e+01
-5.900000000000000000e+01
-5.800000000000000000e+01
-5.700000000000000000e+01
-5.600000000000000000e+01
-5.500000000000000000e+01
-5.400000000000000000e+01
-5.300000000000000000e+01
-5.200000000000000000e+01
-5.100000000000000000e+01
-5.000000000000000000e+01
-4.900000000000000000e+01
-4.800000000000000000e+01
-4.700000000000000000e+01
-4.600000000000000000e+01
-4.500000000000000000e+01
-4.400000000000000000e+01
-4.300000000000000000e+01
-4.200000000000000000e+01
-4.100000000000000000e+01
-4.000000000000000000e+01
-3.900000000000000000e+01
-3.800000000000000000e+01
-3.700000000000000000e+01
-3.600000000000000000e+01
-3.500000000000000000e+01
-3.400000000000000000e+01
-3.300000000000000000e+01
-3.200000000000000000e+01
-3.100000000000000000e+01
-3.000000000000000000e+01
-2.900000000000000000e+01
-2.800000000000000000e+01
-2.700000000000000000e+01
-2.600000000000000000e+01
-2.500000000000000000e+01
-2.400000000000000000e+01
-2.300000000000000000e+01
-2.200000000000000000e+01
-2.100000000000000000e+01
-2.000000000000000000e+01
-1.900000000000000000e+01
-1.800000000000000000e+01
-1.700000000000000000e+01
-1.600000000000000000e+01
-1.500000000000000000e+01
-1.400000000000000000e+01
-1.300000000000000000e+01
-1.200000000000000000e+01
-1.100000000000000000e+01
-1.000000000000000000e+01
-9.000000000000000000e+00
-8.000000000000000000e+00
-7.000000000000000000e+00
-6.000000000000000000e+00
-5.000000000000000000e+00
-4.000000000000000000e+00
-3.000000000000000000e+00
-2.000000000000000000e+00
-1.000000000000000000e+00
0.000000000000000000e+00
1.000000000000000000e+00
2.000000000000000000e+00
3.000000000000000000e+00
4.000000000000000000e+00
5.000000000000000000e+00
6.000000000000000000e+00
7.000000000000000000e+00
8.000000000000000000e+00
9.000000000000000000e+00
1.000000000000000000e+01
1.100000000000000000e+01
1.200000000000000000e+01
1.300000000000000000e+01
1.400000000000000000e+01
1.500000000000000000e+01
1.600000000000000000e+01
1.700000000000000000e+01
1.800000000000000000e+01
1.900000000000000000e+01
2.000000000000000000e+01
2.100000000000000000e+01
2.200000000000000000e+01
2.300000000000000000e+01
2.400000000000000000e+01
2.500000000000000000e+01
2.600000000000000000e+01
2.700000000000000000e+01
2.800000000000000000e+01
2.900000000000000000e+01
3.000000000000000000e+01
3.100000000000000000e+01
3.200000000000000000e+01
3.300000000000000000e+01
3.400000000000000000e+01
3.500000000000000000e+01
3.600000000000000000e+01
3.700000000000000000e+01
3.800000000000000000e+01
3.900000000000000000e+01
4.000000000000000000e+01
4.100000000000000000e+01
4.200000000000000000e+01
4.300000000000000000e+01
4.400000000000000000e+01
4.500000000000000000e+01
4.600000000000000000e+01
4.700000000000000000e+01
4.800000000000000000e+01
4.900000000000000000e+01
5.000000000000000000e+01
5.100000000000000000e+01
5.200000000000000000e+01
5.300000000000000000e+01
5.400000000000000000e+01
5.500000000000000000e+01
5.600000000000000000e+01
5.700000000000000000e+01
5.800000000000000000e+01
5.900000000000000000e+01
6.000000000000000000e+01
6.100000000000000000e+01
6.200000000000000000e+01
6.300000000000000000e+01
6.400000000000000000e+01
6.500000000000000000e+01
6.600000000000000000e+01
6.700000000000000000e+01
6.800000000000000000e+01
6.900000000000000000e+01
7.000000000000000000e+01
7.100000000000000000e+01
7.200000000000000000e+01
7.300000000000000000e+01
7.400000000000000000e+01
7.500000000000000000e+01
7.600000000000000000e+01
7.700000000000000000e+01
7.800000000000000000e+01
7.900000000000000000e+01
8.000000000000000000e+01
8.100000000000000000e+01
8.200000000000000000e+01
8.300000000000000000e+01
8.400000000000000000e+01
8.500000000000000000e+01
8.600000000000000000e+01
8.700000000000000000e+01
8.800000000000000000e+01
8.900000000000000000e+01
9.000000000000000000e+01
9.100000000000000000e+01
9.200000000000000000e+01
9.300000000000000000e+01
9.400000000000000000e+01
9.500000000000000000e+01
9.600000000000000000e+01
9.700000000000000000e+01
9.800000000000000000e+01
9.900000000000000000e+01
