single photon fraction:    0.1368
laser fraction:    0.3462
thermal source fraction:    0.3632
non-detected fraction:    0.1538
number of bins:  200.0000
bin width (ns):    1.0000
average detection events per bin: 5000.0000

# binary result
0.000000000000000000e+00

# g2 signal
1.004846964876755733e+00
1.006988481022597748e+00
1.022930878997199367e+00
9.979465239623759309e-01
9.867630507563120990e-01
1.012461244506416280e+00
1.001039825061925459e+00
9.998500938697910678e-01
9.941393841475456572e-01
9.848594808488969621e-01
1.005560803592036478e+00
9.941393841475456572e-01
1.016506330559673321e+00
1.002705448730913718e+00
1.014840706890685063e+00
9.922358142401305203e-01
9.988983089160834439e-01
1.027451857527310164e+00
1.004846964876755733e+00
9.779590399345171603e-01
9.886666206637272358e-01
9.865251045178852207e-01
1.010795620837428022e+00
9.748657388349676323e-01
9.984224164392296874e-01
1.006750534784170759e+00
1.004371072399901976e+00
9.850974270873238403e-01
9.565438784760971203e-01
9.917599217632767639e-01
9.977085777239490527e-01
9.815282335109205558e-01
1.002705448730913718e+00
9.781969861729440385e-01
9.984224164392296874e-01
1.015078653129112052e+00
1.013650975698550560e+00
1.011747405791135535e+00
9.817661797493474340e-01
9.881907281868734794e-01
9.789108248882247842e-01
1.000801878823498692e+00
1.004371072399901976e+00
9.846215346104700838e-01
9.836697496567625709e-01
1.030307212388432925e+00
1.003181341207767474e+00
9.877148357100196119e-01
9.919978680017036421e-01
9.972326852470952963e-01
9.870009969947389772e-01
1.013413029460123793e+00
9.889045669021541141e-01
9.962809002933876723e-01
9.924737604785573986e-01
1.010319728360574265e+00
9.886666206637272358e-01
1.003895179923048220e+00
9.934255454322650225e-01
9.848594808488969621e-01
9.801005560803591754e-01
1.004846964876755733e+00
9.636822656289038003e-01
9.739139538812600083e-01
1.009605889645293519e+00
9.912840292864230074e-01
9.965188465318145505e-01
1.014840706890685063e+00
9.910460830479961292e-01
9.803385023187860536e-01
9.893804593790078705e-01
1.013175083221696804e+00
1.031496943580567427e+00
9.810523410340666883e-01
9.953291153396801594e-01
9.958050078165339158e-01
1.007940265976305261e+00
9.903322443327154945e-01
9.751036850733945105e-01
1.009367943406866530e+00
1.007226427261024515e+00
9.874768894715927336e-01
1.002705448730913718e+00
1.010081782122147276e+00
1.027927750004164142e+00
1.016506330559673321e+00
1.031258997342140438e+00
1.001277771300352448e+00
9.991362551545103221e-01
1.004846964876755733e+00
9.646340505826113132e-01
9.710585990201373585e-01
1.010081782122147276e+00
9.810523410340666883e-01
1.013650975698550560e+00
9.862871582794583425e-01
9.877148357100196119e-01
1.032686674772701929e+00
9.948532228628262919e-01
1.000325986346644713e+00
1.290858343465877356e+00
1.012937136983270037e+00
1.012461244506416280e+00
9.658237817747458154e-01
9.969947390086683070e-01
1.008892050930012774e+00
9.912840292864230074e-01
1.029593373673152179e+00
1.006988481022597748e+00
9.774831474576634038e-01
9.998500938697910678e-01
9.924737604785573986e-01
9.874768894715927336e-01
1.017220169274954067e+00
1.005798749830463246e+00
9.993742013929372003e-01
1.000088040108217946e+00
1.016744276798100310e+00
9.910460830479961292e-01
1.003181341207767474e+00
1.022692932758772377e+00
1.030069266150005936e+00
1.003657233684621231e+00
1.006512588545743991e+00
1.014840706890685063e+00
1.010319728360574265e+00
9.893804593790078705e-01
1.013413029460123793e+00
9.803385023187860536e-01
1.004371072399901976e+00
9.848594808488969621e-01
9.793867173650785407e-01
9.977085777239490527e-01
1.019837577897649838e+00
9.965188465318145505e-01
9.877148357100196119e-01
1.014602760652258295e+00
1.014364814413831306e+00
1.011033567075854789e+00
1.015554545605965808e+00
1.005084911115182500e+00
9.865251045178852207e-01
1.013888921936977550e+00
9.946152766243994137e-01
1.011747405791135535e+00
1.017458115513380834e+00
1.010319728360574265e+00
1.007940265976305261e+00
1.023168825235626134e+00
1.022930878997199367e+00
9.758175237886751452e-01
1.004371072399901976e+00
1.013175083221696804e+00
1.014126868175404317e+00
1.001039825061925459e+00
1.006750534784170759e+00
1.018885792943942326e+00
9.979465239623759309e-01
9.965188465318145505e-01
1.011747405791135535e+00
1.007702319737878494e+00
1.014602760652258295e+00
9.967567927702414288e-01
9.784349324113709168e-01
9.774831474576634038e-01
9.969947390086683070e-01
1.012937136983270037e+00
1.017458115513380834e+00
1.004609018638328743e+00
9.872389432331658554e-01
9.874768894715927336e-01
9.917599217632767639e-01
1.006274642307317002e+00
9.969947390086683070e-01
9.822420722262011905e-01
1.016030438082819565e+00
1.005560803592036478e+00
9.979465239623759309e-01
1.027213911288883397e+00
9.988983089160834439e-01
9.905701905711423727e-01
9.996121476313641896e-01
1.006036696068890235e+00
9.986603626776565656e-01
1.010081782122147276e+00
9.991362551545103221e-01
1.012937136983270037e+00
9.896184056174347488e-01
9.743898463581138758e-01
9.939014379091187790e-01
9.936634916706919007e-01
9.665376204900264501e-01
1.000563932585071703e+00
9.791487711266516625e-01
9.936634916706919007e-01
9.693929753511490999e-01
1.030307212388432925e+00
1.018885792943942326e+00
9.862871582794583425e-01
1.011271513314281778e+00

# time bin value
-1.000000000000000000e+02
-9.900000000000000000e+01
-9.800000000000000000e+01
-9.700000000000000000e+01
-9.600000000000000000e+01
-9.500000000000000000e+01
-9.400000000000000000e+01
-9.300000000000000000e+01
-9.200000000000000000e+01
-9.100000000000000000e+01
-9.000000000000000000e+01
-8.900000000000000000e+01
-8.800000000000000000e+01
-8.700000000000000000e+01
-8.600000000000000000e+01
-8.500000000000000000e+01
-8.400000000000000000e+01
-8.300000000000000000e+01
-8.200000000000000000e+01
-8.100000000000000000e+01
-8.000000000000000000e+01
-7.900000000000000000e+01
-7.800000000000000000e+01
-7.700000000000000000e+01
-7.600000000000000000e+01
-7.500000000000000000e+01
-7.400000000000000000e+01
-7.300000000000000000e+01
-7.200000000000000000e+01
-7.100000000000000000e+01
-7.000000000000000000e+01
-6.900000000000000000e+01
-6.800000000000000000e+01
-6.700000000000000000e+01
-6.600000000000000000e+01
-6.500000000000000000e+01
-6.400000000000000000e+01
-6.300000000000000000e+01
-6.200000000000000000e+01
-6.100000000000000000e+01
-6.000000000000000000e+01
-5.900000000000000000e+01
-5.800000000000000000e+01
-5.700000000000000000e+01
-5.600000000000000000e+01
-5.500000000000000000e+01
-5.400000000000000000e+01
-5.300000000000000000e+01
-5.200000000000000000e+01
-5.100000000000000000e+01
-5.000000000000000000e+01
-4.900000000000000000e+01
-4.800000000000000000e+01
-4.700000000000000000e+01
-4.600000000000000000e+01
-4.500000000000000000e+01
-4.400000000000000000e+01
-4.300000000000000000e+01
-4.200000000000000000e+01
-4.100000000000000000e+01
-4.000000000000000000e+01
-3.900000000000000000e+01
-3.800000000000000000e+01
-3.700000000000000000e+01
-3.600000000000000000e+01
-3.500000000000000000e+01
-3.400000000000000000e+01
-3.300000000000000000e+01
-3.200000000000000000e+01
-3.100000000000000000e+01
-3.000000000000000000e+01
-2.900000000000000000e+01
-2.800000000000000000e+01
-2.700000000000000000e+01
-2.600000000000000000e+01
-2.500000000000000000e+01
-2.400000000000000000e+01
-2.300000000000000000e+01
-2.200000000000000000e+01
-2.100000000000000000e+01
-2.000000000000000000e+01
-1.900000000000000000e+01
-1.800000000000000000e+01
-1.700000000000000000e+01
-1.600000000000000000e+01
-1.500000000000000000e+01
-1.400000000000000000e+01
-1.300000000000000000e+01
-1.200000000000000000e+01
-1.100000000000000000e+01
-1.000000000000000000e+01
-9.000000000000000000e+00
-8.000000000000000000e+00
-7.000000000000000000e+00
-6.000000000000000000e+00
-5.000000000000000000e+00
-4.000000000000000000e+00
-3.000000000000000000e+00
-2.000000000000000000e+00
-1.000000000000000000e+00
0.000000000000000000e+00
1.000000000000000000e+00
2.000000000000000000e+00
3.000000000000000000e+00
4.000000000000000000e+00
5.000000000000000000e+00
6.000000000000000000e+00
7.000000000000000000e+00
8.000000000000000000e+00
9.000000000000000000e+00
1.000000000000000000e+01
1.100000000000000000e+01
1.200000000000000000e+01
1.300000000000000000e+01
1.400000000000000000e+01
1.500000000000000000e+01
1.600000000000000000e+01
1.700000000000000000e+01
1.800000000000000000e+01
1.900000000000000000e+01
2.000000000000000000e+01
2.100000000000000000e+01
2.200000000000000000e+01
2.300000000000000000e+01
2.400000000000000000e+01
2.500000000000000000e+01
2.600000000000000000e+01
2.700000000000000000e+01
2.800000000000000000e+01
2.900000000000000000e+01
3.000000000000000000e+01
3.100000000000000000e+01
3.200000000000000000e+01
3.300000000000000000e+01
3.400000000000000000e+01
3.500000000000000000e+01
3.600000000000000000e+01
3.700000000000000000e+01
3.800000000000000000e+01
3.900000000000000000e+01
4.000000000000000000e+01
4.100000000000000000e+01
4.200000000000000000e+01
4.300000000000000000e+01
4.400000000000000000e+01
4.500000000000000000e+01
4.600000000000000000e+01
4.700000000000000000e+01
4.800000000000000000e+01
4.900000000000000000e+01
5.000000000000000000e+01
5.100000000000000000e+01
5.200000000000000000e+01
5.300000000000000000e+01
5.400000000000000000e+01
5.500000000000000000e+01
5.600000000000000000e+01
5.700000000000000000e+01
5.800000000000000000e+01
5.900000000000000000e+01
6.000000000000000000e+01
6.100000000000000000e+01
6.200000000000000000e+01
6.300000000000000000e+01
6.400000000000000000e+01
6.500000000000000000e+01
6.600000000000000000e+01
6.700000000000000000e+01
6.800000000000000000e+01
6.900000000000000000e+01
7.000000000000000000e+01
7.100000000000000000e+01
7.200000000000000000e+01
7.300000000000000000e+01
7.400000000000000000e+01
7.500000000000000000e+01
7.600000000000000000e+01
7.700000000000000000e+01
7.800000000000000000e+01
7.900000000000000000e+01
8.000000000000000000e+01
8.100000000000000000e+01
8.200000000000000000e+01
8.300000000000000000e+01
8.400000000000000000e+01
8.500000000000000000e+01
8.600000000000000000e+01
8.700000000000000000e+01
8.800000000000000000e+01
8.900000000000000000e+01
9.000000000000000000e+01
9.100000000000000000e+01
9.200000000000000000e+01
9.300000000000000000e+01
9.400000000000000000e+01
9.500000000000000000e+01
9.600000000000000000e+01
9.700000000000000000e+01
9.800000000000000000e+01
9.900000000000000000e+01
