single photon fraction:    0.0610
laser fraction:    0.1646
thermal source fraction:    0.4573
non-detected fraction:    0.3171
number of bins:  200.0000
bin width (ns):    1.0000
average detection events per bin: 5000.0000

# binary result
0.000000000000000000e+00

# g2 signal
1.014748983922810766e+00
1.017110238102968411e+00
9.905461285761932855e-01
1.001171772386903358e+00
9.878897176235158506e-01
1.009436162017455674e+00
1.005599123974699305e+00
1.009141005244935885e+00
9.805107983105226799e-01
9.834623660357199038e-01
9.811011118555621469e-01
9.932025395288708314e-01
9.648674893669773045e-01
1.004713653657140160e+00
1.000286302069344213e+00
9.920219124387918974e-01
9.979250478891864562e-01
9.982202046617061342e-01
9.937928530739102984e-01
9.825768957181607588e-01
1.022127903235803714e+00
9.577837268265039228e-01
1.010911945880054175e+00
9.840526795807593707e-01
1.005599123974699305e+00
9.999911452968245351e-01
1.007074907837297806e+00
9.787398576754043900e-01
9.994008317517850681e-01
9.964492640265878443e-01
1.001762085931942936e+00
1.027440725141158806e+00
9.955637937090285883e-01
9.822817389456410808e-01
1.008550691699896529e+00
9.878897176235158506e-01
9.746076628601282321e-01
9.964492640265878443e-01
1.007074907837297806e+00
1.008550691699896529e+00
1.005008810429659727e+00
9.852333066708383047e-01
9.831672092632002258e-01
1.009731318789975463e+00
1.002942713022021648e+00
1.016815081330448844e+00
9.849381498983185157e-01
9.766737602677663110e-01
9.982202046617061342e-01
9.728367222250099422e-01
1.011797416197613542e+00
9.793301712204438569e-01
9.639820190494181595e-01
9.970395775716272002e-01
1.020061805828165635e+00
9.740173493150887651e-01
1.025374627733520727e+00
1.018586021965567134e+00
1.001466929159423147e+00
1.004713653657140160e+00
1.004713653657140160e+00
9.834623660357199038e-01
9.864139337609172387e-01
9.955637937090285883e-01
1.017995708420527556e+00
9.763786034952465220e-01
1.015044140695330332e+00
9.639820190494181595e-01
1.007074907837297806e+00
1.011797416197613542e+00
1.013273200060212043e+00
9.867090905334369166e-01
1.012978043287692254e+00
1.020061805828165635e+00
9.943831666189497653e-01
9.846429931257988377e-01
1.011207102652573964e+00
9.979250478891864562e-01
1.015044140695330332e+00
9.908412853487130745e-01
9.973347343441469892e-01
9.843478363532791597e-01
9.979250478891864562e-01
1.010026475562495030e+00
1.007370064609817595e+00
1.032458390273994109e+00
9.849381498983185157e-01
1.003237869794541437e+00
9.934976963013905094e-01
1.012387729742652898e+00
9.917267556662722194e-01
9.754931331776873771e-01
1.023603687098402437e+00
9.955637937090285883e-01
9.926122259838313644e-01
1.014453827150290977e+00
1.019176335510606490e+00
9.825768957181607588e-01
1.038951839269428135e+00
1.013273200060212043e+00
1.567577618852253440e+00
1.010026475562495030e+00
9.955637937090285883e-01
9.784447009028846010e-01
1.031572919956434964e+00
1.009731318789975463e+00
1.015634454240369910e+00
9.994008317517850681e-01
9.911364421212327525e-01
1.015929611012889477e+00
9.893655014861144625e-01
9.887751879410749956e-01
1.007370064609817595e+00
1.015929611012889477e+00
1.007665221382337384e+00
9.849381498983185157e-01
1.021242432918244569e+00
1.013273200060212043e+00
1.007370064609817595e+00
9.893655014861144625e-01
9.802156415380030019e-01
9.914315988937525415e-01
1.017700551648007989e+00
1.006779751064778239e+00
1.006779751064778239e+00
9.822817389456410808e-01
9.982202046617061342e-01
9.610304513242209357e-01
9.926122259838313644e-01
1.014158670377771188e+00
1.018586021965567134e+00
9.731318789975296202e-01
9.740173493150887651e-01
1.039542152814467491e+00
9.946783233914694433e-01
1.031277763183915175e+00
1.023898843870922226e+00
9.973347343441469892e-01
1.013273200060212043e+00
9.751979764051676991e-01
1.005008810429659727e+00
1.004123340112100582e+00
1.005303967202179516e+00
9.884800311685552066e-01
9.872994040784763836e-01
9.746076628601282321e-01
1.008550691699896529e+00
1.010616789107534608e+00
9.893655014861144625e-01
1.015929611012889477e+00
9.878897176235158506e-01
9.923170692113116864e-01
1.000286302069344213e+00
9.973347343441469892e-01
1.019176335510606490e+00
1.035114801226671544e+00
1.003533026567061226e+00
9.979250478891864562e-01
9.778543873578452450e-01
9.920219124387918974e-01
1.012092572970133109e+00
1.002352399476982292e+00
1.005894280747218872e+00
9.831672092632002258e-01
9.858236202158777717e-01
9.926122259838313644e-01
9.976298911166666672e-01
1.033639017364073043e+00
9.757882899502071661e-01
9.970395775716272002e-01
9.757882899502071661e-01
1.005008810429659727e+00
9.929073827563511534e-01
9.787398576754043900e-01
9.816914254006016138e-01
9.961541072540680553e-01
9.896606582586341405e-01
1.001762085931942936e+00
1.006189437519738661e+00
9.855284634433579827e-01
9.790350144479240679e-01
1.008255534927376740e+00
9.867090905334369166e-01
1.007960378154856951e+00
1.019176335510606490e+00
9.999911452968245351e-01
9.872994040784763836e-01
1.010321632335014819e+00
9.911364421212327525e-01
9.855284634433579827e-01
1.014158670377771188e+00
9.914315988937525415e-01
1.003237869794541437e+00
9.858236202158777717e-01
1.014158670377771188e+00
9.920219124387918974e-01
9.994008317517850681e-01
1.019471492283126279e+00
1.005599123974699305e+00
1.029211665776277096e+00

# time bin value
-1.000000000000000000e+02
-9.900000000000000000e+01
-9.800000000000000000e+01
-9.700000000000000000e+01
-9.600000000000000000e+01
-9.500000000000000000e+01
-9.400000000000000000e+01
-9.300000000000000000e+01
-9.200000000000000000e+01
-9.100000000000000000e+01
-9.000000000000000000e+01
-8.900000000000000000e+01
-8.800000000000000000e+01
-8.700000000000000000e+01
-8.600000000000000000e+01
-8.500000000000000000e+01
-8.400000000000000000e+01
-8.300000000000000000e+01
-8.200000000000000000e+01
-8.100000000000000000e+01
-8.000000000000000000e+01
-7.900000000000000000e+01
-7.800000000000000000e+01
-7.700000000000000000e+01
-7.600000000000000000e+01
-7.500000000000000000e+01
-7.400000000000000000e+01
-7.300000000000000000e+01
-7.200000000000000000e+01
-7.100000000000000000e+01
-7.000000000000000000e+01
-6.900000000000000000e+01
-6.800000000000000000e+01
-6.700000000000000000e+01
-6.600000000000000000e+01
-6.500000000000000000e+01
-6.400000000000000000e+01
-6.300000000000000000e+01
-6.200000000000000000e+01
-6.100000000000000000e+01
-6.000000000000000000e+01
-5.900000000000000000e+01
-5.800000000000000000e+01
-5.700000000000000000e+01
-5.600000000000000000e+01
-5.500000000000000000e+01
-5.400000000000000000e+01
-5.300000000000000000e+01
-5.200000000000000000e+01
-5.100000000000000000e+01
-5.000000000000000000e+01
-4.900000000000000000e+01
-4.800000000000000000e+01
-4.700000000000000000e+01
-4.600000000000000000e+01
-4.500000000000000000e+01
-4.400000000000000000e+01
-4.300000000000000000e+01
-4.200000000000000000e+01
-4.100000000000000000e+01
-4.000000000000000000e+01
-3.900000000000000000e+01
-3.800000000000000000e+01
-3.700000000000000000e+01
-3.600000000000000000e+01
-3.500000000000000000e+01
-3.400000000000000000e+01
-3.300000000000000000e+01
-3.200000000000000000e+01
-3.100000000000000000e+01
-3.000000000000000000e+01
-2.900000000000000000e+01
-2.800000000000000000e+01
-2.700000000000000000e+01
-2.600000000000000000e+01
-2.500000000000000000e+01
-2.400000000000000000e+01
-2.300000000000000000e+01
-2.200000000000000000e+01
-2.100000000000000000e+01
-2.000000000000000000e+01
-1.900000000000000000e+01
-1.800000000000000000e+01
-1.700000000000000000e+01
-1.600000000000000000e+01
-1.500000000000000000e+01
-1.400000000000000000e+01
-1.300000000000000000e+01
-1.200000000000000000e+01
-1.100000000000000000e+01
-1.000000000000000000e+01
-9.000000000000000000e+00
-8.000000000000000000e+00
-7.000000000000000000e+00
-6.000000000000000000e+00
-5.000000000000000000e+00
-4.000000000000000000e+00
-3.000000000000000000e+00
-2.000000000000000000e+00
-1.000000000000000000e+00
0.000000000000000000e+00
1.000000000000000000e+00
2.000000000000000000e+00
3.000000000000000000e+00
4.000000000000000000e+00
5.000000000000000000e+00
6.000000000000000000e+00
7.000000000000000000e+00
8.000000000000000000e+00
9.000000000000000000e+00
1.000000000000000000e+01
1.100000000000000000e+01
1.200000000000000000e+01
1.300000000000000000e+01
1.400000000000000000e+01
1.500000000000000000e+01
1.600000000000000000e+01
1.700000000000000000e+01
1.800000000000000000e+01
1.900000000000000000e+01
2.000000000000000000e+01
2.100000000000000000e+01
2.200000000000000000e+01
2.300000000000000000e+01
2.400000000000000000e+01
2.500000000000000000e+01
2.600000000000000000e+01
2.700000000000000000e+01
2.800000000000000000e+01
2.900000000000000000e+01
3.000000000000000000e+01
3.100000000000000000e+01
3.200000000000000000e+01
3.300000000000000000e+01
3.400000000000000000e+01
3.500000000000000000e+01
3.600000000000000000e+01
3.700000000000000000e+01
3.800000000000000000e+01
3.900000000000000000e+01
4.000000000000000000e+01
4.100000000000000000e+01
4.200000000000000000e+01
4.300000000000000000e+01
4.400000000000000000e+01
4.500000000000000000e+01
4.600000000000000000e+01
4.700000000000000000e+01
4.800000000000000000e+01
4.900000000000000000e+01
5.000000000000000000e+01
5.100000000000000000e+01
5.200000000000000000e+01
5.300000000000000000e+01
5.400000000000000000e+01
5.500000000000000000e+01
5.600000000000000000e+01
5.700000000000000000e+01
5.800000000000000000e+01
5.900000000000000000e+01
6.000000000000000000e+01
6.100000000000000000e+01
6.200000000000000000e+01
6.300000000000000000e+01
6.400000000000000000e+01
6.500000000000000000e+01
6.600000000000000000e+01
6.700000000000000000e+01
6.800000000000000000e+01
6.900000000000000000e+01
7.000000000000000000e+01
7.100000000000000000e+01
7.200000000000000000e+01
7.300000000000000000e+01
7.400000000000000000e+01
7.500000000000000000e+01
7.600000000000000000e+01
7.700000000000000000e+01
7.800000000000000000e+01
7.900000000000000000e+01
8.000000000000000000e+01
8.100000000000000000e+01
8.200000000000000000e+01
8.300000000000000000e+01
8.400000000000000000e+01
8.500000000000000000e+01
8.600000000000000000e+01
8.700000000000000000e+01
8.800000000000000000e+01
8.900000000000000000e+01
9.000000000000000000e+01
9.100000000000000000e+01
9.200000000000000000e+01
9.300000000000000000e+01
9.400000000000000000e+01
9.500000000000000000e+01
9.600000000000000000e+01
9.700000000000000000e+01
9.800000000000000000e+01
9.900000000000000000e+01
