single photon fraction:    0.1138
laser fraction:    0.1617
thermal source fraction:    0.4731
non-detected fraction:    0.2515
number of bins:  200.0000
bin width (ns):    1.0000
average detection events per bin: 5000.0000

# binary result
0.000000000000000000e+00

# g2 signal
9.943216173581680417e-01
1.008295867115634126e+00
9.790036897394071014e-01
1.013401842988554513e+00
1.025763679312466925e+00
9.811535743174788493e-01
1.001040006664642101e+00
1.001308742236901139e+00
1.027644828318279524e+00
1.009639544976929093e+00
9.886781703407298005e-01
9.889469059129887274e-01
1.004533569104008706e+00
9.779287474503712829e-01
1.033019539763458949e+00
1.014476785277590443e+00
1.002383684525937069e+00
9.827659877510326325e-01
9.943216173581680417e-01
9.765850695890764266e-01
9.720165648606740039e-01
1.020657703439546538e+00
1.000771271092383286e+00
1.013670578560813551e+00
9.953965596472038602e-01
1.011789429555000730e+00
1.014208049705331405e+00
1.003996097959490852e+00
1.013939314133072367e+00
1.001577477809160177e+00
9.650294399819409064e-01
1.007758395971116272e+00
9.811535743174788493e-01
9.779287474503712829e-01
9.841096656123273778e-01
1.010983222838223838e+00
1.010714487265964800e+00
9.937841462136500770e-01
1.008564602687893164e+00
1.026032414884725741e+00
9.833034588955504862e-01
1.011251958410482876e+00
1.004264833531749668e+00
9.838409300400684510e-01
9.943216173581680417e-01
9.833034588955504862e-01
9.978151797975346460e-01
9.959340307917218249e-01
1.001846213381418993e+00
9.996963288033473560e-01
9.803473676007019577e-01
1.025494943740207887e+00
9.685230024213075106e-01
9.644919688374230526e-01
9.908280549188015485e-01
9.897531126297656190e-01
9.798098964561839930e-01
1.005071040248526559e+00
1.013133107416295475e+00
1.007220924826598418e+00
1.009102073832411017e+00
9.846471367568453426e-01
9.682542668490484727e-01
9.843784011845864157e-01
1.002114948953678031e+00
1.019314025578251792e+00
9.935154106413911501e-01
1.001577477809160177e+00
9.755101273000404971e-01
9.859908146181401989e-01
9.900218482020246569e-01
1.001308742236901139e+00
1.027913563890538562e+00
1.014745520849849258e+00
1.001577477809160177e+00
1.030332184040869237e+00
1.009908280549187909e+00
1.010445751693705985e+00
1.028719770607315454e+00
9.978151797975346460e-01
1.018507818861474901e+00
9.986213865143115376e-01
1.017164141000179933e+00
9.940528817859091149e-01
9.972777086530166812e-01
1.019582761150510608e+00
9.757788628722995350e-01
9.937841462136500770e-01
1.008833338260152201e+00
9.827659877510326325e-01
1.000771271092383286e+00
1.002114948953678031e+00
1.012864371844036659e+00
9.752413917277815703e-01
9.784662185948891366e-01
1.007220924826598418e+00
9.709416225716381854e-01
9.830347233232915594e-01
9.978151797975346460e-01
9.806161031729608846e-01
1.473745878268160503e+00
9.921717327800962938e-01
9.999650643756062829e-01
1.001577477809160177e+00
1.011520693982741692e+00
1.001577477809160177e+00
9.980839153697935728e-01
1.033557010907976803e+00
9.910967904910604753e-01
9.910967904910604753e-01
9.937841462136500770e-01
9.851846079013633073e-01
9.953965596472038602e-01
1.006145982537562489e+00
9.644919688374230526e-01
9.776600118781122450e-01
9.913655260633194022e-01
1.009908280549187909e+00
1.000771271092383286e+00
9.784662185948891366e-01
1.005071040248526559e+00
1.022807588017618174e+00
9.999650643756062829e-01
9.456804787792955080e-01
9.706728869993791475e-01
9.910967904910604753e-01
9.822285166065146678e-01
9.919029972078373669e-01
1.018239083289215863e+00
9.910967904910604753e-01
1.030063448468610421e+00
9.978151797975346460e-01
9.765850695890764266e-01
1.001040006664642101e+00
1.007489660398857234e+00
1.015014256422108296e+00
9.948590885026860064e-01
9.900218482020246569e-01
9.967402375084987165e-01
9.873344924794349442e-01
1.024957472595690033e+00
1.010177016121446947e+00
9.953965596472038602e-01
1.017432876572438971e+00
9.798098964561839930e-01
1.018776554433733716e+00
1.011251958410482876e+00
9.612671419703154863e-01
9.846471367568453426e-01
9.814223098897377762e-01
9.962027663639807518e-01
9.550862238083592803e-01
1.027376092746020708e+00
9.682542668490484727e-01
1.023882530306654104e+00
1.014476785277590443e+00
1.002921155670454922e+00
9.964715019362397896e-01
9.921717327800962938e-01
9.722853004329329307e-01
9.666418534154946895e-01
1.010177016121446947e+00
9.749726561555226434e-01
9.994275932310884292e-01
1.006952189254339380e+00
1.035706895486048662e+00
9.733602427219688602e-01
1.000233799947865210e+00
1.001846213381418993e+00
9.919029972078373669e-01
9.908280549188015485e-01
1.006145982537562489e+00
1.014476785277590443e+00
9.927092039246142585e-01
1.001577477809160177e+00
9.830347233232915594e-01
9.924404683523553317e-01
1.009639544976929093e+00
9.862595501903991257e-01
1.027107357173761670e+00
1.018507818861474901e+00
1.017432876572438971e+00
9.910967904910604753e-01
9.999650643756062829e-01
9.779287474503712829e-01
9.996963288033473560e-01
9.497115123631799660e-01
9.991588576588293913e-01
9.935154106413911501e-01
9.636857621206461610e-01
1.009370809404670055e+00
1.008295867115634126e+00
1.025226208167948849e+00
1.002114948953678031e+00
1.034363217624753695e+00
9.854533434736222341e-01
1.006952189254339380e+00
9.953965596472038602e-01
1.008027131543375310e+00
9.991588576588293913e-01

# time bin value
-1.000000000000000000e+02
-9.900000000000000000e+01
-9.800000000000000000e+01
-9.700000000000000000e+01
-9.600000000000000000e+01
-9.500000000000000000e+01
-9.400000000000000000e+01
-9.300000000000000000e+01
-9.200000000000000000e+01
-9.100000000000000000e+01
-9.000000000000000000e+01
-8.900000000000000000e+01
-8.800000000000000000e+01
-8.700000000000000000e+01
-8.600000000000000000e+01
-8.500000000000000000e+01
-8.400000000000000000e+01
-8.300000000000000000e+01
-8.200000000000000000e+01
-8.100000000000000000e+01
-8.000000000000000000e+01
-7.900000000000000000e+01
-7.800000000000000000e+01
-7.700000000000000000e+01
-7.600000000000000000e+01
-7.500000000000000000e+01
-7.400000000000000000e+01
-7.300000000000000000e+01
-7.200000000000000000e+01
-7.100000000000000000e+01
-7.000000000000000000e+01
-6.900000000000000000e+01
-6.800000000000000000e+01
-6.700000000000000000e+01
-6.600000000000000000e+01
-6.500000000000000000e+01
-6.400000000000000000e+01
-6.300000000000000000e+01
-6.200000000000000000e+01
-6.100000000000000000e+01
-6.000000000000000000e+01
-5.900000000000000000e+01
-5.800000000000000000e+01
-5.700000000000000000e+01
-5.600000000000000000e+01
-5.500000000000000000e+01
-5.400000000000000000e+01
-5.300000000000000000e+01
-5.200000000000000000e+01
-5.100000000000000000e+01
-5.000000000000000000e+01
-4.900000000000000000e+01
-4.800000000000000000e+01
-4.700000000000000000e+01
-4.600000000000000000e+01
-4.500000000000000000e+01
-4.400000000000000000e+01
-4.300000000000000000e+01
-4.200000000000000000e+01
-4.100000000000000000e+01
-4.000000000000000000e+01
-3.900000000000000000e+01
-3.800000000000000000e+01
-3.700000000000000000e+01
-3.600000000000000000e+01
-3.500000000000000000e+01
-3.400000000000000000e+01
-3.300000000000000000e+01
-3.200000000000000000e+01
-3.100000000000000000e+01
-3.000000000000000000e+01
-2.900000000000000000e+01
-2.800000000000000000e+01
-2.700000000000000000e+01
-2.600000000000000000e+01
-2.500000000000000000e+01
-2.400000000000000000e+01
-2.300000000000000000e+01
-2.200000000000000000e+01
-2.100000000000000000e+01
-2.000000000000000000e+01
-1.900000000000000000e+01
-1.800000000000000000e+01
-1.700000000000000000e+01
-1.600000000000000000e+01
-1.500000000000000000e+01
-1.400000000000000000e+01
-1.300000000000000000e+01
-1.200000000000000000e+01
-1.100000000000000000e+01
-1.000000000000000000e+01
-9.000000000000000000e+00
-8.000000000000000000e+00
-7.000000000000000000e+00
-6.000000000000000000e+00
-5.000000000000000000e+00
-4.000000000000000000e+00
-3.000000000000000000e+00
-2.000000000000000000e+00
-1.000000000000000000e+00
0.000000000000000000e+00
1.000000000000000000e+00
2.000000000000000000e+00
3.000000000000000000e+00
4.000000000000000000e+00
5.000000000000000000e+00
6.000000000000000000e+00
7.000000000000000000e+00
8.000000000000000000e+00
9.000000000000000000e+00
1.000000000000000000e+01
1.100000000000000000e+01
1.200000000000000000e+01
1.300000000000000000e+01
1.400000000000000000e+01
1.500000000000000000e+01
1.600000000000000000e+01
1.700000000000000000e+01
1.800000000000000000e+01
1.900000000000000000e+01
2.000000000000000000e+01
2.100000000000000000e+01
2.200000000000000000e+01
2.300000000000000000e+01
2.400000000000000000e+01
2.500000000000000000e+01
2.600000000000000000e+01
2.700000000000000000e+01
2.800000000000000000e+01
2.900000000000000000e+01
3.000000000000000000e+01
3.100000000000000000e+01
3.200000000000000000e+01
3.300000000000000000e+01
3.400000000000000000e+01
3.500000000000000000e+01
3.600000000000000000e+01
3.700000000000000000e+01
3.800000000000000000e+01
3.900000000000000000e+01
4.000000000000000000e+01
4.100000000000000000e+01
4.200000000000000000e+01
4.300000000000000000e+01
4.400000000000000000e+01
4.500000000000000000e+01
4.600000000000000000e+01
4.700000000000000000e+01
4.800000000000000000e+01
4.900000000000000000e+01
5.000000000000000000e+01
5.100000000000000000e+01
5.200000000000000000e+01
5.300000000000000000e+01
5.400000000000000000e+01
5.500000000000000000e+01
5.600000000000000000e+01
5.700000000000000000e+01
5.800000000000000000e+01
5.900000000000000000e+01
6.000000000000000000e+01
6.100000000000000000e+01
6.200000000000000000e+01
6.300000000000000000e+01
6.400000000000000000e+01
6.500000000000000000e+01
6.600000000000000000e+01
6.700000000000000000e+01
6.800000000000000000e+01
6.900000000000000000e+01
7.000000000000000000e+01
7.100000000000000000e+01
7.200000000000000000e+01
7.300000000000000000e+01
7.400000000000000000e+01
7.500000000000000000e+01
7.600000000000000000e+01
7.700000000000000000e+01
7.800000000000000000e+01
7.900000000000000000e+01
8.000000000000000000e+01
8.100000000000000000e+01
8.200000000000000000e+01
8.300000000000000000e+01
8.400000000000000000e+01
8.500000000000000000e+01
8.600000000000000000e+01
8.700000000000000000e+01
8.800000000000000000e+01
8.900000000000000000e+01
9.000000000000000000e+01
9.100000000000000000e+01
9.200000000000000000e+01
9.300000000000000000e+01
9.400000000000000000e+01
9.500000000000000000e+01
9.600000000000000000e+01
9.700000000000000000e+01
9.800000000000000000e+01
9.900000000000000000e+01
