single photon fraction:    0.3614
laser fraction:    0.2169
thermal source fraction:    0.3253
non-detected fraction:    0.0964
number of bins:  200.0000
bin width (ns):    1.0000
average detection events per bin: 5000.0000

# binary result
0.000000000000000000e+00

# g2 signal
1.013994096518368471e+00
9.730964828052206528e-01
9.999911092144101454e-01
9.975461431772111309e-01
1.003102884170845366e+00
1.043333688964756867e+00
9.893221665066325166e-01
9.693178989295494485e-01
9.979906824567018608e-01
1.013105017959386789e+00
9.810981898360539022e-01
9.888776272271417866e-01
1.007992816245243395e+00
9.988797610156833207e-01
9.717628649667484630e-01
9.848767737117252175e-01
1.001324727052882446e+00
1.023996230306909894e+00
9.959902556989935762e-01
9.766527970411466031e-01
9.986574913759379557e-01
9.819872683950353620e-01
1.002213805611863906e+00
1.010215512642697044e+00
1.017105871474803580e+00
1.015327714356840660e+00
1.025107578505636718e+00
1.009326434083715585e+00
9.717628649667484630e-01
9.850990433514705824e-01
1.003769693090081461e+00
1.031997937337743254e+00
1.005992389487535110e+00
9.955457164195028463e-01
9.735410220847113827e-01
9.715405953270030981e-01
9.997688395746647805e-01
1.025552117785127448e+00
1.028219353462071828e+00
9.817649987552899971e-01
9.913225932643408012e-01
1.033109285536470079e+00
1.015994523276076755e+00
1.004658771649062921e+00
1.007770546605498030e+00
9.911003236245954362e-01
9.886553575873964217e-01
1.003769693090081461e+00
9.899889754258686114e-01
1.018661758953021135e+00
9.870994701091788670e-01
1.001769266332373176e+00
9.966570646182296711e-01
1.042222340766030042e+00
9.895444361463778815e-01
9.971016038977204010e-01
9.868772004694335021e-01
1.004214232369572191e+00
1.006659198406771205e+00
1.029552971300544018e+00
1.027774814182581098e+00
1.032887015896724714e+00
1.017105871474803580e+00
9.850990433514705824e-01
9.882108183079056918e-01
9.979906824567018608e-01
1.004658771649062921e+00
9.899889754258686114e-01
1.001769266332373176e+00
9.808759201963085372e-01
1.010437782282442409e+00
1.016439062555567485e+00
9.984352217361925907e-01
1.009548703723460950e+00
9.948789075002667515e-01
9.784309541591095227e-01
9.784309541591095227e-01
9.895444361463778815e-01
1.009104164443970220e+00
1.015994523276076755e+00
1.004214232369572191e+00
1.036665599772395918e+00
9.770973363206373330e-01
9.788754934386002526e-01
1.003325153810590731e+00
1.013549557238877741e+00
1.011549130481169234e+00
9.931007503823038318e-01
1.001991535972118541e+00
1.009770973363206314e+00
9.995465699349194155e-01
1.003769693090081461e+00
9.730964828052206528e-01
1.003325153810590731e+00
1.031331128418507159e+00
1.019328567872257230e+00
1.001102457413137081e+00
9.955457164195028463e-01
1.007992816245243395e+00
9.790977630783456176e-01
9.555371812653365993e-01
9.886553575873964217e-01
9.808759201963085372e-01
9.984352217361925907e-01
1.006659198406771205e+00
1.003991962729826826e+00
1.000213378854155621e+00
1.004214232369572191e+00
1.012438209040150694e+00
9.788754934386002526e-01
1.004214232369572191e+00
9.917671325438315311e-01
9.995465699349194155e-01
1.017772680394039675e+00
1.004436502009317556e+00
9.830986165937621868e-01
9.953234467797574814e-01
9.953234467797574814e-01
9.857658522707066773e-01
9.848767737117252175e-01
1.005547850208044380e+00
1.020662185710729419e+00
9.646502364948966735e-01
1.006214659127280475e+00
9.830986165937621868e-01
9.904335147053593413e-01
9.924339414630677370e-01
1.005547850208044380e+00
9.982129520964472258e-01
9.890998968668871516e-01
1.014660905437604566e+00
9.955457164195028463e-01
1.013105017959386789e+00
9.973238735374657660e-01
9.899889754258686114e-01
1.013994096518368471e+00
1.020884455350474784e+00
9.888776272271417866e-01
9.775418756001280629e-01
1.002213805611863906e+00
1.007992816245243395e+00
9.870994701091788670e-01
9.839876951527437576e-01
1.003769693090081461e+00
9.973238735374657660e-01
1.017328141114548945e+00
1.016216792915822120e+00
9.988797610156833207e-01
1.000657918133646351e+00
9.715405953270030981e-01
1.007770546605498030e+00
9.964347949784843061e-01
9.922116718233223720e-01
1.023329421387673799e+00
9.893221665066325166e-01
9.902112450656139764e-01
1.031108858778761794e+00
9.773196059603826980e-01
9.964347949784843061e-01
9.613161918987161991e-01
1.016216792915822120e+00
1.002658344891354636e+00
1.002658344891354636e+00
1.001991535972118541e+00
1.025774387424872813e+00
1.032220206977488619e+00
9.988797610156833207e-01
1.000880187773391716e+00
9.979906824567018608e-01
1.005547850208044380e+00
9.566485294640634240e-01
9.866549308296881371e-01
9.973238735374657660e-01
9.964347949784843061e-01
1.023107151747928434e+00
1.000213378854155621e+00
1.020884455350474784e+00
9.855435826309613123e-01
9.991020306554286856e-01
9.866549308296881371e-01
9.848767737117252175e-01
9.693178989295494485e-01
1.042889149685266137e+00
1.026885735623599638e+00
9.968793342579750361e-01
9.939898289412852916e-01
1.019106298232511865e+00
9.942120985810306566e-01
1.016883601835058215e+00
1.019550837512002595e+00
1.001546996692627811e+00
1.002658344891354636e+00
9.951011771400121164e-01
9.648725061346420384e-01
9.777641452398734279e-01
1.001991535972118541e+00
9.986574913759379557e-01
1.006881468046516570e+00
9.924339414630677370e-01
9.948789075002667515e-01

# time bin value
-1.000000000000000000e+02
-9.900000000000000000e+01
-9.800000000000000000e+01
-9.700000000000000000e+01
-9.600000000000000000e+01
-9.500000000000000000e+01
-9.400000000000000000e+01
-9.300000000000000000e+01
-9.200000000000000000e+01
-9.100000000000000000e+01
-9.000000000000000000e+01
-8.900000000000000000e+01
-8.800000000000000000e+01
-8.700000000000000000e+01
-8.600000000000000000e+01
-8.500000000000000000e+01
-8.400000000000000000e+01
-8.300000000000000000e+01
-8.200000000000000000e+01
-8.100000000000000000e+01
-8.000000000000000000e+01
-7.900000000000000000e+01
-7.800000000000000000e+01
-7.700000000000000000e+01
-7.600000000000000000e+01
-7.500000000000000000e+01
-7.400000000000000000e+01
-7.300000000000000000e+01
-7.200000000000000000e+01
-7.100000000000000000e+01
-7.000000000000000000e+01
-6.900000000000000000e+01
-6.800000000000000000e+01
-6.700000000000000000e+01
-6.600000000000000000e+01
-6.500000000000000000e+01
-6.400000000000000000e+01
-6.300000000000000000e+01
-6.200000000000000000e+01
-6.100000000000000000e+01
-6.000000000000000000e+01
-5.900000000000000000e+01
-5.800000000000000000e+01
-5.700000000000000000e+01
-5.600000000000000000e+01
-5.500000000000000000e+01
-5.400000000000000000e+01
-5.300000000000000000e+01
-5.200000000000000000e+01
-5.100000000000000000e+01
-5.000000000000000000e+01
-4.900000000000000000e+01
-4.800000000000000000e+01
-4.700000000000000000e+01
-4.600000000000000000e+01
-4.500000000000000000e+01
-4.400000000000000000e+01
-4.300000000000000000e+01
-4.200000000000000000e+01
-4.100000000000000000e+01
-4.000000000000000000e+01
-3.900000000000000000e+01
-3.800000000000000000e+01
-3.700000000000000000e+01
-3.600000000000000000e+01
-3.500000000000000000e+01
-3.400000000000000000e+01
-3.300000000000000000e+01
-3.200000000000000000e+01
-3.100000000000000000e+01
-3.000000000000000000e+01
-2.900000000000000000e+01
-2.800000000000000000e+01
-2.700000000000000000e+01
-2.600000000000000000e+01
-2.500000000000000000e+01
-2.400000000000000000e+01
-2.300000000000000000e+01
-2.200000000000000000e+01
-2.100000000000000000e+01
-2.000000000000000000e+01
-1.900000000000000000e+01
-1.800000000000000000e+01
-1.700000000000000000e+01
-1.600000000000000000e+01
-1.500000000000000000e+01
-1.400000000000000000e+01
-1.300000000000000000e+01
-1.200000000000000000e+01
-1.100000000000000000e+01
-1.000000000000000000e+01
-9.000000000000000000e+00
-8.000000000000000000e+00
-7.000000000000000000e+00
-6.000000000000000000e+00
-5.000000000000000000e+00
-4.000000000000000000e+00
-3.000000000000000000e+00
-2.000000000000000000e+00
-1.000000000000000000e+00
0.000000000000000000e+00
1.000000000000000000e+00
2.000000000000000000e+00
3.000000000000000000e+00
4.000000000000000000e+00
5.000000000000000000e+00
6.000000000000000000e+00
7.000000000000000000e+00
8.000000000000000000e+00
9.000000000000000000e+00
1.000000000000000000e+01
1.100000000000000000e+01
1.200000000000000000e+01
1.300000000000000000e+01
1.400000000000000000e+01
1.500000000000000000e+01
1.600000000000000000e+01
1.700000000000000000e+01
1.800000000000000000e+01
1.900000000000000000e+01
2.000000000000000000e+01
2.100000000000000000e+01
2.200000000000000000e+01
2.300000000000000000e+01
2.400000000000000000e+01
2.500000000000000000e+01
2.600000000000000000e+01
2.700000000000000000e+01
2.800000000000000000e+01
2.900000000000000000e+01
3.000000000000000000e+01
3.100000000000000000e+01
3.200000000000000000e+01
3.300000000000000000e+01
3.400000000000000000e+01
3.500000000000000000e+01
3.600000000000000000e+01
3.700000000000000000e+01
3.800000000000000000e+01
3.900000000000000000e+01
4.000000000000000000e+01
4.100000000000000000e+01
4.200000000000000000e+01
4.300000000000000000e+01
4.400000000000000000e+01
4.500000000000000000e+01
4.600000000000000000e+01
4.700000000000000000e+01
4.800000000000000000e+01
4.900000000000000000e+01
5.000000000000000000e+01
5.100000000000000000e+01
5.200000000000000000e+01
5.300000000000000000e+01
5.400000000000000000e+01
5.500000000000000000e+01
5.600000000000000000e+01
5.700000000000000000e+01
5.800000000000000000e+01
5.900000000000000000e+01
6.000000000000000000e+01
6.100000000000000000e+01
6.200000000000000000e+01
6.300000000000000000e+01
6.400000000000000000e+01
6.500000000000000000e+01
6.600000000000000000e+01
6.700000000000000000e+01
6.800000000000000000e+01
6.900000000000000000e+01
7.000000000000000000e+01
7.100000000000000000e+01
7.200000000000000000e+01
7.300000000000000000e+01
7.400000000000000000e+01
7.500000000000000000e+01
7.600000000000000000e+01
7.700000000000000000e+01
7.800000000000000000e+01
7.900000000000000000e+01
8.000000000000000000e+01
8.100000000000000000e+01
8.200000000000000000e+01
8.300000000000000000e+01
8.400000000000000000e+01
8.500000000000000000e+01
8.600000000000000000e+01
8.700000000000000000e+01
8.800000000000000000e+01
8.900000000000000000e+01
9.000000000000000000e+01
9.100000000000000000e+01
9.200000000000000000e+01
9.300000000000000000e+01
9.400000000000000000e+01
9.500000000000000000e+01
9.600000000000000000e+01
9.700000000000000000e+01
9.800000000000000000e+01
9.900000000000000000e+01
