single photon fraction:    0.3762
laser fraction:    0.3762
thermal source fraction:    0.0396
non-detected fraction:    0.2079
number of bins:  200.0000
bin width (ns):    1.0000
average detection events per bin: 5000.0000

# binary result
0.000000000000000000e+00

# g2 signal
9.722300961483950621e-01
9.991377698276978636e-01
1.025030059594574272e+00
1.014622374492202272e+00
1.009799300908176267e+00
1.013606990579775768e+00
9.694377903892220649e-01
1.000660845696337731e+00
1.017922372207588522e+00
9.795916295134873275e-01
9.927916203750321023e-01
1.006245457214683503e+00
9.968531560247381185e-01
1.006499303192790240e+00
9.849223950537265848e-01
1.015637758404628777e+00
1.010053146886283004e+00
1.003706997433617243e+00
9.831454732069800917e-01
9.988839238495912376e-01
9.788300915791674495e-01
1.009291608951963015e+00
1.023506983725934294e+00
9.945685422217784843e-01
9.935531583093519803e-01
1.018683910141908289e+00
1.016906988295162018e+00
9.839070111412999697e-01
1.015130066448415525e+00
9.943146962436718583e-01
9.912685445063923462e-01
9.907608525501789831e-01
9.935531583093519803e-01
1.017160834273268533e+00
1.016653142317055281e+00
1.022999291769721042e+00
9.930454663531387283e-01
1.015130066448415525e+00
1.002691613521190739e+00
1.017160834273268533e+00
9.854300870099398368e-01
1.007006995149003492e+00
9.935531583093519803e-01
9.912685445063923462e-01
9.821300892945535876e-01
9.800993214697005795e-01
9.986300778714846116e-01
9.887300847253259750e-01
9.816223973383403356e-01
9.816223973383403356e-01
9.986300778714846116e-01
9.859377789661530889e-01
1.000914691674444246e+00
1.015637758404628777e+00
1.010306992864389519e+00
9.767993237543143303e-01
9.656301007176225637e-01
1.011830068733029275e+00
1.017414680251375270e+00
1.015637758404628777e+00
9.953300801560983624e-01
9.836531651631933437e-01
1.011830068733029275e+00
1.009037762973856500e+00
1.005991611236576766e+00
1.015637758404628777e+00
9.851762410318332108e-01
1.027822365353747047e+00
9.943146962436718583e-01
9.925377743969254762e-01
9.922839284188188502e-01
9.973608479809514815e-01
1.013099298623562516e+00
1.006499303192790240e+00
9.958377721123116144e-01
1.010814684820602771e+00
9.854300870099398368e-01
1.003960843411723758e+00
9.892377766815392270e-01
9.915223904844989722e-01
9.793377835353807015e-01
9.856839329880464629e-01
1.002183921564977487e+00
1.020206986010548267e+00
1.012591606667349264e+00
1.025283905572680787e+00
1.025030059594574272e+00
9.795916295134873275e-01
9.894916226596458531e-01
9.800993214697005795e-01
1.019191602098121763e+00
9.991377698276978636e-01
1.006245457214683503e+00
1.000406999718230994e+00
1.023760829704041031e+00
1.017414680251375270e+00
1.005230073302256999e+00
9.983762318933779856e-01
1.012591606667349264e+00
9.849223950537265848e-01
5.678534530245324952e-01
1.010306992864389519e+00
9.978685399371647335e-01
1.052191579251983589e+00
9.968531560247381185e-01
1.012337760689242527e+00
9.874608548347928449e-01
1.027314673397533795e+00
1.011068530798709508e+00
1.013860836557882505e+00
9.922839284188188502e-01
1.000153153740124257e+00
1.004722381346043747e+00
9.821300892945535876e-01
9.798454754915939535e-01
9.811147053821270836e-01
1.005991611236576766e+00
9.821300892945535876e-01
9.971070020028448555e-01
9.927916203750321023e-01
9.978685399371647335e-01
9.844147030975132218e-01
9.958377721123116144e-01
9.976146939590581075e-01
1.017414680251375270e+00
1.006499303192790240e+00
9.960916180904182404e-01
9.869531628785795929e-01
1.010053146886283004e+00
1.031883901003453285e+00
9.717224041921816990e-01
9.851762410318332108e-01
9.882223927691127230e-01
1.032899284915879790e+00
9.877147008128994710e-01
1.021730061879188023e+00
1.017160834273268533e+00
1.005483919280363514e+00
1.014876220470309010e+00
9.905070065720723571e-01
1.014622374492202272e+00
1.002183921564977487e+00
1.011068530798709508e+00
1.032645438937773053e+00
9.940608502655652323e-01
9.643608708270894336e-01
1.029599287200493540e+00
1.010814684820602771e+00
9.943146962436718583e-01
9.948223881998851104e-01
1.056506960879796342e+00
9.998993077620177417e-01
9.887300847253259750e-01
9.747685559294613222e-01
1.021730061879188023e+00
9.798454754915939535e-01
9.938070042874586063e-01
9.790839375572740755e-01
1.042799278062038315e+00
1.007768533083323259e+00
1.001168537652550983e+00
1.025283905572680787e+00
1.007768533083323259e+00
1.004976227324150262e+00
1.042799278062038315e+00
9.699454823454353170e-01
1.002945459499297254e+00
9.780685536448474604e-01
1.006245457214683503e+00
1.006499303192790240e+00
1.012083914711136012e+00
1.015637758404628777e+00
1.039499280346652066e+00
1.013099298623562516e+00
9.978685399371647335e-01
9.950762341779917364e-01
1.021730061879188023e+00
9.968531560247381185e-01
1.010560838842496256e+00
9.757839398418878263e-01
1.043306970018251567e+00
1.022237753835401275e+00
9.983762318933779856e-01
1.007768533083323259e+00
1.018937756120015026e+00
1.005737765258470251e+00
9.859377789661530889e-01
9.948223881998851104e-01
1.008022379061429996e+00
1.037976204478012310e+00
1.014368528514095757e+00
1.043814661974464819e+00
1.013860836557882505e+00
9.831454732069800917e-01
1.017414680251375270e+00
9.879685467910060970e-01
9.920300824407122242e-01
9.864454709223663409e-01
9.653762547395159377e-01
1.006753149170896755e+00

# time bin value
-1.000000000000000000e+02
-9.900000000000000000e+01
-9.800000000000000000e+01
-9.700000000000000000e+01
-9.600000000000000000e+01
-9.500000000000000000e+01
-9.400000000000000000e+01
-9.300000000000000000e+01
-9.200000000000000000e+01
-9.100000000000000000e+01
-9.000000000000000000e+01
-8.900000000000000000e+01
-8.800000000000000000e+01
-8.700000000000000000e+01
-8.600000000000000000e+01
-8.500000000000000000e+01
-8.400000000000000000e+01
-8.300000000000000000e+01
-8.200000000000000000e+01
-8.100000000000000000e+01
-8.000000000000000000e+01
-7.900000000000000000e+01
-7.800000000000000000e+01
-7.700000000000000000e+01
-7.600000000000000000e+01
-7.500000000000000000e+01
-7.400000000000000000e+01
-7.300000000000000000e+01
-7.200000000000000000e+01
-7.100000000000000000e+01
-7.000000000000000000e+01
-6.900000000000000000e+01
-6.800000000000000000e+01
-6.700000000000000000e+01
-6.600000000000000000e+01
-6.500000000000000000e+01
-6.400000000000000000e+01
-6.300000000000000000e+01
-6.200000000000000000e+01
-6.100000000000000000e+01
-6.000000000000000000e+01
-5.900000000000000000e+01
-5.800000000000000000e+01
-5.700000000000000000e+01
-5.600000000000000000e+01
-5.500000000000000000e+01
-5.400000000000000000e+01
-5.300000000000000000e+01
-5.200000000000000000e+01
-5.100000000000000000e+01
-5.000000000000000000e+01
-4.900000000000000000e+01
-4.800000000000000000e+01
-4.700000000000000000e+01
-4.600000000000000000e+01
-4.500000000000000000e+01
-4.400000000000000000e+01
-4.300000000000000000e+01
-4.200000000000000000e+01
-4.100000000000000000e+01
-4.000000000000000000e+01
-3.900000000000000000e+01
-3.800000000000000000e+01
-3.700000000000000000e+01
-3.600000000000000000e+01
-3.500000000000000000e+01
-3.400000000000000000e+01
-3.300000000000000000e+01
-3.200000000000000000e+01
-3.100000000000000000e+01
-3.000000000000000000e+01
-2.900000000000000000e+01
-2.800000000000000000e+01
-2.700000000000000000e+01
-2.600000000000000000e+01
-2.500000000000000000e+01
-2.400000000000000000e+01
-2.300000000000000000e+01
-2.200000000000000000e+01
-2.100000000000000000e+01
-2.000000000000000000e+01
-1.900000000000000000e+01
-1.800000000000000000e+01
-1.700000000000000000e+01
-1.600000000000000000e+01
-1.500000000000000000e+01
-1.400000000000000000e+01
-1.300000000000000000e+01
-1.200000000000000000e+01
-1.100000000000000000e+01
-1.000000000000000000e+01
-9.000000000000000000e+00
-8.000000000000000000e+00
-7.000000000000000000e+00
-6.000000000000000000e+00
-5.000000000000000000e+00
-4.000000000000000000e+00
-3.000000000000000000e+00
-2.000000000000000000e+00
-1.000000000000000000e+00
0.000000000000000000e+00
1.000000000000000000e+00
2.000000000000000000e+00
3.000000000000000000e+00
4.000000000000000000e+00
5.000000000000000000e+00
6.000000000000000000e+00
7.000000000000000000e+00
8.000000000000000000e+00
9.000000000000000000e+00
1.000000000000000000e+01
1.100000000000000000e+01
1.200000000000000000e+01
1.300000000000000000e+01
1.400000000000000000e+01
1.500000000000000000e+01
1.600000000000000000e+01
1.700000000000000000e+01
1.800000000000000000e+01
1.900000000000000000e+01
2.000000000000000000e+01
2.100000000000000000e+01
2.200000000000000000e+01
2.300000000000000000e+01
2.400000000000000000e+01
2.500000000000000000e+01
2.600000000000000000e+01
2.700000000000000000e+01
2.800000000000000000e+01
2.900000000000000000e+01
3.000000000000000000e+01
3.100000000000000000e+01
3.200000000000000000e+01
3.300000000000000000e+01
3.400000000000000000e+01
3.500000000000000000e+01
3.600000000000000000e+01
3.700000000000000000e+01
3.800000000000000000e+01
3.900000000000000000e+01
4.000000000000000000e+01
4.100000000000000000e+01
4.200000000000000000e+01
4.300000000000000000e+01
4.400000000000000000e+01
4.500000000000000000e+01
4.600000000000000000e+01
4.700000000000000000e+01
4.800000000000000000e+01
4.900000000000000000e+01
5.000000000000000000e+01
5.100000000000000000e+01
5.200000000000000000e+01
5.300000000000000000e+01
5.400000000000000000e+01
5.500000000000000000e+01
5.600000000000000000e+01
5.700000000000000000e+01
5.800000000000000000e+01
5.900000000000000000e+01
6.000000000000000000e+01
6.100000000000000000e+01
6.200000000000000000e+01
6.300000000000000000e+01
6.400000000000000000e+01
6.500000000000000000e+01
6.600000000000000000e+01
6.700000000000000000e+01
6.800000000000000000e+01
6.900000000000000000e+01
7.000000000000000000e+01
7.100000000000000000e+01
7.200000000000000000e+01
7.300000000000000000e+01
7.400000000000000000e+01
7.500000000000000000e+01
7.600000000000000000e+01
7.700000000000000000e+01
7.800000000000000000e+01
7.900000000000000000e+01
8.000000000000000000e+01
8.100000000000000000e+01
8.200000000000000000e+01
8.300000000000000000e+01
8.400000000000000000e+01
8.500000000000000000e+01
8.600000000000000000e+01
8.700000000000000000e+01
8.800000000000000000e+01
8.900000000000000000e+01
9.000000000000000000e+01
9.100000000000000000e+01
9.200000000000000000e+01
9.300000000000000000e+01
9.400000000000000000e+01
9.500000000000000000e+01
9.600000000000000000e+01
9.700000000000000000e+01
9.800000000000000000e+01
9.900000000000000000e+01
