single photon fraction:    0.0619
laser fraction:    0.3186
thermal source fraction:    0.3540
non-detected fraction:    0.2655
number of bins:  200.0000
bin width (ns):    1.0000
average detection events per bin: 5000.0000

# binary result
0.000000000000000000e+00

# g2 signal
9.866464165188569835e-01
9.693753066992716327e-01
9.748581987054891762e-01
9.680045836977171358e-01
1.000627791134711897e+00
9.937741761269398566e-01
9.677304390974063031e-01
9.959673329294269628e-01
1.026671528164245561e+00
9.921293085250746380e-01
9.918551639247636942e-01
9.825342475141938259e-01
1.010222852145592709e+00
9.976122005312921814e-01
1.012964298148701481e+00
9.981604897319139580e-01
9.822601029138829931e-01
9.836308259154373790e-01
9.852756935173025976e-01
1.000627791134711897e+00
9.784220785095306683e-01
9.616992578905669831e-01
1.017350611753675693e+00
1.003369237137820669e+00
1.005836538540618719e+00
9.954190437288051863e-01
9.984346343322249018e-01
9.932258869263181911e-01
1.005288249339996831e+00
1.005562393940307775e+00
9.984346343322249018e-01
1.019269623955851634e+00
9.940483207272508004e-01
9.726650419030021810e-01
1.009674562944971044e+00
1.005836538540618719e+00
9.855498381176135414e-01
9.935000315266290238e-01
1.017624756353986415e+00
1.032428564770774049e+00
9.781479339092197245e-01
9.970639113306705159e-01
1.021462780758338740e+00
9.995312127334683439e-01
1.018173045554608303e+00
1.001176080335333562e+00
9.803410907117068307e-01
1.017898900954297359e+00
1.000079501934090231e+00
1.008303839943416547e+00
9.745840541051783434e-01
9.740357649045565669e-01
9.666338606961627500e-01
9.954190437288051863e-01
9.918551639247636942e-01
1.001176080335333562e+00
9.978863451316031252e-01
1.020366202357095187e+00
9.978863451316031252e-01
1.001176080335333562e+00
1.016802322553053806e+00
1.039830468979167755e+00
9.891137179216549224e-01
9.748581987054891762e-01
1.014883310350877643e+00
9.754064879061109528e-01
9.855498381176135414e-01
9.616992578905669831e-01
9.948707545281834097e-01
1.012690153548390537e+00
1.009400418344660100e+00
9.965156221300487394e-01
9.984346343322249018e-01
1.008852129144038212e+00
1.015431599551499531e+00
9.987087789325357345e-01
9.847274043166808211e-01
1.018173045554608303e+00
9.564905104846602724e-01
1.022285214559271349e+00
1.036814878375748039e+00
1.018173045554608303e+00
1.007207261542172994e+00
9.795186569107741104e-01
9.808893799123284962e-01
1.015979888752121196e+00
1.034895866173571877e+00
9.825342475141938259e-01
1.020366202357095187e+00
9.710201743011368514e-01
1.023930082161136790e+00
1.000079501934090231e+00
9.858239827179243742e-01
9.797928015110850541e-01
1.001450224935644506e+00
1.014883310350877643e+00
9.754064879061109528e-01
9.888395733213440897e-01
9.978863451316031252e-01
1.009400418344660100e+00
1.404716931992948892e+00
9.748581987054891762e-01
9.759547771067327293e-01
1.003643381738131612e+00
1.014883310350877643e+00
1.001724369535955450e+00
1.005836538540618719e+00
9.852756935173025976e-01
1.018995479355540912e+00
1.002820947937199003e+00
9.839049705157482117e-01
9.987087789325357345e-01
9.910327301238310849e-01
9.828083921145046586e-01
9.811635245126394400e-01
1.005288249339996831e+00
1.020914491557717074e+00
1.005836538540618719e+00
1.011867719747457928e+00
9.784220785095306683e-01
1.006658972341551328e+00
1.013512587349323368e+00
1.030235407968286943e+00
9.904844409232093083e-01
9.989829235328466783e-01
9.825342475141938259e-01
1.043120204182898192e+00
9.666338606961627500e-01
1.003917526338442556e+00
9.732133311036239576e-01
9.943224653275616332e-01
1.009400418344660100e+00
1.006384827741240384e+00
9.924034531253854707e-01
9.981604897319139580e-01
1.004191670938753278e+00
1.001176080335333562e+00
1.000901935735022841e+00
9.786962231098415010e-01
1.024204226761447512e+00
9.987087789325357345e-01
9.967897667303595721e-01
9.924034531253854707e-01
9.841791151160591555e-01
9.935000315266290238e-01
1.017076467153364749e+00
9.891137179216549224e-01
1.001724369535955450e+00
1.010222852145592709e+00
9.797928015110850541e-01
1.028590540366421724e+00
9.871947057194787600e-01
9.836308259154373790e-01
9.965156221300487394e-01
9.951448991284943535e-01
1.001724369535955450e+00
1.022833503759893237e+00
1.017898900954297359e+00
1.008303839943416547e+00
9.836308259154373790e-01
9.825342475141938259e-01
9.976122005312921814e-01
9.935000315266290238e-01
1.011867719747457928e+00
1.020640346957406130e+00
9.869205611191679273e-01
9.888395733213440897e-01
1.028316395766110780e+00
1.003095092537509725e+00
1.018447190154919024e+00
9.921293085250746380e-01
1.002272658736577116e+00
9.866464165188569835e-01
1.025849094363312952e+00
9.926775977256964145e-01
1.036540733775437095e+00
9.937741761269398566e-01
1.005562393940307775e+00
1.016254033352432140e+00
1.011045285946525318e+00
9.786962231098415010e-01
1.005288249339996831e+00
1.001450224935644506e+00
1.004191670938753278e+00
9.951448991284943535e-01
9.992570681331575111e-01
1.009948707545281765e+00
1.043668493383520079e+00
1.009126273744349156e+00
9.770513555079762824e-01
1.008577984543727490e+00
1.024478371361758455e+00
1.012141864347768871e+00
9.987087789325357345e-01
9.995312127334683439e-01
9.970639113306705159e-01
1.000353646534400953e+00
9.976122005312921814e-01
1.017898900954297359e+00
1.037637312176680648e+00

# time bin value
-1.000000000000000000e+02
-9.900000000000000000e+01
-9.800000000000000000e+01
-9.700000000000000000e+01
-9.600000000000000000e+01
-9.500000000000000000e+01
-9.400000000000000000e+01
-9.300000000000000000e+01
-9.200000000000000000e+01
-9.100000000000000000e+01
-9.000000000000000000e+01
-8.900000000000000000e+01
-8.800000000000000000e+01
-8.700000000000000000e+01
-8.600000000000000000e+01
-8.500000000000000000e+01
-8.400000000000000000e+01
-8.300000000000000000e+01
-8.200000000000000000e+01
-8.100000000000000000e+01
-8.000000000000000000e+01
-7.900000000000000000e+01
-7.800000000000000000e+01
-7.700000000000000000e+01
-7.600000000000000000e+01
-7.500000000000000000e+01
-7.400000000000000000e+01
-7.300000000000000000e+01
-7.200000000000000000e+01
-7.100000000000000000e+01
-7.000000000000000000e+01
-6.900000000000000000e+01
-6.800000000000000000e+01
-6.700000000000000000e+01
-6.600000000000000000e+01
-6.500000000000000000e+01
-6.400000000000000000e+01
-6.300000000000000000e+01
-6.200000000000000000e+01
-6.100000000000000000e+01
-6.000000000000000000e+01
-5.900000000000000000e+01
-5.800000000000000000e+01
-5.700000000000000000e+01
-5.600000000000000000e+01
-5.500000000000000000e+01
-5.400000000000000000e+01
-5.300000000000000000e+01
-5.200000000000000000e+01
-5.100000000000000000e+01
-5.000000000000000000e+01
-4.900000000000000000e+01
-4.800000000000000000e+01
-4.700000000000000000e+01
-4.600000000000000000e+01
-4.500000000000000000e+01
-4.400000000000000000e+01
-4.300000000000000000e+01
-4.200000000000000000e+01
-4.100000000000000000e+01
-4.000000000000000000e+01
-3.900000000000000000e+01
-3.800000000000000000e+01
-3.700000000000000000e+01
-3.600000000000000000e+01
-3.500000000000000000e+01
-3.400000000000000000e+01
-3.300000000000000000e+01
-3.200000000000000000e+01
-3.100000000000000000e+01
-3.000000000000000000e+01
-2.900000000000000000e+01
-2.800000000000000000e+01
-2.700000000000000000e+01
-2.600000000000000000e+01
-2.500000000000000000e+01
-2.400000000000000000e+01
-2.300000000000000000e+01
-2.200000000000000000e+01
-2.100000000000000000e+01
-2.000000000000000000e+01
-1.900000000000000000e+01
-1.800000000000000000e+01
-1.700000000000000000e+01
-1.600000000000000000e+01
-1.500000000000000000e+01
-1.400000000000000000e+01
-1.300000000000000000e+01
-1.200000000000000000e+01
-1.100000000000000000e+01
-1.000000000000000000e+01
-9.000000000000000000e+00
-8.000000000000000000e+00
-7.000000000000000000e+00
-6.000000000000000000e+00
-5.000000000000000000e+00
-4.000000000000000000e+00
-3.000000000000000000e+00
-2.000000000000000000e+00
-1.000000000000000000e+00
0.000000000000000000e+00
1.000000000000000000e+00
2.000000000000000000e+00
3.000000000000000000e+00
4.000000000000000000e+00
5.000000000000000000e+00
6.000000000000000000e+00
7.000000000000000000e+00
8.000000000000000000e+00
9.000000000000000000e+00
1.000000000000000000e+01
1.100000000000000000e+01
1.200000000000000000e+01
1.300000000000000000e+01
1.400000000000000000e+01
1.500000000000000000e+01
1.600000000000000000e+01
1.700000000000000000e+01
1.800000000000000000e+01
1.900000000000000000e+01
2.000000000000000000e+01
2.100000000000000000e+01
2.200000000000000000e+01
2.300000000000000000e+01
2.400000000000000000e+01
2.500000000000000000e+01
2.600000000000000000e+01
2.700000000000000000e+01
2.800000000000000000e+01
2.900000000000000000e+01
3.000000000000000000e+01
3.100000000000000000e+01
3.200000000000000000e+01
3.300000000000000000e+01
3.400000000000000000e+01
3.500000000000000000e+01
3.600000000000000000e+01
3.700000000000000000e+01
3.800000000000000000e+01
3.900000000000000000e+01
4.000000000000000000e+01
4.100000000000000000e+01
4.200000000000000000e+01
4.300000000000000000e+01
4.400000000000000000e+01
4.500000000000000000e+01
4.600000000000000000e+01
4.700000000000000000e+01
4.800000000000000000e+01
4.900000000000000000e+01
5.000000000000000000e+01
5.100000000000000000e+01
5.200000000000000000e+01
5.300000000000000000e+01
5.400000000000000000e+01
5.500000000000000000e+01
5.600000000000000000e+01
5.700000000000000000e+01
5.800000000000000000e+01
5.900000000000000000e+01
6.000000000000000000e+01
6.100000000000000000e+01
6.200000000000000000e+01
6.300000000000000000e+01
6.400000000000000000e+01
6.500000000000000000e+01
6.600000000000000000e+01
6.700000000000000000e+01
6.800000000000000000e+01
6.900000000000000000e+01
7.000000000000000000e+01
7.100000000000000000e+01
7.200000000000000000e+01
7.300000000000000000e+01
7.400000000000000000e+01
7.500000000000000000e+01
7.600000000000000000e+01
7.700000000000000000e+01
7.800000000000000000e+01
7.900000000000000000e+01
8.000000000000000000e+01
8.100000000000000000e+01
8.200000000000000000e+01
8.300000000000000000e+01
8.400000000000000000e+01
8.500000000000000000e+01
8.600000000000000000e+01
8.700000000000000000e+01
8.800000000000000000e+01
8.900000000000000000e+01
9.000000000000000000e+01
9.100000000000000000e+01
9.200000000000000000e+01
9.300000000000000000e+01
9.400000000000000000e+01
9.500000000000000000e+01
9.600000000000000000e+01
9.700000000000000000e+01
9.800000000000000000e+01
9.900000000000000000e+01
