single photon fraction:    0.1510
laser fraction:    0.5104
thermal source fraction:    0.1823
non-detected fraction:    0.1562
number of bins:  200.0000
bin width (ns):    1.0000
average detection events per bin: 5000.0000

# binary result
0.000000000000000000e+00

# g2 signal
9.933924710220825016e-01
9.755256999605342871e-01
1.006018322572243218e+00
9.926778001796205952e-01
1.011497465697784648e+00
1.009115229556244886e+00
1.014356149067632495e+00
1.008162335099629159e+00
1.000062732218393924e+00
9.976804960768541619e-01
1.011735689311938691e+00
1.021502857492251781e+00
9.879133278965410714e-01
1.002444968359933686e+00
1.016738385209172257e+00
1.006494769800551303e+00
9.836253028417695221e-01
9.933924710220825016e-01
1.009829900398707014e+00
9.950600363211603572e-01
1.011259242083630827e+00
9.941071418645444080e-01
9.983951669193160683e-01
9.933924710220825016e-01
9.988716141476240429e-01
9.871986570540791650e-01
9.964893780060842809e-01
9.850546445266933349e-01
1.006494769800551303e+00
1.036272721569798216e+00
9.917249057230046461e-01
9.974422724627001191e-01
1.019358844964866062e+00
1.013403254611016546e+00
1.006256546186397260e+00
9.976804960768541619e-01
1.001968521131625600e+00
1.017691279665788207e+00
1.005303651729781311e+00
9.931542474079285698e-01
9.888662223531570206e-01
1.013879701839324632e+00
9.914866821088507143e-01
1.011259242083630827e+00
9.750492527322263125e-01
9.810048430860757174e-01
1.006732993414705124e+00
9.733816874331484570e-01
9.964893780060842809e-01
9.829106319993076157e-01
9.838635264559234539e-01
9.717141221340707125e-01
1.007685887871321073e+00
9.943453654786984508e-01
1.000062732218393924e+00
1.017214832437480121e+00
1.037702063254722251e+00
9.998245086042398810e-01
9.995862849900859493e-01
9.738581346614564316e-01
9.793372777869978618e-01
1.010544571241168921e+00
1.001492073903317737e+00
9.936306946362365444e-01
1.004112533659011541e+00
9.807666194719217856e-01
9.879133278965410714e-01
9.933924710220825016e-01
1.014832596295940359e+00
9.998245086042398810e-01
1.002206744745779643e+00
9.936306946362365444e-01
1.013641478225170589e+00
1.025076211704561313e+00
9.933924710220825016e-01
9.762403708029961935e-01
1.005541875343935354e+00
1.017691279665788207e+00
1.028411342302717024e+00
9.979187196910080937e-01
9.676643206934530950e-01
9.988716141476240429e-01
1.008638782327937022e+00
9.981569433051620255e-01
1.014356149067632495e+00
1.004827204501473448e+00
1.017214832437480121e+00
9.762403708029961935e-01
9.938689182503904762e-01
1.009591676784552972e+00
9.810048430860757174e-01
9.948218127070064254e-01
1.032222920129180821e+00
9.950600363211603572e-01
9.855310917550013095e-01
9.876751042823871396e-01
1.006018322572243218e+00
9.960129307777763064e-01
9.848164209125394031e-01
9.879133278965410714e-01
1.042466535537801775e+00
1.013641478225170589e+00
9.871986570540791650e-01
1.014117925453478453e+00
9.626616247962195283e-01
1.014594372681786538e+00
1.000300955832547745e+00
1.004827204501473448e+00
9.888662223531570206e-01
1.006256546186397260e+00
1.023646870019637500e+00
1.020073515807327968e+00
9.972040488485461873e-01
9.745728055039183380e-01
9.762403708029961935e-01
9.771932652596121427e-01
1.003397862816549635e+00
9.983951669193160683e-01
1.014356149067632495e+00
9.807666194719217856e-01
1.016976608823326300e+00
1.010306347627014878e+00
9.893426695814648841e-01
9.755256999605342871e-01
9.983951669193160683e-01
1.005780098958089397e+00
1.015070819910094402e+00
1.009353453170398929e+00
1.004112533659011541e+00
9.812430667002297602e-01
9.857693153691552412e-01
9.976804960768541619e-01
1.011735689311938691e+00
9.960129307777763064e-01
1.010306347627014878e+00
9.843399736842314285e-01
9.983951669193160683e-01
9.881515515106950032e-01
1.025314435318715356e+00
9.972040488485461873e-01
1.031031802058410829e+00
1.019597068579019883e+00
9.964893780060842809e-01
9.757639235746882189e-01
9.829106319993076157e-01
9.838635264559234539e-01
1.003636086430703456e+00
1.005303651729781311e+00
1.002921415588241549e+00
9.991098377617779747e-01
9.821959611568455983e-01
9.967276016202382127e-01
1.008400558713782980e+00
9.841017500700774967e-01
1.006256546186397260e+00
9.902955640380808333e-01
9.821959611568455983e-01
9.764785944171502363e-01
9.893426695814648841e-01
1.006018322572243218e+00
9.981569433051620255e-01
1.006494769800551303e+00
9.988716141476240429e-01
9.886279987390029778e-01
1.009115229556244886e+00
1.009829900398707014e+00
1.020073515807327968e+00
1.017929503279942027e+00
9.681407679217609585e-01
1.018405950508250113e+00
9.848164209125394031e-01
1.015309043524248445e+00
9.843399736842314285e-01
1.028411342302717024e+00
1.021741081106405824e+00
1.009591676784552972e+00
9.907720112663888079e-01
1.014356149067632495e+00
1.004350757273165362e+00
1.007924111485475116e+00
1.003159639202395592e+00
1.032461143743334642e+00
9.869604334399251222e-01
1.010544571241168921e+00
1.001253850289163694e+00
1.006732993414705124e+00
9.964893780060842809e-01
9.924395765654666635e-01
1.015309043524248445e+00
1.017453056051634164e+00
9.938689182503904762e-01
1.002683191974087729e+00
9.819577375426916666e-01
9.991098377617779747e-01
1.015547267138402265e+00
1.026267329775331305e+00
9.733816874331484570e-01
9.912484584946967825e-01
9.883897751248490460e-01
9.676643206934530950e-01

# time bin value
-1.000000000000000000e+02
-9.900000000000000000e+01
-9.800000000000000000e+01
-9.700000000000000000e+01
-9.600000000000000000e+01
-9.500000000000000000e+01
-9.400000000000000000e+01
-9.300000000000000000e+01
-9.200000000000000000e+01
-9.100000000000000000e+01
-9.000000000000000000e+01
-8.900000000000000000e+01
-8.800000000000000000e+01
-8.700000000000000000e+01
-8.600000000000000000e+01
-8.500000000000000000e+01
-8.400000000000000000e+01
-8.300000000000000000e+01
-8.200000000000000000e+01
-8.100000000000000000e+01
-8.000000000000000000e+01
-7.900000000000000000e+01
-7.800000000000000000e+01
-7.700000000000000000e+01
-7.600000000000000000e+01
-7.500000000000000000e+01
-7.400000000000000000e+01
-7.300000000000000000e+01
-7.200000000000000000e+01
-7.100000000000000000e+01
-7.000000000000000000e+01
-6.900000000000000000e+01
-6.800000000000000000e+01
-6.700000000000000000e+01
-6.600000000000000000e+01
-6.500000000000000000e+01
-6.400000000000000000e+01
-6.300000000000000000e+01
-6.200000000000000000e+01
-6.100000000000000000e+01
-6.000000000000000000e+01
-5.900000000000000000e+01
-5.800000000000000000e+01
-5.700000000000000000e+01
-5.600000000000000000e+01
-5.500000000000000000e+01
-5.400000000000000000e+01
-5.300000000000000000e+01
-5.200000000000000000e+01
-5.100000000000000000e+01
-5.000000000000000000e+01
-4.900000000000000000e+01
-4.800000000000000000e+01
-4.700000000000000000e+01
-4.600000000000000000e+01
-4.500000000000000000e+01
-4.400000000000000000e+01
-4.300000000000000000e+01
-4.200000000000000000e+01
-4.100000000000000000e+01
-4.000000000000000000e+01
-3.900000000000000000e+01
-3.800000000000000000e+01
-3.700000000000000000e+01
-3.600000000000000000e+01
-3.500000000000000000e+01
-3.400000000000000000e+01
-3.300000000000000000e+01
-3.200000000000000000e+01
-3.100000000000000000e+01
-3.000000000000000000e+01
-2.900000000000000000e+01
-2.800000000000000000e+01
-2.700000000000000000e+01
-2.600000000000000000e+01
-2.500000000000000000e+01
-2.400000000000000000e+01
-2.300000000000000000e+01
-2.200000000000000000e+01
-2.100000000000000000e+01
-2.000000000000000000e+01
-1.900000000000000000e+01
-1.800000000000000000e+01
-1.700000000000000000e+01
-1.600000000000000000e+01
-1.500000000000000000e+01
-1.400000000000000000e+01
-1.300000000000000000e+01
-1.200000000000000000e+01
-1.100000000000000000e+01
-1.000000000000000000e+01
-9.000000000000000000e+00
-8.000000000000000000e+00
-7.000000000000000000e+00
-6.000000000000000000e+00
-5.000000000000000000e+00
-4.000000000000000000e+00
-3.000000000000000000e+00
-2.000000000000000000e+00
-1.000000000000000000e+00
0.000000000000000000e+00
1.000000000000000000e+00
2.000000000000000000e+00
3.000000000000000000e+00
4.000000000000000000e+00
5.000000000000000000e+00
6.000000000000000000e+00
7.000000000000000000e+00
8.000000000000000000e+00
9.000000000000000000e+00
1.000000000000000000e+01
1.100000000000000000e+01
1.200000000000000000e+01
1.300000000000000000e+01
1.400000000000000000e+01
1.500000000000000000e+01
1.600000000000000000e+01
1.700000000000000000e+01
1.800000000000000000e+01
1.900000000000000000e+01
2.000000000000000000e+01
2.100000000000000000e+01
2.200000000000000000e+01
2.300000000000000000e+01
2.400000000000000000e+01
2.500000000000000000e+01
2.600000000000000000e+01
2.700000000000000000e+01
2.800000000000000000e+01
2.900000000000000000e+01
3.000000000000000000e+01
3.100000000000000000e+01
3.200000000000000000e+01
3.300000000000000000e+01
3.400000000000000000e+01
3.500000000000000000e+01
3.600000000000000000e+01
3.700000000000000000e+01
3.800000000000000000e+01
3.900000000000000000e+01
4.000000000000000000e+01
4.100000000000000000e+01
4.200000000000000000e+01
4.300000000000000000e+01
4.400000000000000000e+01
4.500000000000000000e+01
4.600000000000000000e+01
4.700000000000000000e+01
4.800000000000000000e+01
4.900000000000000000e+01
5.000000000000000000e+01
5.100000000000000000e+01
5.200000000000000000e+01
5.300000000000000000e+01
5.400000000000000000e+01
5.500000000000000000e+01
5.600000000000000000e+01
5.700000000000000000e+01
5.800000000000000000e+01
5.900000000000000000e+01
6.000000000000000000e+01
6.100000000000000000e+01
6.200000000000000000e+01
6.300000000000000000e+01
6.400000000000000000e+01
6.500000000000000000e+01
6.600000000000000000e+01
6.700000000000000000e+01
6.800000000000000000e+01
6.900000000000000000e+01
7.000000000000000000e+01
7.100000000000000000e+01
7.200000000000000000e+01
7.300000000000000000e+01
7.400000000000000000e+01
7.500000000000000000e+01
7.600000000000000000e+01
7.700000000000000000e+01
7.800000000000000000e+01
7.900000000000000000e+01
8.000000000000000000e+01
8.100000000000000000e+01
8.200000000000000000e+01
8.300000000000000000e+01
8.400000000000000000e+01
8.500000000000000000e+01
8.600000000000000000e+01
8.700000000000000000e+01
8.800000000000000000e+01
8.900000000000000000e+01
9.000000000000000000e+01
9.100000000000000000e+01
9.200000000000000000e+01
9.300000000000000000e+01
9.400000000000000000e+01
9.500000000000000000e+01
9.600000000000000000e+01
9.700000000000000000e+01
9.800000000000000000e+01
9.900000000000000000e+01
