single photon fraction:    0.2928
laser fraction:    0.0497
thermal source fraction:    0.4586
non-detected fraction:    0.1989
number of bins:  200.0000
bin width (ns):    1.0000
average detection events per bin: 5000.0000

# binary result
0.000000000000000000e+00

# g2 signal
1.008672320926119470e+00
1.018972586220757481e+00
1.009174772891711758e+00
9.930963099927647697e-01
9.775202990594100694e-01
9.624467400916473236e-01
1.026258139721842655e+00
9.941012139239490120e-01
9.890766942680281337e-01
9.981208296486856479e-01
1.015455422461612800e+00
1.003396575287402559e+00
9.988745075970738574e-01
9.986232816142778246e-01
1.028016721601415107e+00
9.923426320443766713e-01
1.015706648444408833e+00
9.941012139239490120e-01
9.895791462336201993e-01
9.820423667497388820e-01
9.905840501648043306e-01
9.757617171798377287e-01
9.888254682852319899e-01
9.667175817991801035e-01
1.005657609132567076e+00
1.000633089476646198e+00
9.948548918723371104e-01
1.015204196478816767e+00
1.003899027252994625e+00
9.822935927325349148e-01
1.005155157166975011e+00
9.908352761476003634e-01
1.003145349304606526e+00
9.898303722164162322e-01
1.006411287080955175e+00
1.012189484685264151e+00
1.022238523997105908e+00
9.986232816142778246e-01
1.002642897339014461e+00
1.017465230323981062e+00
1.000884315459442231e+00
9.900815981992122650e-01
9.941012139239490120e-01
9.870668864056597602e-01
9.863132084572715508e-01
9.910865021303963962e-01
9.830472706809230132e-01
1.017214004341185030e+00
1.004652705201382945e+00
9.923426320443766713e-01
9.956085698207252088e-01
1.009425998874507791e+00
9.835497226465150788e-01
1.023494653911086294e+00
9.958597958035212416e-01
1.020479942117533678e+00
9.843034005949032883e-01
9.830472706809230132e-01
1.013696840582040570e+00
9.998794115282579886e-01
1.008421094943323437e+00
9.938499879411529792e-01
1.012943162633652250e+00
9.951061178551331432e-01
1.014952970496020734e+00
1.021233620065921777e+00
1.003647801270198592e+00
1.029524077498191303e+00
1.004150253235790879e+00
9.996281855454619558e-01
1.005406383149771044e+00
9.815399147841467054e-01
1.005908835115363109e+00
1.009677224857303823e+00
1.013696840582040570e+00
9.870668864056597602e-01
1.010682128788487955e+00
1.007667416994935339e+00
9.687273896615484770e-01
9.908352761476003634e-01
9.863132084572715508e-01
1.005155157166975011e+00
9.956085698207252088e-01
9.908352761476003634e-01
1.028016721601415107e+00
1.014450518530428669e+00
9.971159257175015167e-01
9.968646997347054839e-01
1.027011817670230753e+00
9.807862368357586069e-01
9.848058525604953539e-01
1.002642897339014461e+00
1.016711552375592964e+00
9.792788809389822990e-01
1.004401479218586912e+00
1.000130637511054132e+00
1.001386767425034297e+00
1.015204196478816767e+00
9.925938580271727041e-01
9.647077739368117300e-01
1.235529383390947977e+00
1.008672320926119470e+00
9.905840501648043306e-01
9.802837848701665413e-01
1.014450518530428669e+00
9.933475359755608025e-01
9.790276549561862662e-01
1.022740975962697974e+00
1.046858670311118455e+00
1.002140445373422395e+00
1.004652705201382945e+00
9.704859715411208176e-01
1.007164965029343273e+00
9.865644344400675836e-01
9.840521746121071445e-01
9.697322935927326082e-01
9.742543612830614208e-01
9.805350108529625741e-01
9.991257335798698902e-01
1.005155157166975011e+00
9.692298416271405426e-01
1.011938258702468119e+00
9.996281855454619558e-01
1.031031433394967500e+00
1.006662513063751208e+00
1.010430902805691922e+00
9.993769595626659230e-01
9.986232816142778246e-01
9.888254682852319899e-01
1.002894123321810493e+00
9.762641691454297943e-01
1.011687032719672086e+00
1.011184580754080020e+00
9.988745075970738574e-01
9.996281855454619558e-01
1.003396575287402559e+00
9.777715250422061022e-01
9.978696036658896151e-01
1.017716456306777095e+00
9.825448187153309476e-01
1.011938258702468119e+00
9.745055872658574536e-01
1.011938258702468119e+00
9.898303722164162322e-01
1.005406383149771044e+00
1.007416191012139306e+00
9.981208296486856479e-01
9.963622477691134183e-01
9.843034005949032883e-01
9.677224857303642347e-01
9.898303722164162322e-01
1.038316986896052896e+00
9.971159257175015167e-01
9.925938580271727041e-01
9.925938580271727041e-01
1.016460326392796931e+00
9.895791462336201993e-01
9.951061178551331432e-01
9.946036658895410776e-01
1.002642897339014461e+00
9.840521746121071445e-01
1.013948066564836603e+00
9.865644344400675836e-01
9.941012139239490120e-01
9.928450840099687369e-01
1.008421094943323437e+00
1.009928450840099856e+00
9.810374628185546397e-01
1.020731168100329711e+00
1.001135541442238264e+00
9.976183776830935823e-01
1.015455422461612800e+00
1.005155157166975011e+00
1.016962778358388997e+00
1.009174772891711758e+00
1.022740975962697974e+00
9.961110217863173855e-01
1.000130637511054132e+00
9.941012139239490120e-01
1.001889219390626362e+00
1.007416191012139306e+00
1.004150253235790879e+00
9.946036658895410776e-01
1.013948066564836603e+00
1.000633089476646198e+00
9.948548918723371104e-01
9.968646997347054839e-01
1.013194388616448283e+00
9.840521746121071445e-01
9.968646997347054839e-01
1.002894123321810493e+00
9.905840501648043306e-01
1.004401479218586912e+00
9.843034005949032883e-01
1.010682128788487955e+00
1.013948066564836603e+00
1.014450518530428669e+00
9.963622477691134183e-01
1.017716456306777095e+00
9.946036658895410776e-01

# time bin value
-1.000000000000000000e+02
-9.900000000000000000e+01
-9.800000000000000000e+01
-9.700000000000000000e+01
-9.600000000000000000e+01
-9.500000000000000000e+01
-9.400000000000000000e+01
-9.300000000000000000e+01
-9.200000000000000000e+01
-9.100000000000000000e+01
-9.000000000000000000e+01
-8.900000000000000000e+01
-8.800000000000000000e+01
-8.700000000000000000e+01
-8.600000000000000000e+01
-8.500000000000000000e+01
-8.400000000000000000e+01
-8.300000000000000000e+01
-8.200000000000000000e+01
-8.100000000000000000e+01
-8.000000000000000000e+01
-7.900000000000000000e+01
-7.800000000000000000e+01
-7.700000000000000000e+01
-7.600000000000000000e+01
-7.500000000000000000e+01
-7.400000000000000000e+01
-7.300000000000000000e+01
-7.200000000000000000e+01
-7.100000000000000000e+01
-7.000000000000000000e+01
-6.900000000000000000e+01
-6.800000000000000000e+01
-6.700000000000000000e+01
-6.600000000000000000e+01
-6.500000000000000000e+01
-6.400000000000000000e+01
-6.300000000000000000e+01
-6.200000000000000000e+01
-6.100000000000000000e+01
-6.000000000000000000e+01
-5.900000000000000000e+01
-5.800000000000000000e+01
-5.700000000000000000e+01
-5.600000000000000000e+01
-5.500000000000000000e+01
-5.400000000000000000e+01
-5.300000000000000000e+01
-5.200000000000000000e+01
-5.100000000000000000e+01
-5.000000000000000000e+01
-4.900000000000000000e+01
-4.800000000000000000e+01
-4.700000000000000000e+01
-4.600000000000000000e+01
-4.500000000000000000e+01
-4.400000000000000000e+01
-4.300000000000000000e+01
-4.200000000000000000e+01
-4.100000000000000000e+01
-4.000000000000000000e+01
-3.900000000000000000e+01
-3.800000000000000000e+01
-3.700000000000000000e+01
-3.600000000000000000e+01
-3.500000000000000000e+01
-3.400000000000000000e+01
-3.300000000000000000e+01
-3.200000000000000000e+01
-3.100000000000000000e+01
-3.000000000000000000e+01
-2.900000000000000000e+01
-2.800000000000000000e+01
-2.700000000000000000e+01
-2.600000000000000000e+01
-2.500000000000000000e+01
-2.400000000000000000e+01
-2.300000000000000000e+01
-2.200000000000000000e+01
-2.100000000000000000e+01
-2.000000000000000000e+01
-1.900000000000000000e+01
-1.800000000000000000e+01
-1.700000000000000000e+01
-1.600000000000000000e+01
-1.500000000000000000e+01
-1.400000000000000000e+01
-1.300000000000000000e+01
-1.200000000000000000e+01
-1.100000000000000000e+01
-1.000000000000000000e+01
-9.000000000000000000e+00
-8.000000000000000000e+00
-7.000000000000000000e+00
-6.000000000000000000e+00
-5.000000000000000000e+00
-4.000000000000000000e+00
-3.000000000000000000e+00
-2.000000000000000000e+00
-1.000000000000000000e+00
0.000000000000000000e+00
1.000000000000000000e+00
2.000000000000000000e+00
3.000000000000000000e+00
4.000000000000000000e+00
5.000000000000000000e+00
6.000000000000000000e+00
7.000000000000000000e+00
8.000000000000000000e+00
9.000000000000000000e+00
1.000000000000000000e+01
1.100000000000000000e+01
1.200000000000000000e+01
1.300000000000000000e+01
1.400000000000000000e+01
1.500000000000000000e+01
1.600000000000000000e+01
1.700000000000000000e+01
1.800000000000000000e+01
1.900000000000000000e+01
2.000000000000000000e+01
2.100000000000000000e+01
2.200000000000000000e+01
2.300000000000000000e+01
2.400000000000000000e+01
2.500000000000000000e+01
2.600000000000000000e+01
2.700000000000000000e+01
2.800000000000000000e+01
2.900000000000000000e+01
3.000000000000000000e+01
3.100000000000000000e+01
3.200000000000000000e+01
3.300000000000000000e+01
3.400000000000000000e+01
3.500000000000000000e+01
3.600000000000000000e+01
3.700000000000000000e+01
3.800000000000000000e+01
3.900000000000000000e+01
4.000000000000000000e+01
4.100000000000000000e+01
4.200000000000000000e+01
4.300000000000000000e+01
4.400000000000000000e+01
4.500000000000000000e+01
4.600000000000000000e+01
4.700000000000000000e+01
4.800000000000000000e+01
4.900000000000000000e+01
5.000000000000000000e+01
5.100000000000000000e+01
5.200000000000000000e+01
5.300000000000000000e+01
5.400000000000000000e+01
5.500000000000000000e+01
5.600000000000000000e+01
5.700000000000000000e+01
5.800000000000000000e+01
5.900000000000000000e+01
6.000000000000000000e+01
6.100000000000000000e+01
6.200000000000000000e+01
6.300000000000000000e+01
6.400000000000000000e+01
6.500000000000000000e+01
6.600000000000000000e+01
6.700000000000000000e+01
6.800000000000000000e+01
6.900000000000000000e+01
7.000000000000000000e+01
7.100000000000000000e+01
7.200000000000000000e+01
7.300000000000000000e+01
7.400000000000000000e+01
7.500000000000000000e+01
7.600000000000000000e+01
7.700000000000000000e+01
7.800000000000000000e+01
7.900000000000000000e+01
8.000000000000000000e+01
8.100000000000000000e+01
8.200000000000000000e+01
8.300000000000000000e+01
8.400000000000000000e+01
8.500000000000000000e+01
8.600000000000000000e+01
8.700000000000000000e+01
8.800000000000000000e+01
8.900000000000000000e+01
9.000000000000000000e+01
9.100000000000000000e+01
9.200000000000000000e+01
9.300000000000000000e+01
9.400000000000000000e+01
9.500000000000000000e+01
9.600000000000000000e+01
9.700000000000000000e+01
9.800000000000000000e+01
9.900000000000000000e+01
