single photon fraction:    0.3672
laser fraction:    0.0859
thermal source fraction:    0.1250
non-detected fraction:    0.4219
number of bins:  200.0000
bin width (ns):    1.0000
average detection events per bin: 5000.0000

# binary result
0.000000000000000000e+00

# g2 signal
1.012474575329913362e+00
1.004491402469924299e+00
1.004144307997750785e+00
1.035035716021186714e+00
9.895663401664664960e-01
9.847070175560383998e-01
9.940785683047211885e-01
9.937314738325477848e-01
1.000673363276016525e+00
1.007268158247311751e+00
9.913018125273337366e-01
9.899134346386400107e-01
9.954669461934149144e-01
1.007962347191658559e+00
9.690877663082337889e-01
9.989378909151492847e-01
1.023928692911636684e+00
1.012821669802086655e+00
1.010739102969046233e+00
1.020110653717728910e+00
1.010392008496872718e+00
9.833186396673446739e-01
1.000673363276016525e+00
9.788064115290899814e-01
1.003450119053403977e+00
1.009350725080352396e+00
9.961611351377618329e-01
1.015598425579474329e+00
1.025317070800330521e+00
1.015251331107300814e+00
1.002755930109057170e+00
1.037812471798574165e+00
9.558981763656432262e-01
9.906076235829868182e-01
9.954669461934149144e-01
1.050307872796817810e+00
1.025664165272503814e+00
1.018722275829035073e+00
1.027399637633371166e+00
1.018028086884688266e+00
1.000673363276016525e+00
9.857483009725587220e-01
1.007615252719485266e+00
9.951198517212415107e-01
9.892192456942930923e-01
1.014210047690780492e+00
9.874837733334259626e-01
1.002061741164710140e+00
1.017333897940341458e+00
9.895663401664664960e-01
9.902605291108134145e-01
1.001367552220363333e+00
1.009003630608178881e+00
1.008656536136005588e+00
1.029829298938585103e+00
9.611045934482447262e-01
9.978966074986289625e-01
9.895663401664664960e-01
9.871366788612524479e-01
9.784593170569165776e-01
1.002408835636883655e+00
9.763767502238759333e-01
9.885250567499461738e-01
9.867895843890790442e-01
1.009003630608178881e+00
1.012127480857739847e+00
9.857483009725587220e-01
9.913018125273337366e-01
1.006226874830791429e+00
9.729058055021415630e-01
1.011433291913393040e+00
1.023581598439463169e+00
9.982437019708024772e-01
1.002755930109057170e+00
1.020110653717728910e+00
1.013862953218606977e+00
1.010392008496872718e+00
1.003103024581230462e+00
9.947727572490681069e-01
9.992849853873226884e-01
1.001020457748189818e+00
1.020804842662075718e+00
1.012127480857739847e+00
9.822773562508243517e-01
9.926901904160274626e-01
1.006921063775138236e+00
1.011780386385566333e+00
9.867895843890790442e-01
9.777651281125696592e-01
1.021846126078596040e+00
1.006921063775138236e+00
9.982437019708024772e-01
9.704761441969275149e-01
1.006226874830791429e+00
9.930372848882008663e-01
9.847070175560383998e-01
9.878308678055993663e-01
9.944256627768945922e-01
1.018375181356861781e+00
9.972024185542821550e-01
5.890193192783211851e-01
9.840128286116915923e-01
9.989378909151492847e-01
9.819302617786509479e-01
9.885250567499461738e-01
1.005879780358618136e+00
9.735999944464884814e-01
1.013515858746433684e+00
1.000326268803843011e+00
1.035729904965533521e+00
1.007962347191658559e+00
9.992849853873226884e-01
9.826244507229977554e-01
1.019069370301208588e+00
1.021151937134249232e+00
9.767238446960493370e-01
1.030176393410758617e+00
1.006573969302964944e+00
9.944256627768945922e-01
9.833186396673446739e-01
9.975495130264555588e-01
1.010739102969046233e+00
9.624929713369384521e-01
1.007615252719485266e+00
1.009350725080352396e+00
1.015251331107300814e+00
1.019763559245555395e+00
9.947727572490681069e-01
9.735999944464884814e-01
9.819302617786509479e-01
9.930372848882008663e-01
9.958140406655884291e-01
9.965082296099352366e-01
1.007962347191658559e+00
9.850541120282118035e-01
1.001714646692536848e+00
1.010739102969046233e+00
9.909547180551602219e-01
1.008309441663832073e+00
1.005185591414271107e+00
1.004144307997750785e+00
1.013862953218606977e+00
1.002061741164710140e+00
1.005185591414271107e+00
9.909547180551602219e-01
9.735999944464884814e-01
9.795006004734368998e-01
9.680464828917134668e-01
1.009003630608178881e+00
1.008309441663832073e+00
9.833186396673446739e-01
1.029482204466411588e+00
9.867895843890790442e-01
1.034341527076839684e+00
9.770709391682228517e-01
1.055167195407245906e+00
1.014904236635127299e+00
9.919960014716805441e-01
9.801947894177837073e-01
9.833186396673446739e-01
9.829715451951712701e-01
9.864424899169056404e-01
9.694348607804071927e-01
9.812360728343040295e-01
9.840128286116915923e-01
1.018375181356861781e+00
1.031564771299452232e+00
9.878308678055993663e-01
9.659639160586728224e-01
9.753354668073556111e-01
1.009350725080352396e+00
1.002755930109057170e+00
9.729058055021415630e-01
9.829715451951712701e-01
9.854012065003853182e-01
1.045101455714216421e+00
1.003450119053403977e+00
1.018028086884688266e+00
1.003450119053403977e+00
1.007268158247311751e+00
9.708232386691010296e-01
9.795006004734368998e-01
1.013168764274260170e+00
9.840128286116915923e-01
9.947727572490681069e-01
1.014210047690780492e+00
1.009697819552525910e+00
9.961611351377618329e-01
9.774180336403962555e-01
1.007268158247311751e+00
1.015251331107300814e+00
9.715174276134478371e-01
9.944256627768945922e-01
1.045448550186389713e+00
1.018375181356861781e+00
1.004144307997750785e+00
9.916489069995071404e-01
1.010392008496872718e+00
1.020804842662075718e+00
9.916489069995071404e-01

# time bin value
-1.000000000000000000e+02
-9.900000000000000000e+01
-9.800000000000000000e+01
-9.700000000000000000e+01
-9.600000000000000000e+01
-9.500000000000000000e+01
-9.400000000000000000e+01
-9.300000000000000000e+01
-9.200000000000000000e+01
-9.100000000000000000e+01
-9.000000000000000000e+01
-8.900000000000000000e+01
-8.800000000000000000e+01
-8.700000000000000000e+01
-8.600000000000000000e+01
-8.500000000000000000e+01
-8.400000000000000000e+01
-8.300000000000000000e+01
-8.200000000000000000e+01
-8.100000000000000000e+01
-8.000000000000000000e+01
-7.900000000000000000e+01
-7.800000000000000000e+01
-7.700000000000000000e+01
-7.600000000000000000e+01
-7.500000000000000000e+01
-7.400000000000000000e+01
-7.300000000000000000e+01
-7.200000000000000000e+01
-7.100000000000000000e+01
-7.000000000000000000e+01
-6.900000000000000000e+01
-6.800000000000000000e+01
-6.700000000000000000e+01
-6.600000000000000000e+01
-6.500000000000000000e+01
-6.400000000000000000e+01
-6.300000000000000000e+01
-6.200000000000000000e+01
-6.100000000000000000e+01
-6.000000000000000000e+01
-5.900000000000000000e+01
-5.800000000000000000e+01
-5.700000000000000000e+01
-5.600000000000000000e+01
-5.500000000000000000e+01
-5.400000000000000000e+01
-5.300000000000000000e+01
-5.200000000000000000e+01
-5.100000000000000000e+01
-5.000000000000000000e+01
-4.900000000000000000e+01
-4.800000000000000000e+01
-4.700000000000000000e+01
-4.600000000000000000e+01
-4.500000000000000000e+01
-4.400000000000000000e+01
-4.300000000000000000e+01
-4.200000000000000000e+01
-4.100000000000000000e+01
-4.000000000000000000e+01
-3.900000000000000000e+01
-3.800000000000000000e+01
-3.700000000000000000e+01
-3.600000000000000000e+01
-3.500000000000000000e+01
-3.400000000000000000e+01
-3.300000000000000000e+01
-3.200000000000000000e+01
-3.100000000000000000e+01
-3.000000000000000000e+01
-2.900000000000000000e+01
-2.800000000000000000e+01
-2.700000000000000000e+01
-2.600000000000000000e+01
-2.500000000000000000e+01
-2.400000000000000000e+01
-2.300000000000000000e+01
-2.200000000000000000e+01
-2.100000000000000000e+01
-2.000000000000000000e+01
-1.900000000000000000e+01
-1.800000000000000000e+01
-1.700000000000000000e+01
-1.600000000000000000e+01
-1.500000000000000000e+01
-1.400000000000000000e+01
-1.300000000000000000e+01
-1.200000000000000000e+01
-1.100000000000000000e+01
-1.000000000000000000e+01
-9.000000000000000000e+00
-8.000000000000000000e+00
-7.000000000000000000e+00
-6.000000000000000000e+00
-5.000000000000000000e+00
-4.000000000000000000e+00
-3.000000000000000000e+00
-2.000000000000000000e+00
-1.000000000000000000e+00
0.000000000000000000e+00
1.000000000000000000e+00
2.000000000000000000e+00
3.000000000000000000e+00
4.000000000000000000e+00
5.000000000000000000e+00
6.000000000000000000e+00
7.000000000000000000e+00
8.000000000000000000e+00
9.000000000000000000e+00
1.000000000000000000e+01
1.100000000000000000e+01
1.200000000000000000e+01
1.300000000000000000e+01
1.400000000000000000e+01
1.500000000000000000e+01
1.600000000000000000e+01
1.700000000000000000e+01
1.800000000000000000e+01
1.900000000000000000e+01
2.000000000000000000e+01
2.100000000000000000e+01
2.200000000000000000e+01
2.300000000000000000e+01
2.400000000000000000e+01
2.500000000000000000e+01
2.600000000000000000e+01
2.700000000000000000e+01
2.800000000000000000e+01
2.900000000000000000e+01
3.000000000000000000e+01
3.100000000000000000e+01
3.200000000000000000e+01
3.300000000000000000e+01
3.400000000000000000e+01
3.500000000000000000e+01
3.600000000000000000e+01
3.700000000000000000e+01
3.800000000000000000e+01
3.900000000000000000e+01
4.000000000000000000e+01
4.100000000000000000e+01
4.200000000000000000e+01
4.300000000000000000e+01
4.400000000000000000e+01
4.500000000000000000e+01
4.600000000000000000e+01
4.700000000000000000e+01
4.800000000000000000e+01
4.900000000000000000e+01
5.000000000000000000e+01
5.100000000000000000e+01
5.200000000000000000e+01
5.300000000000000000e+01
5.400000000000000000e+01
5.500000000000000000e+01
5.600000000000000000e+01
5.700000000000000000e+01
5.800000000000000000e+01
5.900000000000000000e+01
6.000000000000000000e+01
6.100000000000000000e+01
6.200000000000000000e+01
6.300000000000000000e+01
6.400000000000000000e+01
6.500000000000000000e+01
6.600000000000000000e+01
6.700000000000000000e+01
6.800000000000000000e+01
6.900000000000000000e+01
7.000000000000000000e+01
7.100000000000000000e+01
7.200000000000000000e+01
7.300000000000000000e+01
7.400000000000000000e+01
7.500000000000000000e+01
7.600000000000000000e+01
7.700000000000000000e+01
7.800000000000000000e+01
7.900000000000000000e+01
8.000000000000000000e+01
8.100000000000000000e+01
8.200000000000000000e+01
8.300000000000000000e+01
8.400000000000000000e+01
8.500000000000000000e+01
8.600000000000000000e+01
8.700000000000000000e+01
8.800000000000000000e+01
8.900000000000000000e+01
9.000000000000000000e+01
9.100000000000000000e+01
9.200000000000000000e+01
9.300000000000000000e+01
9.400000000000000000e+01
9.500000000000000000e+01
9.600000000000000000e+01
9.700000000000000000e+01
9.800000000000000000e+01
9.900000000000000000e+01
