single photon fraction:    0.0619
laser fraction:    0.3186
thermal source fraction:    0.3540
non-detected fraction:    0.2655
number of bins:  200.0000
bin width (ns):    1.0000
average detection events per bin: 5000.0000

# binary result
0.000000000000000000e+00

# g2 signal
9.986263873988588946e-01
9.937043515354472278e-01
1.003548423262270672e+00
1.013939387862806463e+00
9.972591552145779747e-01
1.018861423726218129e+00
9.838602798086238943e-01
9.890557621088917895e-01
9.893292085457480178e-01
1.012025262804812975e+00
1.026244477521335519e+00
9.980794945251465489e-01
9.745631009555129065e-01
9.805789225663494868e-01
1.018041084415649555e+00
1.007650119815113765e+00
1.022689673842204883e+00
1.011478369931100518e+00
9.920636729143100796e-01
1.007650119815113765e+00
9.901495478563165920e-01
9.813992618769180609e-01
9.871416370508983018e-01
1.009290798436250913e+00
1.029252388326753920e+00
9.857744048666173819e-01
9.794851368189245733e-01
1.013939387862806463e+00
1.007923566251969882e+00
9.753834402660815917e-01
1.003001530388558216e+00
1.041284031548426858e+00
9.860478513034734993e-01
9.999936195831399255e-01
9.972591552145779747e-01
1.015580066483943611e+00
9.991732802725713514e-01
1.012025262804812975e+00
1.013392494989094006e+00
1.003274976825414333e+00
9.972591552145779747e-01
1.004642209009695364e+00
1.004095316135983129e+00
9.783913510714997708e-01
9.978060480882903205e-01
1.008743905562538457e+00
9.898761014194603636e-01
9.860478513034734993e-01
9.710082972763822706e-01
1.026791370395047975e+00
9.751099938292253633e-01
9.855009584297611536e-01
9.947981372828720303e-01
9.860478513034734993e-01
1.005735994757120277e+00
9.915167800405976228e-01
9.707348508395260422e-01
1.012298709241669092e+00
1.011478369931100518e+00
9.644455827918333446e-01
1.001907744641133302e+00
9.792116903820684559e-01
1.002728083951702098e+00
1.007103226941401308e+00
1.016947298668224642e+00
9.647190292286895730e-01
9.767506724503626225e-01
9.721020830238070731e-01
1.002454637514845759e+00
9.868681906140421844e-01
1.003821869699126790e+00
9.693676186552450114e-01
1.023510013152773457e+00
9.764772260135063942e-01
1.002728083951702098e+00
1.019134870163074247e+00
1.006556334067688852e+00
9.988998338357151230e-01
1.000267066019996154e+00
9.638986899181209989e-01
1.019681763036786704e+00
9.942512444091596846e-01
1.012298709241669092e+00
1.010384584183675827e+00
1.010111137746819487e+00
1.004915655446551703e+00
9.756568867029377090e-01
1.010111137746819487e+00
9.617111184232712828e-01
9.953450301565844871e-01
1.004642209009695364e+00
9.978060480882903205e-01
9.813992618769180609e-01
1.000540512456852271e+00
9.685472793446764372e-01
9.964388159040092896e-01
1.005462548320264160e+00
1.018861423726218129e+00
9.999936195831399255e-01
1.009564244873107031e+00
1.408522596246309488e+00
9.958919230302969439e-01
9.682738329078202089e-01
9.986263873988588946e-01
9.890557621088917895e-01
9.830399404980553202e-01
9.879619763614669870e-01
9.997201731462838081e-01
9.961653694671530612e-01
9.844071726823363511e-01
1.002728083951702098e+00
1.011751816367956858e+00
9.718286365869508447e-01
1.015580066483943611e+00
1.005189101883407821e+00
1.000540512456852271e+00
1.004642209009695364e+00
1.006829780504544969e+00
9.931574586617348821e-01
9.923371193511661970e-01
9.846806191191924684e-01
1.001907744641133302e+00
9.833133869349114375e-01
9.967122623408655180e-01
9.830399404980553202e-01
9.846806191191924684e-01
9.835868333717676659e-01
9.767506724503626225e-01
1.005462548320264160e+00
1.022416227405348765e+00
1.005735994757120277e+00
9.781179046346436534e-01
1.007650119815113765e+00
9.928840122248786537e-01
1.008470459125682339e+00
9.868681906140421844e-01
1.005462548320264160e+00
9.961653694671530612e-01
9.833133869349114375e-01
1.016947298668224642e+00
9.906964407300290487e-01
9.868681906140421844e-01
9.879619763614669870e-01
1.010384584183675827e+00
1.006556334067688852e+00
1.020502102347355278e+00
9.857744048666173819e-01
9.803054761294932584e-01
1.011478369931100518e+00
1.008197012688826000e+00
9.906964407300290487e-01
9.988998338357151230e-01
1.014759727173375037e+00
1.000813958893708611e+00
1.003821869699126790e+00
9.827664940611990918e-01
1.007923566251969882e+00
9.928840122248786537e-01
1.002454637514845759e+00
1.004368762572839247e+00
9.742896545186567892e-01
1.012845602115381549e+00
9.794851368189245733e-01
9.967122623408655180e-01
9.745631009555129065e-01
1.031166513384747185e+00
1.002728083951702098e+00
1.004915655446551703e+00
1.016126959357656068e+00
1.002454637514845759e+00
1.018587977289361790e+00
9.928840122248786537e-01
9.994467267094275797e-01
1.007376673378257426e+00
9.767506724503626225e-01
9.811258154400618325e-01
1.003001530388558216e+00
1.006829780504544969e+00
9.846806191191924684e-01
1.024877245337054488e+00
9.874150834877545302e-01
9.707348508395260422e-01
9.978060480882903205e-01
9.751099938292253633e-01
9.923371193511661970e-01
1.002728083951702098e+00
9.803054761294932584e-01
9.876885299246107586e-01
9.958919230302969439e-01
9.939777979723034562e-01
9.871416370508983018e-01
1.012298709241669092e+00
1.001360851767421067e+00
9.865947441771859561e-01
1.018861423726218129e+00
1.001907744641133302e+00
1.015306620047087494e+00
9.980794945251465489e-01
1.030619620511034951e+00
1.009564244873107031e+00

# time bin value
-1.000000000000000000e+02
-9.900000000000000000e+01
-9.800000000000000000e+01
-9.700000000000000000e+01
-9.600000000000000000e+01
-9.500000000000000000e+01
-9.400000000000000000e+01
-9.300000000000000000e+01
-9.200000000000000000e+01
-9.100000000000000000e+01
-9.000000000000000000e+01
-8.900000000000000000e+01
-8.800000000000000000e+01
-8.700000000000000000e+01
-8.600000000000000000e+01
-8.500000000000000000e+01
-8.400000000000000000e+01
-8.300000000000000000e+01
-8.200000000000000000e+01
-8.100000000000000000e+01
-8.000000000000000000e+01
-7.900000000000000000e+01
-7.800000000000000000e+01
-7.700000000000000000e+01
-7.600000000000000000e+01
-7.500000000000000000e+01
-7.400000000000000000e+01
-7.300000000000000000e+01
-7.200000000000000000e+01
-7.100000000000000000e+01
-7.000000000000000000e+01
-6.900000000000000000e+01
-6.800000000000000000e+01
-6.700000000000000000e+01
-6.600000000000000000e+01
-6.500000000000000000e+01
-6.400000000000000000e+01
-6.300000000000000000e+01
-6.200000000000000000e+01
-6.100000000000000000e+01
-6.000000000000000000e+01
-5.900000000000000000e+01
-5.800000000000000000e+01
-5.700000000000000000e+01
-5.600000000000000000e+01
-5.500000000000000000e+01
-5.400000000000000000e+01
-5.300000000000000000e+01
-5.200000000000000000e+01
-5.100000000000000000e+01
-5.000000000000000000e+01
-4.900000000000000000e+01
-4.800000000000000000e+01
-4.700000000000000000e+01
-4.600000000000000000e+01
-4.500000000000000000e+01
-4.400000000000000000e+01
-4.300000000000000000e+01
-4.200000000000000000e+01
-4.100000000000000000e+01
-4.000000000000000000e+01
-3.900000000000000000e+01
-3.800000000000000000e+01
-3.700000000000000000e+01
-3.600000000000000000e+01
-3.500000000000000000e+01
-3.400000000000000000e+01
-3.300000000000000000e+01
-3.200000000000000000e+01
-3.100000000000000000e+01
-3.000000000000000000e+01
-2.900000000000000000e+01
-2.800000000000000000e+01
-2.700000000000000000e+01
-2.600000000000000000e+01
-2.500000000000000000e+01
-2.400000000000000000e+01
-2.300000000000000000e+01
-2.200000000000000000e+01
-2.100000000000000000e+01
-2.000000000000000000e+01
-1.900000000000000000e+01
-1.800000000000000000e+01
-1.700000000000000000e+01
-1.600000000000000000e+01
-1.500000000000000000e+01
-1.400000000000000000e+01
-1.300000000000000000e+01
-1.200000000000000000e+01
-1.100000000000000000e+01
-1.000000000000000000e+01
-9.000000000000000000e+00
-8.000000000000000000e+00
-7.000000000000000000e+00
-6.000000000000000000e+00
-5.000000000000000000e+00
-4.000000000000000000e+00
-3.000000000000000000e+00
-2.000000000000000000e+00
-1.000000000000000000e+00
0.000000000000000000e+00
1.000000000000000000e+00
2.000000000000000000e+00
3.000000000000000000e+00
4.000000000000000000e+00
5.000000000000000000e+00
6.000000000000000000e+00
7.000000000000000000e+00
8.000000000000000000e+00
9.000000000000000000e+00
1.000000000000000000e+01
1.100000000000000000e+01
1.200000000000000000e+01
1.300000000000000000e+01
1.400000000000000000e+01
1.500000000000000000e+01
1.600000000000000000e+01
1.700000000000000000e+01
1.800000000000000000e+01
1.900000000000000000e+01
2.000000000000000000e+01
2.100000000000000000e+01
2.200000000000000000e+01
2.300000000000000000e+01
2.400000000000000000e+01
2.500000000000000000e+01
2.600000000000000000e+01
2.700000000000000000e+01
2.800000000000000000e+01
2.900000000000000000e+01
3.000000000000000000e+01
3.100000000000000000e+01
3.200000000000000000e+01
3.300000000000000000e+01
3.400000000000000000e+01
3.500000000000000000e+01
3.600000000000000000e+01
3.700000000000000000e+01
3.800000000000000000e+01
3.900000000000000000e+01
4.000000000000000000e+01
4.100000000000000000e+01
4.200000000000000000e+01
4.300000000000000000e+01
4.400000000000000000e+01
4.500000000000000000e+01
4.600000000000000000e+01
4.700000000000000000e+01
4.800000000000000000e+01
4.900000000000000000e+01
5.000000000000000000e+01
5.100000000000000000e+01
5.200000000000000000e+01
5.300000000000000000e+01
5.400000000000000000e+01
5.500000000000000000e+01
5.600000000000000000e+01
5.700000000000000000e+01
5.800000000000000000e+01
5.900000000000000000e+01
6.000000000000000000e+01
6.100000000000000000e+01
6.200000000000000000e+01
6.300000000000000000e+01
6.400000000000000000e+01
6.500000000000000000e+01
6.600000000000000000e+01
6.700000000000000000e+01
6.800000000000000000e+01
6.900000000000000000e+01
7.000000000000000000e+01
7.100000000000000000e+01
7.200000000000000000e+01
7.300000000000000000e+01
7.400000000000000000e+01
7.500000000000000000e+01
7.600000000000000000e+01
7.700000000000000000e+01
7.800000000000000000e+01
7.900000000000000000e+01
8.000000000000000000e+01
8.100000000000000000e+01
8.200000000000000000e+01
8.300000000000000000e+01
8.400000000000000000e+01
8.500000000000000000e+01
8.600000000000000000e+01
8.700000000000000000e+01
8.800000000000000000e+01
8.900000000000000000e+01
9.000000000000000000e+01
9.100000000000000000e+01
9.200000000000000000e+01
9.300000000000000000e+01
9.400000000000000000e+01
9.500000000000000000e+01
9.600000000000000000e+01
9.700000000000000000e+01
9.800000000000000000e+01
9.900000000000000000e+01
