single photon fraction:    0.2650
laser fraction:    0.3498
thermal source fraction:    0.1166
non-detected fraction:    0.2686
number of bins:  200.0000
bin width (ns):    1.0000
average detection events per bin: 5000.0000

# binary result
0.000000000000000000e+00

# g2 signal
1.031327699482414983e+00
1.002237562136716331e+00
1.014587148745739409e+00
9.794594357245182126e-01
9.912601518175846449e-01
1.024466818032957915e+00
9.981210332670419350e-01
1.013489407713826118e+00
1.011568360907978192e+00
9.772639536606918531e-01
1.006354091006390616e+00
9.986699037829984693e-01
1.018154807099457049e+00
9.898879755276932535e-01
1.008275137812238764e+00
9.942789396553458614e-01
9.909857165596064332e-01
9.887902344957800738e-01
9.876924934638668940e-01
1.002237562136716331e+00
9.854970114000405346e-01
9.981210332670419350e-01
9.907112813016281105e-01
9.972977274931070779e-01
1.016508195551587335e+00
9.868691876899320370e-01
1.011568360907978192e+00
9.435084169293621592e-01
1.033523181546241343e+00
9.909857165596064332e-01
1.020350289163283408e+00
9.948278101713023958e-01
1.002237562136716331e+00
9.978465980090636123e-01
1.013763842971804552e+00
9.797338709824965353e-01
1.016233760293609123e+00
9.970232922351287552e-01
9.983954685250202576e-01
1.027760041128697344e+00
1.007177396780325473e+00
9.797338709824965353e-01
1.005256349974477548e+00
1.005805220490433971e+00
9.879669287218452167e-01
1.013763842971804552e+00
1.006354091006390616e+00
9.983954685250202576e-01
9.805571767564313923e-01
1.029955523192523703e+00
9.885157992378017511e-01
9.865947524319537143e-01
1.032425440514328274e+00
1.014312713487760975e+00
9.736962953069741022e-01
1.022545771227109768e+00
1.014312713487760975e+00
1.016233760293609123e+00
1.033248746288263131e+00
9.901624107856714652e-01
9.841248351101491432e-01
1.009098443586173621e+00
1.003884173684586045e+00
9.912601518175846449e-01
9.907112813016281105e-01
9.907112813016281105e-01
9.994932095569334374e-01
1.003884173684586045e+00
1.013763842971804552e+00
1.021996900711153122e+00
1.006902961522347262e+00
9.536625214745588774e-01
9.742451658229306366e-01
9.967488569771504325e-01
1.013214972455847906e+00
9.723241190170825998e-01
1.008000702554260331e+00
1.000042080072889972e+00
9.959255512032155755e-01
9.918090223335412903e-01
1.032974311030284698e+00
9.951022454292807184e-01
1.003060867910651188e+00
1.010745055134043335e+00
9.937300691393893270e-01
9.857714466580188573e-01
9.887902344957800738e-01
1.015136019261695832e+00
1.024741253290936127e+00
1.030229958450501915e+00
9.533880862165805548e-01
1.012117231423934838e+00
1.000316515330868183e+00
1.016508195551587335e+00
9.912601518175846449e-01
9.992187742989551147e-01
9.948278101713023958e-01
9.676587196314516692e-01
1.005256349974477548e+00
9.909857165596064332e-01
7.925690250413024440e-01
9.931811986234326817e-01
1.011293925649999981e+00
1.009372878844151833e+00
1.027211170612740698e+00
9.942789396553458614e-01
9.852225761420623229e-01
9.725985542750609225e-01
1.017880371841478837e+00
9.871436229479103597e-01
1.002237562136716331e+00
9.920834575915195019e-01
9.975721627510854006e-01
1.005256349974477548e+00
1.034620922578154634e+00
1.007177396780325473e+00
9.901624107856714652e-01
1.026387864838805841e+00
1.014312713487760975e+00
9.915345870755629676e-01
1.005805220490433971e+00
9.841248351101491432e-01
9.712263779851695311e-01
1.003884173684586045e+00
1.014587148745739409e+00
1.018154807099457049e+00
9.983954685250202576e-01
1.001139821104803040e+00
1.008275137812238764e+00
1.011842796165956404e+00
9.926323281074761473e-01
1.025838994322849196e+00
9.800083062404747469e-01
9.989443390409767920e-01
9.849481408840840002e-01
9.951022454292807184e-01
1.022545771227109768e+00
9.945533749133241841e-01
9.989443390409767920e-01
1.000865385846824829e+00
9.819293530463227837e-01
9.846737056261056775e-01
1.019252548131370339e+00
1.003335303168629400e+00
9.885157992378017511e-01
1.003609738426607834e+00
1.039560757221763776e+00
9.972977274931070779e-01
9.731474247910175679e-01
9.896135402697149308e-01
1.010470619876064902e+00
9.901624107856714652e-01
1.018154807099457049e+00
1.002511997394694543e+00
9.852225761420623229e-01
1.026662300096784053e+00
1.029406652676567058e+00
9.690308959213431717e-01
1.003884173684586045e+00
9.929067633654544700e-01
1.026113429580827630e+00
1.012391666681913049e+00
9.682075901474083146e-01
9.992187742989551147e-01
1.003335303168629400e+00
1.009372878844151833e+00
1.026936735354762487e+00
9.967488569771504325e-01
9.981210332670419350e-01
1.005256349974477548e+00
1.012666101939891261e+00
1.007726267296282119e+00
9.981210332670419350e-01
1.015684889777652478e+00
9.983954685250202576e-01
1.012940537197869695e+00
9.833015293362142861e-01
1.016508195551587335e+00
9.986699037829984693e-01
1.009372878844151833e+00
9.945533749133241841e-01
9.816549177883444610e-01
9.942789396553458614e-01
9.778128241766484985e-01
9.907112813016281105e-01
9.800083062404747469e-01
9.887902344957800738e-01
9.704030722112345630e-01
9.885157992378017511e-01
1.001139821104803040e+00
1.008824008328195188e+00
9.849481408840840002e-01
9.953766806872590411e-01
9.638166260197555957e-01
1.013763842971804552e+00
9.967488569771504325e-01
1.030229958450501915e+00
1.022545771227109768e+00
1.007726267296282119e+00
9.896135402697149308e-01

# time bin value
-1.000000000000000000e+02
-9.900000000000000000e+01
-9.800000000000000000e+01
-9.700000000000000000e+01
-9.600000000000000000e+01
-9.500000000000000000e+01
-9.400000000000000000e+01
-9.300000000000000000e+01
-9.200000000000000000e+01
-9.100000000000000000e+01
-9.000000000000000000e+01
-8.900000000000000000e+01
-8.800000000000000000e+01
-8.700000000000000000e+01
-8.600000000000000000e+01
-8.500000000000000000e+01
-8.400000000000000000e+01
-8.300000000000000000e+01
-8.200000000000000000e+01
-8.100000000000000000e+01
-8.000000000000000000e+01
-7.900000000000000000e+01
-7.800000000000000000e+01
-7.700000000000000000e+01
-7.600000000000000000e+01
-7.500000000000000000e+01
-7.400000000000000000e+01
-7.300000000000000000e+01
-7.200000000000000000e+01
-7.100000000000000000e+01
-7.000000000000000000e+01
-6.900000000000000000e+01
-6.800000000000000000e+01
-6.700000000000000000e+01
-6.600000000000000000e+01
-6.500000000000000000e+01
-6.400000000000000000e+01
-6.300000000000000000e+01
-6.200000000000000000e+01
-6.100000000000000000e+01
-6.000000000000000000e+01
-5.900000000000000000e+01
-5.800000000000000000e+01
-5.700000000000000000e+01
-5.600000000000000000e+01
-5.500000000000000000e+01
-5.400000000000000000e+01
-5.300000000000000000e+01
-5.200000000000000000e+01
-5.100000000000000000e+01
-5.000000000000000000e+01
-4.900000000000000000e+01
-4.800000000000000000e+01
-4.700000000000000000e+01
-4.600000000000000000e+01
-4.500000000000000000e+01
-4.400000000000000000e+01
-4.300000000000000000e+01
-4.200000000000000000e+01
-4.100000000000000000e+01
-4.000000000000000000e+01
-3.900000000000000000e+01
-3.800000000000000000e+01
-3.700000000000000000e+01
-3.600000000000000000e+01
-3.500000000000000000e+01
-3.400000000000000000e+01
-3.300000000000000000e+01
-3.200000000000000000e+01
-3.100000000000000000e+01
-3.000000000000000000e+01
-2.900000000000000000e+01
-2.800000000000000000e+01
-2.700000000000000000e+01
-2.600000000000000000e+01
-2.500000000000000000e+01
-2.400000000000000000e+01
-2.300000000000000000e+01
-2.200000000000000000e+01
-2.100000000000000000e+01
-2.000000000000000000e+01
-1.900000000000000000e+01
-1.800000000000000000e+01
-1.700000000000000000e+01
-1.600000000000000000e+01
-1.500000000000000000e+01
-1.400000000000000000e+01
-1.300000000000000000e+01
-1.200000000000000000e+01
-1.100000000000000000e+01
-1.000000000000000000e+01
-9.000000000000000000e+00
-8.000000000000000000e+00
-7.000000000000000000e+00
-6.000000000000000000e+00
-5.000000000000000000e+00
-4.000000000000000000e+00
-3.000000000000000000e+00
-2.000000000000000000e+00
-1.000000000000000000e+00
0.000000000000000000e+00
1.000000000000000000e+00
2.000000000000000000e+00
3.000000000000000000e+00
4.000000000000000000e+00
5.000000000000000000e+00
6.000000000000000000e+00
7.000000000000000000e+00
8.000000000000000000e+00
9.000000000000000000e+00
1.000000000000000000e+01
1.100000000000000000e+01
1.200000000000000000e+01
1.300000000000000000e+01
1.400000000000000000e+01
1.500000000000000000e+01
1.600000000000000000e+01
1.700000000000000000e+01
1.800000000000000000e+01
1.900000000000000000e+01
2.000000000000000000e+01
2.100000000000000000e+01
2.200000000000000000e+01
2.300000000000000000e+01
2.400000000000000000e+01
2.500000000000000000e+01
2.600000000000000000e+01
2.700000000000000000e+01
2.800000000000000000e+01
2.900000000000000000e+01
3.000000000000000000e+01
3.100000000000000000e+01
3.200000000000000000e+01
3.300000000000000000e+01
3.400000000000000000e+01
3.500000000000000000e+01
3.600000000000000000e+01
3.700000000000000000e+01
3.800000000000000000e+01
3.900000000000000000e+01
4.000000000000000000e+01
4.100000000000000000e+01
4.200000000000000000e+01
4.300000000000000000e+01
4.400000000000000000e+01
4.500000000000000000e+01
4.600000000000000000e+01
4.700000000000000000e+01
4.800000000000000000e+01
4.900000000000000000e+01
5.000000000000000000e+01
5.100000000000000000e+01
5.200000000000000000e+01
5.300000000000000000e+01
5.400000000000000000e+01
5.500000000000000000e+01
5.600000000000000000e+01
5.700000000000000000e+01
5.800000000000000000e+01
5.900000000000000000e+01
6.000000000000000000e+01
6.100000000000000000e+01
6.200000000000000000e+01
6.300000000000000000e+01
6.400000000000000000e+01
6.500000000000000000e+01
6.600000000000000000e+01
6.700000000000000000e+01
6.800000000000000000e+01
6.900000000000000000e+01
7.000000000000000000e+01
7.100000000000000000e+01
7.200000000000000000e+01
7.300000000000000000e+01
7.400000000000000000e+01
7.500000000000000000e+01
7.600000000000000000e+01
7.700000000000000000e+01
7.800000000000000000e+01
7.900000000000000000e+01
8.000000000000000000e+01
8.100000000000000000e+01
8.200000000000000000e+01
8.300000000000000000e+01
8.400000000000000000e+01
8.500000000000000000e+01
8.600000000000000000e+01
8.700000000000000000e+01
8.800000000000000000e+01
8.900000000000000000e+01
9.000000000000000000e+01
9.100000000000000000e+01
9.200000000000000000e+01
9.300000000000000000e+01
9.400000000000000000e+01
9.500000000000000000e+01
9.600000000000000000e+01
9.700000000000000000e+01
9.800000000000000000e+01
9.900000000000000000e+01
