single photon fraction:    0.4231
laser fraction:    0.0342
thermal source fraction:    0.2265
non-detected fraction:    0.3162
number of bins:  200.0000
bin width (ns):    1.0000
average detection events per bin: 5000.0000

# binary result
0.000000000000000000e+00

# g2 signal
1.013089290072901383e+00
9.972092257292332063e-01
1.025734526494711085e+00
9.695661507606256890e-01
1.002208505244832404e+00
9.889751182917756456e-01
1.008090010557302074e+00
1.014559666401018800e+00
1.027793053354075559e+00
9.907395698855165911e-01
9.989736773229741518e-01
1.003090731041702988e+00
9.783884087293301945e-01
9.863284409011643383e-01
1.018088569588500469e+00
1.008972236354172658e+00
1.003090731041702988e+00
1.011912989010407493e+00
9.789765592605772504e-01
1.014853741666642328e+00
1.014265591135395272e+00
9.954447741354922607e-01
9.969151504636096783e-01
1.033380483400921701e+00
9.866225161667877552e-01
1.012501139541654327e+00
9.919158709480104807e-01
1.007207784760431712e+00
1.004561107369820405e+00
9.907395698855165911e-01
1.004561107369820405e+00
9.719187528856135794e-01
9.960329246667393166e-01
1.011324838479160437e+00
9.992677525885975687e-01
9.854462151042938656e-01
9.980914515261036790e-01
1.032792332869674645e+00
1.000738128916714986e+00
1.042496816635249735e+00
9.845639893074233928e-01
9.745654302762249976e-01
1.006913709494808185e+00
9.957388494011157887e-01
9.995618278542210966e-01
9.986796020573506238e-01
9.927980967448809535e-01
9.842699140417999759e-01
1.004561107369820405e+00
1.022499698572852722e+00
1.009266311619795964e+00
1.016618193260383052e+00
1.002208505244832404e+00
9.983855267917270959e-01
1.010736687947913381e+00
1.020441171713488471e+00
1.001620354713585570e+00
9.886810430261522287e-01
9.860343656355408104e-01
1.013677440604148217e+00
1.006325558963561129e+00
9.775061829324598328e-01
1.015147816932265634e+00
9.925040214792574256e-01
9.848580645730469207e-01
9.992677525885975687e-01
1.013383365338524911e+00
1.009854462151043020e+00
1.031321956541557228e+00
1.016912268526006580e+00
1.010736687947913381e+00
1.006619634229184657e+00
1.027498978088452031e+00
9.957388494011157887e-01
9.889751182917756456e-01
1.005737408432314295e+00
1.000738128916714986e+00
1.001326279447962042e+00
1.024558225432217196e+00
9.913277204167635359e-01
1.009266311619795964e+00
1.009266311619795964e+00
9.719187528856135794e-01
9.936803225417514263e-01
1.037497537119650426e+00
9.880928924949051728e-01
1.005149257901067239e+00
9.739772797449779418e-01
1.019853021182241415e+00
9.751535808074719425e-01
1.012795214807277855e+00
9.695661507606256890e-01
1.041908666104002679e+00
1.021323397510358832e+00
1.005737408432314295e+00
1.007501860026055240e+00
9.942684730729983711e-01
1.003678881572949821e+00
1.012795214807277855e+00
1.032498257604051339e+00
7.060747127619843022e-01
9.951506988698688438e-01
1.007207784760431712e+00
1.001326279447962042e+00
1.011324838479160437e+00
9.927980967448809535e-01
9.566268390731924587e-01
1.002796655776079460e+00
9.822113871824355025e-01
9.969151504636096783e-01
9.998559031198445135e-01
9.980914515261036790e-01
1.018676720119747525e+00
9.730950539481075801e-01
9.786824839949537225e-01
9.945625483386218990e-01
9.827995377136825583e-01
1.023381924369723306e+00
1.019558945916617887e+00
9.977973762604801511e-01
1.027204902822828503e+00
9.860343656355408104e-01
1.002208505244832404e+00
9.980914515261036790e-01
1.002796655776079460e+00
9.645668712450264914e-01
1.002796655776079460e+00
1.021617472775982360e+00
9.951506988698688438e-01
9.875047419636582280e-01
9.863284409011643383e-01
9.919158709480104807e-01
1.017794494322877163e+00
1.003384806307326294e+00
9.939743978073748432e-01
9.939743978073748432e-01
9.980914515261036790e-01
9.639787207137795466e-01
1.012207064276030799e+00
9.739772797449779418e-01
1.017794494322877163e+00
1.000149978385467930e+00
9.810350861199416128e-01
1.001914429979208876e+00
9.866225161667877552e-01
9.810350861199416128e-01
1.017794494322877163e+00
1.001914429979208876e+00
1.031027881275933922e+00
9.801528603230711401e-01
1.010148537416666548e+00
9.866225161667877552e-01
9.954447741354922607e-01
1.018970795385371053e+00
9.748595055418484145e-01
1.000149978385467930e+00
1.005737408432314295e+00
9.763298818699658321e-01
1.001326279447962042e+00
9.957388494011157887e-01
9.719187528856135794e-01
1.002208505244832404e+00
1.005443333166690767e+00
9.816232366511885576e-01
1.033968633932168757e+00
1.021323397510358832e+00
9.907395698855165911e-01
9.969151504636096783e-01
9.916217956823870638e-01
9.857402903699173935e-01
9.816232366511885576e-01
9.816232366511885576e-01
9.886810430261522287e-01
1.000444053651091458e+00
1.007207784760431712e+00
1.024852300697840723e+00
1.013677440604148217e+00
1.002796655776079460e+00
9.889751182917756456e-01
9.827995377136825583e-01
9.954447741354922607e-01
1.014265591135395272e+00
1.018382644854123997e+00
1.003090731041702988e+00
1.022205623307229416e+00
9.866225161667877552e-01
9.901514193542696463e-01
9.945625483386218990e-01
9.739772797449779418e-01
1.015735967463512690e+00
9.904454946198930632e-01
9.922099462136340087e-01
1.019853021182241415e+00
1.026910827557204975e+00
1.008384085822925602e+00
9.804469355886946680e-01
9.813291613855650297e-01
1.017206343791630108e+00
9.922099462136340087e-01
1.018088569588500469e+00

# time bin value
-1.000000000000000000e+02
-9.900000000000000000e+01
-9.800000000000000000e+01
-9.700000000000000000e+01
-9.600000000000000000e+01
-9.500000000000000000e+01
-9.400000000000000000e+01
-9.300000000000000000e+01
-9.200000000000000000e+01
-9.100000000000000000e+01
-9.000000000000000000e+01
-8.900000000000000000e+01
-8.800000000000000000e+01
-8.700000000000000000e+01
-8.600000000000000000e+01
-8.500000000000000000e+01
-8.400000000000000000e+01
-8.300000000000000000e+01
-8.200000000000000000e+01
-8.100000000000000000e+01
-8.000000000000000000e+01
-7.900000000000000000e+01
-7.800000000000000000e+01
-7.700000000000000000e+01
-7.600000000000000000e+01
-7.500000000000000000e+01
-7.400000000000000000e+01
-7.300000000000000000e+01
-7.200000000000000000e+01
-7.100000000000000000e+01
-7.000000000000000000e+01
-6.900000000000000000e+01
-6.800000000000000000e+01
-6.700000000000000000e+01
-6.600000000000000000e+01
-6.500000000000000000e+01
-6.400000000000000000e+01
-6.300000000000000000e+01
-6.200000000000000000e+01
-6.100000000000000000e+01
-6.000000000000000000e+01
-5.900000000000000000e+01
-5.800000000000000000e+01
-5.700000000000000000e+01
-5.600000000000000000e+01
-5.500000000000000000e+01
-5.400000000000000000e+01
-5.300000000000000000e+01
-5.200000000000000000e+01
-5.100000000000000000e+01
-5.000000000000000000e+01
-4.900000000000000000e+01
-4.800000000000000000e+01
-4.700000000000000000e+01
-4.600000000000000000e+01
-4.500000000000000000e+01
-4.400000000000000000e+01
-4.300000000000000000e+01
-4.200000000000000000e+01
-4.100000000000000000e+01
-4.000000000000000000e+01
-3.900000000000000000e+01
-3.800000000000000000e+01
-3.700000000000000000e+01
-3.600000000000000000e+01
-3.500000000000000000e+01
-3.400000000000000000e+01
-3.300000000000000000e+01
-3.200000000000000000e+01
-3.100000000000000000e+01
-3.000000000000000000e+01
-2.900000000000000000e+01
-2.800000000000000000e+01
-2.700000000000000000e+01
-2.600000000000000000e+01
-2.500000000000000000e+01
-2.400000000000000000e+01
-2.300000000000000000e+01
-2.200000000000000000e+01
-2.100000000000000000e+01
-2.000000000000000000e+01
-1.900000000000000000e+01
-1.800000000000000000e+01
-1.700000000000000000e+01
-1.600000000000000000e+01
-1.500000000000000000e+01
-1.400000000000000000e+01
-1.300000000000000000e+01
-1.200000000000000000e+01
-1.100000000000000000e+01
-1.000000000000000000e+01
-9.000000000000000000e+00
-8.000000000000000000e+00
-7.000000000000000000e+00
-6.000000000000000000e+00
-5.000000000000000000e+00
-4.000000000000000000e+00
-3.000000000000000000e+00
-2.000000000000000000e+00
-1.000000000000000000e+00
0.000000000000000000e+00
1.000000000000000000e+00
2.000000000000000000e+00
3.000000000000000000e+00
4.000000000000000000e+00
5.000000000000000000e+00
6.000000000000000000e+00
7.000000000000000000e+00
8.000000000000000000e+00
9.000000000000000000e+00
1.000000000000000000e+01
1.100000000000000000e+01
1.200000000000000000e+01
1.300000000000000000e+01
1.400000000000000000e+01
1.500000000000000000e+01
1.600000000000000000e+01
1.700000000000000000e+01
1.800000000000000000e+01
1.900000000000000000e+01
2.000000000000000000e+01
2.100000000000000000e+01
2.200000000000000000e+01
2.300000000000000000e+01
2.400000000000000000e+01
2.500000000000000000e+01
2.600000000000000000e+01
2.700000000000000000e+01
2.800000000000000000e+01
2.900000000000000000e+01
3.000000000000000000e+01
3.100000000000000000e+01
3.200000000000000000e+01
3.300000000000000000e+01
3.400000000000000000e+01
3.500000000000000000e+01
3.600000000000000000e+01
3.700000000000000000e+01
3.800000000000000000e+01
3.900000000000000000e+01
4.000000000000000000e+01
4.100000000000000000e+01
4.200000000000000000e+01
4.300000000000000000e+01
4.400000000000000000e+01
4.500000000000000000e+01
4.600000000000000000e+01
4.700000000000000000e+01
4.800000000000000000e+01
4.900000000000000000e+01
5.000000000000000000e+01
5.100000000000000000e+01
5.200000000000000000e+01
5.300000000000000000e+01
5.400000000000000000e+01
5.500000000000000000e+01
5.600000000000000000e+01
5.700000000000000000e+01
5.800000000000000000e+01
5.900000000000000000e+01
6.000000000000000000e+01
6.100000000000000000e+01
6.200000000000000000e+01
6.300000000000000000e+01
6.400000000000000000e+01
6.500000000000000000e+01
6.600000000000000000e+01
6.700000000000000000e+01
6.800000000000000000e+01
6.900000000000000000e+01
7.000000000000000000e+01
7.100000000000000000e+01
7.200000000000000000e+01
7.300000000000000000e+01
7.400000000000000000e+01
7.500000000000000000e+01
7.600000000000000000e+01
7.700000000000000000e+01
7.800000000000000000e+01
7.900000000000000000e+01
8.000000000000000000e+01
8.100000000000000000e+01
8.200000000000000000e+01
8.300000000000000000e+01
8.400000000000000000e+01
8.500000000000000000e+01
8.600000000000000000e+01
8.700000000000000000e+01
8.800000000000000000e+01
8.900000000000000000e+01
9.000000000000000000e+01
9.100000000000000000e+01
9.200000000000000000e+01
9.300000000000000000e+01
9.400000000000000000e+01
9.500000000000000000e+01
9.600000000000000000e+01
9.700000000000000000e+01
9.800000000000000000e+01
9.900000000000000000e+01
