single photon fraction:    0.2841
laser fraction:    0.0985
thermal source fraction:    0.3144
non-detected fraction:    0.3030
number of bins:  200.0000
bin width (ns):    1.0000
average detection events per bin: 5000.0000

# binary result
0.000000000000000000e+00

# g2 signal
1.036204587833356339e+00
1.007902455835678168e+00
1.014544792937174034e+00
9.859538636742135598e-01
9.969281597549458640e-01
1.022053521834517253e+00
1.007324861305113339e+00
9.983721460813580473e-01
9.899970253881675841e-01
9.726691894712218289e-01
1.013678401141326679e+00
1.023208710895646911e+00
1.015699981998303691e+00
9.969281597549458640e-01
1.005880874978701156e+00
1.009635239427372655e+00
1.009057644896807826e+00
1.000971321468899777e+00
9.741131757976339012e-01
9.749795675934812555e-01
1.000393726938334948e+00
9.894194308576027552e-01
9.937513898368391940e-01
1.003570496856441840e+00
9.749795675934812555e-01
1.001548915999464828e+00
1.020609535508105070e+00
9.905746199187324130e-01
9.793115265727176943e-01
9.873978500006257430e-01
1.013967198406609205e+00
9.873978500006257430e-01
1.010501631223220009e+00
1.001837713264747132e+00
1.015988779263586217e+00
9.671820414308556213e-01
9.850874718783663164e-01
9.813331074296947065e-01
1.011368023019067364e+00
9.951953761632512663e-01
9.928849980409918397e-01
9.960617679590986207e-01
1.001260118734182303e+00
1.011656820284349667e+00
1.007902455835678168e+00
9.954841734285336807e-01
9.891306335923202298e-01
9.847986746130837910e-01
9.830658910213893042e-01
1.018010360120563229e+00
1.010212833957937706e+00
1.016566373794151046e+00
9.957729706938160952e-01
1.018010360120563229e+00
1.035626993302791288e+00
9.917298089798621819e-01
9.980833488160756328e-01
1.018010360120563229e+00
1.004436888652288973e+00
9.827770937561067788e-01
1.001837713264747132e+00
1.025230291752623923e+00
1.009346442162090352e+00
9.813331074296947065e-01
1.005592077713418853e+00
1.019743143712257716e+00
1.011368023019067364e+00
1.033605412445814276e+00
1.009346442162090352e+00
9.995273351424877051e-01
9.911522144492972419e-01
1.010212833957937706e+00
1.041980533139004850e+00
9.602509070640773414e-01
9.885530390617554009e-01
9.842210800825189621e-01
9.908634171840148275e-01
9.859538636742135598e-01
1.033027817915249447e+00
1.018010360120563229e+00
1.034183006976379327e+00
9.694924195531150479e-01
9.761347566546109134e-01
9.914410117145796564e-01
9.836434855519541332e-01
1.015122387467738863e+00
1.000971321468899777e+00
1.030717439792990131e+00
9.954841734285336807e-01
9.992385378772052906e-01
9.969281597549458640e-01
9.940401871021216085e-01
9.914410117145796564e-01
1.004436888652288973e+00
9.879754445311905720e-01
9.969281597549458640e-01
1.012812009345479547e+00
1.015988779263586217e+00
9.824882964908243643e-01
1.004725685917571498e+00
1.033027817915249447e+00
1.009346442162090352e+00
9.790227293074352799e-01
9.972169570202282785e-01
1.003281699591159315e+00
9.969281597549458640e-01
9.951953761632512663e-01
9.752683648587636700e-01
1.003281699591159315e+00
1.001260118734182303e+00
9.986609433466404617e-01
9.787339320421528654e-01
1.000682524203617474e+00
1.007036064039830814e+00
9.917298089798621819e-01
9.804667156338473522e-01
1.001837713264747132e+00
1.012234414814914718e+00
9.686260277572678046e-01
1.011079225753784838e+00
1.011656820284349667e+00
9.882642417964729864e-01
9.995273351424877051e-01
9.899970253881675841e-01
9.931737953062742541e-01
1.017143968324715875e+00
1.007902455835678168e+00
9.989497406119228762e-01
1.000104929673052645e+00
9.830658910213893042e-01
1.009635239427372655e+00
1.013967198406609205e+00
9.729579867365042434e-01
9.845098773478013765e-01
1.016855171059433571e+00
1.027251872609600936e+00
1.010501631223220009e+00
9.781563375115879255e-01
1.018010360120563229e+00
9.859538636742135598e-01
9.954841734285336807e-01
9.559189480848409026e-01
1.014544792937174034e+00
9.980833488160756328e-01
1.007613658570395643e+00
1.059019571790668079e+00
9.925962007757094252e-01
1.020320738242822545e+00
9.937513898368391940e-01
1.034471804241661630e+00
1.000104929673052645e+00
1.021475927303952425e+00
9.928849980409918397e-01
9.937513898368391940e-01
9.833546882866717187e-01
1.001837713264747132e+00
1.004148091387006669e+00
9.804667156338473522e-01
1.019165549181692887e+00
9.683372304919853901e-01
9.821994992255419499e-01
1.002415307795311961e+00
1.034760601506944155e+00
1.004436888652288973e+00
1.021764724569234728e+00
9.726691894712218289e-01
1.000682524203617474e+00
1.046023694852958874e+00
1.029851047997142777e+00
9.804667156338473522e-01
9.920186062451445963e-01
9.888418363270378153e-01
9.720915949406570000e-01
9.885530390617554009e-01
1.017432765589998400e+00
1.029562250731860473e+00
1.000393726938334948e+00
1.025230291752623923e+00
1.017721562855280704e+00
1.001260118734182303e+00
1.006169672243983682e+00
1.002992902325876790e+00
9.963505652243810351e-01
9.949065788979688518e-01
1.037359776894485996e+00
9.787339320421528654e-01
9.746907703281988411e-01
9.833546882866717187e-01
1.006169672243983682e+00
9.908634171840148275e-01
9.983721460813580473e-01
9.960617679590986207e-01
9.888418363270378153e-01
9.744019730629164266e-01
9.839322828172365476e-01
1.000971321468899777e+00
9.954841734285336807e-01
9.977945515507931074e-01
9.885530390617554009e-01
1.005880874978701156e+00

# time bin value
-1.000000000000000000e+02
-9.900000000000000000e+01
-9.800000000000000000e+01
-9.700000000000000000e+01
-9.600000000000000000e+01
-9.500000000000000000e+01
-9.400000000000000000e+01
-9.300000000000000000e+01
-9.200000000000000000e+01
-9.100000000000000000e+01
-9.000000000000000000e+01
-8.900000000000000000e+01
-8.800000000000000000e+01
-8.700000000000000000e+01
-8.600000000000000000e+01
-8.500000000000000000e+01
-8.400000000000000000e+01
-8.300000000000000000e+01
-8.200000000000000000e+01
-8.100000000000000000e+01
-8.000000000000000000e+01
-7.900000000000000000e+01
-7.800000000000000000e+01
-7.700000000000000000e+01
-7.600000000000000000e+01
-7.500000000000000000e+01
-7.400000000000000000e+01
-7.300000000000000000e+01
-7.200000000000000000e+01
-7.100000000000000000e+01
-7.000000000000000000e+01
-6.900000000000000000e+01
-6.800000000000000000e+01
-6.700000000000000000e+01
-6.600000000000000000e+01
-6.500000000000000000e+01
-6.400000000000000000e+01
-6.300000000000000000e+01
-6.200000000000000000e+01
-6.100000000000000000e+01
-6.000000000000000000e+01
-5.900000000000000000e+01
-5.800000000000000000e+01
-5.700000000000000000e+01
-5.600000000000000000e+01
-5.500000000000000000e+01
-5.400000000000000000e+01
-5.300000000000000000e+01
-5.200000000000000000e+01
-5.100000000000000000e+01
-5.000000000000000000e+01
-4.900000000000000000e+01
-4.800000000000000000e+01
-4.700000000000000000e+01
-4.600000000000000000e+01
-4.500000000000000000e+01
-4.400000000000000000e+01
-4.300000000000000000e+01
-4.200000000000000000e+01
-4.100000000000000000e+01
-4.000000000000000000e+01
-3.900000000000000000e+01
-3.800000000000000000e+01
-3.700000000000000000e+01
-3.600000000000000000e+01
-3.500000000000000000e+01
-3.400000000000000000e+01
-3.300000000000000000e+01
-3.200000000000000000e+01
-3.100000000000000000e+01
-3.000000000000000000e+01
-2.900000000000000000e+01
-2.800000000000000000e+01
-2.700000000000000000e+01
-2.600000000000000000e+01
-2.500000000000000000e+01
-2.400000000000000000e+01
-2.300000000000000000e+01
-2.200000000000000000e+01
-2.100000000000000000e+01
-2.000000000000000000e+01
-1.900000000000000000e+01
-1.800000000000000000e+01
-1.700000000000000000e+01
-1.600000000000000000e+01
-1.500000000000000000e+01
-1.400000000000000000e+01
-1.300000000000000000e+01
-1.200000000000000000e+01
-1.100000000000000000e+01
-1.000000000000000000e+01
-9.000000000000000000e+00
-8.000000000000000000e+00
-7.000000000000000000e+00
-6.000000000000000000e+00
-5.000000000000000000e+00
-4.000000000000000000e+00
-3.000000000000000000e+00
-2.000000000000000000e+00
-1.000000000000000000e+00
0.000000000000000000e+00
1.000000000000000000e+00
2.000000000000000000e+00
3.000000000000000000e+00
4.000000000000000000e+00
5.000000000000000000e+00
6.000000000000000000e+00
7.000000000000000000e+00
8.000000000000000000e+00
9.000000000000000000e+00
1.000000000000000000e+01
1.100000000000000000e+01
1.200000000000000000e+01
1.300000000000000000e+01
1.400000000000000000e+01
1.500000000000000000e+01
1.600000000000000000e+01
1.700000000000000000e+01
1.800000000000000000e+01
1.900000000000000000e+01
2.000000000000000000e+01
2.100000000000000000e+01
2.200000000000000000e+01
2.300000000000000000e+01
2.400000000000000000e+01
2.500000000000000000e+01
2.600000000000000000e+01
2.700000000000000000e+01
2.800000000000000000e+01
2.900000000000000000e+01
3.000000000000000000e+01
3.100000000000000000e+01
3.200000000000000000e+01
3.300000000000000000e+01
3.400000000000000000e+01
3.500000000000000000e+01
3.600000000000000000e+01
3.700000000000000000e+01
3.800000000000000000e+01
3.900000000000000000e+01
4.000000000000000000e+01
4.100000000000000000e+01
4.200000000000000000e+01
4.300000000000000000e+01
4.400000000000000000e+01
4.500000000000000000e+01
4.600000000000000000e+01
4.700000000000000000e+01
4.800000000000000000e+01
4.900000000000000000e+01
5.000000000000000000e+01
5.100000000000000000e+01
5.200000000000000000e+01
5.300000000000000000e+01
5.400000000000000000e+01
5.500000000000000000e+01
5.600000000000000000e+01
5.700000000000000000e+01
5.800000000000000000e+01
5.900000000000000000e+01
6.000000000000000000e+01
6.100000000000000000e+01
6.200000000000000000e+01
6.300000000000000000e+01
6.400000000000000000e+01
6.500000000000000000e+01
6.600000000000000000e+01
6.700000000000000000e+01
6.800000000000000000e+01
6.900000000000000000e+01
7.000000000000000000e+01
7.100000000000000000e+01
7.200000000000000000e+01
7.300000000000000000e+01
7.400000000000000000e+01
7.500000000000000000e+01
7.600000000000000000e+01
7.700000000000000000e+01
7.800000000000000000e+01
7.900000000000000000e+01
8.000000000000000000e+01
8.100000000000000000e+01
8.200000000000000000e+01
8.300000000000000000e+01
8.400000000000000000e+01
8.500000000000000000e+01
8.600000000000000000e+01
8.700000000000000000e+01
8.800000000000000000e+01
8.900000000000000000e+01
9.000000000000000000e+01
9.100000000000000000e+01
9.200000000000000000e+01
9.300000000000000000e+01
9.400000000000000000e+01
9.500000000000000000e+01
9.600000000000000000e+01
9.700000000000000000e+01
9.800000000000000000e+01
9.900000000000000000e+01
