single photon fraction:    0.2600
laser fraction:    0.2433
thermal source fraction:    0.2467
non-detected fraction:    0.2500
number of bins:  200.0000
bin width (ns):    1.0000
average detection events per bin: 5000.0000

# binary result
0.000000000000000000e+00

# g2 signal
1.015961539491465837e+00
9.993591105382578776e-01
9.948068316317331128e-01
1.018371569500802432e+00
9.932001449588420128e-01
1.017300445052208291e+00
1.004179170556931178e+00
9.964135183046242128e-01
1.008731449463455832e+00
1.017032663940059756e+00
9.696354070897726940e-01
1.015961539491465837e+00
1.002036921659743118e+00
9.977524238653667776e-01
9.905223338373568831e-01
1.011944822809238032e+00
1.026672783977406356e+00
9.650831281832479291e-01
9.752588104448914885e-01
1.006053638341970702e+00
9.950746127438816480e-01
9.977524238653667776e-01
9.929323638466934776e-01
1.025869440640960750e+00
9.980202049775153128e-01
1.041132964033426145e+00
9.808822138000102830e-01
9.953423938560301831e-01
9.865056171551291886e-01
9.905223338373568831e-01
9.857022738186835831e-01
9.937357071831390831e-01
1.014622633930723161e+00
1.000698016099000442e+00
9.894512093887628534e-01
1.006321419454119237e+00
9.918612393980994479e-01
9.899867716130598128e-01
1.001501359435446048e+00
9.854344927065350479e-01
9.996268916504064128e-01
1.014087071706426091e+00
1.012748166145683637e+00
1.019978256173693421e+00
9.883800849401687127e-01
9.956101749681786073e-01
1.007392543902713378e+00
1.026672783977406356e+00
1.010605917248495578e+00
1.001501359435446048e+00
1.011141479472792426e+00
1.022120505070881702e+00
1.005785857229822167e+00
9.956101749681786073e-01
1.017300445052208291e+00
9.875767416037232183e-01
9.851667115943865127e-01
1.013551509482129243e+00
9.990913294261093425e-01
9.575852570430894994e-01
9.923968016223965183e-01
9.827566815850499182e-01
1.012212603921386567e+00
9.843633682579410182e-01
9.618697548374657291e-01
9.865056171551291886e-01
9.902545527252083479e-01
1.003375827220485572e+00
9.926645827345449424e-01
1.020781599510139026e+00
9.958779560803271425e-01
1.017568226164356826e+00
1.019174912837248037e+00
9.666898148561390292e-01
1.025601659528812437e+00
9.985557672018122721e-01
9.921290205102479831e-01
1.039258496248386621e+00
1.002304702771891431e+00
1.021317161734436096e+00
1.007124762790564843e+00
1.018103788388653896e+00
9.640120037346538995e-01
1.013015947257832172e+00
1.007660325014861913e+00
1.003911389444782642e+00
9.899867716130598128e-01
9.905223338373568831e-01
9.688320637533271995e-01
9.680287204168815940e-01
9.907901149495054183e-01
1.034706217341861745e+00
9.857022738186835831e-01
9.915934582859509128e-01
9.948068316317331128e-01
9.886478660523172479e-01
1.001233578323297513e+00
9.923968016223965183e-01
1.011141479472792426e+00
9.910578960616538424e-01
1.001233578323297513e+00
1.014890415042871696e+00
9.808822138000102830e-01
9.677609393047330588e-01
9.819533382486044237e-01
1.009802573912049972e+00
9.851667115943865127e-01
1.008999230575604367e+00
9.782044026785251534e-01
9.878445227158717534e-01
1.033367311781119291e+00
1.013283728369980707e+00
1.002036921659743118e+00
9.634764415103568291e-01
9.894512093887628534e-01
9.948068316317331128e-01
9.934679260709905479e-01
9.953423938560301831e-01
1.002572483884039967e+00
1.029082813986742950e+00
1.011409260584940961e+00
1.000430234986851907e+00
1.018639350612950967e+00
9.634764415103568291e-01
1.027476127313851961e+00
9.913256771738023776e-01
9.998946727625548370e-01
1.013819290594277778e+00
9.966812994167727480e-01
9.723132182112578237e-01
9.816855571364558886e-01
1.008999230575604367e+00
1.023727191743772691e+00
9.827566815850499182e-01
9.905223338373568831e-01
9.998946727625548370e-01
9.929323638466934776e-01
9.886478660523172479e-01
1.003108046108337037e+00
1.011409260584940961e+00
9.790077460149707589e-01
1.006321419454119237e+00
9.958779560803271425e-01
1.002572483884039967e+00
9.980202049775153128e-01
9.902545527252083479e-01
9.637442226225053643e-01
9.889156471644657831e-01
1.009267011687752902e+00
1.000162453874703372e+00
1.011944822809238032e+00
9.881123038280201776e-01
1.000965797211148978e+00
9.827566815850499182e-01
9.779366215663766182e-01
1.022656067295178772e+00
9.803466515757133237e-01
9.982879860896638480e-01
1.017568226164356826e+00
1.019978256173693421e+00
1.010605917248495578e+00
1.014087071706426091e+00
1.024798316192366832e+00
1.003643608332634107e+00
1.006589200566267772e+00
9.862378360429806534e-01
9.840955871457924831e-01
1.000162453874703372e+00
1.017568226164356826e+00
9.803466515757133237e-01
9.843633682579410182e-01
1.006856981678416307e+00
1.010070355024198507e+00
1.002572483884039967e+00
9.760621537813370940e-01
9.956101749681786073e-01
1.003911389444782642e+00
9.921290205102479831e-01
1.019978256173693421e+00
1.001233578323297513e+00
9.913256771738023776e-01
1.002304702771891431e+00
9.950746127438816480e-01
9.881123038280201776e-01
9.913256771738023776e-01
1.007928106127010448e+00
1.029618376211040021e+00
1.003108046108337037e+00
1.017032663940059756e+00
9.915934582859509128e-01
1.001501359435446048e+00
9.870411793794261479e-01
1.037116247351198561e+00
9.798110893514162534e-01
1.009802573912049972e+00
1.000430234986851907e+00
9.934679260709905479e-01
1.001769140547594583e+00
1.000430234986851907e+00
9.902545527252083479e-01

# time bin value
-1.000000000000000000e+02
-9.900000000000000000e+01
-9.800000000000000000e+01
-9.700000000000000000e+01
-9.600000000000000000e+01
-9.500000000000000000e+01
-9.400000000000000000e+01
-9.300000000000000000e+01
-9.200000000000000000e+01
-9.100000000000000000e+01
-9.000000000000000000e+01
-8.900000000000000000e+01
-8.800000000000000000e+01
-8.700000000000000000e+01
-8.600000000000000000e+01
-8.500000000000000000e+01
-8.400000000000000000e+01
-8.300000000000000000e+01
-8.200000000000000000e+01
-8.100000000000000000e+01
-8.000000000000000000e+01
-7.900000000000000000e+01
-7.800000000000000000e+01
-7.700000000000000000e+01
-7.600000000000000000e+01
-7.500000000000000000e+01
-7.400000000000000000e+01
-7.300000000000000000e+01
-7.200000000000000000e+01
-7.100000000000000000e+01
-7.000000000000000000e+01
-6.900000000000000000e+01
-6.800000000000000000e+01
-6.700000000000000000e+01
-6.600000000000000000e+01
-6.500000000000000000e+01
-6.400000000000000000e+01
-6.300000000000000000e+01
-6.200000000000000000e+01
-6.100000000000000000e+01
-6.000000000000000000e+01
-5.900000000000000000e+01
-5.800000000000000000e+01
-5.700000000000000000e+01
-5.600000000000000000e+01
-5.500000000000000000e+01
-5.400000000000000000e+01
-5.300000000000000000e+01
-5.200000000000000000e+01
-5.100000000000000000e+01
-5.000000000000000000e+01
-4.900000000000000000e+01
-4.800000000000000000e+01
-4.700000000000000000e+01
-4.600000000000000000e+01
-4.500000000000000000e+01
-4.400000000000000000e+01
-4.300000000000000000e+01
-4.200000000000000000e+01
-4.100000000000000000e+01
-4.000000000000000000e+01
-3.900000000000000000e+01
-3.800000000000000000e+01
-3.700000000000000000e+01
-3.600000000000000000e+01
-3.500000000000000000e+01
-3.400000000000000000e+01
-3.300000000000000000e+01
-3.200000000000000000e+01
-3.100000000000000000e+01
-3.000000000000000000e+01
-2.900000000000000000e+01
-2.800000000000000000e+01
-2.700000000000000000e+01
-2.600000000000000000e+01
-2.500000000000000000e+01
-2.400000000000000000e+01
-2.300000000000000000e+01
-2.200000000000000000e+01
-2.100000000000000000e+01
-2.000000000000000000e+01
-1.900000000000000000e+01
-1.800000000000000000e+01
-1.700000000000000000e+01
-1.600000000000000000e+01
-1.500000000000000000e+01
-1.400000000000000000e+01
-1.300000000000000000e+01
-1.200000000000000000e+01
-1.100000000000000000e+01
-1.000000000000000000e+01
-9.000000000000000000e+00
-8.000000000000000000e+00
-7.000000000000000000e+00
-6.000000000000000000e+00
-5.000000000000000000e+00
-4.000000000000000000e+00
-3.000000000000000000e+00
-2.000000000000000000e+00
-1.000000000000000000e+00
0.000000000000000000e+00
1.000000000000000000e+00
2.000000000000000000e+00
3.000000000000000000e+00
4.000000000000000000e+00
5.000000000000000000e+00
6.000000000000000000e+00
7.000000000000000000e+00
8.000000000000000000e+00
9.000000000000000000e+00
1.000000000000000000e+01
1.100000000000000000e+01
1.200000000000000000e+01
1.300000000000000000e+01
1.400000000000000000e+01
1.500000000000000000e+01
1.600000000000000000e+01
1.700000000000000000e+01
1.800000000000000000e+01
1.900000000000000000e+01
2.000000000000000000e+01
2.100000000000000000e+01
2.200000000000000000e+01
2.300000000000000000e+01
2.400000000000000000e+01
2.500000000000000000e+01
2.600000000000000000e+01
2.700000000000000000e+01
2.800000000000000000e+01
2.900000000000000000e+01
3.000000000000000000e+01
3.100000000000000000e+01
3.200000000000000000e+01
3.300000000000000000e+01
3.400000000000000000e+01
3.500000000000000000e+01
3.600000000000000000e+01
3.700000000000000000e+01
3.800000000000000000e+01
3.900000000000000000e+01
4.000000000000000000e+01
4.100000000000000000e+01
4.200000000000000000e+01
4.300000000000000000e+01
4.400000000000000000e+01
4.500000000000000000e+01
4.600000000000000000e+01
4.700000000000000000e+01
4.800000000000000000e+01
4.900000000000000000e+01
5.000000000000000000e+01
5.100000000000000000e+01
5.200000000000000000e+01
5.300000000000000000e+01
5.400000000000000000e+01
5.500000000000000000e+01
5.600000000000000000e+01
5.700000000000000000e+01
5.800000000000000000e+01
5.900000000000000000e+01
6.000000000000000000e+01
6.100000000000000000e+01
6.200000000000000000e+01
6.300000000000000000e+01
6.400000000000000000e+01
6.500000000000000000e+01
6.600000000000000000e+01
6.700000000000000000e+01
6.800000000000000000e+01
6.900000000000000000e+01
7.000000000000000000e+01
7.100000000000000000e+01
7.200000000000000000e+01
7.300000000000000000e+01
7.400000000000000000e+01
7.500000000000000000e+01
7.600000000000000000e+01
7.700000000000000000e+01
7.800000000000000000e+01
7.900000000000000000e+01
8.000000000000000000e+01
8.100000000000000000e+01
8.200000000000000000e+01
8.300000000000000000e+01
8.400000000000000000e+01
8.500000000000000000e+01
8.600000000000000000e+01
8.700000000000000000e+01
8.800000000000000000e+01
8.900000000000000000e+01
9.000000000000000000e+01
9.100000000000000000e+01
9.200000000000000000e+01
9.300000000000000000e+01
9.400000000000000000e+01
9.500000000000000000e+01
9.600000000000000000e+01
9.700000000000000000e+01
9.800000000000000000e+01
9.900000000000000000e+01
