single photon fraction:    0.5590
laser fraction:    0.1988
thermal source fraction:    0.0621
non-detected fraction:    0.1801
number of bins:  200.0000
bin width (ns):    1.0000
average detection events per bin: 5000.0000

# binary result
1.000000000000000000e+00

# g2 signal
9.763255563003776505e-01
1.013357748965878047e+00
1.009433808021189316e+00
1.021696123473341711e+00
9.834376992626261416e-01
1.004528881840328403e+00
1.010905285875447479e+00
1.019734153000997345e+00
9.863806549711426896e-01
9.878521328254009637e-01
9.824567140264539589e-01
9.927570590062619882e-01
1.002812157677027027e+00
9.709301375014306457e-01
1.018017428837695970e+00
1.018998414073868153e+00
1.004038389222242200e+00
9.944737831695632524e-01
9.709301375014306457e-01
1.001095433513725652e+00
9.957000147147785363e-01
9.849091771168844156e-01
9.964357536419077288e-01
1.010660039566404489e+00
9.721563690466458185e-01
1.014338734202050230e+00
1.011150532184490691e+00
1.000604940895639450e+00
1.013848241583964249e+00
1.014829226820136432e+00
9.858901623530565983e-01
1.010905285875447479e+00
9.974167388780799115e-01
9.959452610238216375e-01
1.019979399310040336e+00
1.013112502656835057e+00
1.033222699998365135e+00
9.866259012801857908e-01
1.009679054330232306e+00
9.937380442424341709e-01
1.001095433513725652e+00
9.883426254434870550e-01
9.839281918807122329e-01
1.013848241583964249e+00
1.010169546948318509e+00
1.004038389222242200e+00
9.584225757402351498e-01
9.910403348429606130e-01
1.022677108709513893e+00
1.012622010038748854e+00
1.023903340254729066e+00
9.755898173732485690e-01
9.878521328254009637e-01
9.880973791344440649e-01
9.983977241142520942e-01
9.834376992626261416e-01
1.016545950983437807e+00
9.851544234259274058e-01
9.983977241142520942e-01
1.029298759053676182e+00
9.846639308078413144e-01
9.844186844987983243e-01
9.731373542828180012e-01
1.007962330166930931e+00
1.005019374458414383e+00
1.018262675146738960e+00
1.012867256347792067e+00
1.021696123473341711e+00
1.015564965747265402e+00
1.022677108709513893e+00
9.959452610238216375e-01
9.961905073328646276e-01
1.021941369782384701e+00
9.947190294786063536e-01
1.004528881840328403e+00
9.785327730817651171e-01
1.007226591239801738e+00
9.996239556594673781e-01
1.013602995274921037e+00
1.007226591239801738e+00
1.031996468453149740e+00
1.035675163088795481e+00
9.974167388780799115e-01
1.022677108709513893e+00
1.002321665058940825e+00
9.961905073328646276e-01
1.012867256347792067e+00
1.014338734202050230e+00
9.991334630413812867e-01
1.006245606003629556e+00
1.009433808021189316e+00
9.944737831695632524e-01
1.007962330166930931e+00
1.007226591239801738e+00
9.925118126972188870e-01
9.983977241142520942e-01
9.736278469009042036e-01
1.001831172440854845e+00
1.006000359694586566e+00
1.008698069094060124e+00
3.987704985039975392e-01
1.003057403986070018e+00
1.011886271111619884e+00
9.802494972450664923e-01
9.876068865163579735e-01
1.009433808021189316e+00
1.002076418749897835e+00
1.021696123473341711e+00
1.038127626179226048e+00
9.839281918807122329e-01
1.030034497980805375e+00
9.670061965567418039e-01
9.910403348429606130e-01
9.885878717525301562e-01
9.986429704232950844e-01
1.002321665058940825e+00
9.957000147147785363e-01
9.910403348429606130e-01
9.996239556594673781e-01
1.020469891928126538e+00
9.841734381897552231e-01
1.005755113385543575e+00
9.996239556594673781e-01
1.022431862400470903e+00
9.868711475892287810e-01
1.024148586563772279e+00
1.012376763729705864e+00
1.018998414073868153e+00
1.019979399310040336e+00
9.961905073328646276e-01
1.000604940895639450e+00
1.029544005362719394e+00
1.015810212056308615e+00
9.750993247551624776e-01
1.010660039566404489e+00
1.009679054330232306e+00
1.023412847636643086e+00
1.010169546948318509e+00
1.017772182528652980e+00
9.986429704232950844e-01
1.033222699998365135e+00
1.002566911367983815e+00
1.003793142913199210e+00
9.974167388780799115e-01
9.851544234259274058e-01
1.012131517420662874e+00
9.979072314961660028e-01
9.888331180615731464e-01
1.008943315403103114e+00
1.016545950983437807e+00
1.019734153000997345e+00
1.004528881840328403e+00
1.006490852312672768e+00
9.988882167323381855e-01
1.002321665058940825e+00
1.003793142913199210e+00
9.996239556594673781e-01
9.888331180615731464e-01
9.903045959158314204e-01
1.017036443601523787e+00
9.895688569887023389e-01
9.996239556594673781e-01
9.800042509360233911e-01
1.022186616091427913e+00
9.876068865163579735e-01
9.839281918807122329e-01
1.029789251671762385e+00
9.731373542828180012e-01
1.002566911367983815e+00
1.000359694586596460e+00
1.009679054330232306e+00
1.000850187204682662e+00
1.002812157677027027e+00
9.814757287902816651e-01
1.015810212056308615e+00
1.003793142913199210e+00
1.023167601327600096e+00
1.005509867076500585e+00
1.012622010038748854e+00
9.817209750993247663e-01
1.021941369782384701e+00
9.898141032977453291e-01
1.013848241583964249e+00
9.905498422248745216e-01
1.048427971159034078e+00
1.008943315403103114e+00
1.017281689910566778e+00
1.010905285875447479e+00
9.844186844987983243e-01
9.873616402073148723e-01
1.020960384546212518e+00
1.019979399310040336e+00
9.814757287902816651e-01
1.025129571799944461e+00
9.858901623530565983e-01
9.957000147147785363e-01
9.983977241142520942e-01
1.005509867076500585e+00
1.015074473129179422e+00
9.868711475892287810e-01

# time bin value
-1.000000000000000000e+02
-9.900000000000000000e+01
-9.800000000000000000e+01
-9.700000000000000000e+01
-9.600000000000000000e+01
-9.500000000000000000e+01
-9.400000000000000000e+01
-9.300000000000000000e+01
-9.200000000000000000e+01
-9.100000000000000000e+01
-9.000000000000000000e+01
-8.900000000000000000e+01
-8.800000000000000000e+01
-8.700000000000000000e+01
-8.600000000000000000e+01
-8.500000000000000000e+01
-8.400000000000000000e+01
-8.300000000000000000e+01
-8.200000000000000000e+01
-8.100000000000000000e+01
-8.000000000000000000e+01
-7.900000000000000000e+01
-7.800000000000000000e+01
-7.700000000000000000e+01
-7.600000000000000000e+01
-7.500000000000000000e+01
-7.400000000000000000e+01
-7.300000000000000000e+01
-7.200000000000000000e+01
-7.100000000000000000e+01
-7.000000000000000000e+01
-6.900000000000000000e+01
-6.800000000000000000e+01
-6.700000000000000000e+01
-6.600000000000000000e+01
-6.500000000000000000e+01
-6.400000000000000000e+01
-6.300000000000000000e+01
-6.200000000000000000e+01
-6.100000000000000000e+01
-6.000000000000000000e+01
-5.900000000000000000e+01
-5.800000000000000000e+01
-5.700000000000000000e+01
-5.600000000000000000e+01
-5.500000000000000000e+01
-5.400000000000000000e+01
-5.300000000000000000e+01
-5.200000000000000000e+01
-5.100000000000000000e+01
-5.000000000000000000e+01
-4.900000000000000000e+01
-4.800000000000000000e+01
-4.700000000000000000e+01
-4.600000000000000000e+01
-4.500000000000000000e+01
-4.400000000000000000e+01
-4.300000000000000000e+01
-4.200000000000000000e+01
-4.100000000000000000e+01
-4.000000000000000000e+01
-3.900000000000000000e+01
-3.800000000000000000e+01
-3.700000000000000000e+01
-3.600000000000000000e+01
-3.500000000000000000e+01
-3.400000000000000000e+01
-3.300000000000000000e+01
-3.200000000000000000e+01
-3.100000000000000000e+01
-3.000000000000000000e+01
-2.900000000000000000e+01
-2.800000000000000000e+01
-2.700000000000000000e+01
-2.600000000000000000e+01
-2.500000000000000000e+01
-2.400000000000000000e+01
-2.300000000000000000e+01
-2.200000000000000000e+01
-2.100000000000000000e+01
-2.000000000000000000e+01
-1.900000000000000000e+01
-1.800000000000000000e+01
-1.700000000000000000e+01
-1.600000000000000000e+01
-1.500000000000000000e+01
-1.400000000000000000e+01
-1.300000000000000000e+01
-1.200000000000000000e+01
-1.100000000000000000e+01
-1.000000000000000000e+01
-9.000000000000000000e+00
-8.000000000000000000e+00
-7.000000000000000000e+00
-6.000000000000000000e+00
-5.000000000000000000e+00
-4.000000000000000000e+00
-3.000000000000000000e+00
-2.000000000000000000e+00
-1.000000000000000000e+00
0.000000000000000000e+00
1.000000000000000000e+00
2.000000000000000000e+00
3.000000000000000000e+00
4.000000000000000000e+00
5.000000000000000000e+00
6.000000000000000000e+00
7.000000000000000000e+00
8.000000000000000000e+00
9.000000000000000000e+00
1.000000000000000000e+01
1.100000000000000000e+01
1.200000000000000000e+01
1.300000000000000000e+01
1.400000000000000000e+01
1.500000000000000000e+01
1.600000000000000000e+01
1.700000000000000000e+01
1.800000000000000000e+01
1.900000000000000000e+01
2.000000000000000000e+01
2.100000000000000000e+01
2.200000000000000000e+01
2.300000000000000000e+01
2.400000000000000000e+01
2.500000000000000000e+01
2.600000000000000000e+01
2.700000000000000000e+01
2.800000000000000000e+01
2.900000000000000000e+01
3.000000000000000000e+01
3.100000000000000000e+01
3.200000000000000000e+01
3.300000000000000000e+01
3.400000000000000000e+01
3.500000000000000000e+01
3.600000000000000000e+01
3.700000000000000000e+01
3.800000000000000000e+01
3.900000000000000000e+01
4.000000000000000000e+01
4.100000000000000000e+01
4.200000000000000000e+01
4.300000000000000000e+01
4.400000000000000000e+01
4.500000000000000000e+01
4.600000000000000000e+01
4.700000000000000000e+01
4.800000000000000000e+01
4.900000000000000000e+01
5.000000000000000000e+01
5.100000000000000000e+01
5.200000000000000000e+01
5.300000000000000000e+01
5.400000000000000000e+01
5.500000000000000000e+01
5.600000000000000000e+01
5.700000000000000000e+01
5.800000000000000000e+01
5.900000000000000000e+01
6.000000000000000000e+01
6.100000000000000000e+01
6.200000000000000000e+01
6.300000000000000000e+01
6.400000000000000000e+01
6.500000000000000000e+01
6.600000000000000000e+01
6.700000000000000000e+01
6.800000000000000000e+01
6.900000000000000000e+01
7.000000000000000000e+01
7.100000000000000000e+01
7.200000000000000000e+01
7.300000000000000000e+01
7.400000000000000000e+01
7.500000000000000000e+01
7.600000000000000000e+01
7.700000000000000000e+01
7.800000000000000000e+01
7.900000000000000000e+01
8.000000000000000000e+01
8.100000000000000000e+01
8.200000000000000000e+01
8.300000000000000000e+01
8.400000000000000000e+01
8.500000000000000000e+01
8.600000000000000000e+01
8.700000000000000000e+01
8.800000000000000000e+01
8.900000000000000000e+01
9.000000000000000000e+01
9.100000000000000000e+01
9.200000000000000000e+01
9.300000000000000000e+01
9.400000000000000000e+01
9.500000000000000000e+01
9.600000000000000000e+01
9.700000000000000000e+01
9.800000000000000000e+01
9.900000000000000000e+01
