single photon fraction:    0.3837
laser fraction:    0.2204
thermal source fraction:    0.1592
non-detected fraction:    0.2367
number of bins:  200.0000
bin width (ns):    1.0000
average detection events per bin: 5000.0000

# binary result
0.000000000000000000e+00

# g2 signal
9.942685613474586681e-01
1.004801067293936034e+00
9.713603609138704575e-01
1.004537754645274061e+00
1.004801067293936034e+00
9.921620601581632171e-01
9.908454969148535740e-01
9.945318739961206411e-01
9.782064897790807567e-01
9.947951866447825031e-01
9.932153107528108871e-01
9.995348143206973512e-01
9.963750625367541192e-01
1.012963759402455866e+00
9.855792439416148909e-01
1.023232952700271259e+00
9.829461174549954938e-01
9.882123704282341770e-01
9.992715016720353782e-01
1.003747816699288142e+00
1.017966699727032687e+00
1.014017009997103536e+00
1.006380943185907650e+00
9.961117498880921461e-01
9.958484372394302842e-01
9.942685613474586681e-01
9.945318739961206411e-01
9.805763036170381808e-01
1.038768398971325224e+00
1.002167940807316748e+00
1.007434193780555320e+00
1.001641315509992802e+00
9.876857451309103419e-01
9.824194921576716588e-01
9.911088095635154360e-01
1.032712208052100955e+00
1.031658957457453063e+00
1.027709267727524134e+00
9.839993680496432749e-01
1.030869019511467366e+00
1.006644255834569401e+00
1.028762518322171804e+00
1.012700446753793893e+00
1.015070260591751428e+00
9.890023083742199850e-01
1.031395644808791090e+00
9.874224324822483689e-01
9.747834253464756626e-01
1.000588064915345132e+00
1.001378002861330829e+00
9.782064897790807567e-01
9.940052486987966951e-01
9.824194921576716588e-01
9.997981269693592132e-01
1.042454776052592402e+00
9.947951866447825031e-01
9.884756830768961500e-01
1.021916389456961616e+00
1.011647196159146223e+00
9.842626806983052479e-01
9.776798644817569217e-01
1.023496265348933232e+00
1.007434193780555320e+00
1.008487444375202990e+00
9.932153107528108871e-01
9.808396162657000428e-01
9.850526186442910559e-01
1.020073200916328027e+00
1.024022890646257178e+00
1.003484504050626391e+00
9.818928668603478238e-01
1.001904628158654775e+00
1.001378002861330829e+00
1.000324752266683159e+00
9.971650004827399272e-01
1.005854317888583704e+00
1.029815768916819696e+00
9.861058692389387259e-01
9.808396162657000428e-01
1.006380943185907650e+00
1.007434193780555320e+00
9.932153107528108871e-01
1.006644255834569401e+00
1.025076141240904848e+00
1.000588064915345132e+00
1.015070260591751428e+00
9.890023083742199850e-01
1.010067320267174606e+00
9.850526186442910559e-01
1.007170881131893347e+00
1.046931091079845277e+00
9.958484372394302842e-01
9.987448763747115432e-01
1.023232952700271259e+00
1.005327692591259758e+00
9.718869862111944036e-01
9.997981269693592132e-01
1.015596885889075152e+00
9.969016878340779542e-01
9.992715016720353782e-01
6.901424521429261327e-01
1.032975520700762706e+00
9.795230530223903997e-01
1.031395644808791090e+00
9.890023083742199850e-01
1.027182642430200188e+00
9.984815637260495702e-01
9.813662415630239888e-01
9.737301747518278816e-01
1.005591005239921731e+00
9.976916257800637622e-01
1.014806947943089455e+00
9.961117498880921461e-01
9.929519981041490251e-01
9.916354348608393821e-01
1.011120570861822276e+00
1.012700446753793893e+00
1.016913449132384795e+00
1.011383883510484250e+00
1.010330632915836579e+00
9.969016878340779542e-01
1.003747816699288142e+00
1.016123511186399098e+00
1.001904628158654775e+00
9.800496783197142348e-01
9.732035494545040466e-01
1.000061439618021186e+00
9.937419360501348331e-01
1.006380943185907650e+00
1.002431253455978499e+00
1.007697506429217293e+00
9.984815637260495702e-01
9.900555589688677660e-01
1.008750757023864963e+00
9.734668621031659086e-01
1.020336513564990000e+00
9.963750625367541192e-01
9.918987475095012440e-01
1.002167940807316748e+00
9.811029289143620158e-01
9.942685613474586681e-01
9.969016878340779542e-01
1.037451835728015581e+00
1.016386823835061071e+00
9.947951866447825031e-01
1.017440074429708741e+00
9.829461174549954938e-01
9.876857451309103419e-01
1.027445955078862161e+00
9.792597403737284267e-01
1.031922270106115036e+00
9.995348143206973512e-01
9.953218119421063381e-01
9.942685613474586681e-01
1.015860198537737125e+00
1.007697506429217293e+00
9.990081890233734052e-01
1.007960819077879266e+00
9.818928668603478238e-01
9.958484372394302842e-01
1.008750757023864963e+00
1.001114690212668856e+00
9.969016878340779542e-01
9.834727427523194399e-01
1.009804007618512633e+00
1.018756637673018384e+00
1.034555396592734322e+00
9.834727427523194399e-01
1.003221191401964418e+00
1.022443014754285562e+00
1.036398585133367911e+00
9.679372964812653635e-01
9.803129909683762078e-01
9.971650004827399272e-01
9.971650004827399272e-01
9.921620601581632171e-01
9.874224324822483689e-01
9.811029289143620158e-01
1.022969640051609286e+00
9.626710435080266803e-01
1.002957878753302445e+00
9.692538597245750065e-01
9.760999885897853057e-01
9.974283131314019002e-01
9.792597403737284267e-01
1.003221191401964418e+00
1.017440074429708741e+00
9.758366759411233327e-01
9.903188716175296280e-01
1.011120570861822276e+00
1.017966699727032687e+00
1.019546575619004303e+00
9.861058692389387259e-01
1.003747816699288142e+00
1.004274441996612088e+00
9.787331150764045917e-01
9.905821842661916010e-01
9.782064897790807567e-01
1.003747816699288142e+00
9.832094301036574668e-01

# time bin value
-1.000000000000000000e+02
-9.900000000000000000e+01
-9.800000000000000000e+01
-9.700000000000000000e+01
-9.600000000000000000e+01
-9.500000000000000000e+01
-9.400000000000000000e+01
-9.300000000000000000e+01
-9.200000000000000000e+01
-9.100000000000000000e+01
-9.000000000000000000e+01
-8.900000000000000000e+01
-8.800000000000000000e+01
-8.700000000000000000e+01
-8.600000000000000000e+01
-8.500000000000000000e+01
-8.400000000000000000e+01
-8.300000000000000000e+01
-8.200000000000000000e+01
-8.100000000000000000e+01
-8.000000000000000000e+01
-7.900000000000000000e+01
-7.800000000000000000e+01
-7.700000000000000000e+01
-7.600000000000000000e+01
-7.500000000000000000e+01
-7.400000000000000000e+01
-7.300000000000000000e+01
-7.200000000000000000e+01
-7.100000000000000000e+01
-7.000000000000000000e+01
-6.900000000000000000e+01
-6.800000000000000000e+01
-6.700000000000000000e+01
-6.600000000000000000e+01
-6.500000000000000000e+01
-6.400000000000000000e+01
-6.300000000000000000e+01
-6.200000000000000000e+01
-6.100000000000000000e+01
-6.000000000000000000e+01
-5.900000000000000000e+01
-5.800000000000000000e+01
-5.700000000000000000e+01
-5.600000000000000000e+01
-5.500000000000000000e+01
-5.400000000000000000e+01
-5.300000000000000000e+01
-5.200000000000000000e+01
-5.100000000000000000e+01
-5.000000000000000000e+01
-4.900000000000000000e+01
-4.800000000000000000e+01
-4.700000000000000000e+01
-4.600000000000000000e+01
-4.500000000000000000e+01
-4.400000000000000000e+01
-4.300000000000000000e+01
-4.200000000000000000e+01
-4.100000000000000000e+01
-4.000000000000000000e+01
-3.900000000000000000e+01
-3.800000000000000000e+01
-3.700000000000000000e+01
-3.600000000000000000e+01
-3.500000000000000000e+01
-3.400000000000000000e+01
-3.300000000000000000e+01
-3.200000000000000000e+01
-3.100000000000000000e+01
-3.000000000000000000e+01
-2.900000000000000000e+01
-2.800000000000000000e+01
-2.700000000000000000e+01
-2.600000000000000000e+01
-2.500000000000000000e+01
-2.400000000000000000e+01
-2.300000000000000000e+01
-2.200000000000000000e+01
-2.100000000000000000e+01
-2.000000000000000000e+01
-1.900000000000000000e+01
-1.800000000000000000e+01
-1.700000000000000000e+01
-1.600000000000000000e+01
-1.500000000000000000e+01
-1.400000000000000000e+01
-1.300000000000000000e+01
-1.200000000000000000e+01
-1.100000000000000000e+01
-1.000000000000000000e+01
-9.000000000000000000e+00
-8.000000000000000000e+00
-7.000000000000000000e+00
-6.000000000000000000e+00
-5.000000000000000000e+00
-4.000000000000000000e+00
-3.000000000000000000e+00
-2.000000000000000000e+00
-1.000000000000000000e+00
0.000000000000000000e+00
1.000000000000000000e+00
2.000000000000000000e+00
3.000000000000000000e+00
4.000000000000000000e+00
5.000000000000000000e+00
6.000000000000000000e+00
7.000000000000000000e+00
8.000000000000000000e+00
9.000000000000000000e+00
1.000000000000000000e+01
1.100000000000000000e+01
1.200000000000000000e+01
1.300000000000000000e+01
1.400000000000000000e+01
1.500000000000000000e+01
1.600000000000000000e+01
1.700000000000000000e+01
1.800000000000000000e+01
1.900000000000000000e+01
2.000000000000000000e+01
2.100000000000000000e+01
2.200000000000000000e+01
2.300000000000000000e+01
2.400000000000000000e+01
2.500000000000000000e+01
2.600000000000000000e+01
2.700000000000000000e+01
2.800000000000000000e+01
2.900000000000000000e+01
3.000000000000000000e+01
3.100000000000000000e+01
3.200000000000000000e+01
3.300000000000000000e+01
3.400000000000000000e+01
3.500000000000000000e+01
3.600000000000000000e+01
3.700000000000000000e+01
3.800000000000000000e+01
3.900000000000000000e+01
4.000000000000000000e+01
4.100000000000000000e+01
4.200000000000000000e+01
4.300000000000000000e+01
4.400000000000000000e+01
4.500000000000000000e+01
4.600000000000000000e+01
4.700000000000000000e+01
4.800000000000000000e+01
4.900000000000000000e+01
5.000000000000000000e+01
5.100000000000000000e+01
5.200000000000000000e+01
5.300000000000000000e+01
5.400000000000000000e+01
5.500000000000000000e+01
5.600000000000000000e+01
5.700000000000000000e+01
5.800000000000000000e+01
5.900000000000000000e+01
6.000000000000000000e+01
6.100000000000000000e+01
6.200000000000000000e+01
6.300000000000000000e+01
6.400000000000000000e+01
6.500000000000000000e+01
6.600000000000000000e+01
6.700000000000000000e+01
6.800000000000000000e+01
6.900000000000000000e+01
7.000000000000000000e+01
7.100000000000000000e+01
7.200000000000000000e+01
7.300000000000000000e+01
7.400000000000000000e+01
7.500000000000000000e+01
7.600000000000000000e+01
7.700000000000000000e+01
7.800000000000000000e+01
7.900000000000000000e+01
8.000000000000000000e+01
8.100000000000000000e+01
8.200000000000000000e+01
8.300000000000000000e+01
8.400000000000000000e+01
8.500000000000000000e+01
8.600000000000000000e+01
8.700000000000000000e+01
8.800000000000000000e+01
8.900000000000000000e+01
9.000000000000000000e+01
9.100000000000000000e+01
9.200000000000000000e+01
9.300000000000000000e+01
9.400000000000000000e+01
9.500000000000000000e+01
9.600000000000000000e+01
9.700000000000000000e+01
9.800000000000000000e+01
9.900000000000000000e+01
