single photon fraction:    0.3933
laser fraction:    0.1632
thermal source fraction:    0.2636
non-detected fraction:    0.1799
number of bins:  200.0000
bin width (ns):    1.0000
average detection events per bin: 5000.0000

# binary result
0.000000000000000000e+00

# g2 signal
1.015819891341916748e+00
9.868945179880687091e-01
9.839529545961519519e-01
1.014839370211277902e+00
9.981705109904163153e-01
1.009936764558083233e+00
9.866493877054089978e-01
1.014103979363298658e+00
1.012142937102020745e+00
9.903263419453048888e-01
1.012633197667340168e+00
9.947386870331800246e-01
9.932679053372216460e-01
9.758636552683809251e-01
1.003318246926270474e+00
1.014103979363298658e+00
1.013123458232659813e+00
1.024154320952347597e+00
9.795406095082768161e-01
1.005279289187548386e+00
9.979253807077564931e-01
9.932679053372216460e-01
9.775795672469990150e-01
9.944935567505203133e-01
9.878750391187076652e-01
1.011652676536701323e+00
9.976802504250967818e-01
9.797857397909366384e-01
9.944935567505203133e-01
1.014103979363298658e+00
9.846883454441311967e-01
9.841980848788117742e-01
9.922873842065828009e-01
9.954740778811592694e-01
1.003318246926270474e+00
9.998864229690344052e-01
9.682646165059293208e-01
1.012142937102020745e+00
1.000866944099673361e+00
1.034694923106715958e+00
9.829724334655131068e-01
9.815016517695547282e-01
1.035920574520014625e+00
9.964545990117981145e-01
1.010181894840743055e+00
1.007730592014145721e+00
9.910617327932841336e-01
9.731672221591238792e-01
1.019496845581812750e+00
9.952289475984995581e-01
9.797857397909366384e-01
1.014349109645958480e+00
9.866493877054089978e-01
1.014839370211277902e+00
9.824821729001935733e-01
1.002337725795631629e+00
1.008220852579465143e+00
9.905714722279647111e-01
1.008465982862124966e+00
1.011652676536701323e+00
9.930227750545619347e-01
9.756185249857212138e-01
9.861591271400895753e-01
9.989059018383954491e-01
1.027095884344264354e+00
9.964545990117981145e-01
9.886104299666867989e-01
1.020232236429791772e+00
9.957192081638189807e-01
9.964545990117981145e-01
9.812565214868950170e-01
9.986607715557357379e-01
1.002092595512972029e+00
1.011652676536701323e+00
1.022928669539048929e+00
9.976802504250967818e-01
1.010672155406062478e+00
9.616460988741166727e-01
9.917971236412632674e-01
9.687548770712487434e-01
1.003808507491590118e+00
1.003808507491590118e+00
1.003318246926270474e+00
9.971899898597773593e-01
1.030037447736181111e+00
9.986607715557357379e-01
1.005769549752867809e+00
1.010181894840743055e+00
9.905714722279647111e-01
1.008956243427444388e+00
1.011652676536701323e+00
9.891006905320063325e-01
1.005524419470208208e+00
9.952289475984995581e-01
9.832175637481728181e-01
1.014839370211277902e+00
1.011407546254041723e+00
1.026115363213625287e+00
1.032488750562778224e+00
1.004298768056909541e+00
8.376101758482937809e-01
1.021212757560430839e+00
1.005279289187548386e+00
9.829724334655131068e-01
9.976802504250967818e-01
9.932679053372216460e-01
1.004543898339569141e+00
9.908166025106244224e-01
1.010427025123402656e+00
9.966997292944579367e-01
1.027341014626923954e+00
1.002827986360951051e+00
1.001357204664992784e+00
1.014103979363298658e+00
1.011162415971381900e+00
9.966997292944579367e-01
9.775795672469990150e-01
1.032488750562778224e+00
1.000621813817013539e+00
1.011897806819361145e+00
1.003563377208930296e+00
1.010427025123402656e+00
1.021457887843090440e+00
1.007240331448826298e+00
9.846883454441311967e-01
9.876299088360479539e-01
9.893458208146660438e-01
9.949838173158398469e-01
9.834626940308325294e-01
9.976802504250967818e-01
9.984156412730760266e-01
9.917971236412632674e-01
1.016800412472555593e+00
1.019251715299152927e+00
1.009201373710103988e+00
9.827273031828533956e-01
9.942484264678606021e-01
1.016800412472555593e+00
9.930227750545619347e-01
9.925325144892425122e-01
1.028566666040222621e+00
1.011407546254041723e+00
9.969448595771176480e-01
9.891006905320063325e-01
1.015819891341916748e+00
9.736574827244434127e-01
1.001112074382332962e+00
9.697353982018876994e-01
1.034449792824056136e+00
9.903263419453048888e-01
9.981705109904163153e-01
1.000621813817013539e+00
1.001357204664992784e+00
9.930227750545619347e-01
1.015329630776597325e+00
1.021457887843090440e+00
1.016065021624576570e+00
9.949838173158398469e-01
9.991510321210551604e-01
1.009936764558083233e+00
1.015084500493937503e+00
9.947386870331800246e-01
1.020722496995111417e+00
9.886104299666867989e-01
1.009691634275423633e+00
9.773344369643393037e-01
1.007485461731485898e+00
9.846883454441311967e-01
9.871396482707284203e-01
1.002337725795631629e+00
9.915519933586035561e-01
1.018271194168514082e+00
9.878750391187076652e-01
9.942484264678606021e-01
1.024154320952347597e+00
9.942484264678606021e-01
1.004298768056909541e+00
1.001112074382332962e+00
9.913068630759438449e-01
9.922873842065828009e-01
9.886104299666867989e-01
9.949838173158398469e-01
1.010672155406062478e+00
1.008220852579465143e+00
1.003073116643610874e+00
1.010427025123402656e+00
1.032243620280118623e+00
9.829724334655131068e-01
1.020477366712451595e+00
1.010427025123402656e+00
1.008465982862124966e+00
1.001357204664992784e+00
9.925325144892425122e-01
1.001847465230312206e+00
9.871396482707284203e-01
1.017290673037875237e+00
1.029792317453521289e+00
1.019006585016493327e+00
1.036655965367993648e+00
9.908166025106244224e-01

# time bin value
-1.000000000000000000e+02
-9.900000000000000000e+01
-9.800000000000000000e+01
-9.700000000000000000e+01
-9.600000000000000000e+01
-9.500000000000000000e+01
-9.400000000000000000e+01
-9.300000000000000000e+01
-9.200000000000000000e+01
-9.100000000000000000e+01
-9.000000000000000000e+01
-8.900000000000000000e+01
-8.800000000000000000e+01
-8.700000000000000000e+01
-8.600000000000000000e+01
-8.500000000000000000e+01
-8.400000000000000000e+01
-8.300000000000000000e+01
-8.200000000000000000e+01
-8.100000000000000000e+01
-8.000000000000000000e+01
-7.900000000000000000e+01
-7.800000000000000000e+01
-7.700000000000000000e+01
-7.600000000000000000e+01
-7.500000000000000000e+01
-7.400000000000000000e+01
-7.300000000000000000e+01
-7.200000000000000000e+01
-7.100000000000000000e+01
-7.000000000000000000e+01
-6.900000000000000000e+01
-6.800000000000000000e+01
-6.700000000000000000e+01
-6.600000000000000000e+01
-6.500000000000000000e+01
-6.400000000000000000e+01
-6.300000000000000000e+01
-6.200000000000000000e+01
-6.100000000000000000e+01
-6.000000000000000000e+01
-5.900000000000000000e+01
-5.800000000000000000e+01
-5.700000000000000000e+01
-5.600000000000000000e+01
-5.500000000000000000e+01
-5.400000000000000000e+01
-5.300000000000000000e+01
-5.200000000000000000e+01
-5.100000000000000000e+01
-5.000000000000000000e+01
-4.900000000000000000e+01
-4.800000000000000000e+01
-4.700000000000000000e+01
-4.600000000000000000e+01
-4.500000000000000000e+01
-4.400000000000000000e+01
-4.300000000000000000e+01
-4.200000000000000000e+01
-4.100000000000000000e+01
-4.000000000000000000e+01
-3.900000000000000000e+01
-3.800000000000000000e+01
-3.700000000000000000e+01
-3.600000000000000000e+01
-3.500000000000000000e+01
-3.400000000000000000e+01
-3.300000000000000000e+01
-3.200000000000000000e+01
-3.100000000000000000e+01
-3.000000000000000000e+01
-2.900000000000000000e+01
-2.800000000000000000e+01
-2.700000000000000000e+01
-2.600000000000000000e+01
-2.500000000000000000e+01
-2.400000000000000000e+01
-2.300000000000000000e+01
-2.200000000000000000e+01
-2.100000000000000000e+01
-2.000000000000000000e+01
-1.900000000000000000e+01
-1.800000000000000000e+01
-1.700000000000000000e+01
-1.600000000000000000e+01
-1.500000000000000000e+01
-1.400000000000000000e+01
-1.300000000000000000e+01
-1.200000000000000000e+01
-1.100000000000000000e+01
-1.000000000000000000e+01
-9.000000000000000000e+00
-8.000000000000000000e+00
-7.000000000000000000e+00
-6.000000000000000000e+00
-5.000000000000000000e+00
-4.000000000000000000e+00
-3.000000000000000000e+00
-2.000000000000000000e+00
-1.000000000000000000e+00
0.000000000000000000e+00
1.000000000000000000e+00
2.000000000000000000e+00
3.000000000000000000e+00
4.000000000000000000e+00
5.000000000000000000e+00
6.000000000000000000e+00
7.000000000000000000e+00
8.000000000000000000e+00
9.000000000000000000e+00
1.000000000000000000e+01
1.100000000000000000e+01
1.200000000000000000e+01
1.300000000000000000e+01
1.400000000000000000e+01
1.500000000000000000e+01
1.600000000000000000e+01
1.700000000000000000e+01
1.800000000000000000e+01
1.900000000000000000e+01
2.000000000000000000e+01
2.100000000000000000e+01
2.200000000000000000e+01
2.300000000000000000e+01
2.400000000000000000e+01
2.500000000000000000e+01
2.600000000000000000e+01
2.700000000000000000e+01
2.800000000000000000e+01
2.900000000000000000e+01
3.000000000000000000e+01
3.100000000000000000e+01
3.200000000000000000e+01
3.300000000000000000e+01
3.400000000000000000e+01
3.500000000000000000e+01
3.600000000000000000e+01
3.700000000000000000e+01
3.800000000000000000e+01
3.900000000000000000e+01
4.000000000000000000e+01
4.100000000000000000e+01
4.200000000000000000e+01
4.300000000000000000e+01
4.400000000000000000e+01
4.500000000000000000e+01
4.600000000000000000e+01
4.700000000000000000e+01
4.800000000000000000e+01
4.900000000000000000e+01
5.000000000000000000e+01
5.100000000000000000e+01
5.200000000000000000e+01
5.300000000000000000e+01
5.400000000000000000e+01
5.500000000000000000e+01
5.600000000000000000e+01
5.700000000000000000e+01
5.800000000000000000e+01
5.900000000000000000e+01
6.000000000000000000e+01
6.100000000000000000e+01
6.200000000000000000e+01
6.300000000000000000e+01
6.400000000000000000e+01
6.500000000000000000e+01
6.600000000000000000e+01
6.700000000000000000e+01
6.800000000000000000e+01
6.900000000000000000e+01
7.000000000000000000e+01
7.100000000000000000e+01
7.200000000000000000e+01
7.300000000000000000e+01
7.400000000000000000e+01
7.500000000000000000e+01
7.600000000000000000e+01
7.700000000000000000e+01
7.800000000000000000e+01
7.900000000000000000e+01
8.000000000000000000e+01
8.100000000000000000e+01
8.200000000000000000e+01
8.300000000000000000e+01
8.400000000000000000e+01
8.500000000000000000e+01
8.600000000000000000e+01
8.700000000000000000e+01
8.800000000000000000e+01
8.900000000000000000e+01
9.000000000000000000e+01
9.100000000000000000e+01
9.200000000000000000e+01
9.300000000000000000e+01
9.400000000000000000e+01
9.500000000000000000e+01
9.600000000000000000e+01
9.700000000000000000e+01
9.800000000000000000e+01
9.900000000000000000e+01
