single photon fraction:    0.3511
laser fraction:    0.3053
thermal source fraction:    0.1908
non-detected fraction:    0.1527
number of bins:  200.0000
bin width (ns):    1.0000
average detection events per bin: 5000.0000

# binary result
0.000000000000000000e+00

# g2 signal
1.009214186369958410e+00
9.935674547983310845e-01
1.003524465798457443e+00
1.009214186369958410e+00
9.919079529649766913e-01
9.632222784169933716e-01
9.819509419648502213e-01
1.006606397774687078e+00
9.774465798457453447e-01
1.015852193703375983e+00
1.005658111012770251e+00
1.018222910608167942e+00
1.017511695536730265e+00
1.001627892274623788e+00
1.011584903274750369e+00
9.895372360601846218e-01
9.911967378935390149e-01
9.904855228221014496e-01
9.857440890125174215e-01
1.016326337084334286e+00
9.992571753698318293e-01
1.002576179036540616e+00
1.002813250727019989e+00
1.012533190036667197e+00
9.805285118219749796e-01
1.014666835250980004e+00
1.014192691870021479e+00
1.005421039322291099e+00
9.881148059173093801e-01
1.017748767227209639e+00
9.866923757744342494e-01
1.005895182703249402e+00
9.871665191553926633e-01
1.016089265393855134e+00
1.012770261727146348e+00
1.010162473131875016e+00
1.003287394107978292e+00
9.665412820837021579e-01
1.009925401441395865e+00
1.000679605512707182e+00
1.010162473131875016e+00
1.012059046655708672e+00
1.002813250727019989e+00
1.022016057655835253e+00
9.909596662030598635e-01
9.847958022506005937e-01
9.833733721077253520e-01
9.959381717031230430e-01
1.008265899608041583e+00
9.919079529649766913e-01
9.926191680364142567e-01
1.010162473131875016e+00
9.992571753698318293e-01
1.005183967631811948e+00
1.003287394107978292e+00
1.026994563155898321e+00
9.938045264888102359e-01
9.682007839170565511e-01
1.008977114679479037e+00
1.018697053989126244e+00
9.897743077506638842e-01
1.001153748893665485e+00
9.940415981792894984e-01
9.949898849412062152e-01
1.013718548489063176e+00
9.997313187507902432e-01
9.719939309647237513e-01
1.013718548489063176e+00
1.033158427108357591e+00
1.022490201036793556e+00
1.004472752560374271e+00
9.807655835124542421e-01
1.019171197370084769e+00
1.003287394107978292e+00
1.000205462131748657e+00
9.717568592742445999e-01
1.002576179036540616e+00
1.005183967631811948e+00
1.016563408774813437e+00
1.022727272727272707e+00
1.030076495132127956e+00
9.772095081552661933e-01
1.026046276393981493e+00
1.010873688203312692e+00
1.023912631179668686e+00
9.968864584650398708e-01
1.001153748893665485e+00
9.826621570362877867e-01
1.007317612846124755e+00
9.715197875837653374e-01
1.023201416108231232e+00
1.005183967631811948e+00
9.909596662030598635e-01
1.012770261727146348e+00
1.017985838917688790e+00
1.005895182703249402e+00
1.016800480465292811e+00
1.039559362751296012e+00
1.002102035655582313e+00
1.000679605512707182e+00
8.013023138196990747e-01
9.700973574408902067e-01
9.914338095840182774e-01
9.933303831078518220e-01
9.869294474649134008e-01
9.885889492982677940e-01
1.029365280060690280e+00
1.009925401441395865e+00
1.011347831584271217e+00
1.008028827917562209e+00
1.016800480465292811e+00
9.959381717031230430e-01
1.013718548489063176e+00
9.772095081552661933e-01
9.608515615122013021e-01
9.909596662030598635e-01
1.000442533822227809e+00
1.024860917941585514e+00
1.017037552155771962e+00
1.019408269060563921e+00
1.019645340751043072e+00
9.985459602983942640e-01
1.006843469465166230e+00
9.843216588696421798e-01
9.978347452269566986e-01
9.895372360601846218e-01
9.826621570362877867e-01
1.007554684536603906e+00
9.990201036793526779e-01
9.821880136553293728e-01
1.012770261727146348e+00
9.855070173220381591e-01
1.005895182703249402e+00
9.743646478695158208e-01
1.001627892274623788e+00
1.008265899608041583e+00
1.013955620179542327e+00
9.928562397268934081e-01
1.004946895941332796e+00
1.006132254393728775e+00
9.926191680364142567e-01
9.964123150840814569e-01
9.954640283221646291e-01
9.938045264888102359e-01
1.016800480465292811e+00
9.938045264888102359e-01
1.000916677203186334e+00
9.945157415602478013e-01
1.006843469465166230e+00
9.923820963459349942e-01
1.007080541155645603e+00
1.002339107346061464e+00
1.012533190036667197e+00
9.798172967505374142e-01
9.843216588696421798e-01
9.874035908458718147e-01
9.940415981792894984e-01
9.973606018459982847e-01
9.757870780123909515e-01
9.769724364647869308e-01
9.859811607029965730e-01
1.012770261727146348e+00
1.003287394107978292e+00
9.997313187507902432e-01
1.023438487798710383e+00
9.904855228221014496e-01
9.893001643697054703e-01
9.900113794411430357e-01
1.008502971298520734e+00
1.026520419774940018e+00
1.003998609179415968e+00
1.010162473131875016e+00
9.921450246554558428e-01
1.011347831584271217e+00
9.677266405360981372e-01
9.957011000126438915e-01
1.020356555822480749e+00
1.009214186369958410e+00
1.038136932608420882e+00
9.942786698697686498e-01
9.760241497028702140e-01
9.764982930838286279e-01
9.781577949171830211e-01
1.031024781894044784e+00
9.810026552029333935e-01
9.859811607029965730e-01
9.876406625363509661e-01
9.971235301555190222e-01
1.026283348084460867e+00
9.997313187507902432e-01
1.032921355417878440e+00
1.011821974965229520e+00
9.907225945125806010e-01
1.013007333417625500e+00
9.930933114173726706e-01
9.831363004172462006e-01
9.968864584650398708e-01
1.000205462131748657e+00
9.885889492982677940e-01
1.003050322417499141e+00

# time bin value
-1.000000000000000000e+02
-9.900000000000000000e+01
-9.800000000000000000e+01
-9.700000000000000000e+01
-9.600000000000000000e+01
-9.500000000000000000e+01
-9.400000000000000000e+01
-9.300000000000000000e+01
-9.200000000000000000e+01
-9.100000000000000000e+01
-9.000000000000000000e+01
-8.900000000000000000e+01
-8.800000000000000000e+01
-8.700000000000000000e+01
-8.600000000000000000e+01
-8.500000000000000000e+01
-8.400000000000000000e+01
-8.300000000000000000e+01
-8.200000000000000000e+01
-8.100000000000000000e+01
-8.000000000000000000e+01
-7.900000000000000000e+01
-7.800000000000000000e+01
-7.700000000000000000e+01
-7.600000000000000000e+01
-7.500000000000000000e+01
-7.400000000000000000e+01
-7.300000000000000000e+01
-7.200000000000000000e+01
-7.100000000000000000e+01
-7.000000000000000000e+01
-6.900000000000000000e+01
-6.800000000000000000e+01
-6.700000000000000000e+01
-6.600000000000000000e+01
-6.500000000000000000e+01
-6.400000000000000000e+01
-6.300000000000000000e+01
-6.200000000000000000e+01
-6.100000000000000000e+01
-6.000000000000000000e+01
-5.900000000000000000e+01
-5.800000000000000000e+01
-5.700000000000000000e+01
-5.600000000000000000e+01
-5.500000000000000000e+01
-5.400000000000000000e+01
-5.300000000000000000e+01
-5.200000000000000000e+01
-5.100000000000000000e+01
-5.000000000000000000e+01
-4.900000000000000000e+01
-4.800000000000000000e+01
-4.700000000000000000e+01
-4.600000000000000000e+01
-4.500000000000000000e+01
-4.400000000000000000e+01
-4.300000000000000000e+01
-4.200000000000000000e+01
-4.100000000000000000e+01
-4.000000000000000000e+01
-3.900000000000000000e+01
-3.800000000000000000e+01
-3.700000000000000000e+01
-3.600000000000000000e+01
-3.500000000000000000e+01
-3.400000000000000000e+01
-3.300000000000000000e+01
-3.200000000000000000e+01
-3.100000000000000000e+01
-3.000000000000000000e+01
-2.900000000000000000e+01
-2.800000000000000000e+01
-2.700000000000000000e+01
-2.600000000000000000e+01
-2.500000000000000000e+01
-2.400000000000000000e+01
-2.300000000000000000e+01
-2.200000000000000000e+01
-2.100000000000000000e+01
-2.000000000000000000e+01
-1.900000000000000000e+01
-1.800000000000000000e+01
-1.700000000000000000e+01
-1.600000000000000000e+01
-1.500000000000000000e+01
-1.400000000000000000e+01
-1.300000000000000000e+01
-1.200000000000000000e+01
-1.100000000000000000e+01
-1.000000000000000000e+01
-9.000000000000000000e+00
-8.000000000000000000e+00
-7.000000000000000000e+00
-6.000000000000000000e+00
-5.000000000000000000e+00
-4.000000000000000000e+00
-3.000000000000000000e+00
-2.000000000000000000e+00
-1.000000000000000000e+00
0.000000000000000000e+00
1.000000000000000000e+00
2.000000000000000000e+00
3.000000000000000000e+00
4.000000000000000000e+00
5.000000000000000000e+00
6.000000000000000000e+00
7.000000000000000000e+00
8.000000000000000000e+00
9.000000000000000000e+00
1.000000000000000000e+01
1.100000000000000000e+01
1.200000000000000000e+01
1.300000000000000000e+01
1.400000000000000000e+01
1.500000000000000000e+01
1.600000000000000000e+01
1.700000000000000000e+01
1.800000000000000000e+01
1.900000000000000000e+01
2.000000000000000000e+01
2.100000000000000000e+01
2.200000000000000000e+01
2.300000000000000000e+01
2.400000000000000000e+01
2.500000000000000000e+01
2.600000000000000000e+01
2.700000000000000000e+01
2.800000000000000000e+01
2.900000000000000000e+01
3.000000000000000000e+01
3.100000000000000000e+01
3.200000000000000000e+01
3.300000000000000000e+01
3.400000000000000000e+01
3.500000000000000000e+01
3.600000000000000000e+01
3.700000000000000000e+01
3.800000000000000000e+01
3.900000000000000000e+01
4.000000000000000000e+01
4.100000000000000000e+01
4.200000000000000000e+01
4.300000000000000000e+01
4.400000000000000000e+01
4.500000000000000000e+01
4.600000000000000000e+01
4.700000000000000000e+01
4.800000000000000000e+01
4.900000000000000000e+01
5.000000000000000000e+01
5.100000000000000000e+01
5.200000000000000000e+01
5.300000000000000000e+01
5.400000000000000000e+01
5.500000000000000000e+01
5.600000000000000000e+01
5.700000000000000000e+01
5.800000000000000000e+01
5.900000000000000000e+01
6.000000000000000000e+01
6.100000000000000000e+01
6.200000000000000000e+01
6.300000000000000000e+01
6.400000000000000000e+01
6.500000000000000000e+01
6.600000000000000000e+01
6.700000000000000000e+01
6.800000000000000000e+01
6.900000000000000000e+01
7.000000000000000000e+01
7.100000000000000000e+01
7.200000000000000000e+01
7.300000000000000000e+01
7.400000000000000000e+01
7.500000000000000000e+01
7.600000000000000000e+01
7.700000000000000000e+01
7.800000000000000000e+01
7.900000000000000000e+01
8.000000000000000000e+01
8.100000000000000000e+01
8.200000000000000000e+01
8.300000000000000000e+01
8.400000000000000000e+01
8.500000000000000000e+01
8.600000000000000000e+01
8.700000000000000000e+01
8.800000000000000000e+01
8.900000000000000000e+01
9.000000000000000000e+01
9.100000000000000000e+01
9.200000000000000000e+01
9.300000000000000000e+01
9.400000000000000000e+01
9.500000000000000000e+01
9.600000000000000000e+01
9.700000000000000000e+01
9.800000000000000000e+01
9.900000000000000000e+01
