single photon fraction:    0.3750
laser fraction:    0.1207
thermal source fraction:    0.1810
non-detected fraction:    0.3233
number of bins:  200.0000
bin width (ns):    1.0000
average detection events per bin: 5000.0000

# binary result
0.000000000000000000e+00

# g2 signal
9.970632604057878545e-01
9.923025883179058537e-01
1.001228848482684564e+00
1.028007628977020804e+00
1.005096894554088793e+00
9.940878403508616179e-01
9.940878403508616179e-01
9.979558864222657366e-01
9.857566641970680887e-01
9.759377780158113858e-01
1.003609184526625508e+00
1.003014100515640328e+00
9.952780083728320903e-01
9.911124202959352703e-01
9.789131980707376224e-01
1.000038680460713980e+00
1.012237902685911628e+00
1.005691978565073974e+00
9.821861601311565604e-01
1.014618238729852795e+00
9.949804663673393890e-01
9.857566641970680887e-01
1.013130528702389510e+00
9.976583444167730352e-01
1.018783826806749504e+00
9.780205720542597403e-01
9.780205720542597403e-01
1.012237902685911628e+00
1.009262482630985502e+00
1.011940360680419149e+00
9.732598999663777395e-01
9.869468322190385612e-01
1.014618238729852795e+00
1.028900254993498686e+00
9.928976723288910344e-01
1.004204268537610911e+00
1.008072314609014919e+00
1.016105948757315858e+00
9.902197942794573882e-01
9.830787861476344425e-01
9.857566641970680887e-01
9.750451519993335037e-01
1.021461704856183150e+00
9.905173362849500895e-01
9.914099623014279716e-01
9.946829243618467986e-01
1.007179688592537037e+00
1.009857566641970683e+00
1.008667398620000322e+00
9.839714121641123246e-01
9.595729677137170288e-01
1.028305170982513506e+00
1.030090423015469270e+00
1.004799352548596092e+00
9.881370002410090336e-01
1.004204268537610911e+00
9.890296262574869157e-01
9.979558864222657366e-01
1.008964940625492801e+00
1.010750192658448565e+00
9.908148782904426799e-01
9.988485124387436187e-01
9.911124202959352703e-01
9.893271682629795061e-01
9.875419162300238529e-01
1.017296116779286441e+00
1.002121474499162446e+00
1.016701032768301038e+00
9.976583444167730352e-01
1.030090423015469270e+00
9.801033660927082058e-01
1.011345276669433746e+00
9.753426940048262050e-01
1.032768301064902916e+00
1.036933889141799625e+00
1.003311642521133029e+00
1.005096894554088793e+00
9.634410137851211475e-01
9.905173362849500895e-01
9.893271682629795061e-01
9.768304040322892678e-01
9.964681763948025628e-01
9.994435964497287994e-01
1.010155108647463384e+00
9.967657184002951531e-01
1.002121474499162446e+00
1.032470759059410215e+00
1.014618238729852795e+00
9.917075043069205620e-01
1.021461704856183150e+00
9.934927563398763262e-01
9.830787861476344425e-01
1.006287062576059155e+00
1.005691978565073974e+00
1.000038680460713980e+00
1.015510864746330677e+00
9.934927563398763262e-01
1.004501810543103391e+00
9.902197942794573882e-01
1.009560024636477982e+00
7.117204771383600637e-01
1.015510864746330677e+00
9.985509704332509173e-01
9.955755503783246807e-01
1.004204268537610911e+00
9.991460544442362091e-01
1.022949414883646213e+00
1.005989520570566675e+00
1.014320696724360094e+00
1.022056788867168331e+00
9.771279460377819692e-01
9.982534284277583270e-01
1.010750192658448565e+00
9.955755503783246807e-01
1.009262482630985502e+00
1.030387965020961971e+00
1.007477230598029738e+00
1.011345276669433746e+00
1.032768301064902916e+00
1.011047734663941267e+00
1.018783826806749504e+00
9.902197942794573882e-01
1.011047734663941267e+00
9.869468322190385612e-01
9.774254880432745596e-01
9.792107400762303238e-01
1.027412544966035624e+00
9.961706343893099724e-01
1.025032208922094679e+00
9.687967698839884401e-01
1.015808406751823156e+00
1.005096894554088793e+00
1.030090423015469270e+00
9.783181140597524417e-01
1.027115002960542922e+00
9.786156560652450320e-01
9.780205720542597403e-01
1.004799352548596092e+00
9.830787861476344425e-01
1.001228848482684564e+00
1.006584604581551856e+00
1.000038680460713980e+00
9.958730923838172711e-01
9.804009080982007962e-01
1.006882146587044558e+00
1.002716558510147626e+00
1.004799352548596092e+00
1.012535444691404329e+00
1.016105948757315858e+00
9.893271682629795061e-01
1.003906726532118210e+00
1.032470759059410215e+00
9.836738701586196232e-01
1.039909309196725973e+00
1.014915780735345274e+00
9.985509704332509173e-01
1.010750192658448565e+00
1.019676452823227386e+00
1.000336222466206682e+00
9.920050463124131523e-01
1.005096894554088793e+00
9.958730923838172711e-01
1.016105948757315858e+00
1.014023154718867392e+00
1.022651872878153512e+00
9.955755503783246807e-01
1.016701032768301038e+00
9.798058240872155045e-01
1.024734666916601977e+00
1.016998574773793740e+00
1.024734666916601977e+00
9.789131980707376224e-01
1.019081368812242205e+00
9.988485124387436187e-01
9.863517482080532695e-01
1.007774772603522440e+00
1.023842040900124095e+00
9.830787861476344425e-01
1.003014100515640328e+00
1.028007628977020804e+00
1.016998574773793740e+00
9.964681763948025628e-01
1.011047734663941267e+00
1.005096894554088793e+00
9.964681763948025628e-01
1.005989520570566675e+00
9.911124202959352703e-01
1.003014100515640328e+00
1.003609184526625508e+00
1.029495339004484089e+00
1.005096894554088793e+00
1.019081368812242205e+00
9.985509704332509173e-01
9.970632604057878545e-01
9.920050463124131523e-01
9.744500679883483230e-01
1.021164162850690449e+00
9.926001303233984441e-01
1.003906726532118210e+00
9.768304040322892678e-01

# time bin value
-1.000000000000000000e+02
-9.900000000000000000e+01
-9.800000000000000000e+01
-9.700000000000000000e+01
-9.600000000000000000e+01
-9.500000000000000000e+01
-9.400000000000000000e+01
-9.300000000000000000e+01
-9.200000000000000000e+01
-9.100000000000000000e+01
-9.000000000000000000e+01
-8.900000000000000000e+01
-8.800000000000000000e+01
-8.700000000000000000e+01
-8.600000000000000000e+01
-8.500000000000000000e+01
-8.400000000000000000e+01
-8.300000000000000000e+01
-8.200000000000000000e+01
-8.100000000000000000e+01
-8.000000000000000000e+01
-7.900000000000000000e+01
-7.800000000000000000e+01
-7.700000000000000000e+01
-7.600000000000000000e+01
-7.500000000000000000e+01
-7.400000000000000000e+01
-7.300000000000000000e+01
-7.200000000000000000e+01
-7.100000000000000000e+01
-7.000000000000000000e+01
-6.900000000000000000e+01
-6.800000000000000000e+01
-6.700000000000000000e+01
-6.600000000000000000e+01
-6.500000000000000000e+01
-6.400000000000000000e+01
-6.300000000000000000e+01
-6.200000000000000000e+01
-6.100000000000000000e+01
-6.000000000000000000e+01
-5.900000000000000000e+01
-5.800000000000000000e+01
-5.700000000000000000e+01
-5.600000000000000000e+01
-5.500000000000000000e+01
-5.400000000000000000e+01
-5.300000000000000000e+01
-5.200000000000000000e+01
-5.100000000000000000e+01
-5.000000000000000000e+01
-4.900000000000000000e+01
-4.800000000000000000e+01
-4.700000000000000000e+01
-4.600000000000000000e+01
-4.500000000000000000e+01
-4.400000000000000000e+01
-4.300000000000000000e+01
-4.200000000000000000e+01
-4.100000000000000000e+01
-4.000000000000000000e+01
-3.900000000000000000e+01
-3.800000000000000000e+01
-3.700000000000000000e+01
-3.600000000000000000e+01
-3.500000000000000000e+01
-3.400000000000000000e+01
-3.300000000000000000e+01
-3.200000000000000000e+01
-3.100000000000000000e+01
-3.000000000000000000e+01
-2.900000000000000000e+01
-2.800000000000000000e+01
-2.700000000000000000e+01
-2.600000000000000000e+01
-2.500000000000000000e+01
-2.400000000000000000e+01
-2.300000000000000000e+01
-2.200000000000000000e+01
-2.100000000000000000e+01
-2.000000000000000000e+01
-1.900000000000000000e+01
-1.800000000000000000e+01
-1.700000000000000000e+01
-1.600000000000000000e+01
-1.500000000000000000e+01
-1.400000000000000000e+01
-1.300000000000000000e+01
-1.200000000000000000e+01
-1.100000000000000000e+01
-1.000000000000000000e+01
-9.000000000000000000e+00
-8.000000000000000000e+00
-7.000000000000000000e+00
-6.000000000000000000e+00
-5.000000000000000000e+00
-4.000000000000000000e+00
-3.000000000000000000e+00
-2.000000000000000000e+00
-1.000000000000000000e+00
0.000000000000000000e+00
1.000000000000000000e+00
2.000000000000000000e+00
3.000000000000000000e+00
4.000000000000000000e+00
5.000000000000000000e+00
6.000000000000000000e+00
7.000000000000000000e+00
8.000000000000000000e+00
9.000000000000000000e+00
1.000000000000000000e+01
1.100000000000000000e+01
1.200000000000000000e+01
1.300000000000000000e+01
1.400000000000000000e+01
1.500000000000000000e+01
1.600000000000000000e+01
1.700000000000000000e+01
1.800000000000000000e+01
1.900000000000000000e+01
2.000000000000000000e+01
2.100000000000000000e+01
2.200000000000000000e+01
2.300000000000000000e+01
2.400000000000000000e+01
2.500000000000000000e+01
2.600000000000000000e+01
2.700000000000000000e+01
2.800000000000000000e+01
2.900000000000000000e+01
3.000000000000000000e+01
3.100000000000000000e+01
3.200000000000000000e+01
3.300000000000000000e+01
3.400000000000000000e+01
3.500000000000000000e+01
3.600000000000000000e+01
3.700000000000000000e+01
3.800000000000000000e+01
3.900000000000000000e+01
4.000000000000000000e+01
4.100000000000000000e+01
4.200000000000000000e+01
4.300000000000000000e+01
4.400000000000000000e+01
4.500000000000000000e+01
4.600000000000000000e+01
4.700000000000000000e+01
4.800000000000000000e+01
4.900000000000000000e+01
5.000000000000000000e+01
5.100000000000000000e+01
5.200000000000000000e+01
5.300000000000000000e+01
5.400000000000000000e+01
5.500000000000000000e+01
5.600000000000000000e+01
5.700000000000000000e+01
5.800000000000000000e+01
5.900000000000000000e+01
6.000000000000000000e+01
6.100000000000000000e+01
6.200000000000000000e+01
6.300000000000000000e+01
6.400000000000000000e+01
6.500000000000000000e+01
6.600000000000000000e+01
6.700000000000000000e+01
6.800000000000000000e+01
6.900000000000000000e+01
7.000000000000000000e+01
7.100000000000000000e+01
7.200000000000000000e+01
7.300000000000000000e+01
7.400000000000000000e+01
7.500000000000000000e+01
7.600000000000000000e+01
7.700000000000000000e+01
7.800000000000000000e+01
7.900000000000000000e+01
8.000000000000000000e+01
8.100000000000000000e+01
8.200000000000000000e+01
8.300000000000000000e+01
8.400000000000000000e+01
8.500000000000000000e+01
8.600000000000000000e+01
8.700000000000000000e+01
8.800000000000000000e+01
8.900000000000000000e+01
9.000000000000000000e+01
9.100000000000000000e+01
9.200000000000000000e+01
9.300000000000000000e+01
9.400000000000000000e+01
9.500000000000000000e+01
9.600000000000000000e+01
9.700000000000000000e+01
9.800000000000000000e+01
9.900000000000000000e+01
