single photon fraction:    0.2928
laser fraction:    0.0497
thermal source fraction:    0.4586
non-detected fraction:    0.1989
number of bins:  200.0000
bin width (ns):    1.0000
average detection events per bin: 5000.0000

# binary result
0.000000000000000000e+00

# g2 signal
9.944457099977220826e-01
9.936919613544695773e-01
1.008766934219518463e+00
9.994707009527382668e-01
1.008013185576265958e+00
9.685670065793882122e-01
9.884157208517024840e-01
9.854007262786926846e-01
1.008515684671767554e+00
9.972094550229809728e-01
9.936919613544695773e-01
9.977119541184825691e-01
1.008515684671767554e+00
9.776119902984174992e-01
1.000726948691492479e+00
1.003490693716751370e+00
9.846469776354402903e-01
9.989682018572366706e-01
1.003993192812252966e+00
9.987169523094858725e-01
9.663057606496308072e-01
1.041931874522625812e+00
9.771094912029159030e-01
9.771094912029159030e-01
9.891694694949548783e-01
1.012535677435780546e+00
9.944457099977220826e-01
1.005751939646508664e+00
9.680645074838865050e-01
9.678132579361357068e-01
9.987169523094858725e-01
9.941944604499711735e-01
1.033640639446848919e+00
9.967069559274793766e-01
9.936919613544695773e-01
1.022083160250311540e+00
1.027610650300829542e+00
9.838932289921877850e-01
9.899232181382073836e-01
1.015048172913288749e+00
9.894207190427057874e-01
1.014796923365538062e+00
1.002736945073498864e+00
9.876619722084500896e-01
9.984657027617350744e-01
9.766069921074141957e-01
9.904257172337089798e-01
9.874107226606991805e-01
1.021831910702560853e+00
1.008766934219518463e+00
1.008766934219518463e+00
1.015550672008790345e+00
1.009520682862770968e+00
9.901744676859581817e-01
9.811294839669288947e-01
9.929382127112171830e-01
1.010274431506023252e+00
1.006003189194259573e+00
1.011781928792528262e+00
9.916819649724630814e-01
9.864057244696959881e-01
1.000726948691492479e+00
9.891694694949548783e-01
9.914307154247122833e-01
1.000978198239243167e+00
1.009520682862770968e+00
9.896719685904565855e-01
1.017811917938547639e+00
1.017811917938547639e+00
1.001229447786994076e+00
9.954507081887252751e-01
1.007761936028515271e+00
1.020324413416055842e+00
1.016555670199793759e+00
1.018314417034049457e+00
9.889182199472040802e-01
9.743457461776569017e-01
9.972094550229809728e-01
1.023841907084567238e+00
1.008766934219518463e+00
9.969582054752301747e-01
9.841444785399386941e-01
1.005249440551007067e+00
9.891694694949548783e-01
1.010274431506023252e+00
1.009018183767269150e+00
1.015299422461039658e+00
9.818832326101812891e-01
9.992194514049874687e-01
9.703257534136439100e-01
1.022836908893564045e+00
1.013540675626783960e+00
1.024846905275570430e+00
1.014294424270036243e+00
1.005249440551007067e+00
1.038665630401865325e+00
9.854007262786926846e-01
1.022836908893564045e+00
1.015299422461039658e+00
1.013038176531282364e+00
1.167807897945783768e+00
1.001731946882495672e+00
1.014294424270036243e+00
1.018063167486298548e+00
9.987169523094858725e-01
9.926869631634663849e-01
9.992194514049874687e-01
9.954507081887252751e-01
1.003490693716751370e+00
9.909282163292105761e-01
9.982144532139842763e-01
1.001983196430246359e+00
1.011781928792528262e+00
1.025600653918822935e+00
1.005249440551007067e+00
9.987169523094858725e-01
1.013791925174534647e+00
1.018816916129551053e+00
1.007510686480764361e+00
9.946969595454728807e-01
9.987169523094858725e-01
1.011028180149275757e+00
1.004998191003256158e+00
9.831394803489353906e-01
9.946969595454728807e-01
1.007008187385262765e+00
1.016806919747544447e+00
1.004244442360003875e+00
9.763557425596633976e-01
1.028364398944081826e+00
9.876619722084500896e-01
9.869082235651975843e-01
9.906769667814597780e-01
9.803757353236763894e-01
1.007008187385262765e+00
1.002234445977997268e+00
1.002736945073498864e+00
1.001983196430246359e+00
9.909282163292105761e-01
1.003239444169000461e+00
9.906769667814597780e-01
1.007761936028515271e+00
1.010525681053774161e+00
9.946969595454728807e-01
1.023088158441314732e+00
1.029871896230586836e+00
9.836419794444369868e-01
9.771094912029159030e-01
1.001480697334744763e+00
9.838932289921877850e-01
1.009771932410521655e+00
1.011530679244777353e+00
9.851494767309418865e-01
1.004746941455505471e+00
1.002234445977997268e+00
9.886669703994532821e-01
9.843957280876894922e-01
1.009018183767269150e+00
1.016053171104291941e+00
9.979632036662334782e-01
9.939432109022203754e-01
9.984657027617350744e-01
1.009520682862770968e+00
1.010023181958272565e+00
9.921844640679646776e-01
9.894207190427057874e-01
1.003239444169000461e+00
9.969582054752301747e-01
1.005249440551007067e+00
1.036655634019858718e+00
9.999732000482399741e-01
1.004998191003256158e+00
1.007008187385262765e+00
9.997219505004891760e-01
1.009018183767269150e+00
9.969582054752301747e-01
9.843957280876894922e-01
9.959532072842268713e-01
1.026856901657577037e+00
9.710795020568963043e-01
9.969582054752301747e-01
9.934407118067187792e-01
9.992194514049874687e-01
9.906769667814597780e-01
1.000978198239243167e+00
1.006505688289761169e+00
1.001983196430246359e+00
9.786169884894206916e-01
1.017309418843046043e+00
9.972094550229809728e-01
1.019319415225052650e+00
9.778632398461682973e-01
1.008264435124016867e+00
9.936919613544695773e-01
9.951994586409744770e-01
1.012284427888029859e+00
9.889182199472040802e-01
1.008013185576265958e+00
9.992194514049874687e-01
9.776119902984174992e-01

# time bin value
-1.000000000000000000e+02
-9.900000000000000000e+01
-9.800000000000000000e+01
-9.700000000000000000e+01
-9.600000000000000000e+01
-9.500000000000000000e+01
-9.400000000000000000e+01
-9.300000000000000000e+01
-9.200000000000000000e+01
-9.100000000000000000e+01
-9.000000000000000000e+01
-8.900000000000000000e+01
-8.800000000000000000e+01
-8.700000000000000000e+01
-8.600000000000000000e+01
-8.500000000000000000e+01
-8.400000000000000000e+01
-8.300000000000000000e+01
-8.200000000000000000e+01
-8.100000000000000000e+01
-8.000000000000000000e+01
-7.900000000000000000e+01
-7.800000000000000000e+01
-7.700000000000000000e+01
-7.600000000000000000e+01
-7.500000000000000000e+01
-7.400000000000000000e+01
-7.300000000000000000e+01
-7.200000000000000000e+01
-7.100000000000000000e+01
-7.000000000000000000e+01
-6.900000000000000000e+01
-6.800000000000000000e+01
-6.700000000000000000e+01
-6.600000000000000000e+01
-6.500000000000000000e+01
-6.400000000000000000e+01
-6.300000000000000000e+01
-6.200000000000000000e+01
-6.100000000000000000e+01
-6.000000000000000000e+01
-5.900000000000000000e+01
-5.800000000000000000e+01
-5.700000000000000000e+01
-5.600000000000000000e+01
-5.500000000000000000e+01
-5.400000000000000000e+01
-5.300000000000000000e+01
-5.200000000000000000e+01
-5.100000000000000000e+01
-5.000000000000000000e+01
-4.900000000000000000e+01
-4.800000000000000000e+01
-4.700000000000000000e+01
-4.600000000000000000e+01
-4.500000000000000000e+01
-4.400000000000000000e+01
-4.300000000000000000e+01
-4.200000000000000000e+01
-4.100000000000000000e+01
-4.000000000000000000e+01
-3.900000000000000000e+01
-3.800000000000000000e+01
-3.700000000000000000e+01
-3.600000000000000000e+01
-3.500000000000000000e+01
-3.400000000000000000e+01
-3.300000000000000000e+01
-3.200000000000000000e+01
-3.100000000000000000e+01
-3.000000000000000000e+01
-2.900000000000000000e+01
-2.800000000000000000e+01
-2.700000000000000000e+01
-2.600000000000000000e+01
-2.500000000000000000e+01
-2.400000000000000000e+01
-2.300000000000000000e+01
-2.200000000000000000e+01
-2.100000000000000000e+01
-2.000000000000000000e+01
-1.900000000000000000e+01
-1.800000000000000000e+01
-1.700000000000000000e+01
-1.600000000000000000e+01
-1.500000000000000000e+01
-1.400000000000000000e+01
-1.300000000000000000e+01
-1.200000000000000000e+01
-1.100000000000000000e+01
-1.000000000000000000e+01
-9.000000000000000000e+00
-8.000000000000000000e+00
-7.000000000000000000e+00
-6.000000000000000000e+00
-5.000000000000000000e+00
-4.000000000000000000e+00
-3.000000000000000000e+00
-2.000000000000000000e+00
-1.000000000000000000e+00
0.000000000000000000e+00
1.000000000000000000e+00
2.000000000000000000e+00
3.000000000000000000e+00
4.000000000000000000e+00
5.000000000000000000e+00
6.000000000000000000e+00
7.000000000000000000e+00
8.000000000000000000e+00
9.000000000000000000e+00
1.000000000000000000e+01
1.100000000000000000e+01
1.200000000000000000e+01
1.300000000000000000e+01
1.400000000000000000e+01
1.500000000000000000e+01
1.600000000000000000e+01
1.700000000000000000e+01
1.800000000000000000e+01
1.900000000000000000e+01
2.000000000000000000e+01
2.100000000000000000e+01
2.200000000000000000e+01
2.300000000000000000e+01
2.400000000000000000e+01
2.500000000000000000e+01
2.600000000000000000e+01
2.700000000000000000e+01
2.800000000000000000e+01
2.900000000000000000e+01
3.000000000000000000e+01
3.100000000000000000e+01
3.200000000000000000e+01
3.300000000000000000e+01
3.400000000000000000e+01
3.500000000000000000e+01
3.600000000000000000e+01
3.700000000000000000e+01
3.800000000000000000e+01
3.900000000000000000e+01
4.000000000000000000e+01
4.100000000000000000e+01
4.200000000000000000e+01
4.300000000000000000e+01
4.400000000000000000e+01
4.500000000000000000e+01
4.600000000000000000e+01
4.700000000000000000e+01
4.800000000000000000e+01
4.900000000000000000e+01
5.000000000000000000e+01
5.100000000000000000e+01
5.200000000000000000e+01
5.300000000000000000e+01
5.400000000000000000e+01
5.500000000000000000e+01
5.600000000000000000e+01
5.700000000000000000e+01
5.800000000000000000e+01
5.900000000000000000e+01
6.000000000000000000e+01
6.100000000000000000e+01
6.200000000000000000e+01
6.300000000000000000e+01
6.400000000000000000e+01
6.500000000000000000e+01
6.600000000000000000e+01
6.700000000000000000e+01
6.800000000000000000e+01
6.900000000000000000e+01
7.000000000000000000e+01
7.100000000000000000e+01
7.200000000000000000e+01
7.300000000000000000e+01
7.400000000000000000e+01
7.500000000000000000e+01
7.600000000000000000e+01
7.700000000000000000e+01
7.800000000000000000e+01
7.900000000000000000e+01
8.000000000000000000e+01
8.100000000000000000e+01
8.200000000000000000e+01
8.300000000000000000e+01
8.400000000000000000e+01
8.500000000000000000e+01
8.600000000000000000e+01
8.700000000000000000e+01
8.800000000000000000e+01
8.900000000000000000e+01
9.000000000000000000e+01
9.100000000000000000e+01
9.200000000000000000e+01
9.300000000000000000e+01
9.400000000000000000e+01
9.500000000000000000e+01
9.600000000000000000e+01
9.700000000000000000e+01
9.800000000000000000e+01
9.900000000000000000e+01
