single photon fraction:    0.3511
laser fraction:    0.3053
thermal source fraction:    0.1908
non-detected fraction:    0.1527
number of bins:  200.0000
bin width (ns):    1.0000
average detection events per bin: 5000.0000

# binary result
0.000000000000000000e+00

# g2 signal
1.002669676177289304e+00
9.969794250001186020e-01
1.017606585517362383e+00
1.015235647526874674e+00
1.012627615737337949e+00
9.974536125982161883e-01
9.886811420334112865e-01
1.007885739756362531e+00
1.006463176962069772e+00
9.962681436029722226e-01
1.004566426569679649e+00
9.858360164448259910e-01
9.934230180143869271e-01
9.995874567896552154e-01
9.948455808086795749e-01
9.865472978419722594e-01
1.000061644387752802e+00
9.974536125982161883e-01
1.005751895564923393e+00
1.003855145172533270e+00
1.033254776254581841e+00
9.896295172296064591e-01
9.775377334781186756e-01
1.006463176962069772e+00
1.021400086302142851e+00
1.011916334340191792e+00
1.006700270761118565e+00
1.017606585517362383e+00
9.825167032581429982e-01
9.979278001963136635e-01
1.017369491718313590e+00
9.725587636980942419e-01
9.829908908562405845e-01
9.756409830857284415e-01
1.009545396349703861e+00
1.015235647526874674e+00
9.782490148752650549e-01
9.877327668372162250e-01
9.720845760999967666e-01
1.000061644387752802e+00
1.022111367699289231e+00
9.846505474495820254e-01
1.005040614167777013e+00
1.025904868484069699e+00
9.901037048277039343e-01
1.008834114952557481e+00
9.938972056124845134e-01
1.003380957574435683e+00
1.017132397919264797e+00
1.004092238971582063e+00
9.834650784543381707e-01
9.870214854400698457e-01
1.006700270761118565e+00
9.979278001963136635e-01
9.953197684067771611e-01
9.810941404638503505e-01
1.008122833555411324e+00
9.699507319085577395e-01
1.005040614167777013e+00
9.998245505887040085e-01
9.784861086743137371e-01
1.000298738186801595e+00
1.003618051373484477e+00
9.761151706838260278e-01
1.002669676177289304e+00
9.749297016885820621e-01
9.848876412486308185e-01
1.022111367699289231e+00
9.825167032581429982e-01
1.002195488579191718e+00
1.005988989363972186e+00
9.787232024733625302e-01
9.848876412486308185e-01
1.011442146742094206e+00
1.012864709536386743e+00
1.001958394780142925e+00
9.583331357551675422e-01
1.030409650665996546e+00
1.009545396349703861e+00
1.026141962283118492e+00
1.018792054512606349e+00
9.905778924258015206e-01
1.005514801765874600e+00
9.727958574971430350e-01
9.839392660524357570e-01
1.020214617306899108e+00
1.018554960713557556e+00
1.006226083163020979e+00
1.009071208751606274e+00
9.962681436029722226e-01
1.018792054512606349e+00
1.023296836694533196e+00
9.889182358324600797e-01
1.002432582378240511e+00
1.036336995642215930e+00
1.005988989363972186e+00
9.955568622058259542e-01
1.021162992503094058e+00
9.915262676219966931e-01
9.901037048277039343e-01
7.949755082105582904e-01
1.006463176962069772e+00
1.007648645957313738e+00
9.846505474495820254e-01
1.009782490148752654e+00
1.001484207182045338e+00
1.010256677746850240e+00
9.832279846552893776e-01
1.010967959143996620e+00
9.920004552200942793e-01
9.943713932105819886e-01
1.001958394780142925e+00
1.028749994072654994e+00
1.007411552158264945e+00
9.910520800238991068e-01
1.004329332770630856e+00
1.004092238971582063e+00
9.893924234305576659e-01
1.024008118091679576e+00
1.000772925784899181e+00
9.979278001963136635e-01
1.000535831985850388e+00
1.010730865344947826e+00
9.789602962724113233e-01
1.000535831985850388e+00
9.822796094590942051e-01
1.006463176962069772e+00
1.002669676177289304e+00
1.001484207182045338e+00
9.903407986267527274e-01
1.024245211890728369e+00
1.002906769976338097e+00
1.000535831985850388e+00
9.915262676219966931e-01
1.013338897134484329e+00
1.007885739756362531e+00
9.948455808086795749e-01
9.908149862248503137e-01
1.010967959143996620e+00
9.931859242153381340e-01
1.003618051373484477e+00
9.874956730381674319e-01
1.001484207182045338e+00
9.874956730381674319e-01
9.791973900714601164e-01
1.011205052943045413e+00
9.855989226457771979e-01
1.001010019583947752e+00
9.960310498039234295e-01
9.865472978419722594e-01
9.810941404638503505e-01
9.972165187991673951e-01
1.023533930493581989e+00
1.002195488579191718e+00
1.004566426569679649e+00
1.033491870053630635e+00
9.965052374020210157e-01
1.001958394780142925e+00
1.007885739756362531e+00
1.022348461498338024e+00
9.879698606362650182e-01
9.955568622058259542e-01
1.017843679316411176e+00
1.000535831985850388e+00
1.007885739756362531e+00
9.988761753925088360e-01
1.019266242110703935e+00
1.008359927354460117e+00
1.003380957574435683e+00
1.010493771545899033e+00
9.976907063972649814e-01
9.979278001963136635e-01
9.936601118134357202e-01
9.953197684067771611e-01
1.010493771545899033e+00
1.016895304120216004e+00
9.874956730381674319e-01
9.787232024733625302e-01
9.950826746077283680e-01
1.025667774685020905e+00
9.765893582819235030e-01
9.773006396790698824e-01
1.009308302550655068e+00
1.019503335909752728e+00
1.001721300981094132e+00
9.799086714686064958e-01
1.011916334340191792e+00
1.011205052943045413e+00
1.009308302550655068e+00
9.889182358324600797e-01
1.020214617306899108e+00
1.024245211890728369e+00
9.929488304162893408e-01
9.882069544353137003e-01
9.735071388942894144e-01
1.011679240541142999e+00
1.007411552158264945e+00
9.903407986267527274e-01
1.010967959143996620e+00
1.030646744465045339e+00

# time bin value
-1.000000000000000000e+02
-9.900000000000000000e+01
-9.800000000000000000e+01
-9.700000000000000000e+01
-9.600000000000000000e+01
-9.500000000000000000e+01
-9.400000000000000000e+01
-9.300000000000000000e+01
-9.200000000000000000e+01
-9.100000000000000000e+01
-9.000000000000000000e+01
-8.900000000000000000e+01
-8.800000000000000000e+01
-8.700000000000000000e+01
-8.600000000000000000e+01
-8.500000000000000000e+01
-8.400000000000000000e+01
-8.300000000000000000e+01
-8.200000000000000000e+01
-8.100000000000000000e+01
-8.000000000000000000e+01
-7.900000000000000000e+01
-7.800000000000000000e+01
-7.700000000000000000e+01
-7.600000000000000000e+01
-7.500000000000000000e+01
-7.400000000000000000e+01
-7.300000000000000000e+01
-7.200000000000000000e+01
-7.100000000000000000e+01
-7.000000000000000000e+01
-6.900000000000000000e+01
-6.800000000000000000e+01
-6.700000000000000000e+01
-6.600000000000000000e+01
-6.500000000000000000e+01
-6.400000000000000000e+01
-6.300000000000000000e+01
-6.200000000000000000e+01
-6.100000000000000000e+01
-6.000000000000000000e+01
-5.900000000000000000e+01
-5.800000000000000000e+01
-5.700000000000000000e+01
-5.600000000000000000e+01
-5.500000000000000000e+01
-5.400000000000000000e+01
-5.300000000000000000e+01
-5.200000000000000000e+01
-5.100000000000000000e+01
-5.000000000000000000e+01
-4.900000000000000000e+01
-4.800000000000000000e+01
-4.700000000000000000e+01
-4.600000000000000000e+01
-4.500000000000000000e+01
-4.400000000000000000e+01
-4.300000000000000000e+01
-4.200000000000000000e+01
-4.100000000000000000e+01
-4.000000000000000000e+01
-3.900000000000000000e+01
-3.800000000000000000e+01
-3.700000000000000000e+01
-3.600000000000000000e+01
-3.500000000000000000e+01
-3.400000000000000000e+01
-3.300000000000000000e+01
-3.200000000000000000e+01
-3.100000000000000000e+01
-3.000000000000000000e+01
-2.900000000000000000e+01
-2.800000000000000000e+01
-2.700000000000000000e+01
-2.600000000000000000e+01
-2.500000000000000000e+01
-2.400000000000000000e+01
-2.300000000000000000e+01
-2.200000000000000000e+01
-2.100000000000000000e+01
-2.000000000000000000e+01
-1.900000000000000000e+01
-1.800000000000000000e+01
-1.700000000000000000e+01
-1.600000000000000000e+01
-1.500000000000000000e+01
-1.400000000000000000e+01
-1.300000000000000000e+01
-1.200000000000000000e+01
-1.100000000000000000e+01
-1.000000000000000000e+01
-9.000000000000000000e+00
-8.000000000000000000e+00
-7.000000000000000000e+00
-6.000000000000000000e+00
-5.000000000000000000e+00
-4.000000000000000000e+00
-3.000000000000000000e+00
-2.000000000000000000e+00
-1.000000000000000000e+00
0.000000000000000000e+00
1.000000000000000000e+00
2.000000000000000000e+00
3.000000000000000000e+00
4.000000000000000000e+00
5.000000000000000000e+00
6.000000000000000000e+00
7.000000000000000000e+00
8.000000000000000000e+00
9.000000000000000000e+00
1.000000000000000000e+01
1.100000000000000000e+01
1.200000000000000000e+01
1.300000000000000000e+01
1.400000000000000000e+01
1.500000000000000000e+01
1.600000000000000000e+01
1.700000000000000000e+01
1.800000000000000000e+01
1.900000000000000000e+01
2.000000000000000000e+01
2.100000000000000000e+01
2.200000000000000000e+01
2.300000000000000000e+01
2.400000000000000000e+01
2.500000000000000000e+01
2.600000000000000000e+01
2.700000000000000000e+01
2.800000000000000000e+01
2.900000000000000000e+01
3.000000000000000000e+01
3.100000000000000000e+01
3.200000000000000000e+01
3.300000000000000000e+01
3.400000000000000000e+01
3.500000000000000000e+01
3.600000000000000000e+01
3.700000000000000000e+01
3.800000000000000000e+01
3.900000000000000000e+01
4.000000000000000000e+01
4.100000000000000000e+01
4.200000000000000000e+01
4.300000000000000000e+01
4.400000000000000000e+01
4.500000000000000000e+01
4.600000000000000000e+01
4.700000000000000000e+01
4.800000000000000000e+01
4.900000000000000000e+01
5.000000000000000000e+01
5.100000000000000000e+01
5.200000000000000000e+01
5.300000000000000000e+01
5.400000000000000000e+01
5.500000000000000000e+01
5.600000000000000000e+01
5.700000000000000000e+01
5.800000000000000000e+01
5.900000000000000000e+01
6.000000000000000000e+01
6.100000000000000000e+01
6.200000000000000000e+01
6.300000000000000000e+01
6.400000000000000000e+01
6.500000000000000000e+01
6.600000000000000000e+01
6.700000000000000000e+01
6.800000000000000000e+01
6.900000000000000000e+01
7.000000000000000000e+01
7.100000000000000000e+01
7.200000000000000000e+01
7.300000000000000000e+01
7.400000000000000000e+01
7.500000000000000000e+01
7.600000000000000000e+01
7.700000000000000000e+01
7.800000000000000000e+01
7.900000000000000000e+01
8.000000000000000000e+01
8.100000000000000000e+01
8.200000000000000000e+01
8.300000000000000000e+01
8.400000000000000000e+01
8.500000000000000000e+01
8.600000000000000000e+01
8.700000000000000000e+01
8.800000000000000000e+01
8.900000000000000000e+01
9.000000000000000000e+01
9.100000000000000000e+01
9.200000000000000000e+01
9.300000000000000000e+01
9.400000000000000000e+01
9.500000000000000000e+01
9.600000000000000000e+01
9.700000000000000000e+01
9.800000000000000000e+01
9.900000000000000000e+01
