single photon fraction:    0.0382
laser fraction:    0.3550
thermal source fraction:    0.2901
non-detected fraction:    0.3168
number of bins:  200.0000
bin width (ns):    1.0000
average detection events per bin: 5000.0000

# binary result
0.000000000000000000e+00

# g2 signal
9.964145178645764656e-01
1.032053346319088405e+00
9.928800885963603440e-01
1.036471382904358363e+00
9.837494796534689279e-01
9.902292666451982805e-01
1.003483376401008487e+00
1.021450058514440151e+00
9.787423715234961907e-01
1.025573559327358941e+00
1.006428734124521940e+00
9.728516560764693955e-01
9.713789772147126689e-01
9.908183381899009490e-01
1.022628201603845488e+00
9.911128739622523387e-01
1.013497592660953961e+00
1.038238597538466479e+00
9.875784446940363281e-01
1.016737486156818804e+00
9.993598755880898077e-01
1.006428734124521940e+00
9.917019455069550071e-01
1.017915629246224141e+00
9.875784446940363281e-01
1.000538018677495256e+00
1.002010697539251760e+00
9.858112300599282118e-01
1.005545126807467993e+00
1.004366983718062656e+00
9.704953698976587217e-01
1.014970271522710688e+00
9.952363747751711287e-01
1.003777912173359876e+00
1.005839662579819160e+00
1.000832554449846423e+00
9.952363747751711287e-01
9.796259788405501379e-01
9.887565877834416650e-01
1.006428734124521940e+00
9.813931934746581431e-01
1.006428734124521940e+00
1.014675735750359298e+00
9.949418390028197390e-01
9.858112300599282118e-01
9.905238024175496703e-01
9.766806211170367957e-01
9.911128739622523387e-01
1.004956055262765213e+00
9.790369072958474694e-01
9.746188707105774007e-01
1.016442950384467414e+00
9.699062983529560533e-01
1.000243482905143866e+00
9.852221585152255434e-01
1.017032021929170194e+00
9.937636959134144021e-01
1.000538018677495256e+00
1.017621093473872751e+00
9.781532999787935223e-01
1.002305233311603150e+00
1.010552234937440730e+00
1.001421625994549203e+00
1.027340773961466835e+00
9.616592967271185843e-01
9.825713365640635910e-01
9.799205146129015276e-01
1.013203056888602793e+00
1.019977379652683425e+00
9.914074097346037284e-01
1.009079556075684003e+00
9.978871967263330811e-01
1.028813452823223562e+00
1.016442950384467414e+00
1.029402524367926341e+00
1.047369206481358006e+00
9.984762682710357495e-01
9.970035894092791340e-01
1.012908521116251404e+00
9.996544113604411974e-01
9.616592967271185843e-01
1.046191063391952447e+00
9.952363747751711287e-01
9.990653398157384180e-01
9.967090536369277443e-01
1.012024913799197234e+00
9.837494796534689279e-01
9.987708040433871393e-01
1.006723269896873330e+00
9.919964812793063968e-01
9.922910170516576756e-01
1.013497592660953961e+00
9.775642284340907429e-01
9.769751568893880744e-01
9.893456593281443334e-01
1.016148414612116024e+00
9.990653398157384180e-01
1.008785020303332614e+00
1.005250591035116603e+00
9.743243349382261220e-01
1.384023594278937175e+00
9.816877292470095329e-01
9.934691601410630124e-01
9.993598755880898077e-01
1.000243482905143866e+00
1.002894304856305929e+00
9.819822650193608116e-01
9.849276227428742647e-01
1.010846770709791898e+00
1.009963163392737950e+00
9.713789772147126689e-01
1.014086664205656740e+00
9.919964812793063968e-01
9.881675162387389966e-01
9.893456593281443334e-01
9.970035894092791340e-01
1.004661519490413824e+00
9.893456593281443334e-01
9.949418390028197390e-01
9.828658723364148697e-01
9.607756894100645262e-01
9.872839089216849384e-01
9.725571203041180057e-01
9.855166942875769331e-01
9.902292666451982805e-01
1.008785020303332614e+00
9.775642284340907429e-01
1.014381199978008130e+00
1.014970271522710688e+00
9.984762682710357495e-01
1.018799236563278088e+00
9.861057658322796016e-01
9.861057658322796016e-01
9.943527674581170706e-01
9.928800885963603440e-01
1.010552234937440730e+00
1.029402524367926341e+00
9.925855528240090653e-01
9.704953698976587217e-01
9.719680487594153373e-01
1.003483376401008487e+00
1.014675735750359298e+00
1.003483376401008487e+00
9.958254463198737971e-01
9.646046544506319265e-01
1.002894304856305929e+00
9.999489471327924761e-01
9.996544113604411974e-01
9.975926609539818024e-01
1.006428734124521940e+00
1.006723269896873330e+00
1.006428734124521940e+00
1.008490484530981224e+00
9.972981251816304127e-01
1.029697060140277509e+00
9.987708040433871393e-01
1.003483376401008487e+00
1.000832554449846423e+00
1.006428734124521940e+00
9.908183381899009490e-01
9.999489471327924761e-01
9.943527674581170706e-01
1.029402524367926341e+00
9.934691601410630124e-01
1.000832554449846423e+00
9.822768007917122013e-01
9.922910170516576756e-01
9.740297991658747323e-01
1.020271915425034814e+00
9.545904381906864522e-01
9.802150503852528063e-01
9.961199820922250758e-01
1.006134198352170550e+00
1.024100880465602215e+00
9.887565877834416650e-01
1.021450058514440151e+00
1.004956055262765213e+00
1.013792128433305351e+00
9.996544113604411974e-01
9.902292666451982805e-01
9.949418390028197390e-01
9.864003016046308803e-01
9.766806211170367957e-01
1.009668627620386561e+00
9.866948373769822700e-01
9.887565877834416650e-01
1.010257699165089340e+00
9.864003016046308803e-01
1.021450058514440151e+00
9.896401951004956121e-01
9.981817324986844708e-01
1.017326557701521361e+00
1.007312341441575887e+00
9.914074097346037284e-01
9.858112300599282118e-01
1.001127090222197813e+00
9.737352633935234536e-01
1.019682843880332035e+00
1.000243482905143866e+00
1.005545126807467993e+00

# time bin value
-1.000000000000000000e+02
-9.900000000000000000e+01
-9.800000000000000000e+01
-9.700000000000000000e+01
-9.600000000000000000e+01
-9.500000000000000000e+01
-9.400000000000000000e+01
-9.300000000000000000e+01
-9.200000000000000000e+01
-9.100000000000000000e+01
-9.000000000000000000e+01
-8.900000000000000000e+01
-8.800000000000000000e+01
-8.700000000000000000e+01
-8.600000000000000000e+01
-8.500000000000000000e+01
-8.400000000000000000e+01
-8.300000000000000000e+01
-8.200000000000000000e+01
-8.100000000000000000e+01
-8.000000000000000000e+01
-7.900000000000000000e+01
-7.800000000000000000e+01
-7.700000000000000000e+01
-7.600000000000000000e+01
-7.500000000000000000e+01
-7.400000000000000000e+01
-7.300000000000000000e+01
-7.200000000000000000e+01
-7.100000000000000000e+01
-7.000000000000000000e+01
-6.900000000000000000e+01
-6.800000000000000000e+01
-6.700000000000000000e+01
-6.600000000000000000e+01
-6.500000000000000000e+01
-6.400000000000000000e+01
-6.300000000000000000e+01
-6.200000000000000000e+01
-6.100000000000000000e+01
-6.000000000000000000e+01
-5.900000000000000000e+01
-5.800000000000000000e+01
-5.700000000000000000e+01
-5.600000000000000000e+01
-5.500000000000000000e+01
-5.400000000000000000e+01
-5.300000000000000000e+01
-5.200000000000000000e+01
-5.100000000000000000e+01
-5.000000000000000000e+01
-4.900000000000000000e+01
-4.800000000000000000e+01
-4.700000000000000000e+01
-4.600000000000000000e+01
-4.500000000000000000e+01
-4.400000000000000000e+01
-4.300000000000000000e+01
-4.200000000000000000e+01
-4.100000000000000000e+01
-4.000000000000000000e+01
-3.900000000000000000e+01
-3.800000000000000000e+01
-3.700000000000000000e+01
-3.600000000000000000e+01
-3.500000000000000000e+01
-3.400000000000000000e+01
-3.300000000000000000e+01
-3.200000000000000000e+01
-3.100000000000000000e+01
-3.000000000000000000e+01
-2.900000000000000000e+01
-2.800000000000000000e+01
-2.700000000000000000e+01
-2.600000000000000000e+01
-2.500000000000000000e+01
-2.400000000000000000e+01
-2.300000000000000000e+01
-2.200000000000000000e+01
-2.100000000000000000e+01
-2.000000000000000000e+01
-1.900000000000000000e+01
-1.800000000000000000e+01
-1.700000000000000000e+01
-1.600000000000000000e+01
-1.500000000000000000e+01
-1.400000000000000000e+01
-1.300000000000000000e+01
-1.200000000000000000e+01
-1.100000000000000000e+01
-1.000000000000000000e+01
-9.000000000000000000e+00
-8.000000000000000000e+00
-7.000000000000000000e+00
-6.000000000000000000e+00
-5.000000000000000000e+00
-4.000000000000000000e+00
-3.000000000000000000e+00
-2.000000000000000000e+00
-1.000000000000000000e+00
0.000000000000000000e+00
1.000000000000000000e+00
2.000000000000000000e+00
3.000000000000000000e+00
4.000000000000000000e+00
5.000000000000000000e+00
6.000000000000000000e+00
7.000000000000000000e+00
8.000000000000000000e+00
9.000000000000000000e+00
1.000000000000000000e+01
1.100000000000000000e+01
1.200000000000000000e+01
1.300000000000000000e+01
1.400000000000000000e+01
1.500000000000000000e+01
1.600000000000000000e+01
1.700000000000000000e+01
1.800000000000000000e+01
1.900000000000000000e+01
2.000000000000000000e+01
2.100000000000000000e+01
2.200000000000000000e+01
2.300000000000000000e+01
2.400000000000000000e+01
2.500000000000000000e+01
2.600000000000000000e+01
2.700000000000000000e+01
2.800000000000000000e+01
2.900000000000000000e+01
3.000000000000000000e+01
3.100000000000000000e+01
3.200000000000000000e+01
3.300000000000000000e+01
3.400000000000000000e+01
3.500000000000000000e+01
3.600000000000000000e+01
3.700000000000000000e+01
3.800000000000000000e+01
3.900000000000000000e+01
4.000000000000000000e+01
4.100000000000000000e+01
4.200000000000000000e+01
4.300000000000000000e+01
4.400000000000000000e+01
4.500000000000000000e+01
4.600000000000000000e+01
4.700000000000000000e+01
4.800000000000000000e+01
4.900000000000000000e+01
5.000000000000000000e+01
5.100000000000000000e+01
5.200000000000000000e+01
5.300000000000000000e+01
5.400000000000000000e+01
5.500000000000000000e+01
5.600000000000000000e+01
5.700000000000000000e+01
5.800000000000000000e+01
5.900000000000000000e+01
6.000000000000000000e+01
6.100000000000000000e+01
6.200000000000000000e+01
6.300000000000000000e+01
6.400000000000000000e+01
6.500000000000000000e+01
6.600000000000000000e+01
6.700000000000000000e+01
6.800000000000000000e+01
6.900000000000000000e+01
7.000000000000000000e+01
7.100000000000000000e+01
7.200000000000000000e+01
7.300000000000000000e+01
7.400000000000000000e+01
7.500000000000000000e+01
7.600000000000000000e+01
7.700000000000000000e+01
7.800000000000000000e+01
7.900000000000000000e+01
8.000000000000000000e+01
8.100000000000000000e+01
8.200000000000000000e+01
8.300000000000000000e+01
8.400000000000000000e+01
8.500000000000000000e+01
8.600000000000000000e+01
8.700000000000000000e+01
8.800000000000000000e+01
8.900000000000000000e+01
9.000000000000000000e+01
9.100000000000000000e+01
9.200000000000000000e+01
9.300000000000000000e+01
9.400000000000000000e+01
9.500000000000000000e+01
9.600000000000000000e+01
9.700000000000000000e+01
9.800000000000000000e+01
9.900000000000000000e+01
