single photon fraction:    0.3498
laser fraction:    0.2414
thermal source fraction:    0.3645
non-detected fraction:    0.0443
number of bins:  200.0000
bin width (ns):    1.0000
average detection events per bin: 5000.0000

# binary result
0.000000000000000000e+00

# g2 signal
1.024883926442327953e+00
1.005737049557447582e+00
9.907982774824311001e-01
9.796467997362920954e-01
1.016678122063093381e+00
1.020886226872957270e+00
9.998457028236382715e-01
9.983728661401859439e-01
1.001318539507090710e+00
1.005947454797940788e+00
9.979520556591995328e-01
9.926919246468698388e-01
1.010365964848297660e+00
1.003212186671529338e+00
9.828028783436898452e-01
1.042557966643755885e+00
1.026567168366273375e+00
9.918503036848970167e-01
9.922711141658834277e-01
1.017309337784572998e+00
9.981624608996927384e-01
9.836444993056626673e-01
9.819612573817171342e-01
9.964792189757472052e-01
1.005316239076461171e+00
1.009103533405338649e+00
9.800676102172783954e-01
9.853277412296082005e-01
1.015626095860627576e+00
9.973208399377200273e-01
9.956375980137744941e-01
9.937439508493357554e-01
9.884838198370060613e-01
9.811196364197444231e-01
1.004685023354981555e+00
9.769115316098805346e-01
9.832236888246762563e-01
1.021938253075423297e+00
9.990040818616655605e-01
1.010576370088790865e+00
1.020886226872957270e+00
9.973208399377200273e-01
1.005105833835967966e+00
9.718618058380440461e-01
9.960584084947609051e-01
1.009734749126818265e+00
9.764907211288942346e-01
9.981624608996927384e-01
1.011417991050763687e+00
9.872213883940469392e-01
1.008261912443365826e+00
9.973208399377200273e-01
1.002160160469063310e+00
9.990040818616655605e-01
9.886942250774992669e-01
1.014153259177175137e+00
1.014784474898654754e+00
9.956375980137744941e-01
9.971104346972268218e-01
1.001739349988076899e+00
1.011628396291256893e+00
9.764907211288942346e-01
1.013732448696188726e+00
9.962688137352539997e-01
1.001949755228570105e+00
1.015626095860627576e+00
9.708097796355780185e-01
9.996352975831450660e-01
9.977416504187063273e-01
1.004685023354981555e+00
1.008682722924352237e+00
9.981624608996927384e-01
9.956375980137744941e-01
9.859589569510877061e-01
1.014363664417668343e+00
1.006368265278927199e+00
1.009945154367311471e+00
9.937439508493357554e-01
1.006789075759913610e+00
1.001108134266597505e+00
9.872213883940469392e-01
1.012259612012736509e+00
9.994248923426518605e-01
9.996352975831450660e-01
1.008893128164845443e+00
1.011207585810270482e+00
9.754386949264282070e-01
9.935335456088425499e-01
1.022990279277889103e+00
9.966896242162404107e-01
9.952167875327880830e-01
9.950063822922948775e-01
1.027829599809232608e+00
1.001528944747583694e+00
1.009734749126818265e+00
9.823820678627035452e-01
1.011628396291256893e+00
1.008893128164845443e+00
1.022569468796902692e+00
1.011628396291256893e+00
1.005737049557447582e+00
1.002791376190542927e+00
1.027408789328246197e+00
1.030144057454657647e+00
9.939543560898289609e-01
1.018782174468025437e+00
1.007630696721886210e+00
1.005526644316954377e+00
1.010155559607804676e+00
9.981624608996927384e-01
9.796467997362920954e-01
9.977416504187063273e-01
1.003001781431036132e+00
9.950063822922948775e-01
9.813300416602375176e-01
9.855381464701014060e-01
1.018361363987039026e+00
9.952167875327880830e-01
9.958480032542676996e-01
1.010786775329284071e+00
9.796467997362920954e-01
1.001739349988076899e+00
9.712305901165644295e-01
9.745970739644554959e-01
9.783843682933328623e-01
9.954271927732812886e-01
1.026987978847259786e+00
9.922711141658834277e-01
1.015626095860627576e+00
9.907982774824311001e-01
1.000476918545117888e+00
1.006789075759913610e+00
1.003843402393008954e+00
9.937439508493357554e-01
9.971104346972268218e-01
9.798572049767851899e-01
1.000056108064131477e+00
1.006157860038433993e+00
1.010576370088790865e+00
9.903774670014446890e-01
1.010365964848297660e+00
1.013101232974709331e+00
9.790155840148124788e-01
1.003843402393008954e+00
1.001318539507090710e+00
9.781739630528397678e-01
9.891150355584855669e-01
1.003212186671529338e+00
1.025304736923314142e+00
1.011838801531750098e+00
9.752282896859351125e-01
9.800676102172783954e-01
9.960584084947609051e-01
1.010365964848297660e+00
1.018361363987039026e+00
9.811196364197444231e-01
1.009524343886325060e+00
1.001108134266597505e+00
1.006157860038433993e+00
9.966896242162404107e-01
1.017098932544079792e+00
1.029723246973671236e+00
1.015415690620134370e+00
9.764907211288942346e-01
9.941647613303221664e-01
9.990040818616655605e-01
9.969000294567336162e-01
9.760699106479078235e-01
1.010997180569777276e+00
9.659704591042347355e-01
1.004685023354981555e+00
9.947959770518016720e-01
9.962688137352539997e-01
9.947959770518016720e-01
1.003001781431036132e+00
9.809092311792512175e-01
9.929023298873630443e-01
9.798572049767851899e-01
1.001528944747583694e+00
1.024042305480355131e+00
1.017730148265559409e+00
9.874317936345400337e-01
1.001739349988076899e+00
9.737554530024827848e-01
9.914294932039107167e-01
1.007630696721886210e+00
1.004264212873995366e+00
1.006999481000406815e+00
9.990040818616655605e-01
1.026987978847259786e+00
1.000056108064131477e+00
9.907982774824311001e-01
9.945855718113085775e-01
9.762803158884010291e-01
1.023831900239861925e+00
9.956375980137744941e-01
9.861693621915809116e-01
9.817508521412239286e-01
1.030985678416630469e+00
1.025094331682821158e+00

# time bin value
-1.000000000000000000e+02
-9.900000000000000000e+01
-9.800000000000000000e+01
-9.700000000000000000e+01
-9.600000000000000000e+01
-9.500000000000000000e+01
-9.400000000000000000e+01
-9.300000000000000000e+01
-9.200000000000000000e+01
-9.100000000000000000e+01
-9.000000000000000000e+01
-8.900000000000000000e+01
-8.800000000000000000e+01
-8.700000000000000000e+01
-8.600000000000000000e+01
-8.500000000000000000e+01
-8.400000000000000000e+01
-8.300000000000000000e+01
-8.200000000000000000e+01
-8.100000000000000000e+01
-8.000000000000000000e+01
-7.900000000000000000e+01
-7.800000000000000000e+01
-7.700000000000000000e+01
-7.600000000000000000e+01
-7.500000000000000000e+01
-7.400000000000000000e+01
-7.300000000000000000e+01
-7.200000000000000000e+01
-7.100000000000000000e+01
-7.000000000000000000e+01
-6.900000000000000000e+01
-6.800000000000000000e+01
-6.700000000000000000e+01
-6.600000000000000000e+01
-6.500000000000000000e+01
-6.400000000000000000e+01
-6.300000000000000000e+01
-6.200000000000000000e+01
-6.100000000000000000e+01
-6.000000000000000000e+01
-5.900000000000000000e+01
-5.800000000000000000e+01
-5.700000000000000000e+01
-5.600000000000000000e+01
-5.500000000000000000e+01
-5.400000000000000000e+01
-5.300000000000000000e+01
-5.200000000000000000e+01
-5.100000000000000000e+01
-5.000000000000000000e+01
-4.900000000000000000e+01
-4.800000000000000000e+01
-4.700000000000000000e+01
-4.600000000000000000e+01
-4.500000000000000000e+01
-4.400000000000000000e+01
-4.300000000000000000e+01
-4.200000000000000000e+01
-4.100000000000000000e+01
-4.000000000000000000e+01
-3.900000000000000000e+01
-3.800000000000000000e+01
-3.700000000000000000e+01
-3.600000000000000000e+01
-3.500000000000000000e+01
-3.400000000000000000e+01
-3.300000000000000000e+01
-3.200000000000000000e+01
-3.100000000000000000e+01
-3.000000000000000000e+01
-2.900000000000000000e+01
-2.800000000000000000e+01
-2.700000000000000000e+01
-2.600000000000000000e+01
-2.500000000000000000e+01
-2.400000000000000000e+01
-2.300000000000000000e+01
-2.200000000000000000e+01
-2.100000000000000000e+01
-2.000000000000000000e+01
-1.900000000000000000e+01
-1.800000000000000000e+01
-1.700000000000000000e+01
-1.600000000000000000e+01
-1.500000000000000000e+01
-1.400000000000000000e+01
-1.300000000000000000e+01
-1.200000000000000000e+01
-1.100000000000000000e+01
-1.000000000000000000e+01
-9.000000000000000000e+00
-8.000000000000000000e+00
-7.000000000000000000e+00
-6.000000000000000000e+00
-5.000000000000000000e+00
-4.000000000000000000e+00
-3.000000000000000000e+00
-2.000000000000000000e+00
-1.000000000000000000e+00
0.000000000000000000e+00
1.000000000000000000e+00
2.000000000000000000e+00
3.000000000000000000e+00
4.000000000000000000e+00
5.000000000000000000e+00
6.000000000000000000e+00
7.000000000000000000e+00
8.000000000000000000e+00
9.000000000000000000e+00
1.000000000000000000e+01
1.100000000000000000e+01
1.200000000000000000e+01
1.300000000000000000e+01
1.400000000000000000e+01
1.500000000000000000e+01
1.600000000000000000e+01
1.700000000000000000e+01
1.800000000000000000e+01
1.900000000000000000e+01
2.000000000000000000e+01
2.100000000000000000e+01
2.200000000000000000e+01
2.300000000000000000e+01
2.400000000000000000e+01
2.500000000000000000e+01
2.600000000000000000e+01
2.700000000000000000e+01
2.800000000000000000e+01
2.900000000000000000e+01
3.000000000000000000e+01
3.100000000000000000e+01
3.200000000000000000e+01
3.300000000000000000e+01
3.400000000000000000e+01
3.500000000000000000e+01
3.600000000000000000e+01
3.700000000000000000e+01
3.800000000000000000e+01
3.900000000000000000e+01
4.000000000000000000e+01
4.100000000000000000e+01
4.200000000000000000e+01
4.300000000000000000e+01
4.400000000000000000e+01
4.500000000000000000e+01
4.600000000000000000e+01
4.700000000000000000e+01
4.800000000000000000e+01
4.900000000000000000e+01
5.000000000000000000e+01
5.100000000000000000e+01
5.200000000000000000e+01
5.300000000000000000e+01
5.400000000000000000e+01
5.500000000000000000e+01
5.600000000000000000e+01
5.700000000000000000e+01
5.800000000000000000e+01
5.900000000000000000e+01
6.000000000000000000e+01
6.100000000000000000e+01
6.200000000000000000e+01
6.300000000000000000e+01
6.400000000000000000e+01
6.500000000000000000e+01
6.600000000000000000e+01
6.700000000000000000e+01
6.800000000000000000e+01
6.900000000000000000e+01
7.000000000000000000e+01
7.100000000000000000e+01
7.200000000000000000e+01
7.300000000000000000e+01
7.400000000000000000e+01
7.500000000000000000e+01
7.600000000000000000e+01
7.700000000000000000e+01
7.800000000000000000e+01
7.900000000000000000e+01
8.000000000000000000e+01
8.100000000000000000e+01
8.200000000000000000e+01
8.300000000000000000e+01
8.400000000000000000e+01
8.500000000000000000e+01
8.600000000000000000e+01
8.700000000000000000e+01
8.800000000000000000e+01
8.900000000000000000e+01
9.000000000000000000e+01
9.100000000000000000e+01
9.200000000000000000e+01
9.300000000000000000e+01
9.400000000000000000e+01
9.500000000000000000e+01
9.600000000000000000e+01
9.700000000000000000e+01
9.800000000000000000e+01
9.900000000000000000e+01
