single photon fraction:    0.2308
laser fraction:    0.3007
thermal source fraction:    0.1364
non-detected fraction:    0.3322
number of bins:  200.0000
bin width (ns):    1.0000
average detection events per bin: 5000.0000

# binary result
0.000000000000000000e+00

# g2 signal
1.005416251969705854e+00
9.972813287442992003e-01
9.900502858772710635e-01
1.001198143630606108e+00
1.014455055553491025e+00
9.608248209563655662e-01
1.018070576987005094e+00
9.825179495574500876e-01
1.002102023988984625e+00
1.008127893044841406e+00
9.725752656152863995e-01
9.481704959390663268e-01
9.584144733340228539e-01
1.002704610894570303e+00
1.013249881742319669e+00
9.996916763666419126e-01
9.906528727828567416e-01
9.891464055188925464e-01
9.978839156498848784e-01
9.990890894610562345e-01
1.023493859137276196e+00
9.870373513493426731e-01
9.924606334996137758e-01
9.855308840853784780e-01
9.966787418387135222e-01
1.021987391873312001e+00
9.885438186133068683e-01
1.011140827572769796e+00
9.906528727828567416e-01
1.003005904347363142e+00
1.020480924609347806e+00
1.008730479950427084e+00
1.004512371611327337e+00
9.924606334996137758e-01
1.018070576987005094e+00
9.909541662356495806e-01
1.003307197800155981e+00
1.000595556725020430e+00
1.025301619854033230e+00
9.972813287442992003e-01
1.009935653761598440e+00
9.813127757462787315e-01
9.960761549331278442e-01
9.861334709909641560e-01
1.031026195457097172e+00
1.025000326401240391e+00
9.698636245401508482e-01
1.019577044250969289e+00
1.012346001383941152e+00
1.023493859137276196e+00
9.921593400468209367e-01
9.792037215767288583e-01
9.897489924244782245e-01
1.019577044250969289e+00
9.942683942163708100e-01
9.960761549331278442e-01
9.807101888406930534e-01
1.006621425780877210e+00
1.009333066856012762e+00
1.037052064512953953e+00
1.014455055553491025e+00
1.035545597248989758e+00
9.722739721624935605e-01
9.885438186133068683e-01
9.858321775381713170e-01
9.813127757462787315e-01
9.957748614803350051e-01
9.782998412183503412e-01
9.834218299158286047e-01
9.954735680275421661e-01
9.801076019351073754e-01
9.801076019351073754e-01
1.024096446042861874e+00
1.034641716890611240e+00
1.024699032948447552e+00
9.915567531412352587e-01
1.015358935911869542e+00
1.004813665064120176e+00
1.030423608551511494e+00
1.041872759757639377e+00
1.027410674023583104e+00
9.963774483859206832e-01
1.001800730536191786e+00
1.021987391873312001e+00
9.930632204051994538e-01
9.906528727828567416e-01
1.013249881742319669e+00
1.009935653761598440e+00
1.001499437083398947e+00
9.975826221970920393e-01
1.013551175195112508e+00
1.020179631156554967e+00
1.013249881742319669e+00
1.003307197800155981e+00
1.008730479950427084e+00
1.010538240667184118e+00
9.981852091026777174e-01
9.867360578965498341e-01
9.945696876691636490e-01
1.048501215719082058e+00
8.460320154422936723e-01
1.003608491252948820e+00
1.010839534119976957e+00
1.013249881742319669e+00
1.033436543079439884e+00
9.888451120660997073e-01
9.936658073107851319e-01
9.999929698194347516e-01
1.021083511514933484e+00
1.007224012686462888e+00
1.014455055553491025e+00
9.945696876691636490e-01
9.990890894610562345e-01
9.918580465940280977e-01
9.810114822934858925e-01
9.915567531412352587e-01
9.921593400468209367e-01
9.984865025554705564e-01
1.015057642459076703e+00
9.975826221970920393e-01
9.831205364630357657e-01
1.053020617510974644e+00
1.002704610894570303e+00
9.813127757462787315e-01
9.563054191644729807e-01
1.018974457345383611e+00
9.960761549331278442e-01
1.013551175195112508e+00
1.012647294836733991e+00
1.001800730536191786e+00
9.855308840853784780e-01
9.819153626518644096e-01
1.003005904347363142e+00
1.031628782362682850e+00
9.921593400468209367e-01
1.035244303796196919e+00
1.007224012686462888e+00
1.026205500212411748e+00
9.951722745747493271e-01
9.834218299158286047e-01
1.015358935911869542e+00
1.002403317441777464e+00
1.011140827572769796e+00
1.021987391873312001e+00
9.891464055188925464e-01
1.000294263272227591e+00
1.003005904347363142e+00
1.011743414478355474e+00
9.792037215767288583e-01
9.656455162010511017e-01
9.804088953879002144e-01
1.004211078158534498e+00
1.008730479950427084e+00
9.981852091026777174e-01
1.025000326401240391e+00
9.966787418387135222e-01
9.972813287442992003e-01
9.972813287442992003e-01
9.867360578965498341e-01
1.015660229364662381e+00
1.013249881742319669e+00
9.749856132376291118e-01
9.867360578965498341e-01
9.849282971797927999e-01
9.939671007635779709e-01
1.014756349006283864e+00
9.996916763666419126e-01
9.852295906325856389e-01
9.942683942163708100e-01
1.001499437083398947e+00
1.034641716890611240e+00
9.924606334996137758e-01
1.037654651418539631e+00
1.007826599592048566e+00
9.668506900122224579e-01
9.906528727828567416e-01
9.921593400468209367e-01
9.843257102742071218e-01
9.939671007635779709e-01
9.870373513493426731e-01
1.009935653761598440e+00
9.876399382549283512e-01
9.957748614803350051e-01
1.007224012686462888e+00
9.819153626518644096e-01
1.029218434740340138e+00
9.822166561046572486e-01
9.996916763666419126e-01
1.000595556725020430e+00
9.960761549331278442e-01
1.026205500212411748e+00
1.023192565684483357e+00
9.900502858772710635e-01
1.002403317441777464e+00
9.957748614803350051e-01
1.011743414478355474e+00
9.725752656152863995e-01
9.951722745747493271e-01
9.789024281239360192e-01
9.915567531412352587e-01

# time bin value
-1.000000000000000000e+02
-9.900000000000000000e+01
-9.800000000000000000e+01
-9.700000000000000000e+01
-9.600000000000000000e+01
-9.500000000000000000e+01
-9.400000000000000000e+01
-9.300000000000000000e+01
-9.200000000000000000e+01
-9.100000000000000000e+01
-9.000000000000000000e+01
-8.900000000000000000e+01
-8.800000000000000000e+01
-8.700000000000000000e+01
-8.600000000000000000e+01
-8.500000000000000000e+01
-8.400000000000000000e+01
-8.300000000000000000e+01
-8.200000000000000000e+01
-8.100000000000000000e+01
-8.000000000000000000e+01
-7.900000000000000000e+01
-7.800000000000000000e+01
-7.700000000000000000e+01
-7.600000000000000000e+01
-7.500000000000000000e+01
-7.400000000000000000e+01
-7.300000000000000000e+01
-7.200000000000000000e+01
-7.100000000000000000e+01
-7.000000000000000000e+01
-6.900000000000000000e+01
-6.800000000000000000e+01
-6.700000000000000000e+01
-6.600000000000000000e+01
-6.500000000000000000e+01
-6.400000000000000000e+01
-6.300000000000000000e+01
-6.200000000000000000e+01
-6.100000000000000000e+01
-6.000000000000000000e+01
-5.900000000000000000e+01
-5.800000000000000000e+01
-5.700000000000000000e+01
-5.600000000000000000e+01
-5.500000000000000000e+01
-5.400000000000000000e+01
-5.300000000000000000e+01
-5.200000000000000000e+01
-5.100000000000000000e+01
-5.000000000000000000e+01
-4.900000000000000000e+01
-4.800000000000000000e+01
-4.700000000000000000e+01
-4.600000000000000000e+01
-4.500000000000000000e+01
-4.400000000000000000e+01
-4.300000000000000000e+01
-4.200000000000000000e+01
-4.100000000000000000e+01
-4.000000000000000000e+01
-3.900000000000000000e+01
-3.800000000000000000e+01
-3.700000000000000000e+01
-3.600000000000000000e+01
-3.500000000000000000e+01
-3.400000000000000000e+01
-3.300000000000000000e+01
-3.200000000000000000e+01
-3.100000000000000000e+01
-3.000000000000000000e+01
-2.900000000000000000e+01
-2.800000000000000000e+01
-2.700000000000000000e+01
-2.600000000000000000e+01
-2.500000000000000000e+01
-2.400000000000000000e+01
-2.300000000000000000e+01
-2.200000000000000000e+01
-2.100000000000000000e+01
-2.000000000000000000e+01
-1.900000000000000000e+01
-1.800000000000000000e+01
-1.700000000000000000e+01
-1.600000000000000000e+01
-1.500000000000000000e+01
-1.400000000000000000e+01
-1.300000000000000000e+01
-1.200000000000000000e+01
-1.100000000000000000e+01
-1.000000000000000000e+01
-9.000000000000000000e+00
-8.000000000000000000e+00
-7.000000000000000000e+00
-6.000000000000000000e+00
-5.000000000000000000e+00
-4.000000000000000000e+00
-3.000000000000000000e+00
-2.000000000000000000e+00
-1.000000000000000000e+00
0.000000000000000000e+00
1.000000000000000000e+00
2.000000000000000000e+00
3.000000000000000000e+00
4.000000000000000000e+00
5.000000000000000000e+00
6.000000000000000000e+00
7.000000000000000000e+00
8.000000000000000000e+00
9.000000000000000000e+00
1.000000000000000000e+01
1.100000000000000000e+01
1.200000000000000000e+01
1.300000000000000000e+01
1.400000000000000000e+01
1.500000000000000000e+01
1.600000000000000000e+01
1.700000000000000000e+01
1.800000000000000000e+01
1.900000000000000000e+01
2.000000000000000000e+01
2.100000000000000000e+01
2.200000000000000000e+01
2.300000000000000000e+01
2.400000000000000000e+01
2.500000000000000000e+01
2.600000000000000000e+01
2.700000000000000000e+01
2.800000000000000000e+01
2.900000000000000000e+01
3.000000000000000000e+01
3.100000000000000000e+01
3.200000000000000000e+01
3.300000000000000000e+01
3.400000000000000000e+01
3.500000000000000000e+01
3.600000000000000000e+01
3.700000000000000000e+01
3.800000000000000000e+01
3.900000000000000000e+01
4.000000000000000000e+01
4.100000000000000000e+01
4.200000000000000000e+01
4.300000000000000000e+01
4.400000000000000000e+01
4.500000000000000000e+01
4.600000000000000000e+01
4.700000000000000000e+01
4.800000000000000000e+01
4.900000000000000000e+01
5.000000000000000000e+01
5.100000000000000000e+01
5.200000000000000000e+01
5.300000000000000000e+01
5.400000000000000000e+01
5.500000000000000000e+01
5.600000000000000000e+01
5.700000000000000000e+01
5.800000000000000000e+01
5.900000000000000000e+01
6.000000000000000000e+01
6.100000000000000000e+01
6.200000000000000000e+01
6.300000000000000000e+01
6.400000000000000000e+01
6.500000000000000000e+01
6.600000000000000000e+01
6.700000000000000000e+01
6.800000000000000000e+01
6.900000000000000000e+01
7.000000000000000000e+01
7.100000000000000000e+01
7.200000000000000000e+01
7.300000000000000000e+01
7.400000000000000000e+01
7.500000000000000000e+01
7.600000000000000000e+01
7.700000000000000000e+01
7.800000000000000000e+01
7.900000000000000000e+01
8.000000000000000000e+01
8.100000000000000000e+01
8.200000000000000000e+01
8.300000000000000000e+01
8.400000000000000000e+01
8.500000000000000000e+01
8.600000000000000000e+01
8.700000000000000000e+01
8.800000000000000000e+01
8.900000000000000000e+01
9.000000000000000000e+01
9.100000000000000000e+01
9.200000000000000000e+01
9.300000000000000000e+01
9.400000000000000000e+01
9.500000000000000000e+01
9.600000000000000000e+01
9.700000000000000000e+01
9.800000000000000000e+01
9.900000000000000000e+01
