single photon fraction:    0.2928
laser fraction:    0.0497
thermal source fraction:    0.4586
non-detected fraction:    0.1989
number of bins:  200.0000
bin width (ns):    1.0000
average detection events per bin: 5000.0000

# binary result
0.000000000000000000e+00

# g2 signal
1.007896698125057666e+00
1.019704062235695208e+00
9.973454365793814613e-01
1.017191857105772312e+00
9.857892929817362315e-01
1.008147918638049978e+00
1.001867405813242629e+00
9.842819699037825831e-01
9.679526365592838744e-01
9.978478776053660848e-01
1.016186975053803065e+00
9.877990570856746144e-01
1.018447959670733649e+00
9.867941750337054785e-01
1.015684534027818442e+00
9.767453545140138971e-01
9.729770468191296651e-01
1.002621067352219564e+00
1.007896698125057666e+00
1.007143036586080731e+00
9.767453545140138971e-01
1.007896698125057666e+00
9.830258673388211355e-01
1.002621067352219564e+00
1.001113744274265915e+00
9.893063801636282628e-01
9.785038981049599682e-01
1.010157682741988250e+00
1.038294380197124278e+00
9.913161442675666457e-01
1.003123508378204187e+00
9.759916929750370729e-01
1.001364964787258005e+00
9.968429955533969489e-01
1.018950400696718273e+00
1.009404021203011315e+00
1.018196739157741337e+00
9.888039391376437504e-01
9.714697237411759057e-01
9.965917750404046371e-01
1.015182093001833818e+00
9.787551186179522800e-01
9.908137032415820222e-01
9.943307904234740535e-01
9.978478776053660848e-01
1.013925990436872482e+00
9.925722468325280934e-01
1.004379610943165524e+00
1.004882051969150147e+00
1.002872287865211876e+00
9.807648827218905518e-01
1.004630831456157836e+00
9.732282673321218658e-01
1.005886934021119394e+00
9.669477545073147384e-01
9.870453955466976792e-01
9.933259083715049176e-01
9.827746468258288237e-01
9.930746878585126058e-01
9.890551596506360621e-01
1.003374728891196499e+00
1.002872287865211876e+00
9.644355493773918431e-01
9.948332314494586770e-01
1.010660123767972651e+00
1.010408903254980562e+00
1.007896698125057666e+00
1.010157682741988250e+00
9.958381135014278129e-01
1.027240677625463672e+00
1.018196739157741337e+00
1.018950400696718273e+00
9.938283493974894300e-01
1.009404021203011315e+00
9.945820109364663653e-01
9.903112622155975098e-01
1.005886934021119394e+00
9.774990160529908323e-01
1.010408903254980562e+00
9.988527596573352207e-01
1.015433313514826130e+00
9.671989750203070502e-01
1.005133272482142459e+00
1.010157682741988250e+00
1.031511426346332527e+00
1.011665005819941898e+00
1.023221149417587128e+00
1.028748000703417542e+00
9.883014981116591269e-01
1.003625949404188589e+00
1.000862523761273604e+00
9.980990981183583965e-01
9.579038160395924040e-01
1.026738236599479048e+00
1.026989457112471360e+00
1.008901580177026691e+00
9.986015391443429090e-01
1.011162564793957275e+00
9.953356724754431895e-01
1.010157682741988250e+00
1.207365785440933870e+00
1.007645477612065354e+00
9.950844519624508777e-01
1.002369846839227252e+00
9.908137032415820222e-01
9.800112211829136166e-01
1.007896698125057666e+00
9.827746468258288237e-01
9.998576417093043567e-01
9.968429955533969489e-01
9.933259083715049176e-01
1.005635713508127083e+00
9.689575186112530103e-01
1.020206503261679609e+00
1.012418667358918833e+00
9.991039801703275325e-01
9.986015391443429090e-01
1.005133272482142459e+00
1.006640595560096108e+00
1.006389375047103796e+00
1.002118626326234940e+00
1.012167446845926522e+00
1.012167446845926522e+00
1.002621067352219564e+00
9.875478365726823027e-01
9.983503186313507083e-01
1.008147918638049978e+00
1.029752882755386567e+00
9.800112211829136166e-01
9.908137032415820222e-01
9.714697237411759057e-01
9.933259083715049176e-01
9.903112622155975098e-01
1.019704062235695208e+00
9.938283493974894300e-01
1.005635713508127083e+00
1.015433313514826130e+00
1.025230913521525400e+00
9.860405134947285433e-01
1.005635713508127083e+00
9.938283493974894300e-01
9.679526365592838744e-01
9.885527186246514386e-01
9.950844519624508777e-01
1.005635713508127083e+00
1.027994339164440607e+00
9.893063801636282628e-01
9.855380724687440308e-01
9.825234263128365120e-01
9.850356314427594073e-01
9.830258673388211355e-01
1.023723590443571752e+00
9.742331493840910017e-01
9.953356724754431895e-01
1.021965046852625791e+00
9.533818468057312367e-01
1.004128390430173212e+00
9.965917750404046371e-01
1.007394257099073043e+00
9.943307904234740535e-01
9.820209852868519995e-01
9.855380724687440308e-01
1.023974810956564063e+00
1.034526072502240046e+00
9.875478365726823027e-01
1.004882051969150147e+00
9.815185442608673760e-01
9.865429545207131667e-01
9.915673647805588464e-01
9.903112622155975098e-01
1.020960164800656544e+00
9.988527596573352207e-01
9.734794878451141775e-01
1.028999221216409632e+00
1.002872287865211876e+00
1.015182093001833818e+00
9.830258673388211355e-01
1.021462605826641168e+00
1.013172328897895547e+00
9.883014981116591269e-01
9.953356724754431895e-01
1.012921108384903235e+00
1.000108862222296668e+00
1.006389375047103796e+00
1.005384492995134771e+00
9.870453955466976792e-01
9.965917750404046371e-01
1.008901580177026691e+00
9.913161442675666457e-01
1.015433313514826130e+00
1.004128390430173212e+00
9.948332314494586770e-01
9.973454365793814613e-01
1.006891816073088419e+00
9.875478365726823027e-01
1.008399139151042068e+00
1.003123508378204187e+00
9.885527186246514386e-01
1.018196739157741337e+00
1.014930872488841729e+00

# time bin value
-1.000000000000000000e+02
-9.900000000000000000e+01
-9.800000000000000000e+01
-9.700000000000000000e+01
-9.600000000000000000e+01
-9.500000000000000000e+01
-9.400000000000000000e+01
-9.300000000000000000e+01
-9.200000000000000000e+01
-9.100000000000000000e+01
-9.000000000000000000e+01
-8.900000000000000000e+01
-8.800000000000000000e+01
-8.700000000000000000e+01
-8.600000000000000000e+01
-8.500000000000000000e+01
-8.400000000000000000e+01
-8.300000000000000000e+01
-8.200000000000000000e+01
-8.100000000000000000e+01
-8.000000000000000000e+01
-7.900000000000000000e+01
-7.800000000000000000e+01
-7.700000000000000000e+01
-7.600000000000000000e+01
-7.500000000000000000e+01
-7.400000000000000000e+01
-7.300000000000000000e+01
-7.200000000000000000e+01
-7.100000000000000000e+01
-7.000000000000000000e+01
-6.900000000000000000e+01
-6.800000000000000000e+01
-6.700000000000000000e+01
-6.600000000000000000e+01
-6.500000000000000000e+01
-6.400000000000000000e+01
-6.300000000000000000e+01
-6.200000000000000000e+01
-6.100000000000000000e+01
-6.000000000000000000e+01
-5.900000000000000000e+01
-5.800000000000000000e+01
-5.700000000000000000e+01
-5.600000000000000000e+01
-5.500000000000000000e+01
-5.400000000000000000e+01
-5.300000000000000000e+01
-5.200000000000000000e+01
-5.100000000000000000e+01
-5.000000000000000000e+01
-4.900000000000000000e+01
-4.800000000000000000e+01
-4.700000000000000000e+01
-4.600000000000000000e+01
-4.500000000000000000e+01
-4.400000000000000000e+01
-4.300000000000000000e+01
-4.200000000000000000e+01
-4.100000000000000000e+01
-4.000000000000000000e+01
-3.900000000000000000e+01
-3.800000000000000000e+01
-3.700000000000000000e+01
-3.600000000000000000e+01
-3.500000000000000000e+01
-3.400000000000000000e+01
-3.300000000000000000e+01
-3.200000000000000000e+01
-3.100000000000000000e+01
-3.000000000000000000e+01
-2.900000000000000000e+01
-2.800000000000000000e+01
-2.700000000000000000e+01
-2.600000000000000000e+01
-2.500000000000000000e+01
-2.400000000000000000e+01
-2.300000000000000000e+01
-2.200000000000000000e+01
-2.100000000000000000e+01
-2.000000000000000000e+01
-1.900000000000000000e+01
-1.800000000000000000e+01
-1.700000000000000000e+01
-1.600000000000000000e+01
-1.500000000000000000e+01
-1.400000000000000000e+01
-1.300000000000000000e+01
-1.200000000000000000e+01
-1.100000000000000000e+01
-1.000000000000000000e+01
-9.000000000000000000e+00
-8.000000000000000000e+00
-7.000000000000000000e+00
-6.000000000000000000e+00
-5.000000000000000000e+00
-4.000000000000000000e+00
-3.000000000000000000e+00
-2.000000000000000000e+00
-1.000000000000000000e+00
0.000000000000000000e+00
1.000000000000000000e+00
2.000000000000000000e+00
3.000000000000000000e+00
4.000000000000000000e+00
5.000000000000000000e+00
6.000000000000000000e+00
7.000000000000000000e+00
8.000000000000000000e+00
9.000000000000000000e+00
1.000000000000000000e+01
1.100000000000000000e+01
1.200000000000000000e+01
1.300000000000000000e+01
1.400000000000000000e+01
1.500000000000000000e+01
1.600000000000000000e+01
1.700000000000000000e+01
1.800000000000000000e+01
1.900000000000000000e+01
2.000000000000000000e+01
2.100000000000000000e+01
2.200000000000000000e+01
2.300000000000000000e+01
2.400000000000000000e+01
2.500000000000000000e+01
2.600000000000000000e+01
2.700000000000000000e+01
2.800000000000000000e+01
2.900000000000000000e+01
3.000000000000000000e+01
3.100000000000000000e+01
3.200000000000000000e+01
3.300000000000000000e+01
3.400000000000000000e+01
3.500000000000000000e+01
3.600000000000000000e+01
3.700000000000000000e+01
3.800000000000000000e+01
3.900000000000000000e+01
4.000000000000000000e+01
4.100000000000000000e+01
4.200000000000000000e+01
4.300000000000000000e+01
4.400000000000000000e+01
4.500000000000000000e+01
4.600000000000000000e+01
4.700000000000000000e+01
4.800000000000000000e+01
4.900000000000000000e+01
5.000000000000000000e+01
5.100000000000000000e+01
5.200000000000000000e+01
5.300000000000000000e+01
5.400000000000000000e+01
5.500000000000000000e+01
5.600000000000000000e+01
5.700000000000000000e+01
5.800000000000000000e+01
5.900000000000000000e+01
6.000000000000000000e+01
6.100000000000000000e+01
6.200000000000000000e+01
6.300000000000000000e+01
6.400000000000000000e+01
6.500000000000000000e+01
6.600000000000000000e+01
6.700000000000000000e+01
6.800000000000000000e+01
6.900000000000000000e+01
7.000000000000000000e+01
7.100000000000000000e+01
7.200000000000000000e+01
7.300000000000000000e+01
7.400000000000000000e+01
7.500000000000000000e+01
7.600000000000000000e+01
7.700000000000000000e+01
7.800000000000000000e+01
7.900000000000000000e+01
8.000000000000000000e+01
8.100000000000000000e+01
8.200000000000000000e+01
8.300000000000000000e+01
8.400000000000000000e+01
8.500000000000000000e+01
8.600000000000000000e+01
8.700000000000000000e+01
8.800000000000000000e+01
8.900000000000000000e+01
9.000000000000000000e+01
9.100000000000000000e+01
9.200000000000000000e+01
9.300000000000000000e+01
9.400000000000000000e+01
9.500000000000000000e+01
9.600000000000000000e+01
9.700000000000000000e+01
9.800000000000000000e+01
9.900000000000000000e+01
