single photon fraction:    0.0468
laser fraction:    0.2807
thermal source fraction:    0.2281
non-detected fraction:    0.4444
number of bins:  200.0000
bin width (ns):    1.0000
average detection events per bin: 5000.0000

# binary result
0.000000000000000000e+00

# g2 signal
9.740448053360400982e-01
9.773073298049735902e-01
1.010295077213079207e+00
1.013195098963242335e+00
9.885449140868556306e-01
1.001595011962589821e+00
9.573696802726020527e-01
9.834698760240702109e-01
1.000507503806278509e+00
9.686072645544842041e-01
9.925324439933299603e-01
1.007032552744145715e+00
1.007757558181686441e+00
9.892699195243964683e-01
9.972449793373450166e-01
1.015732617994635101e+00
1.000870006525048872e+00
9.921699412745595970e-01
1.030957732182991471e+00
9.707822808671064951e-01
1.008845066337997531e+00
1.004857536431523313e+00
1.001595011962589821e+00
9.657072428043210754e-01
9.841948814616110486e-01
9.631697237729283101e-01
9.860073950554629763e-01
9.976074820561154910e-01
1.017907634307257281e+00
9.914449358370187593e-01
1.016820126150946191e+00
1.034220256651924963e+00
1.033495251214384236e+00
1.002320017400130547e+00
9.994199956499674187e-01
9.939824548684115246e-01
1.015007612557094152e+00
9.646197346480098744e-01
1.013920104400783062e+00
1.008482563619227168e+00
1.000145001087508145e+00
1.011020082650619933e+00
1.019720147901109319e+00
9.954324657434930890e-01
1.020445153338650046e+00
1.003770028275212001e+00
9.899949249619371949e-01
9.802073515551367189e-01
9.740448053360400982e-01
1.041470311027332674e+00
1.005582541869064039e+00
9.889074168056261049e-01
1.014645109838323789e+00
1.000870006525048872e+00
1.022620169651272448e+00
9.921699412745595970e-01
1.008120060900456805e+00
9.954324657434930890e-01
9.729572971797288972e-01
9.852823896179221386e-01
1.000145001087508145e+00
1.004857536431523313e+00
1.010295077213079207e+00
1.004132530993982586e+00
1.028420213151598706e+00
1.042195316464873622e+00
1.044732835496266166e+00
1.028057710432828342e+00
1.023345175088813175e+00
1.022982672370042811e+00
9.660697455230914388e-01
9.715072863046473328e-01
9.620822156166171091e-01
9.744073080548104615e-01
9.780323352425143169e-01
1.020445153338650046e+00
9.957949684622634523e-01
1.022620169651272448e+00
9.649822373667802378e-01
9.874574059305445406e-01
9.979699847748858543e-01
9.841948814616110486e-01
9.820198651489886466e-01
1.006670050025375129e+00
9.950699630247227256e-01
9.907199303994780326e-01
9.686072645544842041e-01
9.831073733052998476e-01
1.017545131588486917e+00
9.914449358370187593e-01
9.994199956499674187e-01
9.682447618357138408e-01
1.002682520118900911e+00
9.733197998984992605e-01
1.015370115275864515e+00
1.004857536431523313e+00
9.892699195243964683e-01
1.007032552744145715e+00
1.005945044587834403e+00
9.812948597114479199e-01
1.285072138041035261e+00
9.903574276807076693e-01
1.002320017400130547e+00
1.001232509243819457e+00
9.602697020227651814e-01
9.809323569926774455e-01
9.976074820561154910e-01
1.034220256651924963e+00
1.004495033712752949e+00
9.870949032117740662e-01
1.007757558181686441e+00
1.011745088088160660e+00
1.005582541869064039e+00
9.976074820561154910e-01
9.646197346480098744e-01
9.910824331182483959e-01
1.004132530993982586e+00
1.001957514681360184e+00
1.009932574494308843e+00
9.957949684622634523e-01
9.928949467121003236e-01
9.914449358370187593e-01
9.740448053360400982e-01
1.007032552744145715e+00
1.028420213151598706e+00
1.003770028275212001e+00
9.838323787428405742e-01
1.041470311027332674e+00
9.968824766185746533e-01
1.035307764808236053e+00
9.838323787428405742e-01
9.950699630247227256e-01
9.791198433988255179e-01
1.011382585369390297e+00
1.010295077213079207e+00
1.018270137026027644e+00
1.022982672370042811e+00
1.011745088088160660e+00
9.889074168056261049e-01
1.001957514681360184e+00
9.889074168056261049e-01
1.003770028275212001e+00
1.017907634307257281e+00
9.950699630247227256e-01
9.823823678677590099e-01
9.921699412745595970e-01
1.004857536431523313e+00
9.831073733052998476e-01
1.004495033712752949e+00
1.005582541869064039e+00
1.004132530993982586e+00
9.686072645544842041e-01
9.849198868991517752e-01
9.758573189298920258e-01
1.014282607119553425e+00
1.012107590806931023e+00
9.928949467121003236e-01
1.005582541869064039e+00
1.004495033712752949e+00
9.794823461175958812e-01
9.852823896179221386e-01
9.878199086493149039e-01
1.001232509243819457e+00
1.029145218589139432e+00
1.005582541869064039e+00
1.006307547306604766e+00
1.034220256651924963e+00
1.004132530993982586e+00
9.711447835858769695e-01
9.769448270862032269e-01
9.954324657434930890e-01
1.001595011962589821e+00
9.986949902124265810e-01
1.021895164213731722e+00
9.997824983687377820e-01
1.014282607119553425e+00
9.910824331182483959e-01
1.022257666932502085e+00
1.034220256651924963e+00
1.009932574494308843e+00
9.867324004930037029e-01
1.015732617994635101e+00
1.007032552744145715e+00
9.889074168056261049e-01
1.004857536431523313e+00
1.024795185963894850e+00
9.961574711810339267e-01
1.022257666932502085e+00
9.849198868991517752e-01
9.968824766185746533e-01
9.725947944609585338e-01
1.012470093525701387e+00
1.020082650619879683e+00
1.041470311027332674e+00
9.968824766185746533e-01
1.005945044587834403e+00
1.004857536431523313e+00
9.899949249619371949e-01
9.812948597114479199e-01
9.606322047415355447e-01

# time bin value
-1.000000000000000000e+02
-9.900000000000000000e+01
-9.800000000000000000e+01
-9.700000000000000000e+01
-9.600000000000000000e+01
-9.500000000000000000e+01
-9.400000000000000000e+01
-9.300000000000000000e+01
-9.200000000000000000e+01
-9.100000000000000000e+01
-9.000000000000000000e+01
-8.900000000000000000e+01
-8.800000000000000000e+01
-8.700000000000000000e+01
-8.600000000000000000e+01
-8.500000000000000000e+01
-8.400000000000000000e+01
-8.300000000000000000e+01
-8.200000000000000000e+01
-8.100000000000000000e+01
-8.000000000000000000e+01
-7.900000000000000000e+01
-7.800000000000000000e+01
-7.700000000000000000e+01
-7.600000000000000000e+01
-7.500000000000000000e+01
-7.400000000000000000e+01
-7.300000000000000000e+01
-7.200000000000000000e+01
-7.100000000000000000e+01
-7.000000000000000000e+01
-6.900000000000000000e+01
-6.800000000000000000e+01
-6.700000000000000000e+01
-6.600000000000000000e+01
-6.500000000000000000e+01
-6.400000000000000000e+01
-6.300000000000000000e+01
-6.200000000000000000e+01
-6.100000000000000000e+01
-6.000000000000000000e+01
-5.900000000000000000e+01
-5.800000000000000000e+01
-5.700000000000000000e+01
-5.600000000000000000e+01
-5.500000000000000000e+01
-5.400000000000000000e+01
-5.300000000000000000e+01
-5.200000000000000000e+01
-5.100000000000000000e+01
-5.000000000000000000e+01
-4.900000000000000000e+01
-4.800000000000000000e+01
-4.700000000000000000e+01
-4.600000000000000000e+01
-4.500000000000000000e+01
-4.400000000000000000e+01
-4.300000000000000000e+01
-4.200000000000000000e+01
-4.100000000000000000e+01
-4.000000000000000000e+01
-3.900000000000000000e+01
-3.800000000000000000e+01
-3.700000000000000000e+01
-3.600000000000000000e+01
-3.500000000000000000e+01
-3.400000000000000000e+01
-3.300000000000000000e+01
-3.200000000000000000e+01
-3.100000000000000000e+01
-3.000000000000000000e+01
-2.900000000000000000e+01
-2.800000000000000000e+01
-2.700000000000000000e+01
-2.600000000000000000e+01
-2.500000000000000000e+01
-2.400000000000000000e+01
-2.300000000000000000e+01
-2.200000000000000000e+01
-2.100000000000000000e+01
-2.000000000000000000e+01
-1.900000000000000000e+01
-1.800000000000000000e+01
-1.700000000000000000e+01
-1.600000000000000000e+01
-1.500000000000000000e+01
-1.400000000000000000e+01
-1.300000000000000000e+01
-1.200000000000000000e+01
-1.100000000000000000e+01
-1.000000000000000000e+01
-9.000000000000000000e+00
-8.000000000000000000e+00
-7.000000000000000000e+00
-6.000000000000000000e+00
-5.000000000000000000e+00
-4.000000000000000000e+00
-3.000000000000000000e+00
-2.000000000000000000e+00
-1.000000000000000000e+00
0.000000000000000000e+00
1.000000000000000000e+00
2.000000000000000000e+00
3.000000000000000000e+00
4.000000000000000000e+00
5.000000000000000000e+00
6.000000000000000000e+00
7.000000000000000000e+00
8.000000000000000000e+00
9.000000000000000000e+00
1.000000000000000000e+01
1.100000000000000000e+01
1.200000000000000000e+01
1.300000000000000000e+01
1.400000000000000000e+01
1.500000000000000000e+01
1.600000000000000000e+01
1.700000000000000000e+01
1.800000000000000000e+01
1.900000000000000000e+01
2.000000000000000000e+01
2.100000000000000000e+01
2.200000000000000000e+01
2.300000000000000000e+01
2.400000000000000000e+01
2.500000000000000000e+01
2.600000000000000000e+01
2.700000000000000000e+01
2.800000000000000000e+01
2.900000000000000000e+01
3.000000000000000000e+01
3.100000000000000000e+01
3.200000000000000000e+01
3.300000000000000000e+01
3.400000000000000000e+01
3.500000000000000000e+01
3.600000000000000000e+01
3.700000000000000000e+01
3.800000000000000000e+01
3.900000000000000000e+01
4.000000000000000000e+01
4.100000000000000000e+01
4.200000000000000000e+01
4.300000000000000000e+01
4.400000000000000000e+01
4.500000000000000000e+01
4.600000000000000000e+01
4.700000000000000000e+01
4.800000000000000000e+01
4.900000000000000000e+01
5.000000000000000000e+01
5.100000000000000000e+01
5.200000000000000000e+01
5.300000000000000000e+01
5.400000000000000000e+01
5.500000000000000000e+01
5.600000000000000000e+01
5.700000000000000000e+01
5.800000000000000000e+01
5.900000000000000000e+01
6.000000000000000000e+01
6.100000000000000000e+01
6.200000000000000000e+01
6.300000000000000000e+01
6.400000000000000000e+01
6.500000000000000000e+01
6.600000000000000000e+01
6.700000000000000000e+01
6.800000000000000000e+01
6.900000000000000000e+01
7.000000000000000000e+01
7.100000000000000000e+01
7.200000000000000000e+01
7.300000000000000000e+01
7.400000000000000000e+01
7.500000000000000000e+01
7.600000000000000000e+01
7.700000000000000000e+01
7.800000000000000000e+01
7.900000000000000000e+01
8.000000000000000000e+01
8.100000000000000000e+01
8.200000000000000000e+01
8.300000000000000000e+01
8.400000000000000000e+01
8.500000000000000000e+01
8.600000000000000000e+01
8.700000000000000000e+01
8.800000000000000000e+01
8.900000000000000000e+01
9.000000000000000000e+01
9.100000000000000000e+01
9.200000000000000000e+01
9.300000000000000000e+01
9.400000000000000000e+01
9.500000000000000000e+01
9.600000000000000000e+01
9.700000000000000000e+01
9.800000000000000000e+01
9.900000000000000000e+01
