single photon fraction:    0.4653
laser fraction:    0.2708
thermal source fraction:    0.1806
non-detected fraction:    0.0833
number of bins:  200.0000
bin width (ns):    1.0000
average detection events per bin: 5000.0000

# binary result
0.000000000000000000e+00

# g2 signal
9.844512250826772393e-01
9.965102044545139925e-01
1.009446200507938984e+00
1.011200233871115239e+00
9.840127167418831755e-01
9.919058668761763231e-01
1.006815150463174602e+00
9.805046500155306655e-01
1.035098938444391825e+00
1.011200233871115239e+00
9.737077707332225662e-01
9.951946794321318013e-01
1.008569183826350857e+00
9.881785459794267812e-01
1.030933109206848108e+00
1.028959821673274933e+00
9.905903418537941318e-01
1.010542471359924033e+00
9.912481043649852275e-01
1.015585317279055877e+00
1.004841862929601204e+00
1.002210812884836821e+00
1.016681588131041147e+00
1.003964846248013076e+00
9.930021377281614825e-01
1.026328771628510550e+00
9.930021377281614825e-01
9.877400376386327174e-01
1.005499625440792411e+00
9.923443752169703869e-01
1.003745592077616156e+00
9.962909502841169607e-01
9.732692623924285025e-01
9.945369169209407056e-01
9.894940710018089725e-01
1.003526337907219013e+00
1.015804571449453020e+00
9.881785459794267812e-01
1.007253658803968666e+00
1.006157387951983395e+00
1.017339350642232132e+00
1.015585317279055877e+00
9.818201750379128567e-01
9.978257294768961838e-01
9.699804498364730243e-01
9.851089875938683349e-01
1.024136229924540231e+00
9.842319709122802074e-01
1.009446200507938984e+00
9.993605086696754070e-01
1.017997113153423339e+00
1.002649321225630885e+00
1.003964846248013076e+00
9.888363084906178768e-01
1.015804571449453020e+00
1.008569183826350857e+00
9.945369169209407056e-01
1.007034404633571523e+00
9.949754252617347694e-01
9.853282417642653668e-01
1.023039959072554961e+00
1.022820704902158040e+00
1.032248634229230300e+00
9.829164458898980161e-01
1.001333796203248694e+00
9.910288501945881956e-01
1.001333796203248694e+00
1.010980979700718096e+00
9.993605086696754070e-01
1.004622608759204283e+00
1.014050538086276543e+00
1.013831283915879622e+00
9.938791544097496100e-01
9.910288501945881956e-01
1.006815150463174602e+00
1.020189654857393657e+00
1.007034404633571523e+00
1.007472912974365586e+00
1.006595896292777459e+00
1.001772304544042758e+00
9.805046500155306655e-01
1.003526337907219013e+00
1.002649321225630885e+00
1.008569183826350857e+00
9.881785459794267812e-01
9.978257294768961838e-01
1.000676033692057709e+00
9.719537373700463112e-01
9.932213918985585144e-01
9.894940710018089725e-01
1.009446200507938984e+00
9.888363084906178768e-01
1.010542471359924033e+00
9.930021377281614825e-01
1.006157387951983395e+00
9.901518335130000681e-01
1.003087829566424949e+00
9.908095960241911637e-01
9.826971917195009842e-01
1.014708300597467749e+00
6.891158575578740786e-01
1.002649321225630885e+00
1.014708300597467749e+00
1.016900842301438068e+00
9.883978001498238131e-01
1.005718879611189331e+00
1.010980979700718096e+00
1.002649321225630885e+00
9.940984085801466419e-01
9.881785459794267812e-01
9.901518335130000681e-01
9.873015292978386537e-01
9.965102044545139925e-01
9.971679669657050882e-01
1.039045513511538399e+00
1.019751146516599594e+00
1.038826259341141256e+00
1.001553050373645837e+00
1.007911421315159650e+00
9.888363084906178768e-01
9.921251210465733550e-01
1.010542471359924033e+00
9.818201750379128567e-01
1.014489046427070607e+00
1.010980979700718096e+00
9.991412544992783751e-01
9.866437667866475580e-01
9.899325793426030362e-01
1.007911421315159650e+00
9.785313624819573786e-01
1.004841862929601204e+00
9.879592918090297493e-01
1.007692167144762729e+00
1.009226946337541841e+00
1.035975955125979953e+00
1.003087829566424949e+00
9.973872211361021201e-01
9.886170543202208449e-01
1.007472912974365586e+00
9.778735999707662829e-01
1.001114542032851773e+00
9.982642378176902476e-01
1.002649321225630885e+00
1.021724434050172770e+00
1.011419488041512160e+00
1.004403354588807140e+00
9.901518335130000681e-01
1.023697721583746167e+00
1.009884708848733048e+00
1.000018271180866503e+00
1.005718879611189331e+00
1.005061117099998347e+00
1.028521313332480869e+00
1.020408909027790578e+00
9.752425499260019004e-01
1.010761725530321176e+00
9.791891249931484742e-01
9.677879081325027055e-01
1.011200233871115239e+00
9.980449836472932157e-01
1.002868575396028028e+00
1.011419488041512160e+00
9.914673585353822594e-01
9.969487127953080563e-01
1.019531892346202451e+00
9.949754252617347694e-01
9.954139336025288332e-01
9.859860042754564624e-01
9.956331877729258650e-01
9.796276333339425380e-01
9.954139336025288332e-01
1.035975955125979953e+00
9.927828835577644506e-01
9.978257294768961838e-01
9.826971917195009842e-01
9.962909502841169607e-01
1.021724434050172770e+00
9.958524419433228969e-01
1.033344905081215570e+00
1.022601450731760897e+00
9.868630209570445899e-01
1.009665454678335905e+00
9.905903418537941318e-01
9.934406460689555463e-01
9.976064753064991519e-01
9.857667501050594305e-01
1.002649321225630885e+00
9.809431583563247292e-01
9.989220003288813432e-01
9.997990170104694707e-01
1.005718879611189331e+00
9.967294586249110244e-01
9.888363084906178768e-01
1.033344905081215570e+00
1.009226946337541841e+00
9.965102044545139925e-01
9.699804498364730243e-01
1.005499625440792411e+00
9.962909502841169607e-01
9.870822751274416218e-01

# time bin value
-1.000000000000000000e+02
-9.900000000000000000e+01
-9.800000000000000000e+01
-9.700000000000000000e+01
-9.600000000000000000e+01
-9.500000000000000000e+01
-9.400000000000000000e+01
-9.300000000000000000e+01
-9.200000000000000000e+01
-9.100000000000000000e+01
-9.000000000000000000e+01
-8.900000000000000000e+01
-8.800000000000000000e+01
-8.700000000000000000e+01
-8.600000000000000000e+01
-8.500000000000000000e+01
-8.400000000000000000e+01
-8.300000000000000000e+01
-8.200000000000000000e+01
-8.100000000000000000e+01
-8.000000000000000000e+01
-7.900000000000000000e+01
-7.800000000000000000e+01
-7.700000000000000000e+01
-7.600000000000000000e+01
-7.500000000000000000e+01
-7.400000000000000000e+01
-7.300000000000000000e+01
-7.200000000000000000e+01
-7.100000000000000000e+01
-7.000000000000000000e+01
-6.900000000000000000e+01
-6.800000000000000000e+01
-6.700000000000000000e+01
-6.600000000000000000e+01
-6.500000000000000000e+01
-6.400000000000000000e+01
-6.300000000000000000e+01
-6.200000000000000000e+01
-6.100000000000000000e+01
-6.000000000000000000e+01
-5.900000000000000000e+01
-5.800000000000000000e+01
-5.700000000000000000e+01
-5.600000000000000000e+01
-5.500000000000000000e+01
-5.400000000000000000e+01
-5.300000000000000000e+01
-5.200000000000000000e+01
-5.100000000000000000e+01
-5.000000000000000000e+01
-4.900000000000000000e+01
-4.800000000000000000e+01
-4.700000000000000000e+01
-4.600000000000000000e+01
-4.500000000000000000e+01
-4.400000000000000000e+01
-4.300000000000000000e+01
-4.200000000000000000e+01
-4.100000000000000000e+01
-4.000000000000000000e+01
-3.900000000000000000e+01
-3.800000000000000000e+01
-3.700000000000000000e+01
-3.600000000000000000e+01
-3.500000000000000000e+01
-3.400000000000000000e+01
-3.300000000000000000e+01
-3.200000000000000000e+01
-3.100000000000000000e+01
-3.000000000000000000e+01
-2.900000000000000000e+01
-2.800000000000000000e+01
-2.700000000000000000e+01
-2.600000000000000000e+01
-2.500000000000000000e+01
-2.400000000000000000e+01
-2.300000000000000000e+01
-2.200000000000000000e+01
-2.100000000000000000e+01
-2.000000000000000000e+01
-1.900000000000000000e+01
-1.800000000000000000e+01
-1.700000000000000000e+01
-1.600000000000000000e+01
-1.500000000000000000e+01
-1.400000000000000000e+01
-1.300000000000000000e+01
-1.200000000000000000e+01
-1.100000000000000000e+01
-1.000000000000000000e+01
-9.000000000000000000e+00
-8.000000000000000000e+00
-7.000000000000000000e+00
-6.000000000000000000e+00
-5.000000000000000000e+00
-4.000000000000000000e+00
-3.000000000000000000e+00
-2.000000000000000000e+00
-1.000000000000000000e+00
0.000000000000000000e+00
1.000000000000000000e+00
2.000000000000000000e+00
3.000000000000000000e+00
4.000000000000000000e+00
5.000000000000000000e+00
6.000000000000000000e+00
7.000000000000000000e+00
8.000000000000000000e+00
9.000000000000000000e+00
1.000000000000000000e+01
1.100000000000000000e+01
1.200000000000000000e+01
1.300000000000000000e+01
1.400000000000000000e+01
1.500000000000000000e+01
1.600000000000000000e+01
1.700000000000000000e+01
1.800000000000000000e+01
1.900000000000000000e+01
2.000000000000000000e+01
2.100000000000000000e+01
2.200000000000000000e+01
2.300000000000000000e+01
2.400000000000000000e+01
2.500000000000000000e+01
2.600000000000000000e+01
2.700000000000000000e+01
2.800000000000000000e+01
2.900000000000000000e+01
3.000000000000000000e+01
3.100000000000000000e+01
3.200000000000000000e+01
3.300000000000000000e+01
3.400000000000000000e+01
3.500000000000000000e+01
3.600000000000000000e+01
3.700000000000000000e+01
3.800000000000000000e+01
3.900000000000000000e+01
4.000000000000000000e+01
4.100000000000000000e+01
4.200000000000000000e+01
4.300000000000000000e+01
4.400000000000000000e+01
4.500000000000000000e+01
4.600000000000000000e+01
4.700000000000000000e+01
4.800000000000000000e+01
4.900000000000000000e+01
5.000000000000000000e+01
5.100000000000000000e+01
5.200000000000000000e+01
5.300000000000000000e+01
5.400000000000000000e+01
5.500000000000000000e+01
5.600000000000000000e+01
5.700000000000000000e+01
5.800000000000000000e+01
5.900000000000000000e+01
6.000000000000000000e+01
6.100000000000000000e+01
6.200000000000000000e+01
6.300000000000000000e+01
6.400000000000000000e+01
6.500000000000000000e+01
6.600000000000000000e+01
6.700000000000000000e+01
6.800000000000000000e+01
6.900000000000000000e+01
7.000000000000000000e+01
7.100000000000000000e+01
7.200000000000000000e+01
7.300000000000000000e+01
7.400000000000000000e+01
7.500000000000000000e+01
7.600000000000000000e+01
7.700000000000000000e+01
7.800000000000000000e+01
7.900000000000000000e+01
8.000000000000000000e+01
8.100000000000000000e+01
8.200000000000000000e+01
8.300000000000000000e+01
8.400000000000000000e+01
8.500000000000000000e+01
8.600000000000000000e+01
8.700000000000000000e+01
8.800000000000000000e+01
8.900000000000000000e+01
9.000000000000000000e+01
9.100000000000000000e+01
9.200000000000000000e+01
9.300000000000000000e+01
9.400000000000000000e+01
9.500000000000000000e+01
9.600000000000000000e+01
9.700000000000000000e+01
9.800000000000000000e+01
9.900000000000000000e+01
