single photon fraction:    0.4706
laser fraction:    0.1569
thermal source fraction:    0.1520
non-detected fraction:    0.2206
number of bins:  200.0000
bin width (ns):    1.0000
average detection events per bin: 5000.0000

# binary result
0.000000000000000000e+00

# g2 signal
9.952926163736355303e-01
9.914178722143818234e-01
1.026548885924948751e+00
1.003817053523993641e+00
9.952926163736355303e-01
1.008466746515098045e+00
9.989090442556056715e-01
9.790186909047700059e-01
9.764355281319341273e-01
9.818601699548893391e-01
9.482790539080239167e-01
1.000717258196590631e+00
9.958092489282026616e-01
9.994256768101728028e-01
9.699776211998446529e-01
1.010274960456083226e+00
9.958092489282026616e-01
1.012599806951635539e+00
9.916761884916653891e-01
9.805685885684715108e-01
9.934844024326504597e-01
9.648112956541730068e-01
9.787603746274864402e-01
1.019316030161008468e+00
1.031456895193336720e+00
1.016732867388172812e+00
9.834100676185908441e-01
1.008983379069665398e+00
9.942593512645012677e-01
9.867681792232774196e-01
9.921928210462326314e-01
1.025515620815814488e+00
9.805685885684715108e-01
1.008725062792381832e+00
1.019316030161008468e+00
1.000458941919307065e+00
9.965841977600534696e-01
1.004850318633128126e+00
9.684277235361431480e-01
9.911595559370982578e-01
1.052897146207874002e+00
9.816018536776057735e-01
1.002267155860292247e+00
1.009500011624232529e+00
9.893513419961131872e-01
1.025515620815814488e+00
1.032231844025187639e+00
1.021124244101993650e+00
9.875431280551281166e-01
1.009758327901516095e+00
1.003558737246710075e+00
1.023449090597545741e+00
1.005883583742262388e+00
9.924511373235161971e-01
1.021382560379277216e+00
1.022674141765695044e+00
9.668778258724416430e-01
1.035073323075306861e+00
1.005625267464978823e+00
9.916761884916653891e-01
1.029132048697784629e+00
9.986507279783221058e-01
1.013374755783486236e+00
1.016732867388172812e+00
1.013633072060769802e+00
9.921928210462326314e-01
9.865098629459938540e-01
1.015441286001754762e+00
9.963258814827699039e-01
1.027840467311366579e+00
1.010791593010650358e+00
9.914178722143818234e-01
1.008466746515098045e+00
9.893513419961131872e-01
9.927094536007997627e-01
1.016216234833605458e+00
1.013633072060769802e+00
1.003558737246710075e+00
9.880597606096952479e-01
9.782437420729191979e-01
1.010791593010650358e+00
1.019832662715575600e+00
9.978757791464712978e-01
1.026807202202232316e+00
1.041272913730112881e+00
1.008466746515098045e+00
9.950343000963519646e-01
9.903846071052475608e-01
1.023190774320262175e+00
1.022157509211127913e+00
1.005625267464978823e+00
9.880597606096952479e-01
1.022157509211127913e+00
9.932260861553668940e-01
1.018541081329157771e+00
1.001492207028441550e+00
9.950343000963519646e-01
1.028098783588650367e+00
9.929677698780833284e-01
9.937427187099340253e-01
6.008436609616081281e-01
1.026290569647665185e+00
1.004592002355844338e+00
1.017249499942739943e+00
9.870264955005609853e-01
1.004592002355844338e+00
1.018282765051874206e+00
1.024740671983963791e+00
1.037139853293575609e+00
1.007433481405963782e+00
1.002267155860292247e+00
9.927094536007997627e-01
1.012083174397068186e+00
1.019832662715575600e+00
1.030165313806918892e+00
9.924511373235161971e-01
1.003300420969426510e+00
9.947759838190683990e-01
1.014924653447187630e+00
1.002008839583008681e+00
1.016732867388172812e+00
9.991673605328892371e-01
9.968425140373370352e-01
1.006400216296829520e+00
9.720441514181132892e-01
1.003558737246710075e+00
9.921928210462326314e-01
1.010274960456083226e+00
1.010274960456083226e+00
9.888347094415460559e-01
1.030940262638769589e+00
1.017507816220023509e+00
1.037139853293575609e+00
9.862515466687101773e-01
9.852182815595759147e-01
9.795353234593371372e-01
1.010791593010650358e+00
1.030165313806918892e+00
1.001233890751157984e+00
9.785020583502027636e-01
9.676527747042924510e-01
9.880597606096952479e-01
9.810852211230386422e-01
9.836683838958744097e-01
1.012599806951635539e+00
1.023449090597545741e+00
9.996839930874563684e-01
9.692026723679939559e-01
1.003042104692142944e+00
9.797936397366207029e-01
9.952926163736355303e-01
1.008208430237814479e+00
1.024998988261247357e+00
9.945176675417848333e-01
9.916761884916653891e-01
1.001750523305725116e+00
9.865098629459938540e-01
1.018282765051874206e+00
9.828934350640237128e-01
1.030423630084202458e+00
9.973591465919041665e-01
1.023449090597545741e+00
9.973591465919041665e-01
1.043339443948381406e+00
9.994256768101728028e-01
1.004850318633128126e+00
1.009241695346948964e+00
9.888347094415460559e-01
9.945176675417848333e-01
9.800519560139042685e-01
9.883180768869789246e-01
1.020607611547426519e+00
9.968425140373370352e-01
1.018799397606441337e+00
9.849599652822923490e-01
1.007433481405963782e+00
1.001233890751157984e+00
9.996839930874563684e-01
1.002783788414859378e+00
9.865098629459938540e-01
9.668778258724416430e-01
9.978757791464712978e-01
1.008208430237814479e+00
9.991673605328892371e-01
9.919345047689489547e-01
1.019832662715575600e+00
1.008725062792381832e+00
9.986507279783221058e-01
1.038431434679993437e+00
1.010791593010650358e+00
9.875431280551281166e-01
1.018024448774590640e+00
9.756605793000834304e-01
9.818601699548893391e-01
9.875431280551281166e-01
9.808269048457550765e-01
1.009758327901516095e+00
1.014924653447187630e+00
1.001750523305725116e+00
1.021899192933844347e+00

# time bin value
-1.000000000000000000e+02
-9.900000000000000000e+01
-9.800000000000000000e+01
-9.700000000000000000e+01
-9.600000000000000000e+01
-9.500000000000000000e+01
-9.400000000000000000e+01
-9.300000000000000000e+01
-9.200000000000000000e+01
-9.100000000000000000e+01
-9.000000000000000000e+01
-8.900000000000000000e+01
-8.800000000000000000e+01
-8.700000000000000000e+01
-8.600000000000000000e+01
-8.500000000000000000e+01
-8.400000000000000000e+01
-8.300000000000000000e+01
-8.200000000000000000e+01
-8.100000000000000000e+01
-8.000000000000000000e+01
-7.900000000000000000e+01
-7.800000000000000000e+01
-7.700000000000000000e+01
-7.600000000000000000e+01
-7.500000000000000000e+01
-7.400000000000000000e+01
-7.300000000000000000e+01
-7.200000000000000000e+01
-7.100000000000000000e+01
-7.000000000000000000e+01
-6.900000000000000000e+01
-6.800000000000000000e+01
-6.700000000000000000e+01
-6.600000000000000000e+01
-6.500000000000000000e+01
-6.400000000000000000e+01
-6.300000000000000000e+01
-6.200000000000000000e+01
-6.100000000000000000e+01
-6.000000000000000000e+01
-5.900000000000000000e+01
-5.800000000000000000e+01
-5.700000000000000000e+01
-5.600000000000000000e+01
-5.500000000000000000e+01
-5.400000000000000000e+01
-5.300000000000000000e+01
-5.200000000000000000e+01
-5.100000000000000000e+01
-5.000000000000000000e+01
-4.900000000000000000e+01
-4.800000000000000000e+01
-4.700000000000000000e+01
-4.600000000000000000e+01
-4.500000000000000000e+01
-4.400000000000000000e+01
-4.300000000000000000e+01
-4.200000000000000000e+01
-4.100000000000000000e+01
-4.000000000000000000e+01
-3.900000000000000000e+01
-3.800000000000000000e+01
-3.700000000000000000e+01
-3.600000000000000000e+01
-3.500000000000000000e+01
-3.400000000000000000e+01
-3.300000000000000000e+01
-3.200000000000000000e+01
-3.100000000000000000e+01
-3.000000000000000000e+01
-2.900000000000000000e+01
-2.800000000000000000e+01
-2.700000000000000000e+01
-2.600000000000000000e+01
-2.500000000000000000e+01
-2.400000000000000000e+01
-2.300000000000000000e+01
-2.200000000000000000e+01
-2.100000000000000000e+01
-2.000000000000000000e+01
-1.900000000000000000e+01
-1.800000000000000000e+01
-1.700000000000000000e+01
-1.600000000000000000e+01
-1.500000000000000000e+01
-1.400000000000000000e+01
-1.300000000000000000e+01
-1.200000000000000000e+01
-1.100000000000000000e+01
-1.000000000000000000e+01
-9.000000000000000000e+00
-8.000000000000000000e+00
-7.000000000000000000e+00
-6.000000000000000000e+00
-5.000000000000000000e+00
-4.000000000000000000e+00
-3.000000000000000000e+00
-2.000000000000000000e+00
-1.000000000000000000e+00
0.000000000000000000e+00
1.000000000000000000e+00
2.000000000000000000e+00
3.000000000000000000e+00
4.000000000000000000e+00
5.000000000000000000e+00
6.000000000000000000e+00
7.000000000000000000e+00
8.000000000000000000e+00
9.000000000000000000e+00
1.000000000000000000e+01
1.100000000000000000e+01
1.200000000000000000e+01
1.300000000000000000e+01
1.400000000000000000e+01
1.500000000000000000e+01
1.600000000000000000e+01
1.700000000000000000e+01
1.800000000000000000e+01
1.900000000000000000e+01
2.000000000000000000e+01
2.100000000000000000e+01
2.200000000000000000e+01
2.300000000000000000e+01
2.400000000000000000e+01
2.500000000000000000e+01
2.600000000000000000e+01
2.700000000000000000e+01
2.800000000000000000e+01
2.900000000000000000e+01
3.000000000000000000e+01
3.100000000000000000e+01
3.200000000000000000e+01
3.300000000000000000e+01
3.400000000000000000e+01
3.500000000000000000e+01
3.600000000000000000e+01
3.700000000000000000e+01
3.800000000000000000e+01
3.900000000000000000e+01
4.000000000000000000e+01
4.100000000000000000e+01
4.200000000000000000e+01
4.300000000000000000e+01
4.400000000000000000e+01
4.500000000000000000e+01
4.600000000000000000e+01
4.700000000000000000e+01
4.800000000000000000e+01
4.900000000000000000e+01
5.000000000000000000e+01
5.100000000000000000e+01
5.200000000000000000e+01
5.300000000000000000e+01
5.400000000000000000e+01
5.500000000000000000e+01
5.600000000000000000e+01
5.700000000000000000e+01
5.800000000000000000e+01
5.900000000000000000e+01
6.000000000000000000e+01
6.100000000000000000e+01
6.200000000000000000e+01
6.300000000000000000e+01
6.400000000000000000e+01
6.500000000000000000e+01
6.600000000000000000e+01
6.700000000000000000e+01
6.800000000000000000e+01
6.900000000000000000e+01
7.000000000000000000e+01
7.100000000000000000e+01
7.200000000000000000e+01
7.300000000000000000e+01
7.400000000000000000e+01
7.500000000000000000e+01
7.600000000000000000e+01
7.700000000000000000e+01
7.800000000000000000e+01
7.900000000000000000e+01
8.000000000000000000e+01
8.100000000000000000e+01
8.200000000000000000e+01
8.300000000000000000e+01
8.400000000000000000e+01
8.500000000000000000e+01
8.600000000000000000e+01
8.700000000000000000e+01
8.800000000000000000e+01
8.900000000000000000e+01
9.000000000000000000e+01
9.100000000000000000e+01
9.200000000000000000e+01
9.300000000000000000e+01
9.400000000000000000e+01
9.500000000000000000e+01
9.600000000000000000e+01
9.700000000000000000e+01
9.800000000000000000e+01
9.900000000000000000e+01
