single photon fraction:    0.4653
laser fraction:    0.2708
thermal source fraction:    0.1806
non-detected fraction:    0.0833
number of bins:  200.0000
bin width (ns):    1.0000
average detection events per bin: 5000.0000

# binary result
0.000000000000000000e+00

# g2 signal
1.002191060473269113e+00
9.872918492550394332e-01
1.002848378615249780e+00
9.787467134092900922e-01
1.001095530236634445e+00
9.995617879053462218e-01
1.000876424189307556e+00
1.014899211218229569e+00
1.007887817703768674e+00
1.000000000000000000e+00
1.001095530236634445e+00
1.015775635407537347e+00
9.872918492550394332e-01
1.002410166520596002e+00
1.013803680981595123e+00
9.923312883435583265e-01
1.022787028921998242e+00
1.008545135845749341e+00
9.859772129710779875e-01
1.015994741454864236e+00
1.008106923751095563e+00
1.001095530236634445e+00
9.984662576687116653e-01
1.019719544259421573e+00
9.756792287467134228e-01
1.006573181419807117e+00
1.008545135845749341e+00
1.011174408413672232e+00
9.916739702015775482e-01
9.912357581069237700e-01
1.001314636283961335e+00
9.818141980718667616e-01
9.986853637160385544e-01
9.903593339176161026e-01
9.949605609114811067e-01
1.018843120070114017e+00
9.848816827344434310e-01
1.002629272567922891e+00
1.012708150744960456e+00
1.007011393514460895e+00
9.861963190184048766e-01
1.018185801928133127e+00
9.883873794916739897e-01
1.017747589833479349e+00
9.846625766871165419e-01
9.892638036809815461e-01
1.018185801928133127e+00
9.982471516213847762e-01
9.973707274320771088e-01
1.005039439088518893e+00
1.028921998247151581e+00
9.785276073619632031e-01
1.033085013146362918e+00
1.014680105170902680e+00
9.870727432077125441e-01
1.010297984224364676e+00
9.960560911481156632e-01
9.886064855390008788e-01
1.011393514460999121e+00
1.003724802804557337e+00
9.958369851007887741e-01
9.890446976336546570e-01
9.809377738825592052e-01
9.831288343558282072e-01
9.997808939526731109e-01
1.005039439088518893e+00
1.005915863277826450e+00
9.780893952673094249e-01
9.826906222611744290e-01
1.005696757230499561e+00
1.006354075372480228e+00
9.958369851007887741e-01
9.993426818580193327e-01
9.791849255039438704e-01
9.958369851007887741e-01
1.017747589833479349e+00
1.007230499561788006e+00
9.811568799298860943e-01
9.879491673970202115e-01
1.021472392638036908e+00
9.899211218229623244e-01
1.021910604732690686e+00
1.000876424189307556e+00
1.012489044697633567e+00
1.005477651183172672e+00
9.673531989482909710e-01
1.019500438212094684e+00
1.013146362839614456e+00
9.905784399649429917e-01
1.002629272567922891e+00
1.022348816827344464e+00
1.009859772129710676e+00
1.015556529360210236e+00
9.995617879053462218e-01
9.875109553023663223e-01
1.008983347940403119e+00
1.018185801928133127e+00
9.796231375985977596e-01
1.002410166520596002e+00
9.962751971954425523e-01
6.814198071866783835e-01
9.938650306748466612e-01
1.015118317265556458e+00
1.015994741454864236e+00
9.772129710780017575e-01
9.829097283085013181e-01
9.947414548641542176e-01
9.973707274320771088e-01
1.011393514460999121e+00
1.000000000000000000e+00
1.011174408413672232e+00
9.969325153374233306e-01
9.934268185801927720e-01
1.006573181419807117e+00
1.000876424189307556e+00
1.017090271691498682e+00
9.879491673970202115e-01
9.978089395267308870e-01
9.916739702015775482e-01
9.677914110429447492e-01
1.005039439088518893e+00
9.986853637160385544e-01
1.006134969325153339e+00
1.025635407537248023e+00
1.028264680105170914e+00
1.002410166520596002e+00
1.003286590709903559e+00
9.748028045574057554e-01
9.840052585451358746e-01
9.914548641542506591e-01
1.004601226993865115e+00
9.916739702015775482e-01
1.013803680981595123e+00
9.923312883435583265e-01
9.851007887817704312e-01
9.910166520595968809e-01
9.883873794916739897e-01
9.964943032427695524e-01
1.001533742331288446e+00
9.929886064855389938e-01
9.745836985100788663e-01
9.717353198948290860e-01
9.986853637160385544e-01
9.958369851007887741e-01
1.017966695880806238e+00
1.004382120946538226e+00
9.943032427695004394e-01
1.016213847502191125e+00
9.855390008764242094e-01
1.015994741454864236e+00
1.017747589833479349e+00
1.006573181419807117e+00
9.833479404031550963e-01
9.960560911481156632e-01
9.783085013146363140e-01
1.001095530236634445e+00
1.018843120070114017e+00
9.936459246275197721e-01
1.007887817703768674e+00
1.001314636283961335e+00
1.007230499561788006e+00
1.009640666082383786e+00
1.018404907975460016e+00
9.855390008764242094e-01
9.702015775635407513e-01
1.017090271691498682e+00
9.682296231375986384e-01
9.989044697633654435e-01
1.011612620508326010e+00
1.030236634531113138e+00
1.002191060473269113e+00
1.026730937773882468e+00
1.021034180543382908e+00
1.008983347940403119e+00
1.021472392638036908e+00
1.023444347063978910e+00
9.973707274320771088e-01
9.964943032427695524e-01
9.921121822962313264e-01
1.007668711656441785e+00
1.036809815950920255e+00
9.936459246275197721e-01
9.991235758106923326e-01
9.969325153374233306e-01
1.024101665205959577e+00
1.002629272567922891e+00
9.903593339176161026e-01
9.728308501314636425e-01
1.002410166520596002e+00
1.017090271691498682e+00
1.023882559158632688e+00
1.021034180543382908e+00
1.018185801928133127e+00
1.021910604732690686e+00
1.010736196319018454e+00
1.006354075372480228e+00
9.982471516213847762e-01
9.778702892199824248e-01
9.980280455740578871e-01
9.888255915863277679e-01

# time bin value
-1.000000000000000000e+02
-9.900000000000000000e+01
-9.800000000000000000e+01
-9.700000000000000000e+01
-9.600000000000000000e+01
-9.500000000000000000e+01
-9.400000000000000000e+01
-9.300000000000000000e+01
-9.200000000000000000e+01
-9.100000000000000000e+01
-9.000000000000000000e+01
-8.900000000000000000e+01
-8.800000000000000000e+01
-8.700000000000000000e+01
-8.600000000000000000e+01
-8.500000000000000000e+01
-8.400000000000000000e+01
-8.300000000000000000e+01
-8.200000000000000000e+01
-8.100000000000000000e+01
-8.000000000000000000e+01
-7.900000000000000000e+01
-7.800000000000000000e+01
-7.700000000000000000e+01
-7.600000000000000000e+01
-7.500000000000000000e+01
-7.400000000000000000e+01
-7.300000000000000000e+01
-7.200000000000000000e+01
-7.100000000000000000e+01
-7.000000000000000000e+01
-6.900000000000000000e+01
-6.800000000000000000e+01
-6.700000000000000000e+01
-6.600000000000000000e+01
-6.500000000000000000e+01
-6.400000000000000000e+01
-6.300000000000000000e+01
-6.200000000000000000e+01
-6.100000000000000000e+01
-6.000000000000000000e+01
-5.900000000000000000e+01
-5.800000000000000000e+01
-5.700000000000000000e+01
-5.600000000000000000e+01
-5.500000000000000000e+01
-5.400000000000000000e+01
-5.300000000000000000e+01
-5.200000000000000000e+01
-5.100000000000000000e+01
-5.000000000000000000e+01
-4.900000000000000000e+01
-4.800000000000000000e+01
-4.700000000000000000e+01
-4.600000000000000000e+01
-4.500000000000000000e+01
-4.400000000000000000e+01
-4.300000000000000000e+01
-4.200000000000000000e+01
-4.100000000000000000e+01
-4.000000000000000000e+01
-3.900000000000000000e+01
-3.800000000000000000e+01
-3.700000000000000000e+01
-3.600000000000000000e+01
-3.500000000000000000e+01
-3.400000000000000000e+01
-3.300000000000000000e+01
-3.200000000000000000e+01
-3.100000000000000000e+01
-3.000000000000000000e+01
-2.900000000000000000e+01
-2.800000000000000000e+01
-2.700000000000000000e+01
-2.600000000000000000e+01
-2.500000000000000000e+01
-2.400000000000000000e+01
-2.300000000000000000e+01
-2.200000000000000000e+01
-2.100000000000000000e+01
-2.000000000000000000e+01
-1.900000000000000000e+01
-1.800000000000000000e+01
-1.700000000000000000e+01
-1.600000000000000000e+01
-1.500000000000000000e+01
-1.400000000000000000e+01
-1.300000000000000000e+01
-1.200000000000000000e+01
-1.100000000000000000e+01
-1.000000000000000000e+01
-9.000000000000000000e+00
-8.000000000000000000e+00
-7.000000000000000000e+00
-6.000000000000000000e+00
-5.000000000000000000e+00
-4.000000000000000000e+00
-3.000000000000000000e+00
-2.000000000000000000e+00
-1.000000000000000000e+00
0.000000000000000000e+00
1.000000000000000000e+00
2.000000000000000000e+00
3.000000000000000000e+00
4.000000000000000000e+00
5.000000000000000000e+00
6.000000000000000000e+00
7.000000000000000000e+00
8.000000000000000000e+00
9.000000000000000000e+00
1.000000000000000000e+01
1.100000000000000000e+01
1.200000000000000000e+01
1.300000000000000000e+01
1.400000000000000000e+01
1.500000000000000000e+01
1.600000000000000000e+01
1.700000000000000000e+01
1.800000000000000000e+01
1.900000000000000000e+01
2.000000000000000000e+01
2.100000000000000000e+01
2.200000000000000000e+01
2.300000000000000000e+01
2.400000000000000000e+01
2.500000000000000000e+01
2.600000000000000000e+01
2.700000000000000000e+01
2.800000000000000000e+01
2.900000000000000000e+01
3.000000000000000000e+01
3.100000000000000000e+01
3.200000000000000000e+01
3.300000000000000000e+01
3.400000000000000000e+01
3.500000000000000000e+01
3.600000000000000000e+01
3.700000000000000000e+01
3.800000000000000000e+01
3.900000000000000000e+01
4.000000000000000000e+01
4.100000000000000000e+01
4.200000000000000000e+01
4.300000000000000000e+01
4.400000000000000000e+01
4.500000000000000000e+01
4.600000000000000000e+01
4.700000000000000000e+01
4.800000000000000000e+01
4.900000000000000000e+01
5.000000000000000000e+01
5.100000000000000000e+01
5.200000000000000000e+01
5.300000000000000000e+01
5.400000000000000000e+01
5.500000000000000000e+01
5.600000000000000000e+01
5.700000000000000000e+01
5.800000000000000000e+01
5.900000000000000000e+01
6.000000000000000000e+01
6.100000000000000000e+01
6.200000000000000000e+01
6.300000000000000000e+01
6.400000000000000000e+01
6.500000000000000000e+01
6.600000000000000000e+01
6.700000000000000000e+01
6.800000000000000000e+01
6.900000000000000000e+01
7.000000000000000000e+01
7.100000000000000000e+01
7.200000000000000000e+01
7.300000000000000000e+01
7.400000000000000000e+01
7.500000000000000000e+01
7.600000000000000000e+01
7.700000000000000000e+01
7.800000000000000000e+01
7.900000000000000000e+01
8.000000000000000000e+01
8.100000000000000000e+01
8.200000000000000000e+01
8.300000000000000000e+01
8.400000000000000000e+01
8.500000000000000000e+01
8.600000000000000000e+01
8.700000000000000000e+01
8.800000000000000000e+01
8.900000000000000000e+01
9.000000000000000000e+01
9.100000000000000000e+01
9.200000000000000000e+01
9.300000000000000000e+01
9.400000000000000000e+01
9.500000000000000000e+01
9.600000000000000000e+01
9.700000000000000000e+01
9.800000000000000000e+01
9.900000000000000000e+01
