single photon fraction:    0.3614
laser fraction:    0.2169
thermal source fraction:    0.3253
non-detected fraction:    0.0964
number of bins:  200.0000
bin width (ns):    1.0000
average detection events per bin: 5000.0000

# binary result
0.000000000000000000e+00

# g2 signal
1.024128912699065141e+00
9.805773251770394383e-01
1.013685419772865082e+00
9.839103548343373085e-01
9.910208181032394981e-01
1.022795700836146127e+00
1.017240651407316232e+00
9.750222757482096547e-01
9.912430200803926672e-01
1.018129459315929131e+00
1.033683597716652525e+00
1.009241380229801255e+00
9.721336500452181228e-01
9.972424734635289001e-01
1.013907621750018473e+00
9.885765963545544155e-01
9.881321924002479662e-01
9.821327390171118443e-01
9.814661330856522259e-01
1.009019178252648086e+00
1.006130552549656665e+00
9.896876062403203722e-01
1.015685237567243826e+00
1.023906710721911972e+00
1.011018996047026830e+00
9.843547587886437578e-01
1.000353301143673601e+00
9.619123590961712322e-01
1.005908350572503496e+00
1.008574774298341747e+00
9.787997093598138632e-01
9.963536655549161125e-01
1.038349839236869521e+00
9.967980695092225618e-01
1.007908168366882240e+00
9.803551231998862692e-01
1.034350203648112032e+00
9.810217291313458876e-01
9.699116302736862094e-01
1.011463400001333168e+00
1.009907986161260984e+00
9.934650398519245806e-01
9.925762319433119041e-01
1.028572952242129190e+00
9.725780539995245721e-01
1.007019360458269341e+00
1.005463946618196935e+00
1.005241744641043766e+00
9.954648576463033249e-01
1.014796429658631149e+00
1.022795700836146127e+00
1.034572405625265201e+00
1.007908168366882240e+00
9.770220935425883990e-01
9.807995271541926074e-01
9.994644932350608135e-01
1.007908168366882240e+00
9.899098082174735413e-01
1.003464128823818413e+00
9.990200892807544752e-01
9.665786006163883393e-01
9.801329212227331000e-01
1.006574956503963003e+00
1.018796065247388638e+00
1.008130370344035409e+00
9.979090793949885185e-01
1.015685237567243826e+00
1.009019178252648086e+00
1.023906710721911972e+00
1.010352390115567323e+00
1.000353301143673601e+00
1.011018996047026830e+00
1.007241562435422511e+00
9.941316457833841991e-01
1.022129094904686397e+00
9.554685017587286611e-01
1.014129823727171642e+00
9.996866952122139827e-01
1.015907439544396995e+00
1.005463946618196935e+00
1.033016991785193017e+00
1.005019542663890597e+00
9.952426556691501558e-01
9.950204536919969867e-01
9.810217291313458876e-01
1.018796065247388638e+00
9.936872418290778608e-01
1.021906892927533228e+00
1.004130734755277921e+00
9.887987983317075846e-01
9.994644932350608135e-01
9.983534833492948568e-01
1.008352572321188578e+00
1.003908532778124751e+00
9.861323746058692219e-01
9.801329212227331000e-01
1.014129823727171642e+00
9.739112658624436980e-01
9.976868774178353494e-01
1.015018631635784319e+00
9.579127235074138547e-01
9.879099904230947971e-01
1.000353301143673601e+00
9.923540299661586239e-01
1.002130916960899176e+00
9.974646754406820692e-01
9.867989805373288403e-01
9.992422912579076444e-01
9.954648576463033249e-01
9.994644932350608135e-01
9.965758675320692817e-01
9.874655864687884588e-01
9.901320101946267105e-01
1.009019178252648086e+00
1.012352207909946067e+00
1.002130916960899176e+00
1.017685055361622570e+00
1.013685419772865082e+00
1.019462671178848145e+00
1.000575503120826770e+00
9.956870596234566051e-01
1.010352390115567323e+00
1.005908350572503496e+00
9.903542121717799906e-01
9.843547587886437578e-01
9.999088971893672628e-01
9.992422912579076444e-01
9.859101726287160528e-01
9.774664974968947373e-01
9.674674085250011268e-01
9.999088971893672628e-01
1.003241926846665022e+00
9.941316457833841991e-01
1.007241562435422511e+00
9.745778717939032054e-01
1.018351661293082300e+00
9.874655864687884588e-01
9.843547587886437578e-01
9.799107192455799309e-01
1.002353118938052345e+00
9.836881528571841393e-01
1.018129459315929131e+00
9.745778717939032054e-01
9.899098082174735413e-01
9.812439311084990567e-01
1.005463946618196935e+00
9.859101726287160528e-01
9.890210003088607538e-01
1.011907803955639729e+00
1.011241198024179999e+00
1.006352754526809834e+00
9.872433844916352896e-01
1.004352936732431090e+00
1.001908714983746007e+00
1.021684690950380059e+00
1.005019542663890597e+00
1.014574227681477980e+00
1.032350385853733288e+00
1.003464128823818413e+00
9.874655864687884588e-01
1.011241198024179999e+00
9.936872418290778608e-01
9.936872418290778608e-01
1.007685966389729071e+00
9.999088971893672628e-01
1.009019178252648086e+00
1.013463217795711913e+00
1.023684508744758803e+00
1.015018631635784319e+00
9.847991627429500960e-01
9.947982517148438175e-01
9.985756853264480259e-01
1.000353301143673601e+00
9.776886994740479064e-01
1.001908714983746007e+00
1.019684873156001315e+00
9.999088971893672628e-01
9.783553054055075249e-01
1.009907986161260984e+00
1.026573134447750446e+00
9.927984339204650732e-01
9.959092616006097742e-01
1.005908350572503496e+00
1.004352936732431090e+00
1.018129459315929131e+00
9.785775073826606940e-01
9.872433844916352896e-01
9.887987983317075846e-01
9.994644932350608135e-01
9.839103548343373085e-01
9.801329212227331000e-01
9.879099904230947971e-01
9.976868774178353494e-01
1.013241015818558743e+00
1.023684508744758803e+00
1.013241015818558743e+00
9.901320101946267105e-01
9.812439311084990567e-01
9.743556698167500363e-01
1.008574774298341747e+00

# time bin value
-1.000000000000000000e+02
-9.900000000000000000e+01
-9.800000000000000000e+01
-9.700000000000000000e+01
-9.600000000000000000e+01
-9.500000000000000000e+01
-9.400000000000000000e+01
-9.300000000000000000e+01
-9.200000000000000000e+01
-9.100000000000000000e+01
-9.000000000000000000e+01
-8.900000000000000000e+01
-8.800000000000000000e+01
-8.700000000000000000e+01
-8.600000000000000000e+01
-8.500000000000000000e+01
-8.400000000000000000e+01
-8.300000000000000000e+01
-8.200000000000000000e+01
-8.100000000000000000e+01
-8.000000000000000000e+01
-7.900000000000000000e+01
-7.800000000000000000e+01
-7.700000000000000000e+01
-7.600000000000000000e+01
-7.500000000000000000e+01
-7.400000000000000000e+01
-7.300000000000000000e+01
-7.200000000000000000e+01
-7.100000000000000000e+01
-7.000000000000000000e+01
-6.900000000000000000e+01
-6.800000000000000000e+01
-6.700000000000000000e+01
-6.600000000000000000e+01
-6.500000000000000000e+01
-6.400000000000000000e+01
-6.300000000000000000e+01
-6.200000000000000000e+01
-6.100000000000000000e+01
-6.000000000000000000e+01
-5.900000000000000000e+01
-5.800000000000000000e+01
-5.700000000000000000e+01
-5.600000000000000000e+01
-5.500000000000000000e+01
-5.400000000000000000e+01
-5.300000000000000000e+01
-5.200000000000000000e+01
-5.100000000000000000e+01
-5.000000000000000000e+01
-4.900000000000000000e+01
-4.800000000000000000e+01
-4.700000000000000000e+01
-4.600000000000000000e+01
-4.500000000000000000e+01
-4.400000000000000000e+01
-4.300000000000000000e+01
-4.200000000000000000e+01
-4.100000000000000000e+01
-4.000000000000000000e+01
-3.900000000000000000e+01
-3.800000000000000000e+01
-3.700000000000000000e+01
-3.600000000000000000e+01
-3.500000000000000000e+01
-3.400000000000000000e+01
-3.300000000000000000e+01
-3.200000000000000000e+01
-3.100000000000000000e+01
-3.000000000000000000e+01
-2.900000000000000000e+01
-2.800000000000000000e+01
-2.700000000000000000e+01
-2.600000000000000000e+01
-2.500000000000000000e+01
-2.400000000000000000e+01
-2.300000000000000000e+01
-2.200000000000000000e+01
-2.100000000000000000e+01
-2.000000000000000000e+01
-1.900000000000000000e+01
-1.800000000000000000e+01
-1.700000000000000000e+01
-1.600000000000000000e+01
-1.500000000000000000e+01
-1.400000000000000000e+01
-1.300000000000000000e+01
-1.200000000000000000e+01
-1.100000000000000000e+01
-1.000000000000000000e+01
-9.000000000000000000e+00
-8.000000000000000000e+00
-7.000000000000000000e+00
-6.000000000000000000e+00
-5.000000000000000000e+00
-4.000000000000000000e+00
-3.000000000000000000e+00
-2.000000000000000000e+00
-1.000000000000000000e+00
0.000000000000000000e+00
1.000000000000000000e+00
2.000000000000000000e+00
3.000000000000000000e+00
4.000000000000000000e+00
5.000000000000000000e+00
6.000000000000000000e+00
7.000000000000000000e+00
8.000000000000000000e+00
9.000000000000000000e+00
1.000000000000000000e+01
1.100000000000000000e+01
1.200000000000000000e+01
1.300000000000000000e+01
1.400000000000000000e+01
1.500000000000000000e+01
1.600000000000000000e+01
1.700000000000000000e+01
1.800000000000000000e+01
1.900000000000000000e+01
2.000000000000000000e+01
2.100000000000000000e+01
2.200000000000000000e+01
2.300000000000000000e+01
2.400000000000000000e+01
2.500000000000000000e+01
2.600000000000000000e+01
2.700000000000000000e+01
2.800000000000000000e+01
2.900000000000000000e+01
3.000000000000000000e+01
3.100000000000000000e+01
3.200000000000000000e+01
3.300000000000000000e+01
3.400000000000000000e+01
3.500000000000000000e+01
3.600000000000000000e+01
3.700000000000000000e+01
3.800000000000000000e+01
3.900000000000000000e+01
4.000000000000000000e+01
4.100000000000000000e+01
4.200000000000000000e+01
4.300000000000000000e+01
4.400000000000000000e+01
4.500000000000000000e+01
4.600000000000000000e+01
4.700000000000000000e+01
4.800000000000000000e+01
4.900000000000000000e+01
5.000000000000000000e+01
5.100000000000000000e+01
5.200000000000000000e+01
5.300000000000000000e+01
5.400000000000000000e+01
5.500000000000000000e+01
5.600000000000000000e+01
5.700000000000000000e+01
5.800000000000000000e+01
5.900000000000000000e+01
6.000000000000000000e+01
6.100000000000000000e+01
6.200000000000000000e+01
6.300000000000000000e+01
6.400000000000000000e+01
6.500000000000000000e+01
6.600000000000000000e+01
6.700000000000000000e+01
6.800000000000000000e+01
6.900000000000000000e+01
7.000000000000000000e+01
7.100000000000000000e+01
7.200000000000000000e+01
7.300000000000000000e+01
7.400000000000000000e+01
7.500000000000000000e+01
7.600000000000000000e+01
7.700000000000000000e+01
7.800000000000000000e+01
7.900000000000000000e+01
8.000000000000000000e+01
8.100000000000000000e+01
8.200000000000000000e+01
8.300000000000000000e+01
8.400000000000000000e+01
8.500000000000000000e+01
8.600000000000000000e+01
8.700000000000000000e+01
8.800000000000000000e+01
8.900000000000000000e+01
9.000000000000000000e+01
9.100000000000000000e+01
9.200000000000000000e+01
9.300000000000000000e+01
9.400000000000000000e+01
9.500000000000000000e+01
9.600000000000000000e+01
9.700000000000000000e+01
9.800000000000000000e+01
9.900000000000000000e+01
