single photon fraction:    0.2308
laser fraction:    0.3007
thermal source fraction:    0.1364
non-detected fraction:    0.3322
number of bins:  200.0000
bin width (ns):    1.0000
average detection events per bin: 5000.0000

# binary result
0.000000000000000000e+00

# g2 signal
1.010983900036285466e+00
9.920392285008048372e-01
1.017900208692095854e+00
1.016697372404128830e+00
9.848222107730026931e-01
1.021208008484005170e+00
1.004669009524458589e+00
9.827172472690604010e-01
9.947456101487307523e-01
9.758009386132500129e-01
1.023012262915955706e+00
9.941441920047472403e-01
9.986548280846235803e-01
9.989555371566153363e-01
9.866264652049532291e-01
9.779059021171923050e-01
1.008277518388359661e+00
9.974519917966565563e-01
1.001661918804541029e+00
1.026320062707865244e+00
9.920392285008048372e-01
1.015795245188153562e+00
9.989555371566153363e-01
1.001962627876532785e+00
9.989555371566153363e-01
1.004067591380475077e+00
9.923399375727965932e-01
1.000158373444582249e+00
1.000158373444582249e+00
1.011284609108277222e+00
1.001661918804541029e+00
1.002864755092508053e+00
9.860250470609697171e-01
9.727938478933324529e-01
1.018200917764087610e+00
1.010081772820310198e+00
1.001962627876532785e+00
9.748988113972747449e-01
1.032033535075708608e+00
1.006773973028400881e+00
9.977527008686483123e-01
1.000158373444582249e+00
1.003466173236491565e+00
9.983541190126318243e-01
1.008878936532343173e+00
1.005571136740433857e+00
9.785073202611758170e-01
1.032634953219692120e+00
1.029627862499774560e+00
9.944449010767389963e-01
9.899342649968625452e-01
9.965498645806812883e-01
1.027823608067824024e+00
9.935427738607637282e-01
9.905356831408460572e-01
1.012788154468236002e+00
9.956477373647060203e-01
9.815144109810933770e-01
1.032334244147700364e+00
9.929413557167801052e-01
9.721924297493489409e-01
1.002263336948524541e+00
1.007074682100392637e+00
1.003466173236491565e+00
1.000459082516574005e+00
1.001060500660557517e+00
1.008277518388359661e+00
9.995569553005988483e-01
1.015193827044170050e+00
1.013990990756203026e+00
9.658775392375220648e-01
1.013690281684211270e+00
9.800108656211345970e-01
9.917385194288130812e-01
1.027522898995832268e+00
9.950463192207225083e-01
9.845215017010109371e-01
1.022410844771972194e+00
9.911371012848295692e-01
1.003165464164499809e+00
1.007676100244376149e+00
1.002564046020516297e+00
1.031732826003716852e+00
1.015193827044170050e+00
9.857243379889779611e-01
9.751995204692665009e-01
9.989555371566153363e-01
1.015494536116161806e+00
9.685839208854478688e-01
9.718917206773571849e-01
9.944449010767389963e-01
9.869271742769449851e-01
1.005571136740433857e+00
9.815144109810933770e-01
9.673810845974808448e-01
9.989555371566153363e-01
1.014592408900186538e+00
9.971512827246648003e-01
9.866264652049532291e-01
1.020305881268029902e+00
8.735598541360528602e-01
1.018200917764087610e+00
1.021809426627988682e+00
1.010382481892301954e+00
1.003165464164499809e+00
1.032935662291683876e+00
1.016095954260145318e+00
9.968505736526730443e-01
9.971512827246648003e-01
1.007976809316367905e+00
9.989555371566153363e-01
9.884307196369037651e-01
9.923399375727965932e-01
1.014592408900186538e+00
9.968505736526730443e-01
1.023613681059939440e+00
9.986548280846235803e-01
9.947456101487307523e-01
9.902349740688543012e-01
1.017298790548112342e+00
1.000459082516574005e+00
9.815144109810933770e-01
9.565555580057776286e-01
9.944449010767389963e-01
9.932420647887719722e-01
9.800108656211345970e-01
9.911371012848295692e-01
1.044964025171354116e+00
1.018802335908071122e+00
1.005270427668442101e+00
9.848222107730026931e-01
1.033837789507659144e+00
9.956477373647060203e-01
9.893328468528790332e-01
1.008878936532343173e+00
9.842207926290191811e-01
9.872278833489367411e-01
1.020606590340021658e+00
9.833186654130439130e-01
9.857243379889779611e-01
9.869271742769449851e-01
9.902349740688543012e-01
9.658775392375220648e-01
1.000158373444582249e+00
1.009781063748318441e+00
1.020005172196038146e+00
9.875285924209284971e-01
1.006172554884417369e+00
9.779059021171923050e-01
1.007676100244376149e+00
1.006473263956409125e+00
1.001661918804541029e+00
9.547513035738270926e-01
1.010983900036285466e+00
1.009781063748318441e+00
9.989555371566153363e-01
1.004669009524458589e+00
1.000158373444582249e+00
1.004368300452466833e+00
9.848222107730026931e-01
9.755002295412582569e-01
9.730945569653242089e-01
1.009179645604334929e+00
9.842207926290191811e-01
1.025417935491889976e+00
9.652761210935385527e-01
9.956477373647060203e-01
1.041355516307453044e+00
1.010382481892301954e+00
1.017599499620104098e+00
9.851229198449944491e-01
1.005270427668442101e+00
9.911371012848295692e-01
1.013690281684211270e+00
9.908363922128378132e-01
1.014291699828194782e+00
9.869271742769449851e-01
9.875285924209284971e-01
1.013690281684211270e+00
1.033236371363675632e+00
1.018501626836079366e+00
1.008277518388359661e+00
9.884307196369037651e-01
9.872278833489367411e-01
1.017900208692095854e+00
9.736959751093077209e-01
1.023012262915955706e+00
9.884307196369037651e-01
9.836193744850356691e-01
9.794094474771510850e-01
9.905356831408460572e-01
9.908363922128378132e-01
1.000459082516574005e+00
1.009480354676326685e+00
9.544505945018353366e-01
1.015494536116161806e+00
9.998576643725906044e-01
1.005871845812425613e+00
1.001361209732549273e+00
9.812137019091016210e-01

# time bin value
-1.000000000000000000e+02
-9.900000000000000000e+01
-9.800000000000000000e+01
-9.700000000000000000e+01
-9.600000000000000000e+01
-9.500000000000000000e+01
-9.400000000000000000e+01
-9.300000000000000000e+01
-9.200000000000000000e+01
-9.100000000000000000e+01
-9.000000000000000000e+01
-8.900000000000000000e+01
-8.800000000000000000e+01
-8.700000000000000000e+01
-8.600000000000000000e+01
-8.500000000000000000e+01
-8.400000000000000000e+01
-8.300000000000000000e+01
-8.200000000000000000e+01
-8.100000000000000000e+01
-8.000000000000000000e+01
-7.900000000000000000e+01
-7.800000000000000000e+01
-7.700000000000000000e+01
-7.600000000000000000e+01
-7.500000000000000000e+01
-7.400000000000000000e+01
-7.300000000000000000e+01
-7.200000000000000000e+01
-7.100000000000000000e+01
-7.000000000000000000e+01
-6.900000000000000000e+01
-6.800000000000000000e+01
-6.700000000000000000e+01
-6.600000000000000000e+01
-6.500000000000000000e+01
-6.400000000000000000e+01
-6.300000000000000000e+01
-6.200000000000000000e+01
-6.100000000000000000e+01
-6.000000000000000000e+01
-5.900000000000000000e+01
-5.800000000000000000e+01
-5.700000000000000000e+01
-5.600000000000000000e+01
-5.500000000000000000e+01
-5.400000000000000000e+01
-5.300000000000000000e+01
-5.200000000000000000e+01
-5.100000000000000000e+01
-5.000000000000000000e+01
-4.900000000000000000e+01
-4.800000000000000000e+01
-4.700000000000000000e+01
-4.600000000000000000e+01
-4.500000000000000000e+01
-4.400000000000000000e+01
-4.300000000000000000e+01
-4.200000000000000000e+01
-4.100000000000000000e+01
-4.000000000000000000e+01
-3.900000000000000000e+01
-3.800000000000000000e+01
-3.700000000000000000e+01
-3.600000000000000000e+01
-3.500000000000000000e+01
-3.400000000000000000e+01
-3.300000000000000000e+01
-3.200000000000000000e+01
-3.100000000000000000e+01
-3.000000000000000000e+01
-2.900000000000000000e+01
-2.800000000000000000e+01
-2.700000000000000000e+01
-2.600000000000000000e+01
-2.500000000000000000e+01
-2.400000000000000000e+01
-2.300000000000000000e+01
-2.200000000000000000e+01
-2.100000000000000000e+01
-2.000000000000000000e+01
-1.900000000000000000e+01
-1.800000000000000000e+01
-1.700000000000000000e+01
-1.600000000000000000e+01
-1.500000000000000000e+01
-1.400000000000000000e+01
-1.300000000000000000e+01
-1.200000000000000000e+01
-1.100000000000000000e+01
-1.000000000000000000e+01
-9.000000000000000000e+00
-8.000000000000000000e+00
-7.000000000000000000e+00
-6.000000000000000000e+00
-5.000000000000000000e+00
-4.000000000000000000e+00
-3.000000000000000000e+00
-2.000000000000000000e+00
-1.000000000000000000e+00
0.000000000000000000e+00
1.000000000000000000e+00
2.000000000000000000e+00
3.000000000000000000e+00
4.000000000000000000e+00
5.000000000000000000e+00
6.000000000000000000e+00
7.000000000000000000e+00
8.000000000000000000e+00
9.000000000000000000e+00
1.000000000000000000e+01
1.100000000000000000e+01
1.200000000000000000e+01
1.300000000000000000e+01
1.400000000000000000e+01
1.500000000000000000e+01
1.600000000000000000e+01
1.700000000000000000e+01
1.800000000000000000e+01
1.900000000000000000e+01
2.000000000000000000e+01
2.100000000000000000e+01
2.200000000000000000e+01
2.300000000000000000e+01
2.400000000000000000e+01
2.500000000000000000e+01
2.600000000000000000e+01
2.700000000000000000e+01
2.800000000000000000e+01
2.900000000000000000e+01
3.000000000000000000e+01
3.100000000000000000e+01
3.200000000000000000e+01
3.300000000000000000e+01
3.400000000000000000e+01
3.500000000000000000e+01
3.600000000000000000e+01
3.700000000000000000e+01
3.800000000000000000e+01
3.900000000000000000e+01
4.000000000000000000e+01
4.100000000000000000e+01
4.200000000000000000e+01
4.300000000000000000e+01
4.400000000000000000e+01
4.500000000000000000e+01
4.600000000000000000e+01
4.700000000000000000e+01
4.800000000000000000e+01
4.900000000000000000e+01
5.000000000000000000e+01
5.100000000000000000e+01
5.200000000000000000e+01
5.300000000000000000e+01
5.400000000000000000e+01
5.500000000000000000e+01
5.600000000000000000e+01
5.700000000000000000e+01
5.800000000000000000e+01
5.900000000000000000e+01
6.000000000000000000e+01
6.100000000000000000e+01
6.200000000000000000e+01
6.300000000000000000e+01
6.400000000000000000e+01
6.500000000000000000e+01
6.600000000000000000e+01
6.700000000000000000e+01
6.800000000000000000e+01
6.900000000000000000e+01
7.000000000000000000e+01
7.100000000000000000e+01
7.200000000000000000e+01
7.300000000000000000e+01
7.400000000000000000e+01
7.500000000000000000e+01
7.600000000000000000e+01
7.700000000000000000e+01
7.800000000000000000e+01
7.900000000000000000e+01
8.000000000000000000e+01
8.100000000000000000e+01
8.200000000000000000e+01
8.300000000000000000e+01
8.400000000000000000e+01
8.500000000000000000e+01
8.600000000000000000e+01
8.700000000000000000e+01
8.800000000000000000e+01
8.900000000000000000e+01
9.000000000000000000e+01
9.100000000000000000e+01
9.200000000000000000e+01
9.300000000000000000e+01
9.400000000000000000e+01
9.500000000000000000e+01
9.600000000000000000e+01
9.700000000000000000e+01
9.800000000000000000e+01
9.900000000000000000e+01
