single photon fraction:    0.0468
laser fraction:    0.2807
thermal source fraction:    0.2281
non-detected fraction:    0.4444
number of bins:  200.0000
bin width (ns):    1.0000
average detection events per bin: 5000.0000

# binary result
0.000000000000000000e+00

# g2 signal
9.869612022148095409e-01
1.007236267263976526e+00
1.011580924060226705e+00
1.023528730249914309e+00
1.019546128186685108e+00
1.018459963987622618e+00
1.001805446268663857e+00
9.978228442054346559e-01
9.652379182335590890e-01
9.818924359525177392e-01
1.002529555734705591e+00
1.007236267263976526e+00
9.963746252733512998e-01
1.002891610467726347e+00
9.721169581609550026e-01
1.007960376730018259e+00
9.677723013647049344e-01
9.880473664138720302e-01
9.938402421422054545e-01
1.002167501001684835e+00
9.952884610742888105e-01
1.015925580856476662e+00
1.019184073453664130e+00
1.005788048331893059e+00
1.010856814594184971e+00
1.022080511317831064e+00
9.663240824326215783e-01
9.815303812194968724e-01
9.717549034279342468e-01
9.829786001515802285e-01
1.014115307191372439e+00
1.005063938865851547e+00
9.999951726035597455e-01
1.043441740566060538e+00
1.029321605978247733e+00
1.021356401851789331e+00
9.409802511211627918e-01
9.764616149572051818e-01
1.004701884132830569e+00
1.016287635589497418e+00
9.692205202967882904e-01
9.873232569478302967e-01
9.999951726035597455e-01
9.909438042780387423e-01
1.000357227336580612e+00
9.923920232101220984e-01
1.002891610467726347e+00
9.891335306129345195e-01
1.009046540929080749e+00
9.576347688401214420e-01
9.847888738166844513e-01
1.002529555734705591e+00
1.002891610467726347e+00
9.960125705403304330e-01
1.021718456584810086e+00
1.019546128186685108e+00
1.001443391535643102e+00
1.007598321996997282e+00
1.035114481706581158e+00
1.001805446268663857e+00
1.003253665200747324e+00
9.942022968752263212e-01
9.931161326761637209e-01
1.016287635589497418e+00
9.949264063412679437e-01
1.003615719933768080e+00
9.934781874091845877e-01
9.949264063412679437e-01
1.000719282069601368e+00
9.920299684771012316e-01
9.960125705403304330e-01
9.742892865590800922e-01
1.013391197725330706e+00
9.605312067042881541e-01
1.003615719933768080e+00
9.985469536714763894e-01
1.024976949181997776e+00
9.630655898354341105e-01
9.938402421422054545e-01
9.963746252733512998e-01
9.956505158073096773e-01
1.013029142992309950e+00
1.019908182919705864e+00
9.663240824326215783e-01
9.713928486949133800e-01
9.695825750298091572e-01
9.960125705403304330e-01
1.022080511317831064e+00
1.020994347118768353e+00
9.594450425052256648e-01
9.923920232101220984e-01
9.887714758799136527e-01
1.010856814594184971e+00
1.012305033526268216e+00
1.000719282069601368e+00
1.014115307191372439e+00
9.880473664138720302e-01
1.007236267263976526e+00
1.011580924060226705e+00
9.949264063412679437e-01
1.307741695671273519e+00
9.989090084044972562e-01
9.960125705403304330e-01
9.927540779431429652e-01
1.018097909254601641e+00
9.775477791562676710e-01
9.764616149572051818e-01
1.016649690322518396e+00
1.041269412167935560e+00
9.884094211468928970e-01
9.985469536714763894e-01
9.833406548846010953e-01
1.022804620783872576e+00
9.771857244232468043e-01
1.012667088259289194e+00
1.022804620783872576e+00
1.013391197725330706e+00
9.916679137440803649e-01
9.909438042780387423e-01
9.837027096176219620e-01
9.865991474817886742e-01
9.952884610742888105e-01
1.008322431463039015e+00
1.016649690322518396e+00
9.938402421422054545e-01
9.920299684771012316e-01
1.010494759861163994e+00
1.003977774666789058e+00
1.010856814594184971e+00
1.004339829399809814e+00
1.034028317507518668e+00
9.775477791562676710e-01
9.865991474817886742e-01
1.003253665200747324e+00
9.742892865590800922e-01
1.020632292385747597e+00
1.005425993598872303e+00
1.004701884132830569e+00
1.006512157797934792e+00
1.018822018720643374e+00
9.594450425052256648e-01
9.873232569478302967e-01
1.007236267263976526e+00
9.913058590110596091e-01
1.013029142992309950e+00
1.023890784982935065e+00
1.000719282069601368e+00
1.038735029036789603e+00
1.006150103064914036e+00
1.030407770177310223e+00
9.833406548846010953e-01
1.032218043842414446e+00
1.040907357434914582e+00
9.989090084044972562e-01
1.013029142992309950e+00
1.018097909254601641e+00
9.902196948119970088e-01
1.000719282069601368e+00
9.710307939618925133e-01
1.009046540929080749e+00
1.019908182919705864e+00
9.927540779431429652e-01
1.014839416657414173e+00
9.931161326761637209e-01
9.608932614373090209e-01
9.779098338892885378e-01
9.865991474817886742e-01
1.007236267263976526e+00
9.960125705403304330e-01
1.012305033526268216e+00
1.018459963987622618e+00
1.004701884132830569e+00
9.703066844958508907e-01
1.005425993598872303e+00
1.011942978793247461e+00
9.847888738166844513e-01
9.873232569478302967e-01
1.019546128186685108e+00
1.001443391535643102e+00
1.011218869327205727e+00
1.007598321996997282e+00
9.894955853459553863e-01
9.967366800063721666e-01
1.003253665200747324e+00
1.013391197725330706e+00
1.006512157797934792e+00
9.858750380157469406e-01
9.739272318260592254e-01
9.913058590110596091e-01
1.020632292385747597e+00
1.000357227336580612e+00
1.010494759861163994e+00
1.001443391535643102e+00
1.007960376730018259e+00
9.789959980883510271e-01
9.565486046410589527e-01
1.006150103064914036e+00
1.029321605978247733e+00
1.000357227336580612e+00
9.898576400789762531e-01

# time bin value
-1.000000000000000000e+02
-9.900000000000000000e+01
-9.800000000000000000e+01
-9.700000000000000000e+01
-9.600000000000000000e+01
-9.500000000000000000e+01
-9.400000000000000000e+01
-9.300000000000000000e+01
-9.200000000000000000e+01
-9.100000000000000000e+01
-9.000000000000000000e+01
-8.900000000000000000e+01
-8.800000000000000000e+01
-8.700000000000000000e+01
-8.600000000000000000e+01
-8.500000000000000000e+01
-8.400000000000000000e+01
-8.300000000000000000e+01
-8.200000000000000000e+01
-8.100000000000000000e+01
-8.000000000000000000e+01
-7.900000000000000000e+01
-7.800000000000000000e+01
-7.700000000000000000e+01
-7.600000000000000000e+01
-7.500000000000000000e+01
-7.400000000000000000e+01
-7.300000000000000000e+01
-7.200000000000000000e+01
-7.100000000000000000e+01
-7.000000000000000000e+01
-6.900000000000000000e+01
-6.800000000000000000e+01
-6.700000000000000000e+01
-6.600000000000000000e+01
-6.500000000000000000e+01
-6.400000000000000000e+01
-6.300000000000000000e+01
-6.200000000000000000e+01
-6.100000000000000000e+01
-6.000000000000000000e+01
-5.900000000000000000e+01
-5.800000000000000000e+01
-5.700000000000000000e+01
-5.600000000000000000e+01
-5.500000000000000000e+01
-5.400000000000000000e+01
-5.300000000000000000e+01
-5.200000000000000000e+01
-5.100000000000000000e+01
-5.000000000000000000e+01
-4.900000000000000000e+01
-4.800000000000000000e+01
-4.700000000000000000e+01
-4.600000000000000000e+01
-4.500000000000000000e+01
-4.400000000000000000e+01
-4.300000000000000000e+01
-4.200000000000000000e+01
-4.100000000000000000e+01
-4.000000000000000000e+01
-3.900000000000000000e+01
-3.800000000000000000e+01
-3.700000000000000000e+01
-3.600000000000000000e+01
-3.500000000000000000e+01
-3.400000000000000000e+01
-3.300000000000000000e+01
-3.200000000000000000e+01
-3.100000000000000000e+01
-3.000000000000000000e+01
-2.900000000000000000e+01
-2.800000000000000000e+01
-2.700000000000000000e+01
-2.600000000000000000e+01
-2.500000000000000000e+01
-2.400000000000000000e+01
-2.300000000000000000e+01
-2.200000000000000000e+01
-2.100000000000000000e+01
-2.000000000000000000e+01
-1.900000000000000000e+01
-1.800000000000000000e+01
-1.700000000000000000e+01
-1.600000000000000000e+01
-1.500000000000000000e+01
-1.400000000000000000e+01
-1.300000000000000000e+01
-1.200000000000000000e+01
-1.100000000000000000e+01
-1.000000000000000000e+01
-9.000000000000000000e+00
-8.000000000000000000e+00
-7.000000000000000000e+00
-6.000000000000000000e+00
-5.000000000000000000e+00
-4.000000000000000000e+00
-3.000000000000000000e+00
-2.000000000000000000e+00
-1.000000000000000000e+00
0.000000000000000000e+00
1.000000000000000000e+00
2.000000000000000000e+00
3.000000000000000000e+00
4.000000000000000000e+00
5.000000000000000000e+00
6.000000000000000000e+00
7.000000000000000000e+00
8.000000000000000000e+00
9.000000000000000000e+00
1.000000000000000000e+01
1.100000000000000000e+01
1.200000000000000000e+01
1.300000000000000000e+01
1.400000000000000000e+01
1.500000000000000000e+01
1.600000000000000000e+01
1.700000000000000000e+01
1.800000000000000000e+01
1.900000000000000000e+01
2.000000000000000000e+01
2.100000000000000000e+01
2.200000000000000000e+01
2.300000000000000000e+01
2.400000000000000000e+01
2.500000000000000000e+01
2.600000000000000000e+01
2.700000000000000000e+01
2.800000000000000000e+01
2.900000000000000000e+01
3.000000000000000000e+01
3.100000000000000000e+01
3.200000000000000000e+01
3.300000000000000000e+01
3.400000000000000000e+01
3.500000000000000000e+01
3.600000000000000000e+01
3.700000000000000000e+01
3.800000000000000000e+01
3.900000000000000000e+01
4.000000000000000000e+01
4.100000000000000000e+01
4.200000000000000000e+01
4.300000000000000000e+01
4.400000000000000000e+01
4.500000000000000000e+01
4.600000000000000000e+01
4.700000000000000000e+01
4.800000000000000000e+01
4.900000000000000000e+01
5.000000000000000000e+01
5.100000000000000000e+01
5.200000000000000000e+01
5.300000000000000000e+01
5.400000000000000000e+01
5.500000000000000000e+01
5.600000000000000000e+01
5.700000000000000000e+01
5.800000000000000000e+01
5.900000000000000000e+01
6.000000000000000000e+01
6.100000000000000000e+01
6.200000000000000000e+01
6.300000000000000000e+01
6.400000000000000000e+01
6.500000000000000000e+01
6.600000000000000000e+01
6.700000000000000000e+01
6.800000000000000000e+01
6.900000000000000000e+01
7.000000000000000000e+01
7.100000000000000000e+01
7.200000000000000000e+01
7.300000000000000000e+01
7.400000000000000000e+01
7.500000000000000000e+01
7.600000000000000000e+01
7.700000000000000000e+01
7.800000000000000000e+01
7.900000000000000000e+01
8.000000000000000000e+01
8.100000000000000000e+01
8.200000000000000000e+01
8.300000000000000000e+01
8.400000000000000000e+01
8.500000000000000000e+01
8.600000000000000000e+01
8.700000000000000000e+01
8.800000000000000000e+01
8.900000000000000000e+01
9.000000000000000000e+01
9.100000000000000000e+01
9.200000000000000000e+01
9.300000000000000000e+01
9.400000000000000000e+01
9.500000000000000000e+01
9.600000000000000000e+01
9.700000000000000000e+01
9.800000000000000000e+01
9.900000000000000000e+01
