single photon fraction:    0.1368
laser fraction:    0.3462
thermal source fraction:    0.3632
non-detected fraction:    0.1538
number of bins:  200.0000
bin width (ns):    1.0000
average detection events per bin: 5000.0000

# binary result
0.000000000000000000e+00

# g2 signal
1.012637590500280238e+00
1.012162731137794758e+00
9.815343022574816167e-01
9.953052237695604321e-01
1.007176707831697327e+00
9.836711693886661667e-01
9.900817707822201497e-01
1.005989559425483737e+00
9.822465913012098371e-01
1.010500723369095688e+00
1.016199035718921451e+00
9.938806456821039914e-01
1.017386184125135040e+00
1.024271644881174614e+00
1.022134777749989842e+00
1.009313574962882099e+00
1.010500723369095688e+00
9.774979976763550349e-01
9.817717319387243569e-01
1.015011887312707639e+00
1.021422488706261733e+00
9.734616930952284530e-01
1.027358230737330125e+00
9.822465913012098371e-01
9.872326146073072684e-01
9.879449036510354887e-01
9.879449036510354887e-01
1.038042566393253319e+00
9.803471538512679162e-01
9.881823333322782288e-01
1.032581683724670407e+00
9.872326146073072684e-01
1.014537027950222159e+00
1.010975582731581168e+00
9.850957474761226074e-01
1.003140403250570856e+00
1.005752129744240886e+00
1.003615262613056336e+00
9.915063488696765903e-01
1.022134777749989842e+00
1.015249316993950490e+00
1.005752129744240886e+00
9.891320520572491892e-01
9.741739821389566734e-01
9.777354273575977750e-01
9.758359899076558541e-01
9.941180753633467315e-01
9.801097241700251761e-01
1.029969957231000155e+00
9.779728570388405151e-01
9.945929347258322117e-01
9.891320520572491892e-01
1.003377832931813485e+00
9.934057863196185112e-01
9.803471538512679162e-01
1.013349879544008569e+00
9.836711693886661667e-01
9.846208881136371271e-01
1.003140403250570856e+00
1.019523051256319812e+00
9.917437785509193304e-01
1.011925301456552129e+00
1.010738153050338317e+00
9.710873962828010519e-01
1.016436465400164080e+00
9.936432160008612513e-01
9.979169502632305733e-01
9.824840209824525772e-01
9.884197630135209689e-01
1.007176707831697327e+00
1.015011887312707639e+00
1.016673895081406931e+00
9.831963100261807975e-01
1.006226989106726366e+00
9.874700442885500085e-01
1.002190684525599895e+00
9.789225757638114755e-01
1.000291247075657974e+00
1.010975582731581168e+00
9.945929347258322117e-01
1.015011887312707639e+00
1.002190684525599895e+00
9.824840209824525772e-01
9.898443411009774096e-01
1.007414137512940178e+00
9.969672315382596128e-01
1.011450442094066648e+00
9.658639432954607695e-01
9.938806456821039914e-01
1.004802411019269925e+00
1.019997910618805292e+00
1.010738153050338317e+00
9.953052237695604321e-01
9.786851460825687354e-01
1.001240965800628935e+00
9.793974351262969558e-01
9.848583177948798673e-01
1.001715825163114415e+00
9.886571926947637090e-01
9.817717319387243569e-01
1.251729279511718085e+00
1.000053817394415123e+00
1.026645941693602015e+00
1.007888996875425658e+00
9.950677940883176920e-01
9.934057863196185112e-01
1.012162731137794758e+00
9.874700442885500085e-01
1.016911324762649560e+00
1.007176707831697327e+00
9.774979976763550349e-01
1.001240965800628935e+00
1.008838715600396618e+00
9.945929347258322117e-01
9.919812082321620705e-01
1.001953254844357044e+00
9.934057863196185112e-01
1.025933652649873684e+00
9.677633807454026904e-01
9.877074739697927486e-01
9.689505291516163910e-01
1.003377832931813485e+00
1.012637590500280238e+00
1.022134777749989842e+00
9.991040986694442738e-01
9.943555050445894716e-01
9.881823333322782288e-01
9.585036231769359372e-01
9.881823333322782288e-01
1.001240965800628935e+00
9.841460287511516469e-01
9.860454662010935678e-01
1.003615262613056336e+00
9.960175128132886524e-01
1.009313574962882099e+00
9.836711693886661667e-01
9.836711693886661667e-01
9.903192004634628898e-01
1.012400160819037609e+00
9.891320520572491892e-01
9.903192004634628898e-01
1.009313574962882099e+00
9.877074739697927486e-01
1.015249316993950490e+00
9.905566301447056299e-01
9.910314895071911101e-01
1.004090121975541816e+00
1.012875020181523089e+00
9.929309269571330310e-01
1.026645941693602015e+00
9.827214506636953173e-01
1.023321926156203654e+00
1.011213012412823797e+00
1.024271644881174614e+00
9.765482789513840745e-01
1.011925301456552129e+00
9.801097241700251761e-01
9.953052237695604321e-01
1.008601285919153767e+00
9.945929347258322117e-01
9.717996853265292723e-01
9.874700442885500085e-01
9.950677940883176920e-01
9.915063488696765903e-01
1.005989559425483737e+00
1.019760480937562441e+00
1.013349879544008569e+00
1.014062168587736679e+00
1.015011887312707639e+00
1.023084496474960803e+00
1.036617988305796878e+00
9.926934972758902909e-01
9.948303644070749518e-01
1.004327551656784445e+00
9.931683566383757711e-01
9.748862711826848937e-01
9.767857086326268146e-01
1.003140403250570856e+00
1.020947629343776253e+00
1.004327551656784445e+00
1.002902973569328005e+00
9.865203255635790480e-01
1.012400160819037609e+00
9.782102867200832552e-01
1.004802411019269925e+00
1.008601285919153767e+00
9.843834584323943870e-01
9.810594428949961365e-01
1.008126426556668287e+00
9.715622556452865322e-01
1.013824738906494050e+00
9.912689191884338502e-01
9.972046612195023529e-01
1.020235340300047922e+00
1.000053817394415123e+00
1.014299598268979530e+00
9.905566301447056299e-01
9.945929347258322117e-01
9.934057863196185112e-01
1.008601285919153767e+00

# time bin value
-1.000000000000000000e+02
-9.900000000000000000e+01
-9.800000000000000000e+01
-9.700000000000000000e+01
-9.600000000000000000e+01
-9.500000000000000000e+01
-9.400000000000000000e+01
-9.300000000000000000e+01
-9.200000000000000000e+01
-9.100000000000000000e+01
-9.000000000000000000e+01
-8.900000000000000000e+01
-8.800000000000000000e+01
-8.700000000000000000e+01
-8.600000000000000000e+01
-8.500000000000000000e+01
-8.400000000000000000e+01
-8.300000000000000000e+01
-8.200000000000000000e+01
-8.100000000000000000e+01
-8.000000000000000000e+01
-7.900000000000000000e+01
-7.800000000000000000e+01
-7.700000000000000000e+01
-7.600000000000000000e+01
-7.500000000000000000e+01
-7.400000000000000000e+01
-7.300000000000000000e+01
-7.200000000000000000e+01
-7.100000000000000000e+01
-7.000000000000000000e+01
-6.900000000000000000e+01
-6.800000000000000000e+01
-6.700000000000000000e+01
-6.600000000000000000e+01
-6.500000000000000000e+01
-6.400000000000000000e+01
-6.300000000000000000e+01
-6.200000000000000000e+01
-6.100000000000000000e+01
-6.000000000000000000e+01
-5.900000000000000000e+01
-5.800000000000000000e+01
-5.700000000000000000e+01
-5.600000000000000000e+01
-5.500000000000000000e+01
-5.400000000000000000e+01
-5.300000000000000000e+01
-5.200000000000000000e+01
-5.100000000000000000e+01
-5.000000000000000000e+01
-4.900000000000000000e+01
-4.800000000000000000e+01
-4.700000000000000000e+01
-4.600000000000000000e+01
-4.500000000000000000e+01
-4.400000000000000000e+01
-4.300000000000000000e+01
-4.200000000000000000e+01
-4.100000000000000000e+01
-4.000000000000000000e+01
-3.900000000000000000e+01
-3.800000000000000000e+01
-3.700000000000000000e+01
-3.600000000000000000e+01
-3.500000000000000000e+01
-3.400000000000000000e+01
-3.300000000000000000e+01
-3.200000000000000000e+01
-3.100000000000000000e+01
-3.000000000000000000e+01
-2.900000000000000000e+01
-2.800000000000000000e+01
-2.700000000000000000e+01
-2.600000000000000000e+01
-2.500000000000000000e+01
-2.400000000000000000e+01
-2.300000000000000000e+01
-2.200000000000000000e+01
-2.100000000000000000e+01
-2.000000000000000000e+01
-1.900000000000000000e+01
-1.800000000000000000e+01
-1.700000000000000000e+01
-1.600000000000000000e+01
-1.500000000000000000e+01
-1.400000000000000000e+01
-1.300000000000000000e+01
-1.200000000000000000e+01
-1.100000000000000000e+01
-1.000000000000000000e+01
-9.000000000000000000e+00
-8.000000000000000000e+00
-7.000000000000000000e+00
-6.000000000000000000e+00
-5.000000000000000000e+00
-4.000000000000000000e+00
-3.000000000000000000e+00
-2.000000000000000000e+00
-1.000000000000000000e+00
0.000000000000000000e+00
1.000000000000000000e+00
2.000000000000000000e+00
3.000000000000000000e+00
4.000000000000000000e+00
5.000000000000000000e+00
6.000000000000000000e+00
7.000000000000000000e+00
8.000000000000000000e+00
9.000000000000000000e+00
1.000000000000000000e+01
1.100000000000000000e+01
1.200000000000000000e+01
1.300000000000000000e+01
1.400000000000000000e+01
1.500000000000000000e+01
1.600000000000000000e+01
1.700000000000000000e+01
1.800000000000000000e+01
1.900000000000000000e+01
2.000000000000000000e+01
2.100000000000000000e+01
2.200000000000000000e+01
2.300000000000000000e+01
2.400000000000000000e+01
2.500000000000000000e+01
2.600000000000000000e+01
2.700000000000000000e+01
2.800000000000000000e+01
2.900000000000000000e+01
3.000000000000000000e+01
3.100000000000000000e+01
3.200000000000000000e+01
3.300000000000000000e+01
3.400000000000000000e+01
3.500000000000000000e+01
3.600000000000000000e+01
3.700000000000000000e+01
3.800000000000000000e+01
3.900000000000000000e+01
4.000000000000000000e+01
4.100000000000000000e+01
4.200000000000000000e+01
4.300000000000000000e+01
4.400000000000000000e+01
4.500000000000000000e+01
4.600000000000000000e+01
4.700000000000000000e+01
4.800000000000000000e+01
4.900000000000000000e+01
5.000000000000000000e+01
5.100000000000000000e+01
5.200000000000000000e+01
5.300000000000000000e+01
5.400000000000000000e+01
5.500000000000000000e+01
5.600000000000000000e+01
5.700000000000000000e+01
5.800000000000000000e+01
5.900000000000000000e+01
6.000000000000000000e+01
6.100000000000000000e+01
6.200000000000000000e+01
6.300000000000000000e+01
6.400000000000000000e+01
6.500000000000000000e+01
6.600000000000000000e+01
6.700000000000000000e+01
6.800000000000000000e+01
6.900000000000000000e+01
7.000000000000000000e+01
7.100000000000000000e+01
7.200000000000000000e+01
7.300000000000000000e+01
7.400000000000000000e+01
7.500000000000000000e+01
7.600000000000000000e+01
7.700000000000000000e+01
7.800000000000000000e+01
7.900000000000000000e+01
8.000000000000000000e+01
8.100000000000000000e+01
8.200000000000000000e+01
8.300000000000000000e+01
8.400000000000000000e+01
8.500000000000000000e+01
8.600000000000000000e+01
8.700000000000000000e+01
8.800000000000000000e+01
8.900000000000000000e+01
9.000000000000000000e+01
9.100000000000000000e+01
9.200000000000000000e+01
9.300000000000000000e+01
9.400000000000000000e+01
9.500000000000000000e+01
9.600000000000000000e+01
9.700000000000000000e+01
9.800000000000000000e+01
9.900000000000000000e+01
