single photon fraction:    0.0688
laser fraction:    0.1250
thermal source fraction:    0.5938
non-detected fraction:    0.2125
number of bins:  200.0000
bin width (ns):    1.0000
average detection events per bin: 5000.0000

# binary result
0.000000000000000000e+00

# g2 signal
1.004018117312666769e+00
9.996728250534214766e-01
1.022421708057705381e+00
1.021399286349647717e+00
9.897042133998588120e-01
1.000695246761479140e+00
1.001206457615507972e+00
9.828028668704693604e-01
9.991616141993926448e-01
9.641436706984162219e-01
1.006062960728782096e+00
1.004784933593710017e+00
9.794799963192818426e-01
1.007085382436839760e+00
9.774351529031664043e-01
9.981391924913348701e-01
1.025233367754864178e+00
1.008363409571912062e+00
1.005807355301767680e+00
1.021399286349647717e+00
9.999284304804358925e-01
1.017565204944431256e+00
9.971167707832772065e-01
1.030856687149181550e+00
1.008874620425940893e+00
9.771795474761519884e-01
1.011941885550113884e+00
9.960943490752195428e-01
1.007596593290868592e+00
1.011175069269070637e+00
9.983947979183493970e-01
9.736010714979499436e-01
9.922602676700030822e-01
1.026767000316950673e+00
9.743678877789933024e-01
1.008874620425940893e+00
9.700225955197480099e-01
9.971167707832772065e-01
9.894486079728443961e-01
9.764127311951086297e-01
9.759015203410797978e-01
1.006062960728782096e+00
9.930270839510464409e-01
1.009897042133998557e+00
9.968611653562627906e-01
1.009897042133998557e+00
9.991616141993926448e-01
9.715562280818346164e-01
9.587759567311132658e-01
1.004784933593710017e+00
1.006318566155796512e+00
9.968611653562627906e-01
9.958387436482051269e-01
1.023955340619791876e+00
1.001717668469536804e+00
9.948163219401473523e-01
1.011686280123099468e+00
9.897042133998588120e-01
1.006829777009825344e+00
9.991616141993926448e-01
9.687445683846759303e-01
9.966055599292483747e-01
1.020888075495618885e+00
9.705338063737768417e-01
9.761571257680942137e-01
9.897042133998588120e-01
1.014242334393243850e+00
9.940495056591041045e-01
1.029067449160080416e+00
1.014242334393243850e+00
9.853589211406136306e-01
1.036224401116484506e+00
1.024466551473820930e+00
9.899598188268732279e-01
9.840808940055414400e-01
9.971167707832772065e-01
9.948163219401473523e-01
9.799912071733106744e-01
9.912378459619454185e-01
9.799912071733106744e-01
9.810136288813683381e-01
1.001973273896551220e+00
9.792243908922674267e-01
9.950719273671617682e-01
9.871481591297145419e-01
1.014497939820258265e+00
1.005551749874753265e+00
1.007085382436839760e+00
9.874037645567290689e-01
9.981391924913348701e-01
1.019610048360546806e+00
1.010408252988027389e+00
9.963499545022339587e-01
1.015520361528315929e+00
1.006829777009825344e+00
9.930270839510464409e-01
1.024977762327849762e+00
1.020376864641590053e+00
9.948163219401473523e-01
9.856145265676280465e-01
1.690063083419387047e+00
9.991616141993926448e-01
1.011430674696085052e+00
9.966055599292483747e-01
1.000184035907450308e+00
1.009897042133998557e+00
9.861257374216568783e-01
9.953275327941761841e-01
1.012453096404142716e+00
1.034690768554397788e+00
9.930270839510464409e-01
9.963499545022339587e-01
9.493185559315795441e-01
1.001206457615507972e+00
9.891930025458299802e-01
1.022421708057705381e+00
9.838252885785270241e-01
1.002484484750580274e+00
9.884261862647867325e-01
9.909822405349310026e-01
9.651660924064738856e-01
1.010152647561012973e+00
1.005296144447738849e+00
9.927714785240320250e-01
9.664441195415460761e-01
9.812692343083827540e-01
1.007085382436839760e+00
9.963499545022339587e-01
1.032901530565296877e+00
9.799912071733106744e-01
9.927714785240320250e-01
1.000695246761479140e+00
9.994172196264070607e-01
9.810136288813683381e-01
1.012708701831157132e+00
1.023955340619791876e+00
1.010663858415041805e+00
9.912378459619454185e-01
1.003506906458637937e+00
9.702782009467624258e-01
1.001973273896551220e+00
9.891930025458299802e-01
9.991616141993926448e-01
1.015009150674287097e+00
1.022932918911734212e+00
9.748790986330221342e-01
9.912378459619454185e-01
9.802468126003250903e-01
9.943051110861185204e-01
1.007852198717883230e+00
9.807580234543539222e-01
9.797356017462962585e-01
1.010919463842056221e+00
9.891930025458299802e-01
9.971167707832772065e-01
1.017053994090402425e+00
9.996728250534214766e-01
9.899598188268732279e-01
9.958387436482051269e-01
9.741122823519788865e-01
9.812692343083827540e-01
9.830584722974837764e-01
9.851033157135992147e-01
1.002228879323565636e+00
1.004273722739681185e+00
9.897042133998588120e-01
9.636324598443873901e-01
1.016031572382344761e+00
1.008363409571912062e+00
1.023699735192777460e+00
9.912378459619454185e-01
1.038524849959614249e+00
9.912378459619454185e-01
1.003251301031623521e+00
1.000184035907450308e+00
9.994172196264070607e-01
9.817804451624115858e-01
9.661885141145316602e-01
1.014753545247272681e+00
9.843364994325558559e-01
9.902154242538877549e-01
1.001973273896551220e+00
1.026511394889936257e+00
1.019865653787561222e+00
1.001462063042522388e+00
9.843364994325558559e-01
9.881705808377723166e-01
9.802468126003250903e-01
9.771795474761519884e-01
9.702782009467624258e-01
9.950719273671617682e-01
9.894486079728443961e-01
9.794799963192818426e-01
9.753903094870509660e-01
9.659329086875172443e-01
1.016542783236373593e+00
9.948163219401473523e-01
9.894486079728443961e-01
1.016287177809359177e+00
1.000439641334464724e+00

# time bin value
-1.000000000000000000e+02
-9.900000000000000000e+01
-9.800000000000000000e+01
-9.700000000000000000e+01
-9.600000000000000000e+01
-9.500000000000000000e+01
-9.400000000000000000e+01
-9.300000000000000000e+01
-9.200000000000000000e+01
-9.100000000000000000e+01
-9.000000000000000000e+01
-8.900000000000000000e+01
-8.800000000000000000e+01
-8.700000000000000000e+01
-8.600000000000000000e+01
-8.500000000000000000e+01
-8.400000000000000000e+01
-8.300000000000000000e+01
-8.200000000000000000e+01
-8.100000000000000000e+01
-8.000000000000000000e+01
-7.900000000000000000e+01
-7.800000000000000000e+01
-7.700000000000000000e+01
-7.600000000000000000e+01
-7.500000000000000000e+01
-7.400000000000000000e+01
-7.300000000000000000e+01
-7.200000000000000000e+01
-7.100000000000000000e+01
-7.000000000000000000e+01
-6.900000000000000000e+01
-6.800000000000000000e+01
-6.700000000000000000e+01
-6.600000000000000000e+01
-6.500000000000000000e+01
-6.400000000000000000e+01
-6.300000000000000000e+01
-6.200000000000000000e+01
-6.100000000000000000e+01
-6.000000000000000000e+01
-5.900000000000000000e+01
-5.800000000000000000e+01
-5.700000000000000000e+01
-5.600000000000000000e+01
-5.500000000000000000e+01
-5.400000000000000000e+01
-5.300000000000000000e+01
-5.200000000000000000e+01
-5.100000000000000000e+01
-5.000000000000000000e+01
-4.900000000000000000e+01
-4.800000000000000000e+01
-4.700000000000000000e+01
-4.600000000000000000e+01
-4.500000000000000000e+01
-4.400000000000000000e+01
-4.300000000000000000e+01
-4.200000000000000000e+01
-4.100000000000000000e+01
-4.000000000000000000e+01
-3.900000000000000000e+01
-3.800000000000000000e+01
-3.700000000000000000e+01
-3.600000000000000000e+01
-3.500000000000000000e+01
-3.400000000000000000e+01
-3.300000000000000000e+01
-3.200000000000000000e+01
-3.100000000000000000e+01
-3.000000000000000000e+01
-2.900000000000000000e+01
-2.800000000000000000e+01
-2.700000000000000000e+01
-2.600000000000000000e+01
-2.500000000000000000e+01
-2.400000000000000000e+01
-2.300000000000000000e+01
-2.200000000000000000e+01
-2.100000000000000000e+01
-2.000000000000000000e+01
-1.900000000000000000e+01
-1.800000000000000000e+01
-1.700000000000000000e+01
-1.600000000000000000e+01
-1.500000000000000000e+01
-1.400000000000000000e+01
-1.300000000000000000e+01
-1.200000000000000000e+01
-1.100000000000000000e+01
-1.000000000000000000e+01
-9.000000000000000000e+00
-8.000000000000000000e+00
-7.000000000000000000e+00
-6.000000000000000000e+00
-5.000000000000000000e+00
-4.000000000000000000e+00
-3.000000000000000000e+00
-2.000000000000000000e+00
-1.000000000000000000e+00
0.000000000000000000e+00
1.000000000000000000e+00
2.000000000000000000e+00
3.000000000000000000e+00
4.000000000000000000e+00
5.000000000000000000e+00
6.000000000000000000e+00
7.000000000000000000e+00
8.000000000000000000e+00
9.000000000000000000e+00
1.000000000000000000e+01
1.100000000000000000e+01
1.200000000000000000e+01
1.300000000000000000e+01
1.400000000000000000e+01
1.500000000000000000e+01
1.600000000000000000e+01
1.700000000000000000e+01
1.800000000000000000e+01
1.900000000000000000e+01
2.000000000000000000e+01
2.100000000000000000e+01
2.200000000000000000e+01
2.300000000000000000e+01
2.400000000000000000e+01
2.500000000000000000e+01
2.600000000000000000e+01
2.700000000000000000e+01
2.800000000000000000e+01
2.900000000000000000e+01
3.000000000000000000e+01
3.100000000000000000e+01
3.200000000000000000e+01
3.300000000000000000e+01
3.400000000000000000e+01
3.500000000000000000e+01
3.600000000000000000e+01
3.700000000000000000e+01
3.800000000000000000e+01
3.900000000000000000e+01
4.000000000000000000e+01
4.100000000000000000e+01
4.200000000000000000e+01
4.300000000000000000e+01
4.400000000000000000e+01
4.500000000000000000e+01
4.600000000000000000e+01
4.700000000000000000e+01
4.800000000000000000e+01
4.900000000000000000e+01
5.000000000000000000e+01
5.100000000000000000e+01
5.200000000000000000e+01
5.300000000000000000e+01
5.400000000000000000e+01
5.500000000000000000e+01
5.600000000000000000e+01
5.700000000000000000e+01
5.800000000000000000e+01
5.900000000000000000e+01
6.000000000000000000e+01
6.100000000000000000e+01
6.200000000000000000e+01
6.300000000000000000e+01
6.400000000000000000e+01
6.500000000000000000e+01
6.600000000000000000e+01
6.700000000000000000e+01
6.800000000000000000e+01
6.900000000000000000e+01
7.000000000000000000e+01
7.100000000000000000e+01
7.200000000000000000e+01
7.300000000000000000e+01
7.400000000000000000e+01
7.500000000000000000e+01
7.600000000000000000e+01
7.700000000000000000e+01
7.800000000000000000e+01
7.900000000000000000e+01
8.000000000000000000e+01
8.100000000000000000e+01
8.200000000000000000e+01
8.300000000000000000e+01
8.400000000000000000e+01
8.500000000000000000e+01
8.600000000000000000e+01
8.700000000000000000e+01
8.800000000000000000e+01
8.900000000000000000e+01
9.000000000000000000e+01
9.100000000000000000e+01
9.200000000000000000e+01
9.300000000000000000e+01
9.400000000000000000e+01
9.500000000000000000e+01
9.600000000000000000e+01
9.700000000000000000e+01
9.800000000000000000e+01
9.900000000000000000e+01
