single photon fraction:    0.3750
laser fraction:    0.1207
thermal source fraction:    0.1810
non-detected fraction:    0.3233
number of bins:  200.0000
bin width (ns):    1.0000
average detection events per bin: 5000.0000

# binary result
0.000000000000000000e+00

# g2 signal
9.900823284674933333e-01
1.002867175351608076e+00
1.016841310317966096e+00
1.032302055387128270e+00
1.033194021448810673e+00
1.006732361618898564e+00
9.764055155216960769e-01
1.000191277166560866e+00
9.987046670637568235e-01
1.014760056174040415e+00
9.764055155216960769e-01
1.016543988297405221e+00
1.022787750729182266e+00
9.618367365142165282e-01
1.031112767304884992e+00
9.868117862413243735e-01
1.010894869906749927e+00
9.912716165497365006e-01
1.029626157202080838e+00
9.963260908992702669e-01
1.017138632338526971e+00
9.969207349403919061e-01
1.003461819392729604e+00
1.021895784667499862e+00
9.796760577478650367e-01
1.000488599187121519e+00
9.755135494600136736e-01
1.001975209289925672e+00
9.767028375422569519e-01
1.016246666276844568e+00
9.850278541179595670e-01
1.002272531310486547e+00
1.004056463433851354e+00
9.582688722674868043e-01
9.740269393572096313e-01
1.006435039598337911e+00
1.011786835968432330e+00
1.021301140626378334e+00
1.005543073536655285e+00
1.008813615762824245e+00
9.871091082618852486e-01
1.006435039598337911e+00
9.668912108637501834e-01
9.891903624058109301e-01
9.820546339123514823e-01
1.003461819392729604e+00
1.004948429495533757e+00
9.900823284674933333e-01
9.805680238095474399e-01
1.006732361618898564e+00
1.006435039598337911e+00
9.755135494600136736e-01
9.981100230226351844e-01
9.882983963441284159e-01
1.014462734153479540e+00
9.918662605908581398e-01
1.003164497372168951e+00
1.032302055387128270e+00
9.930555486731014181e-01
9.939475147347838213e-01
1.001677887269364797e+00
1.025463648914229475e+00
9.891903624058109301e-01
9.853251761385203311e-01
9.936501927142230572e-01
1.032896699428249798e+00
9.838385660357162887e-01
9.948394807964662245e-01
9.981100230226351844e-01
9.948394807964662245e-01
9.689724650076758650e-01
9.936501927142230572e-01
1.008813615762824245e+00
9.921635826114190149e-01
9.903796504880540974e-01
9.909742945291757366e-01
1.007624327680580967e+00
1.028734191140398435e+00
1.030220801243202589e+00
9.930555486731014181e-01
1.003461819392729604e+00
9.808653458301082040e-01
1.016543988297405221e+00
1.005245751516094632e+00
9.972180569609527812e-01
9.945421587759054605e-01
1.014462734153479540e+00
1.013868090112358011e+00
1.014165412132918886e+00
9.823519559329122464e-01
9.814599898712298431e-01
1.011786835968432330e+00
9.749189054188920345e-01
1.000488599187121519e+00
1.021895784667499862e+00
1.005840395557216160e+00
9.984073450431959484e-01
1.010300225865628398e+00
9.891903624058109301e-01
9.799733797684258008e-01
7.180326796543532453e-01
1.017435954359087624e+00
9.796760577478650367e-01
1.008218971721702717e+00
9.903796504880540974e-01
1.008218971721702717e+00
1.023085072749743141e+00
9.856224981590812062e-01
9.978127010020743093e-01
9.951368028170270996e-01
1.023382394770303794e+00
1.018327920420770250e+00
9.880010743235676518e-01
1.004651107474972882e+00
9.903796504880540974e-01
1.009110937783385120e+00
1.022490428708621391e+00
1.000785921207682394e+00
9.847305320973988030e-01
1.004353785454412229e+00
1.008516293742263370e+00
9.963260908992702669e-01
1.034085987510493077e+00
9.838385660357162887e-01
9.998939551459999908e-01
1.008813615762824245e+00
1.009705581824506648e+00
1.008813615762824245e+00
9.885957183646892910e-01
1.005245751516094632e+00
1.012976124050675608e+00
1.012976124050675608e+00
1.008813615762824245e+00
9.963260908992702669e-01
9.990019890843175876e-01
1.027544903058155157e+00
1.025760970934790350e+00
9.850278541179595670e-01
1.009110937783385120e+00
1.009705581824506648e+00
9.992993111048783517e-01
9.930555486731014181e-01
9.915689385702973757e-01
9.900823284674933333e-01
1.008218971721702717e+00
1.016246666276844568e+00
1.012381480009554080e+00
1.004651107474972882e+00
9.992993111048783517e-01
9.710537191516015465e-01
1.010002903845067523e+00
9.990019890843175876e-01
1.022490428708621391e+00
9.915689385702973757e-01
1.010002903845067523e+00
1.022490428708621391e+00
1.001380565248804144e+00
9.966234129198311420e-01
1.016543988297405221e+00
9.915689385702973757e-01
9.998939551459999908e-01
1.012678802030114733e+00
1.037356529736661814e+00
9.865144642207636094e-01
1.043600292168438859e+00
9.924609046319797789e-01
1.013570768091797136e+00
9.844332100768379279e-01
9.897850064469324582e-01
9.948394807964662245e-01
1.032302055387128270e+00
9.674858549048718226e-01
1.009408259803945995e+00
1.040032427921709246e+00
9.975153789815135452e-01
9.612420924730948890e-01
9.787840916861826335e-01
1.010894869906749927e+00
9.808653458301082040e-01
1.007029683639459439e+00
1.024571682852547072e+00
9.689724650076758650e-01
1.000785921207682394e+00
9.912716165497365006e-01
9.945421587759054605e-01
1.006732361618898564e+00
9.987046670637568235e-01
1.001083243228243269e+00
1.008813615762824245e+00
1.021301140626378334e+00
1.007029683639459439e+00
9.820546339123514823e-01
1.029328835181520185e+00
9.850278541179595670e-01
1.021598462646938987e+00
1.003759141413290479e+00
9.960287688787095028e-01
1.000488599187121519e+00
1.015057378194601290e+00
1.012976124050675608e+00

# time bin value
-1.000000000000000000e+02
-9.900000000000000000e+01
-9.800000000000000000e+01
-9.700000000000000000e+01
-9.600000000000000000e+01
-9.500000000000000000e+01
-9.400000000000000000e+01
-9.300000000000000000e+01
-9.200000000000000000e+01
-9.100000000000000000e+01
-9.000000000000000000e+01
-8.900000000000000000e+01
-8.800000000000000000e+01
-8.700000000000000000e+01
-8.600000000000000000e+01
-8.500000000000000000e+01
-8.400000000000000000e+01
-8.300000000000000000e+01
-8.200000000000000000e+01
-8.100000000000000000e+01
-8.000000000000000000e+01
-7.900000000000000000e+01
-7.800000000000000000e+01
-7.700000000000000000e+01
-7.600000000000000000e+01
-7.500000000000000000e+01
-7.400000000000000000e+01
-7.300000000000000000e+01
-7.200000000000000000e+01
-7.100000000000000000e+01
-7.000000000000000000e+01
-6.900000000000000000e+01
-6.800000000000000000e+01
-6.700000000000000000e+01
-6.600000000000000000e+01
-6.500000000000000000e+01
-6.400000000000000000e+01
-6.300000000000000000e+01
-6.200000000000000000e+01
-6.100000000000000000e+01
-6.000000000000000000e+01
-5.900000000000000000e+01
-5.800000000000000000e+01
-5.700000000000000000e+01
-5.600000000000000000e+01
-5.500000000000000000e+01
-5.400000000000000000e+01
-5.300000000000000000e+01
-5.200000000000000000e+01
-5.100000000000000000e+01
-5.000000000000000000e+01
-4.900000000000000000e+01
-4.800000000000000000e+01
-4.700000000000000000e+01
-4.600000000000000000e+01
-4.500000000000000000e+01
-4.400000000000000000e+01
-4.300000000000000000e+01
-4.200000000000000000e+01
-4.100000000000000000e+01
-4.000000000000000000e+01
-3.900000000000000000e+01
-3.800000000000000000e+01
-3.700000000000000000e+01
-3.600000000000000000e+01
-3.500000000000000000e+01
-3.400000000000000000e+01
-3.300000000000000000e+01
-3.200000000000000000e+01
-3.100000000000000000e+01
-3.000000000000000000e+01
-2.900000000000000000e+01
-2.800000000000000000e+01
-2.700000000000000000e+01
-2.600000000000000000e+01
-2.500000000000000000e+01
-2.400000000000000000e+01
-2.300000000000000000e+01
-2.200000000000000000e+01
-2.100000000000000000e+01
-2.000000000000000000e+01
-1.900000000000000000e+01
-1.800000000000000000e+01
-1.700000000000000000e+01
-1.600000000000000000e+01
-1.500000000000000000e+01
-1.400000000000000000e+01
-1.300000000000000000e+01
-1.200000000000000000e+01
-1.100000000000000000e+01
-1.000000000000000000e+01
-9.000000000000000000e+00
-8.000000000000000000e+00
-7.000000000000000000e+00
-6.000000000000000000e+00
-5.000000000000000000e+00
-4.000000000000000000e+00
-3.000000000000000000e+00
-2.000000000000000000e+00
-1.000000000000000000e+00
0.000000000000000000e+00
1.000000000000000000e+00
2.000000000000000000e+00
3.000000000000000000e+00
4.000000000000000000e+00
5.000000000000000000e+00
6.000000000000000000e+00
7.000000000000000000e+00
8.000000000000000000e+00
9.000000000000000000e+00
1.000000000000000000e+01
1.100000000000000000e+01
1.200000000000000000e+01
1.300000000000000000e+01
1.400000000000000000e+01
1.500000000000000000e+01
1.600000000000000000e+01
1.700000000000000000e+01
1.800000000000000000e+01
1.900000000000000000e+01
2.000000000000000000e+01
2.100000000000000000e+01
2.200000000000000000e+01
2.300000000000000000e+01
2.400000000000000000e+01
2.500000000000000000e+01
2.600000000000000000e+01
2.700000000000000000e+01
2.800000000000000000e+01
2.900000000000000000e+01
3.000000000000000000e+01
3.100000000000000000e+01
3.200000000000000000e+01
3.300000000000000000e+01
3.400000000000000000e+01
3.500000000000000000e+01
3.600000000000000000e+01
3.700000000000000000e+01
3.800000000000000000e+01
3.900000000000000000e+01
4.000000000000000000e+01
4.100000000000000000e+01
4.200000000000000000e+01
4.300000000000000000e+01
4.400000000000000000e+01
4.500000000000000000e+01
4.600000000000000000e+01
4.700000000000000000e+01
4.800000000000000000e+01
4.900000000000000000e+01
5.000000000000000000e+01
5.100000000000000000e+01
5.200000000000000000e+01
5.300000000000000000e+01
5.400000000000000000e+01
5.500000000000000000e+01
5.600000000000000000e+01
5.700000000000000000e+01
5.800000000000000000e+01
5.900000000000000000e+01
6.000000000000000000e+01
6.100000000000000000e+01
6.200000000000000000e+01
6.300000000000000000e+01
6.400000000000000000e+01
6.500000000000000000e+01
6.600000000000000000e+01
6.700000000000000000e+01
6.800000000000000000e+01
6.900000000000000000e+01
7.000000000000000000e+01
7.100000000000000000e+01
7.200000000000000000e+01
7.300000000000000000e+01
7.400000000000000000e+01
7.500000000000000000e+01
7.600000000000000000e+01
7.700000000000000000e+01
7.800000000000000000e+01
7.900000000000000000e+01
8.000000000000000000e+01
8.100000000000000000e+01
8.200000000000000000e+01
8.300000000000000000e+01
8.400000000000000000e+01
8.500000000000000000e+01
8.600000000000000000e+01
8.700000000000000000e+01
8.800000000000000000e+01
8.900000000000000000e+01
9.000000000000000000e+01
9.100000000000000000e+01
9.200000000000000000e+01
9.300000000000000000e+01
9.400000000000000000e+01
9.500000000000000000e+01
9.600000000000000000e+01
9.700000000000000000e+01
9.800000000000000000e+01
9.900000000000000000e+01
