single photon fraction:    0.3265
laser fraction:    0.0136
thermal source fraction:    0.3129
non-detected fraction:    0.3469
number of bins:  200.0000
bin width (ns):    1.0000
average detection events per bin: 5000.0000

# binary result
0.000000000000000000e+00

# g2 signal
1.003164212571020286e+00
1.017332328560663246e+00
1.007784250393729986e+00
9.812960335435280124e-01
9.840680562371537654e-01
1.010864275608869711e+00
1.022568371426400891e+00
1.009940268044327683e+00
1.041356525238753328e+00
9.988521772698246703e-01
9.954641495331708612e-01
9.708239478120528343e-01
1.023184376469428836e+00
9.748279805917344776e-01
1.005012227700104122e+00
1.006860242829187957e+00
9.966961596192268624e-01
9.800640234574721221e-01
1.028420419335166258e+00
1.006860242829187957e+00
9.911521142319752453e-01
1.017948333603691191e+00
1.008092252915243847e+00
1.001932202484964396e+00
9.951561470116568886e-01
9.902281066674333276e-01
1.006860242829187957e+00
9.560398267793819294e-01
1.029960431942736232e+00
1.003780217614048231e+00
9.797560209359581496e-01
1.031808447071820067e+00
9.880720890168355197e-01
1.001932202484964396e+00
1.021952366383372945e+00
1.020412353775802972e+00
1.013944300824009437e+00
9.886880940598634648e-01
9.979281697052827527e-01
9.920761217965171630e-01
1.005628232743132067e+00
9.871480814522936020e-01
1.000084187355880561e+00
9.785240108499022593e-01
9.766759957208183129e-01
9.840680562371537654e-01
9.831440486726118477e-01
9.760599906777903678e-01
1.023184376469428836e+00
1.003780217614048231e+00
9.976201671837687801e-01
9.763679931993043404e-01
9.902281066674333276e-01
1.009324263001299737e+00
9.883800915383494923e-01
9.970041621407408350e-01
9.970041621407408350e-01
1.016100318474607356e+00
9.674359200753990251e-01
9.985441747483106978e-01
9.822200411080699300e-01
9.868400789307796295e-01
9.948481444901429160e-01
1.004704225178590260e+00
1.015792315953093272e+00
1.007168245350702040e+00
1.017024326039149162e+00
9.665119125108571074e-01
9.920761217965171630e-01
1.009016260479785876e+00
1.013328295780981492e+00
9.779080058068743142e-01
1.014252303345523520e+00
9.933081318825730532e-01
9.834520511941258203e-01
9.745199780702205050e-01
9.979281697052827527e-01
1.003472215092534370e+00
1.016100318474607356e+00
9.985441747483106978e-01
1.003472215092534370e+00
1.032116449593334151e+00
9.963881570977128899e-01
1.010248270565841766e+00
9.991601797913386429e-01
9.840680562371537654e-01
9.923841243180311356e-01
1.003164212571020286e+00
9.970041621407408350e-01
9.729799654626506422e-01
1.030884439507278261e+00
9.889960965813774374e-01
1.005320230221618205e+00
1.018564338646719136e+00
1.014560305867037382e+00
9.856080688447236282e-01
1.024108384033970642e+00
1.009940268044327683e+00
1.002856210049506425e+00
1.004704225178590260e+00
9.541918116502980940e-01
1.001932202484964396e+00
1.020720356297317055e+00
9.896121016244053825e-01
9.889960965813774374e-01
9.966961596192268624e-01
1.017948333603691191e+00
1.021644363861858862e+00
9.831440486726118477e-01
1.007476247872215902e+00
9.825280436295839026e-01
9.982361722267967252e-01
1.009016260479785876e+00
1.023800381512456781e+00
1.027496411770624452e+00
9.902281066674333276e-01
1.001624199963450534e+00
9.797560209359581496e-01
9.970041621407408350e-01
9.994681823128526155e-01
1.013944300824009437e+00
9.997761848343665880e-01
9.899201041459193551e-01
9.933081318825730532e-01
9.776000032853603416e-01
9.714399528550807794e-01
1.007784250393729986e+00
9.994681823128526155e-01
1.010864275608869711e+00
1.018564338646719136e+00
9.954641495331708612e-01
1.009016260479785876e+00
9.914601167534892179e-01
1.011788283173411740e+00
1.036428484894529767e+00
9.837600537156397928e-01
1.002240205006478480e+00
9.939241369256009984e-01
1.008400255436757931e+00
1.016408320996121217e+00
9.982361722267967252e-01
1.028112416813652397e+00
9.702079427690248892e-01
1.011788283173411740e+00
1.009016260479785876e+00
1.007476247872215902e+00
9.862240738877515733e-01
1.012712290737953547e+00
9.883800915383494923e-01
1.009016260479785876e+00
9.889960965813774374e-01
9.982361722267967252e-01
9.720559578981087245e-01
9.714399528550807794e-01
1.022260368904886807e+00
1.007168245350702040e+00
1.000084187355880561e+00
1.014560305867037382e+00
1.005936235264646150e+00
1.013328295780981492e+00
1.001932202484964396e+00
9.985441747483106978e-01
9.812960335435280124e-01
9.880720890168355197e-01
1.009632265522813821e+00
9.819120385865559575e-01
9.825280436295839026e-01
9.628158822526894367e-01
1.032424452114848012e+00
9.723639604196226971e-01
1.016716323517635301e+00
9.899201041459193551e-01
9.902281066674333276e-01
9.957721520546848337e-01
1.003780217614048231e+00
1.009324263001299737e+00
1.033040457157875958e+00
9.686679301614550264e-01
9.960801545761988063e-01
1.012712290737953547e+00
9.936161344040870258e-01
1.017640331082177108e+00
9.926921268395451081e-01
1.022260368904886807e+00
1.004704225178590260e+00
1.011480280651897656e+00
9.945401419686289435e-01
1.030576436985764177e+00
9.991601797913386429e-01
9.976201671837687801e-01
9.649718999032872446e-01
9.945401419686289435e-01
1.014252303345523520e+00
1.018872341168232998e+00
9.994681823128526155e-01
9.908441117104612728e-01
9.825280436295839026e-01
1.009940268044327683e+00
9.837600537156397928e-01
9.825280436295839026e-01

# time bin value
-1.000000000000000000e+02
-9.900000000000000000e+01
-9.800000000000000000e+01
-9.700000000000000000e+01
-9.600000000000000000e+01
-9.500000000000000000e+01
-9.400000000000000000e+01
-9.300000000000000000e+01
-9.200000000000000000e+01
-9.100000000000000000e+01
-9.000000000000000000e+01
-8.900000000000000000e+01
-8.800000000000000000e+01
-8.700000000000000000e+01
-8.600000000000000000e+01
-8.500000000000000000e+01
-8.400000000000000000e+01
-8.300000000000000000e+01
-8.200000000000000000e+01
-8.100000000000000000e+01
-8.000000000000000000e+01
-7.900000000000000000e+01
-7.800000000000000000e+01
-7.700000000000000000e+01
-7.600000000000000000e+01
-7.500000000000000000e+01
-7.400000000000000000e+01
-7.300000000000000000e+01
-7.200000000000000000e+01
-7.100000000000000000e+01
-7.000000000000000000e+01
-6.900000000000000000e+01
-6.800000000000000000e+01
-6.700000000000000000e+01
-6.600000000000000000e+01
-6.500000000000000000e+01
-6.400000000000000000e+01
-6.300000000000000000e+01
-6.200000000000000000e+01
-6.100000000000000000e+01
-6.000000000000000000e+01
-5.900000000000000000e+01
-5.800000000000000000e+01
-5.700000000000000000e+01
-5.600000000000000000e+01
-5.500000000000000000e+01
-5.400000000000000000e+01
-5.300000000000000000e+01
-5.200000000000000000e+01
-5.100000000000000000e+01
-5.000000000000000000e+01
-4.900000000000000000e+01
-4.800000000000000000e+01
-4.700000000000000000e+01
-4.600000000000000000e+01
-4.500000000000000000e+01
-4.400000000000000000e+01
-4.300000000000000000e+01
-4.200000000000000000e+01
-4.100000000000000000e+01
-4.000000000000000000e+01
-3.900000000000000000e+01
-3.800000000000000000e+01
-3.700000000000000000e+01
-3.600000000000000000e+01
-3.500000000000000000e+01
-3.400000000000000000e+01
-3.300000000000000000e+01
-3.200000000000000000e+01
-3.100000000000000000e+01
-3.000000000000000000e+01
-2.900000000000000000e+01
-2.800000000000000000e+01
-2.700000000000000000e+01
-2.600000000000000000e+01
-2.500000000000000000e+01
-2.400000000000000000e+01
-2.300000000000000000e+01
-2.200000000000000000e+01
-2.100000000000000000e+01
-2.000000000000000000e+01
-1.900000000000000000e+01
-1.800000000000000000e+01
-1.700000000000000000e+01
-1.600000000000000000e+01
-1.500000000000000000e+01
-1.400000000000000000e+01
-1.300000000000000000e+01
-1.200000000000000000e+01
-1.100000000000000000e+01
-1.000000000000000000e+01
-9.000000000000000000e+00
-8.000000000000000000e+00
-7.000000000000000000e+00
-6.000000000000000000e+00
-5.000000000000000000e+00
-4.000000000000000000e+00
-3.000000000000000000e+00
-2.000000000000000000e+00
-1.000000000000000000e+00
0.000000000000000000e+00
1.000000000000000000e+00
2.000000000000000000e+00
3.000000000000000000e+00
4.000000000000000000e+00
5.000000000000000000e+00
6.000000000000000000e+00
7.000000000000000000e+00
8.000000000000000000e+00
9.000000000000000000e+00
1.000000000000000000e+01
1.100000000000000000e+01
1.200000000000000000e+01
1.300000000000000000e+01
1.400000000000000000e+01
1.500000000000000000e+01
1.600000000000000000e+01
1.700000000000000000e+01
1.800000000000000000e+01
1.900000000000000000e+01
2.000000000000000000e+01
2.100000000000000000e+01
2.200000000000000000e+01
2.300000000000000000e+01
2.400000000000000000e+01
2.500000000000000000e+01
2.600000000000000000e+01
2.700000000000000000e+01
2.800000000000000000e+01
2.900000000000000000e+01
3.000000000000000000e+01
3.100000000000000000e+01
3.200000000000000000e+01
3.300000000000000000e+01
3.400000000000000000e+01
3.500000000000000000e+01
3.600000000000000000e+01
3.700000000000000000e+01
3.800000000000000000e+01
3.900000000000000000e+01
4.000000000000000000e+01
4.100000000000000000e+01
4.200000000000000000e+01
4.300000000000000000e+01
4.400000000000000000e+01
4.500000000000000000e+01
4.600000000000000000e+01
4.700000000000000000e+01
4.800000000000000000e+01
4.900000000000000000e+01
5.000000000000000000e+01
5.100000000000000000e+01
5.200000000000000000e+01
5.300000000000000000e+01
5.400000000000000000e+01
5.500000000000000000e+01
5.600000000000000000e+01
5.700000000000000000e+01
5.800000000000000000e+01
5.900000000000000000e+01
6.000000000000000000e+01
6.100000000000000000e+01
6.200000000000000000e+01
6.300000000000000000e+01
6.400000000000000000e+01
6.500000000000000000e+01
6.600000000000000000e+01
6.700000000000000000e+01
6.800000000000000000e+01
6.900000000000000000e+01
7.000000000000000000e+01
7.100000000000000000e+01
7.200000000000000000e+01
7.300000000000000000e+01
7.400000000000000000e+01
7.500000000000000000e+01
7.600000000000000000e+01
7.700000000000000000e+01
7.800000000000000000e+01
7.900000000000000000e+01
8.000000000000000000e+01
8.100000000000000000e+01
8.200000000000000000e+01
8.300000000000000000e+01
8.400000000000000000e+01
8.500000000000000000e+01
8.600000000000000000e+01
8.700000000000000000e+01
8.800000000000000000e+01
8.900000000000000000e+01
9.000000000000000000e+01
9.100000000000000000e+01
9.200000000000000000e+01
9.300000000000000000e+01
9.400000000000000000e+01
9.500000000000000000e+01
9.600000000000000000e+01
9.700000000000000000e+01
9.800000000000000000e+01
9.900000000000000000e+01
