single photon fraction:    0.0382
laser fraction:    0.3550
thermal source fraction:    0.2901
non-detected fraction:    0.3168
number of bins:  200.0000
bin width (ns):    1.0000
average detection events per bin: 5000.0000

# binary result
0.000000000000000000e+00

# g2 signal
1.018828068227843220e+00
1.007354116549851408e+00
9.567510476110154816e-01
9.788163392994613243e-01
1.027065777124863244e+00
1.000881630987907389e+00
9.723438537375171942e-01
1.012943990444257647e+00
1.015297621557691876e+00
9.626351253946010544e-01
9.879366598640190178e-01
1.002646854322982950e+00
9.870540481964812374e-01
1.021475903230456783e+00
9.988222037636523831e-01
9.729322615158757515e-01
1.011472970998361420e+00
9.755800965184893148e-01
9.814641743020748876e-01
9.849946209722262314e-01
1.005588893214775847e+00
1.023241126565532566e+00
9.914671065341703615e-01
9.794047470778198816e-01
9.891134754207361324e-01
1.041481767694647731e+00
9.629293292837802776e-01
1.013826602111795649e+00
1.006177300993134294e+00
1.012061378776719867e+00
9.958801648718595967e-01
9.758743004076685379e-01
9.908786987558118042e-01
9.897018831990946897e-01
9.811699704128956645e-01
1.024123738233070346e+00
9.938207376476045907e-01
1.018533864338664108e+00
1.016180233225229879e+00
1.003823669879700065e+00
9.791105431886406585e-01
9.897018831990946897e-01
1.004117873768879399e+00
1.027359981014042356e+00
1.007059912660672074e+00
9.899960870882740238e-01
9.923497182017082530e-01
1.006177300993134294e+00
1.023241126565532566e+00
9.894076793099154665e-01
1.015591825446871210e+00
1.016180233225229879e+00
9.902902909774532469e-01
1.002352650433803616e+00
9.999990193203694977e-01
1.009707747663285637e+00
9.852888248614055655e-01
1.005883097103954960e+00
9.785221354102821012e-01
1.019416476006201888e+00
9.814641743020748876e-01
1.014709213779333430e+00
1.011767174887540532e+00
9.964685726502181540e-01
1.012061378776719867e+00
9.838178054155091168e-01
9.755800965184893148e-01
1.009413543774106303e+00
1.026477369346504576e+00
9.985279998744730490e-01
9.935265337584253675e-01
9.720496498483379710e-01
1.025006349900608127e+00
1.008530932106568523e+00
1.018239660449484774e+00
9.920555143125289188e-01
9.929381259800668102e-01
9.852888248614055655e-01
1.036186097689420826e+00
1.009119339884927191e+00
9.894076793099154665e-01
1.001175834877086501e+00
1.033538262686807263e+00
9.564568437218361474e-01
1.000881630987907389e+00
9.891134754207361324e-01
1.005000485436417179e+00
9.970569804285767113e-01
9.826409898587920022e-01
9.867598443073019032e-01
9.805815626345371072e-01
9.823467859696127791e-01
9.891134754207361324e-01
9.999990193203694977e-01
9.820525820804334449e-01
9.935265337584253675e-01
1.005000485436417179e+00
1.006765708771492962e+00
1.030007816016655919e+00
1.013238194333436981e+00
1.357456744673193549e+00
1.012061378776719867e+00
1.007354116549851408e+00
9.694018148457244077e-01
1.026771573235683910e+00
1.013532398222616315e+00
9.523379892733262464e-01
1.010001951552464972e+00
9.999990193203694977e-01
1.008825135995747857e+00
1.005588893214775847e+00
9.994106115420109404e-01
1.015003417668512764e+00
1.028242592681580359e+00
9.897018831990946897e-01
9.849946209722262314e-01
9.902902909774532469e-01
9.802873587453577731e-01
1.008825135995747857e+00
1.021475903230456783e+00
1.011178767109182086e+00
9.999990193203694977e-01
9.847004170830470082e-01
1.002941058212162284e+00
1.031184631573373034e+00
9.935265337584253675e-01
9.967627765393973771e-01
1.012943990444257647e+00
9.791105431886406585e-01
9.961743687610388198e-01
1.016768641003588325e+00
9.988222037636523831e-01
9.711670381808000796e-01
1.014120806000974762e+00
9.749916887401307575e-01
1.029713612127476585e+00
1.025300553789787461e+00
1.010001951552464972e+00
9.897018831990946897e-01
1.010001951552464972e+00
9.785221354102821012e-01
9.861714365289433459e-01
1.010001951552464972e+00
9.897018831990946897e-01
1.005294689325596513e+00
1.026771573235683910e+00
9.902902909774532469e-01
9.788163392994613243e-01
1.000587427098728055e+00
1.006765708771492962e+00
9.905844948666325811e-01
1.001470038766265835e+00
9.785221354102821012e-01
1.003823669879700065e+00
1.002352650433803616e+00
1.026183165457325241e+00
1.038833932692034390e+00
9.923497182017082530e-01
9.920555143125289188e-01
1.022652718787173898e+00
1.001470038766265835e+00
1.011178767109182086e+00
9.776395237427442098e-01
1.016474437114408991e+00
9.644003487296767263e-01
9.849946209722262314e-01
9.955859609826802625e-01
9.988222037636523831e-01
9.988222037636523831e-01
1.008236728217389189e+00
1.023829534343891012e+00
1.012355582665899201e+00
9.985279998744730490e-01
1.000293223209548721e+00
1.013532398222616315e+00
1.017357048781946993e+00
1.000881630987907389e+00
9.864656404181226801e-01
9.682249992890072932e-01
9.955859609826802625e-01
1.014415009890154096e+00
9.823467859696127791e-01
9.844062131938676741e-01
9.602814942811668253e-01
9.588104748352703766e-01
1.010296155441644306e+00
9.794047470778198816e-01
9.923497182017082530e-01
9.988222037636523831e-01
1.020299087673739669e+00
1.029419408238297473e+00
9.658713681755730640e-01
9.979395920961144917e-01
9.855830287505847886e-01
9.873482520856604605e-01
1.015003417668512764e+00
1.000881630987907389e+00
1.008825135995747857e+00
9.902902909774532469e-01
9.958801648718595967e-01

# time bin value
-1.000000000000000000e+02
-9.900000000000000000e+01
-9.800000000000000000e+01
-9.700000000000000000e+01
-9.600000000000000000e+01
-9.500000000000000000e+01
-9.400000000000000000e+01
-9.300000000000000000e+01
-9.200000000000000000e+01
-9.100000000000000000e+01
-9.000000000000000000e+01
-8.900000000000000000e+01
-8.800000000000000000e+01
-8.700000000000000000e+01
-8.600000000000000000e+01
-8.500000000000000000e+01
-8.400000000000000000e+01
-8.300000000000000000e+01
-8.200000000000000000e+01
-8.100000000000000000e+01
-8.000000000000000000e+01
-7.900000000000000000e+01
-7.800000000000000000e+01
-7.700000000000000000e+01
-7.600000000000000000e+01
-7.500000000000000000e+01
-7.400000000000000000e+01
-7.300000000000000000e+01
-7.200000000000000000e+01
-7.100000000000000000e+01
-7.000000000000000000e+01
-6.900000000000000000e+01
-6.800000000000000000e+01
-6.700000000000000000e+01
-6.600000000000000000e+01
-6.500000000000000000e+01
-6.400000000000000000e+01
-6.300000000000000000e+01
-6.200000000000000000e+01
-6.100000000000000000e+01
-6.000000000000000000e+01
-5.900000000000000000e+01
-5.800000000000000000e+01
-5.700000000000000000e+01
-5.600000000000000000e+01
-5.500000000000000000e+01
-5.400000000000000000e+01
-5.300000000000000000e+01
-5.200000000000000000e+01
-5.100000000000000000e+01
-5.000000000000000000e+01
-4.900000000000000000e+01
-4.800000000000000000e+01
-4.700000000000000000e+01
-4.600000000000000000e+01
-4.500000000000000000e+01
-4.400000000000000000e+01
-4.300000000000000000e+01
-4.200000000000000000e+01
-4.100000000000000000e+01
-4.000000000000000000e+01
-3.900000000000000000e+01
-3.800000000000000000e+01
-3.700000000000000000e+01
-3.600000000000000000e+01
-3.500000000000000000e+01
-3.400000000000000000e+01
-3.300000000000000000e+01
-3.200000000000000000e+01
-3.100000000000000000e+01
-3.000000000000000000e+01
-2.900000000000000000e+01
-2.800000000000000000e+01
-2.700000000000000000e+01
-2.600000000000000000e+01
-2.500000000000000000e+01
-2.400000000000000000e+01
-2.300000000000000000e+01
-2.200000000000000000e+01
-2.100000000000000000e+01
-2.000000000000000000e+01
-1.900000000000000000e+01
-1.800000000000000000e+01
-1.700000000000000000e+01
-1.600000000000000000e+01
-1.500000000000000000e+01
-1.400000000000000000e+01
-1.300000000000000000e+01
-1.200000000000000000e+01
-1.100000000000000000e+01
-1.000000000000000000e+01
-9.000000000000000000e+00
-8.000000000000000000e+00
-7.000000000000000000e+00
-6.000000000000000000e+00
-5.000000000000000000e+00
-4.000000000000000000e+00
-3.000000000000000000e+00
-2.000000000000000000e+00
-1.000000000000000000e+00
0.000000000000000000e+00
1.000000000000000000e+00
2.000000000000000000e+00
3.000000000000000000e+00
4.000000000000000000e+00
5.000000000000000000e+00
6.000000000000000000e+00
7.000000000000000000e+00
8.000000000000000000e+00
9.000000000000000000e+00
1.000000000000000000e+01
1.100000000000000000e+01
1.200000000000000000e+01
1.300000000000000000e+01
1.400000000000000000e+01
1.500000000000000000e+01
1.600000000000000000e+01
1.700000000000000000e+01
1.800000000000000000e+01
1.900000000000000000e+01
2.000000000000000000e+01
2.100000000000000000e+01
2.200000000000000000e+01
2.300000000000000000e+01
2.400000000000000000e+01
2.500000000000000000e+01
2.600000000000000000e+01
2.700000000000000000e+01
2.800000000000000000e+01
2.900000000000000000e+01
3.000000000000000000e+01
3.100000000000000000e+01
3.200000000000000000e+01
3.300000000000000000e+01
3.400000000000000000e+01
3.500000000000000000e+01
3.600000000000000000e+01
3.700000000000000000e+01
3.800000000000000000e+01
3.900000000000000000e+01
4.000000000000000000e+01
4.100000000000000000e+01
4.200000000000000000e+01
4.300000000000000000e+01
4.400000000000000000e+01
4.500000000000000000e+01
4.600000000000000000e+01
4.700000000000000000e+01
4.800000000000000000e+01
4.900000000000000000e+01
5.000000000000000000e+01
5.100000000000000000e+01
5.200000000000000000e+01
5.300000000000000000e+01
5.400000000000000000e+01
5.500000000000000000e+01
5.600000000000000000e+01
5.700000000000000000e+01
5.800000000000000000e+01
5.900000000000000000e+01
6.000000000000000000e+01
6.100000000000000000e+01
6.200000000000000000e+01
6.300000000000000000e+01
6.400000000000000000e+01
6.500000000000000000e+01
6.600000000000000000e+01
6.700000000000000000e+01
6.800000000000000000e+01
6.900000000000000000e+01
7.000000000000000000e+01
7.100000000000000000e+01
7.200000000000000000e+01
7.300000000000000000e+01
7.400000000000000000e+01
7.500000000000000000e+01
7.600000000000000000e+01
7.700000000000000000e+01
7.800000000000000000e+01
7.900000000000000000e+01
8.000000000000000000e+01
8.100000000000000000e+01
8.200000000000000000e+01
8.300000000000000000e+01
8.400000000000000000e+01
8.500000000000000000e+01
8.600000000000000000e+01
8.700000000000000000e+01
8.800000000000000000e+01
8.900000000000000000e+01
9.000000000000000000e+01
9.100000000000000000e+01
9.200000000000000000e+01
9.300000000000000000e+01
9.400000000000000000e+01
9.500000000000000000e+01
9.600000000000000000e+01
9.700000000000000000e+01
9.800000000000000000e+01
9.900000000000000000e+01
