single photon fraction:    0.1562
laser fraction:    0.4297
thermal source fraction:    0.0938
non-detected fraction:    0.3203
number of bins:  200.0000
bin width (ns):    1.0000
average detection events per bin: 5000.0000

# binary result
0.000000000000000000e+00

# g2 signal
1.022601664141359334e+00
9.454632149098869398e-01
9.868401608578032391e-01
9.936378019778180359e-01
1.023783862597014149e+00
9.927511531360769803e-01
9.785647716682199793e-01
9.874312600856305355e-01
1.021715015299618390e+00
1.002208740781314944e+00
1.004573137692624574e+00
9.874312600856305355e-01
1.011666328426553019e+00
9.957066492752137954e-01
9.971843973447822584e-01
1.007824183445674926e+00
9.962977485030412028e-01
1.033536999856165872e+00
9.986621454143507215e-01
1.010484129970898204e+00
1.027330457963978372e+00
9.702893824786367194e-01
1.041812389045749132e+00
1.012552977268293963e+00
1.011961878040466667e+00
9.989576950282643697e-01
1.000139893483919185e+00
1.018168419932654167e+00
9.897956569969400542e-01
1.026739358736151075e+00
9.930467027499906285e-01
1.016690671863085704e+00
1.010188580356984556e+00
9.927511531360769803e-01
9.886134585412853504e-01
1.001913191167401296e+00
1.016986221476999352e+00
1.009006381901329741e+00
1.014917374179603593e+00
9.750181763012556457e-01
1.016395122249172056e+00
9.729493290038598863e-01
9.933422523639043877e-01
9.942289012056454434e-01
9.844757639464937204e-01
9.753137259151694050e-01
9.877268096995442948e-01
1.008119733059588796e+00
9.909778554525948691e-01
1.044767885184886058e+00
9.880223593134579430e-01
9.862490616299758317e-01
1.019646168002222630e+00
1.002208740781314944e+00
1.006050885762192815e+00
1.008415282673502444e+00
1.004868687306538222e+00
1.011370778812639371e+00
1.015804023021344538e+00
9.871357104717168873e-01
1.022897213755273205e+00
1.013439626110035130e+00
9.732448786177735345e-01
9.936378019778180359e-01
1.015804023021344538e+00
1.009893030743070907e+00
1.021123916071790871e+00
9.859535120160621835e-01
9.968888477308686102e-01
1.008710832287416093e+00
9.945244508195590916e-01
1.025557160280496261e+00
9.983665958004370733e-01
9.924556035221632211e-01
1.029103755647460483e+00
9.998443438700054253e-01
9.974799469586960177e-01
9.667427871116724969e-01
1.019941717616136279e+00
1.016395122249172056e+00
9.965932981169548510e-01
1.016395122249172056e+00
9.667427871116724969e-01
1.013439626110035130e+00
9.942289012056454434e-01
9.971843973447822584e-01
9.877268096995442948e-01
1.019350618388308760e+00
1.012848526882207834e+00
9.856579624021484243e-01
9.685160847951546081e-01
1.028512656419633187e+00
1.025261610666582612e+00
9.827024662630116092e-01
9.924556035221632211e-01
1.001913191167401296e+00
9.957066492752137954e-01
9.835891151047526648e-01
9.658561382699313302e-01
1.027921557191805890e+00
9.159082535185181229e-01
9.945244508195590916e-01
9.897956569969400542e-01
9.868401608578032391e-01
1.030285954103115298e+00
1.009301931515243389e+00
9.856579624021484243e-01
9.590584971499165334e-01
9.735404282316872937e-01
9.895001073830264060e-01
1.013144076496121482e+00
9.785647716682199793e-01
1.019055068774395112e+00
1.020532816843963575e+00
1.018168419932654167e+00
9.868401608578032391e-01
1.015804023021344538e+00
9.877268096995442948e-01
9.924556035221632211e-01
1.019055068774395112e+00
1.007233084217847630e+00
9.827024662630116092e-01
1.015508473407430889e+00
9.965932981169548510e-01
1.019646168002222630e+00
9.957066492752137954e-01
1.019941717616136279e+00
9.759048251429968124e-01
1.001026542325660129e+00
1.002799840009142240e+00
1.022306114527445686e+00
9.954110996613001472e-01
9.747226266873419975e-01
9.986621454143507215e-01
9.939333515917316841e-01
9.957066492752137954e-01
1.021123916071790871e+00
9.951155500473864990e-01
9.853624127882347761e-01
1.000730992711746481e+00
9.965932981169548510e-01
9.960021988891275546e-01
9.989576950282643697e-01
1.018168419932654167e+00
9.694027336368956638e-01
9.865446112438894799e-01
1.024374961824841446e+00
1.013439626110035130e+00
9.664472374977587377e-01
1.002504290395228592e+00
1.009893030743070907e+00
9.895001073830264060e-01
9.664472374977587377e-01
1.001913191167401296e+00
1.008710832287416093e+00
9.945244508195590916e-01
9.844757639464937204e-01
9.865446112438894799e-01
1.004868687306538222e+00
9.945244508195590916e-01
9.998443438700054253e-01
1.016395122249172056e+00
9.924556035221632211e-01
9.957066492752137954e-01
1.022306114527445686e+00
9.995487942560917771e-01
9.883179089273715912e-01
9.942289012056454434e-01
9.874312600856305355e-01
9.847713135604073686e-01
9.906823058386811098e-01
9.924556035221632211e-01
9.886134585412853504e-01
9.939333515917316841e-01
9.948200004334727398e-01
9.971843973447822584e-01
9.812247181934431461e-01
9.930467027499906285e-01
9.829980158769252574e-01
9.717671305482051824e-01
1.028808206033546835e+00
1.014326274951776075e+00
1.019646168002222630e+00
9.909778554525948691e-01
9.691071840229819045e-01
1.003686488850883407e+00
9.664472374977587377e-01
9.809291685795294979e-01
1.021419465685704742e+00
1.004277588078710703e+00
9.617184436751397003e-01
9.903867562247674616e-01
1.024966061052668964e+00
9.942289012056454434e-01
9.853624127882347761e-01
9.977754965726096659e-01
1.022306114527445686e+00
9.927511531360769803e-01
1.024966061052668964e+00
1.013439626110035130e+00

# time bin value
-1.000000000000000000e+02
-9.900000000000000000e+01
-9.800000000000000000e+01
-9.700000000000000000e+01
-9.600000000000000000e+01
-9.500000000000000000e+01
-9.400000000000000000e+01
-9.300000000000000000e+01
-9.200000000000000000e+01
-9.100000000000000000e+01
-9.000000000000000000e+01
-8.900000000000000000e+01
-8.800000000000000000e+01
-8.700000000000000000e+01
-8.600000000000000000e+01
-8.500000000000000000e+01
-8.400000000000000000e+01
-8.300000000000000000e+01
-8.200000000000000000e+01
-8.100000000000000000e+01
-8.000000000000000000e+01
-7.900000000000000000e+01
-7.800000000000000000e+01
-7.700000000000000000e+01
-7.600000000000000000e+01
-7.500000000000000000e+01
-7.400000000000000000e+01
-7.300000000000000000e+01
-7.200000000000000000e+01
-7.100000000000000000e+01
-7.000000000000000000e+01
-6.900000000000000000e+01
-6.800000000000000000e+01
-6.700000000000000000e+01
-6.600000000000000000e+01
-6.500000000000000000e+01
-6.400000000000000000e+01
-6.300000000000000000e+01
-6.200000000000000000e+01
-6.100000000000000000e+01
-6.000000000000000000e+01
-5.900000000000000000e+01
-5.800000000000000000e+01
-5.700000000000000000e+01
-5.600000000000000000e+01
-5.500000000000000000e+01
-5.400000000000000000e+01
-5.300000000000000000e+01
-5.200000000000000000e+01
-5.100000000000000000e+01
-5.000000000000000000e+01
-4.900000000000000000e+01
-4.800000000000000000e+01
-4.700000000000000000e+01
-4.600000000000000000e+01
-4.500000000000000000e+01
-4.400000000000000000e+01
-4.300000000000000000e+01
-4.200000000000000000e+01
-4.100000000000000000e+01
-4.000000000000000000e+01
-3.900000000000000000e+01
-3.800000000000000000e+01
-3.700000000000000000e+01
-3.600000000000000000e+01
-3.500000000000000000e+01
-3.400000000000000000e+01
-3.300000000000000000e+01
-3.200000000000000000e+01
-3.100000000000000000e+01
-3.000000000000000000e+01
-2.900000000000000000e+01
-2.800000000000000000e+01
-2.700000000000000000e+01
-2.600000000000000000e+01
-2.500000000000000000e+01
-2.400000000000000000e+01
-2.300000000000000000e+01
-2.200000000000000000e+01
-2.100000000000000000e+01
-2.000000000000000000e+01
-1.900000000000000000e+01
-1.800000000000000000e+01
-1.700000000000000000e+01
-1.600000000000000000e+01
-1.500000000000000000e+01
-1.400000000000000000e+01
-1.300000000000000000e+01
-1.200000000000000000e+01
-1.100000000000000000e+01
-1.000000000000000000e+01
-9.000000000000000000e+00
-8.000000000000000000e+00
-7.000000000000000000e+00
-6.000000000000000000e+00
-5.000000000000000000e+00
-4.000000000000000000e+00
-3.000000000000000000e+00
-2.000000000000000000e+00
-1.000000000000000000e+00
0.000000000000000000e+00
1.000000000000000000e+00
2.000000000000000000e+00
3.000000000000000000e+00
4.000000000000000000e+00
5.000000000000000000e+00
6.000000000000000000e+00
7.000000000000000000e+00
8.000000000000000000e+00
9.000000000000000000e+00
1.000000000000000000e+01
1.100000000000000000e+01
1.200000000000000000e+01
1.300000000000000000e+01
1.400000000000000000e+01
1.500000000000000000e+01
1.600000000000000000e+01
1.700000000000000000e+01
1.800000000000000000e+01
1.900000000000000000e+01
2.000000000000000000e+01
2.100000000000000000e+01
2.200000000000000000e+01
2.300000000000000000e+01
2.400000000000000000e+01
2.500000000000000000e+01
2.600000000000000000e+01
2.700000000000000000e+01
2.800000000000000000e+01
2.900000000000000000e+01
3.000000000000000000e+01
3.100000000000000000e+01
3.200000000000000000e+01
3.300000000000000000e+01
3.400000000000000000e+01
3.500000000000000000e+01
3.600000000000000000e+01
3.700000000000000000e+01
3.800000000000000000e+01
3.900000000000000000e+01
4.000000000000000000e+01
4.100000000000000000e+01
4.200000000000000000e+01
4.300000000000000000e+01
4.400000000000000000e+01
4.500000000000000000e+01
4.600000000000000000e+01
4.700000000000000000e+01
4.800000000000000000e+01
4.900000000000000000e+01
5.000000000000000000e+01
5.100000000000000000e+01
5.200000000000000000e+01
5.300000000000000000e+01
5.400000000000000000e+01
5.500000000000000000e+01
5.600000000000000000e+01
5.700000000000000000e+01
5.800000000000000000e+01
5.900000000000000000e+01
6.000000000000000000e+01
6.100000000000000000e+01
6.200000000000000000e+01
6.300000000000000000e+01
6.400000000000000000e+01
6.500000000000000000e+01
6.600000000000000000e+01
6.700000000000000000e+01
6.800000000000000000e+01
6.900000000000000000e+01
7.000000000000000000e+01
7.100000000000000000e+01
7.200000000000000000e+01
7.300000000000000000e+01
7.400000000000000000e+01
7.500000000000000000e+01
7.600000000000000000e+01
7.700000000000000000e+01
7.800000000000000000e+01
7.900000000000000000e+01
8.000000000000000000e+01
8.100000000000000000e+01
8.200000000000000000e+01
8.300000000000000000e+01
8.400000000000000000e+01
8.500000000000000000e+01
8.600000000000000000e+01
8.700000000000000000e+01
8.800000000000000000e+01
8.900000000000000000e+01
9.000000000000000000e+01
9.100000000000000000e+01
9.200000000000000000e+01
9.300000000000000000e+01
9.400000000000000000e+01
9.500000000000000000e+01
9.600000000000000000e+01
9.700000000000000000e+01
9.800000000000000000e+01
9.900000000000000000e+01
