single photon fraction:    0.3672
laser fraction:    0.0859
thermal source fraction:    0.1250
non-detected fraction:    0.4219
number of bins:  200.0000
bin width (ns):    1.0000
average detection events per bin: 5000.0000

# binary result
0.000000000000000000e+00

# g2 signal
1.006226205675648577e+00
1.039245718469840929e+00
9.919756791013130126e-01
1.008659222407852329e+00
1.022214601344415330e+00
1.004488336581217389e+00
1.010049517683397236e+00
1.008311648588966047e+00
1.010397091502283518e+00
9.815484645347259951e-01
9.832863336291571832e-01
9.589561663071207720e-01
9.843290550858158072e-01
1.036812701737637177e+00
1.021867027525529270e+00
9.784203001647499010e-01
9.415774753628090021e-01
1.012482534415600766e+00
9.947562696524028247e-01
9.363638680795155489e-01
9.784203001647499010e-01
1.001012598392355013e+00
1.017348567880008048e+00
9.982320078412652009e-01
9.565231495749171309e-01
1.020824306068870424e+00
9.853717765424745423e-01
9.805057430780672600e-01
1.014915551147804518e+00
9.773775787080911659e-01
1.024647618076619082e+00
1.007268927132307423e+00
9.884999409124506364e-01
1.021867027525529270e+00
1.003793188943445047e+00
1.017696141698894330e+00
1.010049517683397236e+00
9.495716731971923785e-01
1.006921353313421141e+00
9.999698769356963890e-01
1.019781584612211800e+00
1.015263124966690800e+00
1.037160275556523459e+00
9.878047932746781834e-01
1.001707746030127577e+00
9.902378100068818245e-01
9.912805314635405596e-01
9.954514172901753888e-01
1.014567977328918236e+00
1.015610698785576860e+00
1.005183484218989953e+00
1.024647618076619082e+00
1.009701943864510953e+00
1.012482534415600766e+00
9.686882332359353365e-01
9.832863336291571832e-01
1.016305846423349424e+00
1.021867027525529270e+00
9.881523670935644654e-01
9.683406594170490544e-01
9.933659743768579187e-01
1.011787386777828424e+00
9.857193503613608243e-01
1.004488336581217389e+00
9.884999409124506364e-01
1.003793188943445047e+00
1.014567977328918236e+00
1.027080634808822612e+00
9.648649212281866783e-01
9.937135481957442007e-01
1.025690339533277706e+00
9.878047932746781834e-01
1.011092239140055860e+00
1.012830108234487048e+00
1.031946668273229895e+00
1.006921353313421141e+00
1.000317450754582671e+00
9.749445619758875248e-01
1.001360172211241295e+00
9.930184005579717477e-01
1.025690339533277706e+00
1.033336963548774801e+00
1.019434010793325518e+00
9.610416092204381311e-01
1.003445615124558765e+00
9.898902361879955425e-01
1.021519453706642988e+00
1.010049517683397236e+00
1.009701943864510953e+00
9.853717765424745423e-01
9.975368602034927479e-01
1.036812701737637177e+00
1.049672933036427835e+00
1.006573779494534859e+00
1.031599094454343835e+00
9.836339074480433542e-01
1.009701943864510953e+00
1.001360172211241295e+00
1.015263124966690800e+00
1.034379685005433647e+00
5.988696899409818863e-01
1.016305846423349424e+00
1.007964074770079765e+00
9.975368602034927479e-01
1.012482534415600766e+00
1.004140762762331107e+00
1.002402893667900141e+00
1.004488336581217389e+00
1.010397091502283518e+00
1.040636013745385835e+00
1.027775782446595176e+00
9.964941387468340128e-01
9.961465649279478418e-01
9.926708267390854656e-01
1.053496245044176494e+00
1.011092239140055860e+00
9.801581692591810890e-01
1.015610698785576860e+00
9.884999409124506364e-01
9.745969881570012427e-01
1.020824306068870424e+00
1.000317450754582671e+00
1.018043715517780612e+00
9.770300048892048839e-01
9.947562696524028247e-01
9.801581692591810890e-01
9.912805314635405596e-01
9.944086958335166537e-01
1.014220403510031954e+00
1.011439812958942142e+00
1.004835910400103671e+00
9.739018405192287897e-01
1.019086436974439236e+00
9.888475147313369185e-01
1.008659222407852329e+00
9.996223031168101070e-01
9.930184005579717477e-01
1.016305846423349424e+00
1.001012598392355013e+00
9.978844340223790299e-01
9.749445619758875248e-01
1.027080634808822612e+00
1.028818503903253800e+00
9.749445619758875248e-01
9.818960383536121661e-01
1.009354370045624671e+00
1.003793188943445047e+00
9.853717765424745423e-01
1.001707746030127577e+00
9.808533168969535421e-01
9.780727263458636189e-01
1.012482534415600766e+00
9.954514172901753888e-01
9.787678739836360720e-01
9.888475147313369185e-01
9.812008907158397131e-01
1.033684537367661083e+00
1.003445615124558765e+00
1.003445615124558765e+00
9.815484645347259951e-01
1.006226205675648577e+00
9.923232529201991836e-01
1.022562175163301612e+00
9.905853838257681065e-01
1.014567977328918236e+00
1.002750467486786201e+00
1.026733060989936552e+00
1.005183484218989953e+00
1.007268927132307423e+00
1.037160275556523459e+00
9.377541633550604550e-01
1.002750467486786201e+00
9.770300048892048839e-01
9.836339074480433542e-01
1.003445615124558765e+00
9.964941387468340128e-01
9.937135481957442007e-01
1.020476732249984142e+00
1.001012598392355013e+00
1.010397091502283518e+00
1.007268927132307423e+00
9.839814812669296362e-01
9.884999409124506364e-01
1.011439812958942142e+00
1.008311648588966047e+00
1.017348567880008048e+00
1.010049517683397236e+00
1.018043715517780612e+00
1.037855423194296023e+00
9.902378100068818245e-01
9.801581692591810890e-01
1.053843818863062776e+00
1.001012598392355013e+00
1.015958272604463142e+00
1.002402893667900141e+00
1.001360172211241295e+00
1.015263124966690800e+00
1.010049517683397236e+00
1.010049517683397236e+00
9.982320078412652009e-01

# time bin value
-1.000000000000000000e+02
-9.900000000000000000e+01
-9.800000000000000000e+01
-9.700000000000000000e+01
-9.600000000000000000e+01
-9.500000000000000000e+01
-9.400000000000000000e+01
-9.300000000000000000e+01
-9.200000000000000000e+01
-9.100000000000000000e+01
-9.000000000000000000e+01
-8.900000000000000000e+01
-8.800000000000000000e+01
-8.700000000000000000e+01
-8.600000000000000000e+01
-8.500000000000000000e+01
-8.400000000000000000e+01
-8.300000000000000000e+01
-8.200000000000000000e+01
-8.100000000000000000e+01
-8.000000000000000000e+01
-7.900000000000000000e+01
-7.800000000000000000e+01
-7.700000000000000000e+01
-7.600000000000000000e+01
-7.500000000000000000e+01
-7.400000000000000000e+01
-7.300000000000000000e+01
-7.200000000000000000e+01
-7.100000000000000000e+01
-7.000000000000000000e+01
-6.900000000000000000e+01
-6.800000000000000000e+01
-6.700000000000000000e+01
-6.600000000000000000e+01
-6.500000000000000000e+01
-6.400000000000000000e+01
-6.300000000000000000e+01
-6.200000000000000000e+01
-6.100000000000000000e+01
-6.000000000000000000e+01
-5.900000000000000000e+01
-5.800000000000000000e+01
-5.700000000000000000e+01
-5.600000000000000000e+01
-5.500000000000000000e+01
-5.400000000000000000e+01
-5.300000000000000000e+01
-5.200000000000000000e+01
-5.100000000000000000e+01
-5.000000000000000000e+01
-4.900000000000000000e+01
-4.800000000000000000e+01
-4.700000000000000000e+01
-4.600000000000000000e+01
-4.500000000000000000e+01
-4.400000000000000000e+01
-4.300000000000000000e+01
-4.200000000000000000e+01
-4.100000000000000000e+01
-4.000000000000000000e+01
-3.900000000000000000e+01
-3.800000000000000000e+01
-3.700000000000000000e+01
-3.600000000000000000e+01
-3.500000000000000000e+01
-3.400000000000000000e+01
-3.300000000000000000e+01
-3.200000000000000000e+01
-3.100000000000000000e+01
-3.000000000000000000e+01
-2.900000000000000000e+01
-2.800000000000000000e+01
-2.700000000000000000e+01
-2.600000000000000000e+01
-2.500000000000000000e+01
-2.400000000000000000e+01
-2.300000000000000000e+01
-2.200000000000000000e+01
-2.100000000000000000e+01
-2.000000000000000000e+01
-1.900000000000000000e+01
-1.800000000000000000e+01
-1.700000000000000000e+01
-1.600000000000000000e+01
-1.500000000000000000e+01
-1.400000000000000000e+01
-1.300000000000000000e+01
-1.200000000000000000e+01
-1.100000000000000000e+01
-1.000000000000000000e+01
-9.000000000000000000e+00
-8.000000000000000000e+00
-7.000000000000000000e+00
-6.000000000000000000e+00
-5.000000000000000000e+00
-4.000000000000000000e+00
-3.000000000000000000e+00
-2.000000000000000000e+00
-1.000000000000000000e+00
0.000000000000000000e+00
1.000000000000000000e+00
2.000000000000000000e+00
3.000000000000000000e+00
4.000000000000000000e+00
5.000000000000000000e+00
6.000000000000000000e+00
7.000000000000000000e+00
8.000000000000000000e+00
9.000000000000000000e+00
1.000000000000000000e+01
1.100000000000000000e+01
1.200000000000000000e+01
1.300000000000000000e+01
1.400000000000000000e+01
1.500000000000000000e+01
1.600000000000000000e+01
1.700000000000000000e+01
1.800000000000000000e+01
1.900000000000000000e+01
2.000000000000000000e+01
2.100000000000000000e+01
2.200000000000000000e+01
2.300000000000000000e+01
2.400000000000000000e+01
2.500000000000000000e+01
2.600000000000000000e+01
2.700000000000000000e+01
2.800000000000000000e+01
2.900000000000000000e+01
3.000000000000000000e+01
3.100000000000000000e+01
3.200000000000000000e+01
3.300000000000000000e+01
3.400000000000000000e+01
3.500000000000000000e+01
3.600000000000000000e+01
3.700000000000000000e+01
3.800000000000000000e+01
3.900000000000000000e+01
4.000000000000000000e+01
4.100000000000000000e+01
4.200000000000000000e+01
4.300000000000000000e+01
4.400000000000000000e+01
4.500000000000000000e+01
4.600000000000000000e+01
4.700000000000000000e+01
4.800000000000000000e+01
4.900000000000000000e+01
5.000000000000000000e+01
5.100000000000000000e+01
5.200000000000000000e+01
5.300000000000000000e+01
5.400000000000000000e+01
5.500000000000000000e+01
5.600000000000000000e+01
5.700000000000000000e+01
5.800000000000000000e+01
5.900000000000000000e+01
6.000000000000000000e+01
6.100000000000000000e+01
6.200000000000000000e+01
6.300000000000000000e+01
6.400000000000000000e+01
6.500000000000000000e+01
6.600000000000000000e+01
6.700000000000000000e+01
6.800000000000000000e+01
6.900000000000000000e+01
7.000000000000000000e+01
7.100000000000000000e+01
7.200000000000000000e+01
7.300000000000000000e+01
7.400000000000000000e+01
7.500000000000000000e+01
7.600000000000000000e+01
7.700000000000000000e+01
7.800000000000000000e+01
7.900000000000000000e+01
8.000000000000000000e+01
8.100000000000000000e+01
8.200000000000000000e+01
8.300000000000000000e+01
8.400000000000000000e+01
8.500000000000000000e+01
8.600000000000000000e+01
8.700000000000000000e+01
8.800000000000000000e+01
8.900000000000000000e+01
9.000000000000000000e+01
9.100000000000000000e+01
9.200000000000000000e+01
9.300000000000000000e+01
9.400000000000000000e+01
9.500000000000000000e+01
9.600000000000000000e+01
9.700000000000000000e+01
9.800000000000000000e+01
9.900000000000000000e+01
