single photon fraction:    0.1368
laser fraction:    0.3462
thermal source fraction:    0.3632
non-detected fraction:    0.1538
number of bins:  200.0000
bin width (ns):    1.0000
average detection events per bin: 5000.0000

# binary result
0.000000000000000000e+00

# g2 signal
9.761243964566780340e-01
1.004163023229289520e+00
1.003925407748165632e+00
1.009628179295137596e+00
9.775500893434210248e-01
9.908565562863552723e-01
9.575903889290195981e-01
9.920446336919743757e-01
9.977474052389462278e-01
9.844409382960119803e-01
9.970345587955747879e-01
1.022697030756948067e+00
1.013667642474242570e+00
9.853914002205073075e-01
9.711344713530777328e-01
9.842033228148880930e-01
1.004400638710413407e+00
9.953712504277080209e-01
1.008677717370642268e+00
1.008677717370642268e+00
9.970345587955747879e-01
9.948960194654603573e-01
1.019370414021214311e+00
1.016281412766604664e+00
9.872923240694978508e-01
9.739858571265636034e-01
9.958464813899555734e-01
1.015568566323233224e+00
9.941831730220888064e-01
1.016756643728852438e+00
1.000598791012432098e+00
9.844409382960119803e-01
1.002499714861422753e+00
1.012241949587499690e+00
1.012479565068623355e+00
1.004875869672660960e+00
9.853914002205073075e-01
1.009628179295137596e+00
1.002737330342546640e+00
1.014855719879861784e+00
1.005826331597156287e+00
9.967969433144509006e-01
9.946584039843364700e-01
9.948960194654603573e-01
9.948960194654603573e-01
1.028162186822795920e+00
1.008677717370642268e+00
9.956088659088317971e-01
1.024597954605938499e+00
9.891932479184885052e-01
1.001549252936927425e+00
1.033627342888643996e+00
9.882427859939931780e-01
9.998859445690606584e-01
9.856290157016310838e-01
1.032201650001901116e+00
9.882427859939931780e-01
1.011529103144128250e+00
9.870547085883740746e-01
1.010103410257385148e+00
1.023172261719195619e+00
9.944207885032126937e-01
9.801638596357831190e-01
9.834904763715166531e-01
9.823023989658975497e-01
9.937079420598411428e-01
9.906189408052314960e-01
1.007252024483899389e+00
9.991730981256892186e-01
9.801638596357831190e-01
9.991730981256892186e-01
1.001549252936927425e+00
9.749363190510589305e-01
1.001786868418051313e+00
1.003687792267041967e+00
1.021746568832452740e+00
1.025310801049310161e+00
9.903813253241076087e-01
9.977474052389462278e-01
1.035528266737634651e+00
9.934703265787173665e-01
1.005113485153784847e+00
1.006063947078280174e+00
9.984602516823176677e-01
9.998859445690606584e-01
1.024835570087062386e+00
9.984602516823176677e-01
9.808767060791545589e-01
9.713720868342015091e-01
9.941831730220888064e-01
1.003212561304794193e+00
9.982226362011938914e-01
1.009152948332889821e+00
9.991730981256892186e-01
9.849161692582596439e-01
1.003450176785918080e+00
1.002974945823670305e+00
1.016994259209976104e+00
1.001074021974679873e+00
9.979850207200700041e-01
1.289301600577881013e+00
1.006301562559404061e+00
1.014142873436490344e+00
9.744610880888112669e-01
9.956088659088317971e-01
1.016043797285480776e+00
9.880051705128694017e-01
9.967969433144509006e-01
1.011053872181880475e+00
9.901437098429838324e-01
9.899060943618599451e-01
1.012954796030871130e+00
1.028162186822795920e+00
1.015568566323233224e+00
9.872923240694978508e-01
9.965593278333271243e-01
1.012479565068623355e+00
1.022459415275824179e+00
1.012479565068623355e+00
1.002499714861422753e+00
1.002974945823670305e+00
1.002974945823670305e+00
9.998859445690606584e-01
9.792133977112877918e-01
9.787381667490401282e-01
9.996483290879368822e-01
9.694711629852109658e-01
1.011291487663004363e+00
1.000361175531308211e+00
9.844409382960119803e-01
1.011053872181880475e+00
1.005113485153784847e+00
9.834904763715166531e-01
9.925198646542220393e-01
9.815895525225259988e-01
1.005351100634908734e+00
9.929950956164697029e-01
9.965593278333271243e-01
9.765996274189256976e-01
1.026974109417176928e+00
9.630555449948675628e-01
1.024122723643690946e+00
1.009628179295137596e+00
1.009865794776261261e+00
1.010103410257385148e+00
1.007014409002775501e+00
9.896684788807361688e-01
1.005588716116032399e+00
9.842033228148880930e-01
1.002262099380298865e+00
9.697087784663347421e-01
1.016994259209976104e+00
9.839657073337643167e-01
9.910941717674790485e-01
9.654316998061058808e-01
9.908565562863552723e-01
1.014142873436490344e+00
1.007727255446146941e+00
9.953712504277080209e-01
9.996483290879368822e-01
1.001786868418051313e+00
1.020796106907957412e+00
1.009390563814013708e+00
9.875299395506217381e-01
9.704216249097061819e-01
9.958464813899555734e-01
9.944207885032126937e-01
1.002737330342546640e+00
9.915694027297267121e-01
1.021984184313576405e+00
9.732730106831921635e-01
9.875299395506217381e-01
1.007252024483899389e+00
9.851537847393834202e-01
9.975097897578224515e-01
1.037666806067748970e+00
9.934703265787173665e-01
1.007964870927270828e+00
9.910941717674790485e-01
9.868170931072501872e-01
9.972721742766985642e-01
9.804014751169068953e-01
1.007964870927270828e+00
1.004638254191537294e+00
9.858666311827549711e-01
1.029825495190662688e+00
1.000598791012432098e+00
1.000123560050184546e+00
9.994107136068129948e-01
9.668573926928488715e-01
9.979850207200700041e-01
1.004163023229289520e+00
1.002499714861422753e+00
1.016043797285480776e+00
9.834904763715166531e-01
9.884804014751169543e-01
9.777877048245448011e-01
1.012717180549747242e+00
1.003925407748165632e+00
9.787381667490401282e-01

# time bin value
-1.000000000000000000e+02
-9.900000000000000000e+01
-9.800000000000000000e+01
-9.700000000000000000e+01
-9.600000000000000000e+01
-9.500000000000000000e+01
-9.400000000000000000e+01
-9.300000000000000000e+01
-9.200000000000000000e+01
-9.100000000000000000e+01
-9.000000000000000000e+01
-8.900000000000000000e+01
-8.800000000000000000e+01
-8.700000000000000000e+01
-8.600000000000000000e+01
-8.500000000000000000e+01
-8.400000000000000000e+01
-8.300000000000000000e+01
-8.200000000000000000e+01
-8.100000000000000000e+01
-8.000000000000000000e+01
-7.900000000000000000e+01
-7.800000000000000000e+01
-7.700000000000000000e+01
-7.600000000000000000e+01
-7.500000000000000000e+01
-7.400000000000000000e+01
-7.300000000000000000e+01
-7.200000000000000000e+01
-7.100000000000000000e+01
-7.000000000000000000e+01
-6.900000000000000000e+01
-6.800000000000000000e+01
-6.700000000000000000e+01
-6.600000000000000000e+01
-6.500000000000000000e+01
-6.400000000000000000e+01
-6.300000000000000000e+01
-6.200000000000000000e+01
-6.100000000000000000e+01
-6.000000000000000000e+01
-5.900000000000000000e+01
-5.800000000000000000e+01
-5.700000000000000000e+01
-5.600000000000000000e+01
-5.500000000000000000e+01
-5.400000000000000000e+01
-5.300000000000000000e+01
-5.200000000000000000e+01
-5.100000000000000000e+01
-5.000000000000000000e+01
-4.900000000000000000e+01
-4.800000000000000000e+01
-4.700000000000000000e+01
-4.600000000000000000e+01
-4.500000000000000000e+01
-4.400000000000000000e+01
-4.300000000000000000e+01
-4.200000000000000000e+01
-4.100000000000000000e+01
-4.000000000000000000e+01
-3.900000000000000000e+01
-3.800000000000000000e+01
-3.700000000000000000e+01
-3.600000000000000000e+01
-3.500000000000000000e+01
-3.400000000000000000e+01
-3.300000000000000000e+01
-3.200000000000000000e+01
-3.100000000000000000e+01
-3.000000000000000000e+01
-2.900000000000000000e+01
-2.800000000000000000e+01
-2.700000000000000000e+01
-2.600000000000000000e+01
-2.500000000000000000e+01
-2.400000000000000000e+01
-2.300000000000000000e+01
-2.200000000000000000e+01
-2.100000000000000000e+01
-2.000000000000000000e+01
-1.900000000000000000e+01
-1.800000000000000000e+01
-1.700000000000000000e+01
-1.600000000000000000e+01
-1.500000000000000000e+01
-1.400000000000000000e+01
-1.300000000000000000e+01
-1.200000000000000000e+01
-1.100000000000000000e+01
-1.000000000000000000e+01
-9.000000000000000000e+00
-8.000000000000000000e+00
-7.000000000000000000e+00
-6.000000000000000000e+00
-5.000000000000000000e+00
-4.000000000000000000e+00
-3.000000000000000000e+00
-2.000000000000000000e+00
-1.000000000000000000e+00
0.000000000000000000e+00
1.000000000000000000e+00
2.000000000000000000e+00
3.000000000000000000e+00
4.000000000000000000e+00
5.000000000000000000e+00
6.000000000000000000e+00
7.000000000000000000e+00
8.000000000000000000e+00
9.000000000000000000e+00
1.000000000000000000e+01
1.100000000000000000e+01
1.200000000000000000e+01
1.300000000000000000e+01
1.400000000000000000e+01
1.500000000000000000e+01
1.600000000000000000e+01
1.700000000000000000e+01
1.800000000000000000e+01
1.900000000000000000e+01
2.000000000000000000e+01
2.100000000000000000e+01
2.200000000000000000e+01
2.300000000000000000e+01
2.400000000000000000e+01
2.500000000000000000e+01
2.600000000000000000e+01
2.700000000000000000e+01
2.800000000000000000e+01
2.900000000000000000e+01
3.000000000000000000e+01
3.100000000000000000e+01
3.200000000000000000e+01
3.300000000000000000e+01
3.400000000000000000e+01
3.500000000000000000e+01
3.600000000000000000e+01
3.700000000000000000e+01
3.800000000000000000e+01
3.900000000000000000e+01
4.000000000000000000e+01
4.100000000000000000e+01
4.200000000000000000e+01
4.300000000000000000e+01
4.400000000000000000e+01
4.500000000000000000e+01
4.600000000000000000e+01
4.700000000000000000e+01
4.800000000000000000e+01
4.900000000000000000e+01
5.000000000000000000e+01
5.100000000000000000e+01
5.200000000000000000e+01
5.300000000000000000e+01
5.400000000000000000e+01
5.500000000000000000e+01
5.600000000000000000e+01
5.700000000000000000e+01
5.800000000000000000e+01
5.900000000000000000e+01
6.000000000000000000e+01
6.100000000000000000e+01
6.200000000000000000e+01
6.300000000000000000e+01
6.400000000000000000e+01
6.500000000000000000e+01
6.600000000000000000e+01
6.700000000000000000e+01
6.800000000000000000e+01
6.900000000000000000e+01
7.000000000000000000e+01
7.100000000000000000e+01
7.200000000000000000e+01
7.300000000000000000e+01
7.400000000000000000e+01
7.500000000000000000e+01
7.600000000000000000e+01
7.700000000000000000e+01
7.800000000000000000e+01
7.900000000000000000e+01
8.000000000000000000e+01
8.100000000000000000e+01
8.200000000000000000e+01
8.300000000000000000e+01
8.400000000000000000e+01
8.500000000000000000e+01
8.600000000000000000e+01
8.700000000000000000e+01
8.800000000000000000e+01
8.900000000000000000e+01
9.000000000000000000e+01
9.100000000000000000e+01
9.200000000000000000e+01
9.300000000000000000e+01
9.400000000000000000e+01
9.500000000000000000e+01
9.600000000000000000e+01
9.700000000000000000e+01
9.800000000000000000e+01
9.900000000000000000e+01
