single photon fraction:    0.3614
laser fraction:    0.2169
thermal source fraction:    0.3253
non-detected fraction:    0.0964
number of bins:  200.0000
bin width (ns):    1.0000
average detection events per bin: 5000.0000

# binary result
0.000000000000000000e+00

# g2 signal
9.915491035939297815e-01
9.962209750714869916e-01
1.010459059574518648e+00
9.946636845789679215e-01
1.012238820137397521e+00
1.015798341263155491e+00
1.013573640559556788e+00
9.955535648604074694e-01
9.826503007795350797e-01
9.882120525385318377e-01
9.891019328199712746e-01
1.014018580700276395e+00
1.004452367674802060e+00
9.933288641568087662e-01
1.012906230348477044e+00
1.025809494429349433e+00
9.895468729606909930e-01
1.016020811333515184e+00
9.679672761357838162e-01
1.001560256760123835e+00
9.937738042975284847e-01
9.817604204980956428e-01
1.015353401122435661e+00
1.016688221544594928e+00
1.016465751474235013e+00
1.007789418730200115e+00
1.006009658167321241e+00
9.946636845789679215e-01
9.833177109906147129e-01
9.944412145086081178e-01
1.004007427534082453e+00
1.010459059574518648e+00
9.995580261268850464e-01
9.908816933828502593e-01
1.003784957463722538e+00
9.911041634532100630e-01
9.973333254232863432e-01
1.025142084218269911e+00
1.013573640559556788e+00
9.870997021867324861e-01
9.915491035939297815e-01
9.882120525385318377e-01
1.009791649363438903e+00
9.859873518349331345e-01
9.942187444382482031e-01
1.001782726830483750e+00
1.000225436337964569e+00
9.895468729606909930e-01
1.007566948659840200e+00
1.001782726830483750e+00
1.003340017323002709e+00
1.007122008519120593e+00
1.024919614147909996e+00
1.008456828941279859e+00
9.913266335235699778e-01
9.864322919756528529e-01
9.933288641568087662e-01
1.005119777885881804e+00
1.005564718026601412e+00
9.877671123978121193e-01
9.810930102870160097e-01
9.748638483169397295e-01
1.010903999715238255e+00
1.023139853585031123e+00
9.988906159158054132e-01
9.895468729606909930e-01
1.014463520840996225e+00
1.006454598308040849e+00
1.011571409926317999e+00
9.755312585280193627e-01
9.857648817645732198e-01
1.021137622951792112e+00
1.010681529644878340e+00
1.018912922248193631e+00
1.008679299011639552e+00
9.884345226088916414e-01
1.017355631755674450e+00
9.819828905684555576e-01
9.937738042975284847e-01
9.946636845789679215e-01
1.005119777885881804e+00
1.004452367674802060e+00
1.020915152881432419e+00
9.919940437346496109e-01
9.906592233124903446e-01
9.922165138050094146e-01
1.020247742670352675e+00
1.008679299011639552e+00
1.004674837745161975e+00
9.873221722570922898e-01
1.012016350067037607e+00
9.782008993723377843e-01
1.013796110629916480e+00
9.988906159158054132e-01
9.977782655640061726e-01
9.797581898648568544e-01
9.644077550100259577e-01
1.001337786689763920e+00
1.032483596540145543e+00
1.016465751474235013e+00
9.499472004366346090e-01
1.032261126469785628e+00
9.984456757750856948e-01
9.850974715534936976e-01
9.817604204980956428e-01
9.902142831717706262e-01
1.003340017323002709e+00
9.837626511313344313e-01
1.007344478589480508e+00
1.005342247956241719e+00
9.824278307091752760e-01
1.014908460981715832e+00
9.948861546493278363e-01
1.000670376478684398e+00
9.926614539457291331e-01
9.911041634532100630e-01
1.023139853585031123e+00
1.015575871192795576e+00
9.953310947900475547e-01
9.942187444382482031e-01
9.988906159158054132e-01
1.003117547252643016e+00
9.993355560565252427e-01
9.799806599352166581e-01
1.008679299011639552e+00
1.015575871192795576e+00
1.002450137041563272e+00
1.020247742670352675e+00
9.922165138050094146e-01
9.902142831717706262e-01
1.008456828941279859e+00
1.009791649363438903e+00
9.646302250803858724e-01
1.010459059574518648e+00
9.906592233124903446e-01
1.006677068378400763e+00
1.015353401122435661e+00
9.931063940864488515e-01
9.980007356343659763e-01
1.010236589504158733e+00
1.008456828941279859e+00
9.986681458454456095e-01
1.007122008519120593e+00
1.004674837745161975e+00
1.011348939855958085e+00
9.953310947900475547e-01
1.011126469785598170e+00
9.944412145086081178e-01
9.715267972615417857e-01
1.003117547252643016e+00
9.913266335235699778e-01
1.003562487393362623e+00
1.004452367674802060e+00
1.008901769081999467e+00
1.012461290207757436e+00
1.003784957463722538e+00
9.782008993723377843e-01
1.003340017323002709e+00
9.953310947900475547e-01
1.004452367674802060e+00
9.875446423274522045e-01
9.817604204980956428e-01
1.018690452177833716e+00
1.004007427534082453e+00
1.014685990911356139e+00
9.813154803573759244e-01
9.946636845789679215e-01
9.859873518349331345e-01
9.701919768393825194e-01
1.007122008519120593e+00
9.997804961972449611e-01
1.000670376478684398e+00
9.928839240160890478e-01
1.015353401122435661e+00
1.024697144077550082e+00
1.008901769081999467e+00
1.005119777885881804e+00
9.931063940864488515e-01
1.006677068378400763e+00
1.024697144077550082e+00
1.000447906408324483e+00
9.784233694426975880e-01
9.790907796537772212e-01
9.715267972615417857e-01
1.008011888800560030e+00
9.761986687390989959e-01
9.879895824681719230e-01
9.784233694426975880e-01
9.997804961972449611e-01
9.512820208587937643e-01
1.011126469785598170e+00
1.023139853585031123e+00
1.002005196900843664e+00
1.005564718026601412e+00
9.944412145086081178e-01
9.904367532421305409e-01
9.997804961972449611e-01
1.032928536680865150e+00
1.020692682811072505e+00
9.975557954936462579e-01

# time bin value
-1.000000000000000000e+02
-9.900000000000000000e+01
-9.800000000000000000e+01
-9.700000000000000000e+01
-9.600000000000000000e+01
-9.500000000000000000e+01
-9.400000000000000000e+01
-9.300000000000000000e+01
-9.200000000000000000e+01
-9.100000000000000000e+01
-9.000000000000000000e+01
-8.900000000000000000e+01
-8.800000000000000000e+01
-8.700000000000000000e+01
-8.600000000000000000e+01
-8.500000000000000000e+01
-8.400000000000000000e+01
-8.300000000000000000e+01
-8.200000000000000000e+01
-8.100000000000000000e+01
-8.000000000000000000e+01
-7.900000000000000000e+01
-7.800000000000000000e+01
-7.700000000000000000e+01
-7.600000000000000000e+01
-7.500000000000000000e+01
-7.400000000000000000e+01
-7.300000000000000000e+01
-7.200000000000000000e+01
-7.100000000000000000e+01
-7.000000000000000000e+01
-6.900000000000000000e+01
-6.800000000000000000e+01
-6.700000000000000000e+01
-6.600000000000000000e+01
-6.500000000000000000e+01
-6.400000000000000000e+01
-6.300000000000000000e+01
-6.200000000000000000e+01
-6.100000000000000000e+01
-6.000000000000000000e+01
-5.900000000000000000e+01
-5.800000000000000000e+01
-5.700000000000000000e+01
-5.600000000000000000e+01
-5.500000000000000000e+01
-5.400000000000000000e+01
-5.300000000000000000e+01
-5.200000000000000000e+01
-5.100000000000000000e+01
-5.000000000000000000e+01
-4.900000000000000000e+01
-4.800000000000000000e+01
-4.700000000000000000e+01
-4.600000000000000000e+01
-4.500000000000000000e+01
-4.400000000000000000e+01
-4.300000000000000000e+01
-4.200000000000000000e+01
-4.100000000000000000e+01
-4.000000000000000000e+01
-3.900000000000000000e+01
-3.800000000000000000e+01
-3.700000000000000000e+01
-3.600000000000000000e+01
-3.500000000000000000e+01
-3.400000000000000000e+01
-3.300000000000000000e+01
-3.200000000000000000e+01
-3.100000000000000000e+01
-3.000000000000000000e+01
-2.900000000000000000e+01
-2.800000000000000000e+01
-2.700000000000000000e+01
-2.600000000000000000e+01
-2.500000000000000000e+01
-2.400000000000000000e+01
-2.300000000000000000e+01
-2.200000000000000000e+01
-2.100000000000000000e+01
-2.000000000000000000e+01
-1.900000000000000000e+01
-1.800000000000000000e+01
-1.700000000000000000e+01
-1.600000000000000000e+01
-1.500000000000000000e+01
-1.400000000000000000e+01
-1.300000000000000000e+01
-1.200000000000000000e+01
-1.100000000000000000e+01
-1.000000000000000000e+01
-9.000000000000000000e+00
-8.000000000000000000e+00
-7.000000000000000000e+00
-6.000000000000000000e+00
-5.000000000000000000e+00
-4.000000000000000000e+00
-3.000000000000000000e+00
-2.000000000000000000e+00
-1.000000000000000000e+00
0.000000000000000000e+00
1.000000000000000000e+00
2.000000000000000000e+00
3.000000000000000000e+00
4.000000000000000000e+00
5.000000000000000000e+00
6.000000000000000000e+00
7.000000000000000000e+00
8.000000000000000000e+00
9.000000000000000000e+00
1.000000000000000000e+01
1.100000000000000000e+01
1.200000000000000000e+01
1.300000000000000000e+01
1.400000000000000000e+01
1.500000000000000000e+01
1.600000000000000000e+01
1.700000000000000000e+01
1.800000000000000000e+01
1.900000000000000000e+01
2.000000000000000000e+01
2.100000000000000000e+01
2.200000000000000000e+01
2.300000000000000000e+01
2.400000000000000000e+01
2.500000000000000000e+01
2.600000000000000000e+01
2.700000000000000000e+01
2.800000000000000000e+01
2.900000000000000000e+01
3.000000000000000000e+01
3.100000000000000000e+01
3.200000000000000000e+01
3.300000000000000000e+01
3.400000000000000000e+01
3.500000000000000000e+01
3.600000000000000000e+01
3.700000000000000000e+01
3.800000000000000000e+01
3.900000000000000000e+01
4.000000000000000000e+01
4.100000000000000000e+01
4.200000000000000000e+01
4.300000000000000000e+01
4.400000000000000000e+01
4.500000000000000000e+01
4.600000000000000000e+01
4.700000000000000000e+01
4.800000000000000000e+01
4.900000000000000000e+01
5.000000000000000000e+01
5.100000000000000000e+01
5.200000000000000000e+01
5.300000000000000000e+01
5.400000000000000000e+01
5.500000000000000000e+01
5.600000000000000000e+01
5.700000000000000000e+01
5.800000000000000000e+01
5.900000000000000000e+01
6.000000000000000000e+01
6.100000000000000000e+01
6.200000000000000000e+01
6.300000000000000000e+01
6.400000000000000000e+01
6.500000000000000000e+01
6.600000000000000000e+01
6.700000000000000000e+01
6.800000000000000000e+01
6.900000000000000000e+01
7.000000000000000000e+01
7.100000000000000000e+01
7.200000000000000000e+01
7.300000000000000000e+01
7.400000000000000000e+01
7.500000000000000000e+01
7.600000000000000000e+01
7.700000000000000000e+01
7.800000000000000000e+01
7.900000000000000000e+01
8.000000000000000000e+01
8.100000000000000000e+01
8.200000000000000000e+01
8.300000000000000000e+01
8.400000000000000000e+01
8.500000000000000000e+01
8.600000000000000000e+01
8.700000000000000000e+01
8.800000000000000000e+01
8.900000000000000000e+01
9.000000000000000000e+01
9.100000000000000000e+01
9.200000000000000000e+01
9.300000000000000000e+01
9.400000000000000000e+01
9.500000000000000000e+01
9.600000000000000000e+01
9.700000000000000000e+01
9.800000000000000000e+01
9.900000000000000000e+01
