single photon fraction:    0.2717
laser fraction:    0.0815
thermal source fraction:    0.2663
non-detected fraction:    0.3804
number of bins:  200.0000
bin width (ns):    1.0000
average detection events per bin: 5000.0000

# binary result
0.000000000000000000e+00

# g2 signal
9.716234059050046223e-01
9.829779365249295964e-01
1.030018134807475727e+00
1.016068282902996556e+00
9.823291062037909915e-01
1.025151907398936579e+00
1.003091676480225125e+00
9.742187271895589307e-01
1.019961264829827963e+00
1.006011412925348791e+00
9.729210665472818320e-01
1.023529831596090123e+00
1.031964625770891431e+00
1.012824131297303643e+00
1.003091676480225125e+00
1.000496355195670928e+00
1.017041528384704296e+00
9.768140484741132390e-01
1.025800737720075073e+00
1.004064921961933088e+00
9.988742793928244712e-01
1.011850885815595902e+00
1.014121791939580852e+00
1.014121791939580852e+00
9.836267668460682012e-01
1.000820770356240175e+00
9.875197487728996082e-01
1.009579979691610951e+00
1.030666965128614221e+00
1.007633488728195248e+00
9.949812974659930642e-01
1.001469600677378669e+00
9.768140484741132390e-01
9.972522035899781256e-01
9.858976729700531516e-01
9.570247236793869572e-01
9.748675575106975355e-01
1.003740506801363841e+00
1.000171940035101681e+00
1.000496355195670928e+00
9.998475248745323229e-01
1.002442846159086631e+00
9.833023516854988433e-01
1.000496355195670928e+00
9.972522035899781256e-01
9.901150700574538055e-01
1.006984658407056532e+00
9.901150700574538055e-01
9.855732578094839047e-01
9.719478210655739803e-01
9.839511820066374481e-01
1.015095037421288593e+00
9.988742793928244712e-01
1.012824131297303643e+00
1.015419452581858062e+00
1.006011412925348791e+00
1.027422813522921530e+00
1.009579979691610951e+00
1.002767261319655878e+00
9.907639003785924103e-01
1.031640210610322184e+00
9.583223843216640558e-01
9.661083481753268698e-01
1.000171940035101681e+00
1.027098398362352283e+00
1.009579979691610951e+00
1.008606734209902989e+00
9.764896333135438811e-01
1.009255564531041482e+00
9.768140484741132390e-01
1.029693719646906480e+00
1.009579979691610951e+00
1.004064921961933088e+00
9.910883155391616572e-01
1.005686997764779544e+00
1.018014773866412259e+00
1.020610095150966457e+00
1.009904394852180198e+00
1.012824131297303643e+00
1.002118430998517384e+00
1.020610095150966457e+00
9.914127306997310152e-01
9.979010339111166195e-01
1.012499716136734396e+00
1.003740506801363841e+00
9.894662397363153117e-01
9.933592216631467187e-01
1.017041528384704296e+00
9.962789581082702739e-01
1.037804098661138541e+00
9.852488426489145468e-01
1.029693719646906480e+00
9.907639003785924103e-01
1.011526470655026655e+00
9.991986945533938291e-01
9.654595178541882650e-01
9.554026478765405006e-01
9.982254490716859774e-01
9.823291062037909915e-01
1.017690358705843012e+00
9.946568823054238173e-01
9.891418245757459538e-01
9.982254490716859774e-01
1.008606734209902989e+00
9.836267668460682012e-01
1.008606734209902989e+00
9.946568823054238173e-01
1.011850885815595902e+00
1.023529831596090123e+00
1.000496355195670928e+00
1.007633488728195248e+00
1.004389337122502335e+00
1.020285679990397210e+00
1.002767261319655878e+00
9.910883155391616572e-01
1.018988019348120000e+00
1.005038167443640829e+00
9.683792542993118202e-01
9.693524997810196719e-01
9.862220881306223985e-01
1.012824131297303643e+00
9.586467994822333027e-01
9.907639003785924103e-01
1.007957903888764495e+00
9.914127306997310152e-01
1.002767261319655878e+00
1.010877640333887939e+00
9.712989907444353754e-01
1.001794015837948137e+00
1.007309073567625779e+00
1.018014773866412259e+00
9.687036694598810671e-01
9.884929942546074599e-01
1.009904394852180198e+00
1.015743867742427309e+00
1.020285679990397210e+00
9.991986945533938291e-01
9.920615610208695090e-01
1.000496355195670928e+00
9.865465032911917564e-01
9.771384636346824859e-01
1.007957903888764495e+00
1.019636849669258716e+00
1.022232170953812913e+00
1.019312434508689469e+00
9.927103913420081138e-01
1.005362582604210075e+00
9.807070304009446460e-01
1.022556586114382160e+00
1.005362582604210075e+00
1.013797376779011605e+00
1.018339189026981506e+00
1.024827492238367110e+00
1.004389337122502335e+00
1.002118430998517384e+00
9.991986945533938291e-01
1.018339189026981506e+00
9.888174094151767068e-01
9.858976729700531516e-01
1.007957903888764495e+00
9.927103913420081138e-01
9.923859761814388669e-01
1.013148546457872889e+00
1.009579979691610951e+00
9.829779365249295964e-01
9.969277884294087677e-01
9.638374420513418084e-01
9.959545429477009160e-01
1.001145185516809422e+00
1.003416091640794372e+00
1.023854246756659370e+00
9.982254490716859774e-01
9.959545429477009160e-01
9.751919726712667824e-01
9.846000123277760530e-01
1.000820770356240175e+00
9.800582000798060411e-01
9.946568823054238173e-01
1.030342549968044974e+00
1.009579979691610951e+00
1.032289040931460677e+00
9.953057126265624222e-01
1.021258925472105172e+00
1.019636849669258716e+00
1.000496355195670928e+00
9.946568823054238173e-01
9.657839330147575119e-01
9.787605394375289425e-01
1.027098398362352283e+00
1.003091676480225125e+00
9.969277884294087677e-01
9.917371458603002621e-01
9.755163878318360293e-01
1.006011412925348791e+00
9.972522035899781256e-01
9.998475248745323229e-01
9.852488426489145468e-01
9.807070304009446460e-01
1.002442846159086631e+00
1.016392698063565803e+00

# time bin value
-1.000000000000000000e+02
-9.900000000000000000e+01
-9.800000000000000000e+01
-9.700000000000000000e+01
-9.600000000000000000e+01
-9.500000000000000000e+01
-9.400000000000000000e+01
-9.300000000000000000e+01
-9.200000000000000000e+01
-9.100000000000000000e+01
-9.000000000000000000e+01
-8.900000000000000000e+01
-8.800000000000000000e+01
-8.700000000000000000e+01
-8.600000000000000000e+01
-8.500000000000000000e+01
-8.400000000000000000e+01
-8.300000000000000000e+01
-8.200000000000000000e+01
-8.100000000000000000e+01
-8.000000000000000000e+01
-7.900000000000000000e+01
-7.800000000000000000e+01
-7.700000000000000000e+01
-7.600000000000000000e+01
-7.500000000000000000e+01
-7.400000000000000000e+01
-7.300000000000000000e+01
-7.200000000000000000e+01
-7.100000000000000000e+01
-7.000000000000000000e+01
-6.900000000000000000e+01
-6.800000000000000000e+01
-6.700000000000000000e+01
-6.600000000000000000e+01
-6.500000000000000000e+01
-6.400000000000000000e+01
-6.300000000000000000e+01
-6.200000000000000000e+01
-6.100000000000000000e+01
-6.000000000000000000e+01
-5.900000000000000000e+01
-5.800000000000000000e+01
-5.700000000000000000e+01
-5.600000000000000000e+01
-5.500000000000000000e+01
-5.400000000000000000e+01
-5.300000000000000000e+01
-5.200000000000000000e+01
-5.100000000000000000e+01
-5.000000000000000000e+01
-4.900000000000000000e+01
-4.800000000000000000e+01
-4.700000000000000000e+01
-4.600000000000000000e+01
-4.500000000000000000e+01
-4.400000000000000000e+01
-4.300000000000000000e+01
-4.200000000000000000e+01
-4.100000000000000000e+01
-4.000000000000000000e+01
-3.900000000000000000e+01
-3.800000000000000000e+01
-3.700000000000000000e+01
-3.600000000000000000e+01
-3.500000000000000000e+01
-3.400000000000000000e+01
-3.300000000000000000e+01
-3.200000000000000000e+01
-3.100000000000000000e+01
-3.000000000000000000e+01
-2.900000000000000000e+01
-2.800000000000000000e+01
-2.700000000000000000e+01
-2.600000000000000000e+01
-2.500000000000000000e+01
-2.400000000000000000e+01
-2.300000000000000000e+01
-2.200000000000000000e+01
-2.100000000000000000e+01
-2.000000000000000000e+01
-1.900000000000000000e+01
-1.800000000000000000e+01
-1.700000000000000000e+01
-1.600000000000000000e+01
-1.500000000000000000e+01
-1.400000000000000000e+01
-1.300000000000000000e+01
-1.200000000000000000e+01
-1.100000000000000000e+01
-1.000000000000000000e+01
-9.000000000000000000e+00
-8.000000000000000000e+00
-7.000000000000000000e+00
-6.000000000000000000e+00
-5.000000000000000000e+00
-4.000000000000000000e+00
-3.000000000000000000e+00
-2.000000000000000000e+00
-1.000000000000000000e+00
0.000000000000000000e+00
1.000000000000000000e+00
2.000000000000000000e+00
3.000000000000000000e+00
4.000000000000000000e+00
5.000000000000000000e+00
6.000000000000000000e+00
7.000000000000000000e+00
8.000000000000000000e+00
9.000000000000000000e+00
1.000000000000000000e+01
1.100000000000000000e+01
1.200000000000000000e+01
1.300000000000000000e+01
1.400000000000000000e+01
1.500000000000000000e+01
1.600000000000000000e+01
1.700000000000000000e+01
1.800000000000000000e+01
1.900000000000000000e+01
2.000000000000000000e+01
2.100000000000000000e+01
2.200000000000000000e+01
2.300000000000000000e+01
2.400000000000000000e+01
2.500000000000000000e+01
2.600000000000000000e+01
2.700000000000000000e+01
2.800000000000000000e+01
2.900000000000000000e+01
3.000000000000000000e+01
3.100000000000000000e+01
3.200000000000000000e+01
3.300000000000000000e+01
3.400000000000000000e+01
3.500000000000000000e+01
3.600000000000000000e+01
3.700000000000000000e+01
3.800000000000000000e+01
3.900000000000000000e+01
4.000000000000000000e+01
4.100000000000000000e+01
4.200000000000000000e+01
4.300000000000000000e+01
4.400000000000000000e+01
4.500000000000000000e+01
4.600000000000000000e+01
4.700000000000000000e+01
4.800000000000000000e+01
4.900000000000000000e+01
5.000000000000000000e+01
5.100000000000000000e+01
5.200000000000000000e+01
5.300000000000000000e+01
5.400000000000000000e+01
5.500000000000000000e+01
5.600000000000000000e+01
5.700000000000000000e+01
5.800000000000000000e+01
5.900000000000000000e+01
6.000000000000000000e+01
6.100000000000000000e+01
6.200000000000000000e+01
6.300000000000000000e+01
6.400000000000000000e+01
6.500000000000000000e+01
6.600000000000000000e+01
6.700000000000000000e+01
6.800000000000000000e+01
6.900000000000000000e+01
7.000000000000000000e+01
7.100000000000000000e+01
7.200000000000000000e+01
7.300000000000000000e+01
7.400000000000000000e+01
7.500000000000000000e+01
7.600000000000000000e+01
7.700000000000000000e+01
7.800000000000000000e+01
7.900000000000000000e+01
8.000000000000000000e+01
8.100000000000000000e+01
8.200000000000000000e+01
8.300000000000000000e+01
8.400000000000000000e+01
8.500000000000000000e+01
8.600000000000000000e+01
8.700000000000000000e+01
8.800000000000000000e+01
8.900000000000000000e+01
9.000000000000000000e+01
9.100000000000000000e+01
9.200000000000000000e+01
9.300000000000000000e+01
9.400000000000000000e+01
9.500000000000000000e+01
9.600000000000000000e+01
9.700000000000000000e+01
9.800000000000000000e+01
9.900000000000000000e+01
