single photon fraction:    0.1143
laser fraction:    0.2971
thermal source fraction:    0.2171
non-detected fraction:    0.3714
number of bins:  200.0000
bin width (ns):    1.0000
average detection events per bin: 5000.0000

# binary result
0.000000000000000000e+00

# g2 signal
9.941851358133616534e-01
9.794801466662830247e-01
9.845949255000495670e-01
1.001217956709790524e+00
1.016562293211090040e+00
9.900293780109263864e-01
1.007291756574888231e+00
1.004095019803784350e+00
1.006972082897777954e+00
9.810785150518350761e-01
1.015922945856869264e+00
1.011127840700213110e+00
9.977015462615761443e-01
1.017521314242421315e+00
1.015283598502648488e+00
9.961031778760240929e-01
1.020398377336414919e+00
9.810785150518350761e-01
9.948244831675825406e-01
1.012086861731544385e+00
9.919474200735888259e-01
1.017201640565310816e+00
9.861932938856015074e-01
1.006332735543557177e+00
1.011127840700213110e+00
1.023914787784629521e+00
9.922670937506992139e-01
9.782014519578414724e-01
9.929064411049201011e-01
9.938654621362512653e-01
9.852342728542703432e-01
1.013045882762875660e+00
9.909883990422576616e-01
1.009529472314661280e+00
1.000898283032680247e+00
1.006652409220667455e+00
1.011767188054434108e+00
1.022636093076187747e+00
1.011767188054434108e+00
9.746850415096269815e-01
1.004095019803784350e+00
1.003135998772453075e+00
1.002496651418232299e+00
9.986605672929074196e-01
9.916277463964784378e-01
9.871523149169327827e-01
9.980212199386865324e-01
1.011127840700213110e+00
1.014004903794206935e+00
9.788407993120622486e-01
9.992999146471281957e-01
1.006652409220667455e+00
9.810785150518350761e-01
1.004095019803784350e+00
9.692505889987500511e-01
9.977015462615761443e-01
9.973818725844657562e-01
1.003135998772453075e+00
9.957835041989137048e-01
9.903490516880368855e-01
9.750047151867373696e-01
9.881113359482639469e-01
1.016562293211090040e+00
1.028390219264175176e+00
9.797998203433934128e-01
9.804391676976143000e-01
9.673325469360876117e-01
1.020398377336414919e+00
9.647751575192043960e-01
1.044693576796805745e+00
9.778817782807309733e-01
1.021677072044856693e+00
9.977015462615761443e-01
9.909883990422576616e-01
1.021037724690635695e+00
9.801194940205038009e-01
9.791604729891726366e-01
9.826768834373871275e-01
1.006972082897777954e+00
1.008890124960440282e+00
1.021677072044856693e+00
9.916277463964784378e-01
9.897097043338159983e-01
9.983408936157970315e-01
9.983408936157970315e-01
1.006972082897777954e+00
9.980212199386865324e-01
9.938654621362512653e-01
1.002816325095342576e+00
9.868326412398223946e-01
1.024234461461739798e+00
1.000258935678459471e+00
9.909883990422576616e-01
1.023275440430408523e+00
9.679718942903083878e-01
9.766030835722894210e-01
9.826768834373871275e-01
9.945048094904721525e-01
9.977015462615761443e-01
1.004734367158005126e+00
1.181194236922949115e+00
9.823572097602767395e-01
9.941851358133616534e-01
9.951441568446929287e-01
9.961031778760240929e-01
1.000258935678459471e+00
1.019759029982194143e+00
1.005373714512225902e+00
1.027431198232843901e+00
1.004734367158005126e+00
1.005054040835115403e+00
9.900293780109263864e-01
1.031906629712389556e+00
9.698899363529708273e-01
9.641358101649836199e-01
9.935457884591408773e-01
9.775621046036205852e-01
9.829965571144975156e-01
9.973818725844657562e-01
9.861932938856015074e-01
9.788407993120622486e-01
9.750047151867373696e-01
9.788407993120622486e-01
1.008890124960440282e+00
1.052046071370345226e+00
9.877916622711535588e-01
1.014963924825537989e+00
9.813981887289454642e-01
1.001857304064011522e+00
1.022955766753298246e+00
1.017840987919531814e+00
1.029029566618395952e+00
9.961031778760240929e-01
1.009209798637550781e+00
9.775621046036205852e-01
9.801194940205038009e-01
1.039898471640149813e+00
1.008570451283330005e+00
9.670128732589772236e-01
1.002176977741121799e+00
9.980212199386865324e-01
1.015283598502648488e+00
1.022955766753298246e+00
9.967425252302449801e-01
9.801194940205038009e-01
9.724473257698541540e-01
9.577423366227754142e-01
1.010808167023102833e+00
9.618980944252106813e-01
9.842752518229391789e-01
1.026152503524402348e+00
9.957835041989137048e-01
9.983408936157970315e-01
9.938654621362512653e-01
9.702096100300813264e-01
9.925867674278097130e-01
9.702096100300813264e-01
1.014004903794206935e+00
1.006013061866446678e+00
9.730866731240749301e-01
1.018160661596642091e+00
9.689309153216396631e-01
9.941851358133616534e-01
9.628571154565419565e-01
9.980212199386865324e-01
1.008250777606219506e+00
9.951441568446929287e-01
1.008250777606219506e+00
9.778817782807309733e-01
1.011127840700213110e+00
1.019439356305083644e+00
1.037660755900376985e+00
1.016881966888200539e+00
1.026152503524402348e+00
1.012086861731544385e+00
9.833162307916079037e-01
1.000578609355569748e+00
1.004734367158005126e+00
1.025193482493071073e+00
9.967425252302449801e-01
1.020078703659304642e+00
1.020718051013525418e+00
1.003775346126673851e+00
9.682915679674188869e-01
1.021037724690635695e+00
9.890703569795952221e-01
9.999392620013489719e-01
1.006972082897777954e+00
9.599800523625482418e-01
9.618980944252106813e-01
1.002176977741121799e+00
1.018800008950862868e+00
1.014644251148427712e+00
1.012726209085765161e+00
1.013365556439985937e+00
9.925867674278097130e-01
1.007291756574888231e+00
9.887506833024848341e-01
1.006652409220667455e+00
1.007611430251998730e+00

# time bin value
-1.000000000000000000e+02
-9.900000000000000000e+01
-9.800000000000000000e+01
-9.700000000000000000e+01
-9.600000000000000000e+01
-9.500000000000000000e+01
-9.400000000000000000e+01
-9.300000000000000000e+01
-9.200000000000000000e+01
-9.100000000000000000e+01
-9.000000000000000000e+01
-8.900000000000000000e+01
-8.800000000000000000e+01
-8.700000000000000000e+01
-8.600000000000000000e+01
-8.500000000000000000e+01
-8.400000000000000000e+01
-8.300000000000000000e+01
-8.200000000000000000e+01
-8.100000000000000000e+01
-8.000000000000000000e+01
-7.900000000000000000e+01
-7.800000000000000000e+01
-7.700000000000000000e+01
-7.600000000000000000e+01
-7.500000000000000000e+01
-7.400000000000000000e+01
-7.300000000000000000e+01
-7.200000000000000000e+01
-7.100000000000000000e+01
-7.000000000000000000e+01
-6.900000000000000000e+01
-6.800000000000000000e+01
-6.700000000000000000e+01
-6.600000000000000000e+01
-6.500000000000000000e+01
-6.400000000000000000e+01
-6.300000000000000000e+01
-6.200000000000000000e+01
-6.100000000000000000e+01
-6.000000000000000000e+01
-5.900000000000000000e+01
-5.800000000000000000e+01
-5.700000000000000000e+01
-5.600000000000000000e+01
-5.500000000000000000e+01
-5.400000000000000000e+01
-5.300000000000000000e+01
-5.200000000000000000e+01
-5.100000000000000000e+01
-5.000000000000000000e+01
-4.900000000000000000e+01
-4.800000000000000000e+01
-4.700000000000000000e+01
-4.600000000000000000e+01
-4.500000000000000000e+01
-4.400000000000000000e+01
-4.300000000000000000e+01
-4.200000000000000000e+01
-4.100000000000000000e+01
-4.000000000000000000e+01
-3.900000000000000000e+01
-3.800000000000000000e+01
-3.700000000000000000e+01
-3.600000000000000000e+01
-3.500000000000000000e+01
-3.400000000000000000e+01
-3.300000000000000000e+01
-3.200000000000000000e+01
-3.100000000000000000e+01
-3.000000000000000000e+01
-2.900000000000000000e+01
-2.800000000000000000e+01
-2.700000000000000000e+01
-2.600000000000000000e+01
-2.500000000000000000e+01
-2.400000000000000000e+01
-2.300000000000000000e+01
-2.200000000000000000e+01
-2.100000000000000000e+01
-2.000000000000000000e+01
-1.900000000000000000e+01
-1.800000000000000000e+01
-1.700000000000000000e+01
-1.600000000000000000e+01
-1.500000000000000000e+01
-1.400000000000000000e+01
-1.300000000000000000e+01
-1.200000000000000000e+01
-1.100000000000000000e+01
-1.000000000000000000e+01
-9.000000000000000000e+00
-8.000000000000000000e+00
-7.000000000000000000e+00
-6.000000000000000000e+00
-5.000000000000000000e+00
-4.000000000000000000e+00
-3.000000000000000000e+00
-2.000000000000000000e+00
-1.000000000000000000e+00
0.000000000000000000e+00
1.000000000000000000e+00
2.000000000000000000e+00
3.000000000000000000e+00
4.000000000000000000e+00
5.000000000000000000e+00
6.000000000000000000e+00
7.000000000000000000e+00
8.000000000000000000e+00
9.000000000000000000e+00
1.000000000000000000e+01
1.100000000000000000e+01
1.200000000000000000e+01
1.300000000000000000e+01
1.400000000000000000e+01
1.500000000000000000e+01
1.600000000000000000e+01
1.700000000000000000e+01
1.800000000000000000e+01
1.900000000000000000e+01
2.000000000000000000e+01
2.100000000000000000e+01
2.200000000000000000e+01
2.300000000000000000e+01
2.400000000000000000e+01
2.500000000000000000e+01
2.600000000000000000e+01
2.700000000000000000e+01
2.800000000000000000e+01
2.900000000000000000e+01
3.000000000000000000e+01
3.100000000000000000e+01
3.200000000000000000e+01
3.300000000000000000e+01
3.400000000000000000e+01
3.500000000000000000e+01
3.600000000000000000e+01
3.700000000000000000e+01
3.800000000000000000e+01
3.900000000000000000e+01
4.000000000000000000e+01
4.100000000000000000e+01
4.200000000000000000e+01
4.300000000000000000e+01
4.400000000000000000e+01
4.500000000000000000e+01
4.600000000000000000e+01
4.700000000000000000e+01
4.800000000000000000e+01
4.900000000000000000e+01
5.000000000000000000e+01
5.100000000000000000e+01
5.200000000000000000e+01
5.300000000000000000e+01
5.400000000000000000e+01
5.500000000000000000e+01
5.600000000000000000e+01
5.700000000000000000e+01
5.800000000000000000e+01
5.900000000000000000e+01
6.000000000000000000e+01
6.100000000000000000e+01
6.200000000000000000e+01
6.300000000000000000e+01
6.400000000000000000e+01
6.500000000000000000e+01
6.600000000000000000e+01
6.700000000000000000e+01
6.800000000000000000e+01
6.900000000000000000e+01
7.000000000000000000e+01
7.100000000000000000e+01
7.200000000000000000e+01
7.300000000000000000e+01
7.400000000000000000e+01
7.500000000000000000e+01
7.600000000000000000e+01
7.700000000000000000e+01
7.800000000000000000e+01
7.900000000000000000e+01
8.000000000000000000e+01
8.100000000000000000e+01
8.200000000000000000e+01
8.300000000000000000e+01
8.400000000000000000e+01
8.500000000000000000e+01
8.600000000000000000e+01
8.700000000000000000e+01
8.800000000000000000e+01
8.900000000000000000e+01
9.000000000000000000e+01
9.100000000000000000e+01
9.200000000000000000e+01
9.300000000000000000e+01
9.400000000000000000e+01
9.500000000000000000e+01
9.600000000000000000e+01
9.700000000000000000e+01
9.800000000000000000e+01
9.900000000000000000e+01
