single photon fraction:    0.1138
laser fraction:    0.1617
thermal source fraction:    0.4731
non-detected fraction:    0.2515
number of bins:  200.0000
bin width (ns):    1.0000
average detection events per bin: 5000.0000

# binary result
0.000000000000000000e+00

# g2 signal
9.906930015741488571e-01
1.005736062335578440e+00
1.006541940590655049e+00
1.023465383947263385e+00
1.010034079695987019e+00
1.006273314505629513e+00
1.012988966631267695e+00
9.952596450195828615e-01
9.928420102543531467e-01
1.005198810165527368e+00
9.735009321325150955e-01
1.007616444930757194e+00
1.016212479651574130e+00
9.681284104320044825e-01
1.018361488331778419e+00
9.702774191122087721e-01
1.010839957951063628e+00
1.008153697100808266e+00
9.957968971896339339e-01
9.748440625576426655e-01
9.761871929827703465e-01
9.888126189789702147e-01
9.753813147276937379e-01
1.020241870926956951e+00
9.831714711934340656e-01
9.898871233190723595e-01
1.024002636117314458e+00
1.020779123097008023e+00
9.839773494485106742e-01
1.019704618756905878e+00
1.004124305825425223e+00
9.944537667645062529e-01
9.896184972340468233e-01
1.000363540635067938e+00
1.040388827303871722e+00
1.000363540635067938e+00
9.957968971896339339e-01
1.009228201440910411e+00
9.955282711046083977e-01
9.949910189345573253e-01
1.015137975311471985e+00
9.909616276591743933e-01
1.008422323185833802e+00
9.952596450195828615e-01
9.861263581287149638e-01
9.963341493596850063e-01
9.858577320436894276e-01
1.005467436250552904e+00
1.003049801485323300e+00
9.874694885538425337e-01
9.944537667645062529e-01
9.987517841249147210e-01
1.007616444930757194e+00
1.013257592716293232e+00
9.944537667645062529e-01
9.979459058698381124e-01
1.018361488331778419e+00
9.960655232746594701e-01
9.855891059586638914e-01
9.880067407238936061e-01
9.866636102987659251e-01
1.010302705781012556e+00
1.008690949270859338e+00
1.009765453610961483e+00
9.974086536997871510e-01
1.012988966631267695e+00
9.960655232746594701e-01
9.608755061363152272e-01
9.638303930715960144e-01
1.015137975311471985e+00
1.016481105736599666e+00
9.952596450195828615e-01
9.998262884650168658e-01
1.006810566675680585e+00
9.957968971896339339e-01
9.941851406794807167e-01
1.016749731821625202e+00
9.866636102987659251e-01
1.021047749182033559e+00
1.007079192760706121e+00
9.869322363837914613e-01
9.971400276147616148e-01
9.632931409015449420e-01
9.710832973672852697e-01
9.858577320436894276e-01
1.001706671060195619e+00
9.933792624244042191e-01
9.914988798292254657e-01
1.014063470971369840e+00
1.007616444930757194e+00
1.022928131777212313e+00
1.006004688420603976e+00
1.004930184080501832e+00
9.974086536997871510e-01
9.933792624244042191e-01
1.015943853566548594e+00
1.032867296923156930e+00
9.638303930715960144e-01
1.044955470749305615e+00
9.974086536997871510e-01
1.513707989118852737e+00
1.012988966631267695e+00
1.000900792805119011e+00
9.716205495373363421e-01
1.015406601396497521e+00
9.990204102099402572e-01
9.898871233190723595e-01
9.971400276147616148e-01
1.025614392627467675e+00
1.028837905647773887e+00
9.976772797848126872e-01
1.012183088376191087e+00
9.914988798292254657e-01
1.007079192760706121e+00
1.028300653477722815e+00
9.882753668089191423e-01
9.888126189789702147e-01
1.019704618756905878e+00
9.710832973672852697e-01
9.931106363393786829e-01
9.982145319548636486e-01
9.888126189789702147e-01
9.780675755779490999e-01
9.966027754447105425e-01
9.888126189789702147e-01
9.799479581731277422e-01
9.904243754891233209e-01
9.947223928495317891e-01
1.009765453610961483e+00
1.006004688420603976e+00
9.683970365170300187e-01
9.968714015297360787e-01
9.941851406794807167e-01
9.772616973228724913e-01
1.016212479651574130e+00
9.917675059142510019e-01
9.624872626464684444e-01
9.804852103431788146e-01
1.016212479651574130e+00
9.834400972784596018e-01
1.010571331866038092e+00
9.952596450195828615e-01
9.931106363393786829e-01
1.017018357906650738e+00
9.949910189345573253e-01
9.931106363393786829e-01
1.002781175400297764e+00
1.014332097056395376e+00
9.853204798736383552e-01
1.007079192760706121e+00
1.014869349226446449e+00
1.007616444930757194e+00
1.003049801485323300e+00
1.033673175178233539e+00
9.853204798736383552e-01
9.990204102099402572e-01
1.018361488331778419e+00
1.000363540635067938e+00
9.869322363837914613e-01
9.732323060474895593e-01
9.700087930271832359e-01
1.008959575355884875e+00
1.017286983991676275e+00
9.748440625576426655e-01
1.008153697100808266e+00
1.002781175400297764e+00
9.651735234967236954e-01
9.974086536997871510e-01
1.005198810165527368e+00
9.775303234078980275e-01
9.804852103431788146e-01
1.001975297145221155e+00
1.003049801485323300e+00
9.780675755779490999e-01
9.966027754447105425e-01
9.837087233634851380e-01
9.759185668977448103e-01
1.006004688420603976e+00
9.818283407683064956e-01
1.017824236161727347e+00
9.818283407683064956e-01
1.001438044975170083e+00
9.963341493596850063e-01
1.006273314505629513e+00
9.998262884650168658e-01
9.845146016185617466e-01
9.992890362949657934e-01
9.990204102099402572e-01
9.536226018406259719e-01
1.010034079695987019e+00
9.853204798736383552e-01
9.735009321325150955e-01
9.732323060474895593e-01
9.928420102543531467e-01
9.933792624244042191e-01
1.012720340546242159e+00
1.006273314505629513e+00
9.640990191566215506e-01
9.923047580843020743e-01
1.003855679740399687e+00

# time bin value
-1.000000000000000000e+02
-9.900000000000000000e+01
-9.800000000000000000e+01
-9.700000000000000000e+01
-9.600000000000000000e+01
-9.500000000000000000e+01
-9.400000000000000000e+01
-9.300000000000000000e+01
-9.200000000000000000e+01
-9.100000000000000000e+01
-9.000000000000000000e+01
-8.900000000000000000e+01
-8.800000000000000000e+01
-8.700000000000000000e+01
-8.600000000000000000e+01
-8.500000000000000000e+01
-8.400000000000000000e+01
-8.300000000000000000e+01
-8.200000000000000000e+01
-8.100000000000000000e+01
-8.000000000000000000e+01
-7.900000000000000000e+01
-7.800000000000000000e+01
-7.700000000000000000e+01
-7.600000000000000000e+01
-7.500000000000000000e+01
-7.400000000000000000e+01
-7.300000000000000000e+01
-7.200000000000000000e+01
-7.100000000000000000e+01
-7.000000000000000000e+01
-6.900000000000000000e+01
-6.800000000000000000e+01
-6.700000000000000000e+01
-6.600000000000000000e+01
-6.500000000000000000e+01
-6.400000000000000000e+01
-6.300000000000000000e+01
-6.200000000000000000e+01
-6.100000000000000000e+01
-6.000000000000000000e+01
-5.900000000000000000e+01
-5.800000000000000000e+01
-5.700000000000000000e+01
-5.600000000000000000e+01
-5.500000000000000000e+01
-5.400000000000000000e+01
-5.300000000000000000e+01
-5.200000000000000000e+01
-5.100000000000000000e+01
-5.000000000000000000e+01
-4.900000000000000000e+01
-4.800000000000000000e+01
-4.700000000000000000e+01
-4.600000000000000000e+01
-4.500000000000000000e+01
-4.400000000000000000e+01
-4.300000000000000000e+01
-4.200000000000000000e+01
-4.100000000000000000e+01
-4.000000000000000000e+01
-3.900000000000000000e+01
-3.800000000000000000e+01
-3.700000000000000000e+01
-3.600000000000000000e+01
-3.500000000000000000e+01
-3.400000000000000000e+01
-3.300000000000000000e+01
-3.200000000000000000e+01
-3.100000000000000000e+01
-3.000000000000000000e+01
-2.900000000000000000e+01
-2.800000000000000000e+01
-2.700000000000000000e+01
-2.600000000000000000e+01
-2.500000000000000000e+01
-2.400000000000000000e+01
-2.300000000000000000e+01
-2.200000000000000000e+01
-2.100000000000000000e+01
-2.000000000000000000e+01
-1.900000000000000000e+01
-1.800000000000000000e+01
-1.700000000000000000e+01
-1.600000000000000000e+01
-1.500000000000000000e+01
-1.400000000000000000e+01
-1.300000000000000000e+01
-1.200000000000000000e+01
-1.100000000000000000e+01
-1.000000000000000000e+01
-9.000000000000000000e+00
-8.000000000000000000e+00
-7.000000000000000000e+00
-6.000000000000000000e+00
-5.000000000000000000e+00
-4.000000000000000000e+00
-3.000000000000000000e+00
-2.000000000000000000e+00
-1.000000000000000000e+00
0.000000000000000000e+00
1.000000000000000000e+00
2.000000000000000000e+00
3.000000000000000000e+00
4.000000000000000000e+00
5.000000000000000000e+00
6.000000000000000000e+00
7.000000000000000000e+00
8.000000000000000000e+00
9.000000000000000000e+00
1.000000000000000000e+01
1.100000000000000000e+01
1.200000000000000000e+01
1.300000000000000000e+01
1.400000000000000000e+01
1.500000000000000000e+01
1.600000000000000000e+01
1.700000000000000000e+01
1.800000000000000000e+01
1.900000000000000000e+01
2.000000000000000000e+01
2.100000000000000000e+01
2.200000000000000000e+01
2.300000000000000000e+01
2.400000000000000000e+01
2.500000000000000000e+01
2.600000000000000000e+01
2.700000000000000000e+01
2.800000000000000000e+01
2.900000000000000000e+01
3.000000000000000000e+01
3.100000000000000000e+01
3.200000000000000000e+01
3.300000000000000000e+01
3.400000000000000000e+01
3.500000000000000000e+01
3.600000000000000000e+01
3.700000000000000000e+01
3.800000000000000000e+01
3.900000000000000000e+01
4.000000000000000000e+01
4.100000000000000000e+01
4.200000000000000000e+01
4.300000000000000000e+01
4.400000000000000000e+01
4.500000000000000000e+01
4.600000000000000000e+01
4.700000000000000000e+01
4.800000000000000000e+01
4.900000000000000000e+01
5.000000000000000000e+01
5.100000000000000000e+01
5.200000000000000000e+01
5.300000000000000000e+01
5.400000000000000000e+01
5.500000000000000000e+01
5.600000000000000000e+01
5.700000000000000000e+01
5.800000000000000000e+01
5.900000000000000000e+01
6.000000000000000000e+01
6.100000000000000000e+01
6.200000000000000000e+01
6.300000000000000000e+01
6.400000000000000000e+01
6.500000000000000000e+01
6.600000000000000000e+01
6.700000000000000000e+01
6.800000000000000000e+01
6.900000000000000000e+01
7.000000000000000000e+01
7.100000000000000000e+01
7.200000000000000000e+01
7.300000000000000000e+01
7.400000000000000000e+01
7.500000000000000000e+01
7.600000000000000000e+01
7.700000000000000000e+01
7.800000000000000000e+01
7.900000000000000000e+01
8.000000000000000000e+01
8.100000000000000000e+01
8.200000000000000000e+01
8.300000000000000000e+01
8.400000000000000000e+01
8.500000000000000000e+01
8.600000000000000000e+01
8.700000000000000000e+01
8.800000000000000000e+01
8.900000000000000000e+01
9.000000000000000000e+01
9.100000000000000000e+01
9.200000000000000000e+01
9.300000000000000000e+01
9.400000000000000000e+01
9.500000000000000000e+01
9.600000000000000000e+01
9.700000000000000000e+01
9.800000000000000000e+01
9.900000000000000000e+01
