single photon fraction:    0.5590
laser fraction:    0.1988
thermal source fraction:    0.0621
non-detected fraction:    0.1801
number of bins:  200.0000
bin width (ns):    1.0000
average detection events per bin: 5000.0000

# binary result
1.000000000000000000e+00

# g2 signal
9.990962538580497876e-01
9.846591539370052049e-01
1.022831824914682386e+00
1.004968972470000166e+00
9.915106589842805906e-01
9.883296030694741496e-01
9.917553555931118980e-01
9.944470182902558353e-01
1.002277309772856118e+00
9.824568844575238824e-01
9.829462776751863862e-01
9.966492877697371577e-01
1.001787916555193725e+00
1.003500792817012544e+00
1.038003014662220780e+00
9.986068606403872838e-01
1.006192455514156370e+00
9.895530861136304646e-01
9.861273335899928272e-01
1.003745489425843740e+00
1.018671982564550937e+00
9.983621640315559764e-01
1.000319736902206103e+00
9.844144573281740085e-01
9.834356708928488899e-01
1.001053826728699914e+00
9.966492877697371577e-01
1.021363645261694764e+00
9.697326607982981184e-01
1.033843172312089331e+00
1.021118948652863567e+00
1.030906813006114087e+00
9.937129284637620241e-01
1.017203802911563315e+00
9.895530861136304646e-01
1.054152990845084181e+00
9.890636928959679608e-01
1.008639421602469000e+00
1.003990186034675158e+00
1.006437152122987788e+00
1.012065174126106859e+00
1.009373511428962811e+00
1.002522006381687536e+00
9.709561438424544333e-01
1.016469713085069504e+00
9.863720301988241346e-01
1.003256096208181347e+00
1.023076521523513582e+00
9.920000522019430944e-01
1.010352297864287818e+00
9.995856470757122914e-01
1.011820477517275441e+00
9.954258047255808428e-01
9.976280742050621653e-01
9.809887048045362601e-01
1.018182589346888323e+00
1.010596994473119237e+00
9.995856470757122914e-01
9.920000522019430944e-01
9.643493354040103549e-01
1.008639421602469000e+00
1.032130296050270291e+00
1.027236363873645031e+00
9.792758285427174414e-01
9.888189962871367644e-01
9.937129284637620241e-01
1.003256096208181347e+00
1.003256096208181347e+00
9.973833775962309689e-01
1.001787916555193725e+00
9.863720301988241346e-01
1.013288657170263063e+00
9.971386809873996615e-01
9.976280742050621653e-01
9.922447488107744018e-01
9.934682318549307167e-01
1.017937892738057126e+00
1.014756836823250685e+00
9.988515572492184802e-01
1.010352297864287818e+00
9.944470182902558353e-01
9.920000522019430944e-01
1.006681848731818985e+00
1.000075040293374906e+00
9.927341420284369056e-01
1.011575780908444244e+00
1.021608341870525960e+00
1.022097735088188575e+00
9.765841658455735041e-01
1.001298523337531110e+00
9.858826369811615198e-01
1.014022746996756874e+00
9.986068606403872838e-01
1.037758318053389361e+00
1.000564433511037299e+00
9.905318725489555831e-01
1.012554567343769252e+00
1.019650768999875945e+00
9.929788386372682130e-01
1.001543219946362528e+00
3.910251809123594380e-01
1.011575780908444244e+00
9.983621640315559764e-01
1.016959106302732119e+00
1.003990186034675158e+00
9.863720301988241346e-01
9.873508166341491421e-01
1.000075040293374906e+00
1.004479579252337551e+00
9.721796268866107482e-01
9.959151979432433466e-01
9.942023216814245279e-01
1.006437152122987788e+00
1.001298523337531110e+00
9.920000522019430944e-01
1.020629555435200952e+00
9.934682318549307167e-01
9.995856470757122914e-01
1.009862904646625426e+00
1.005213669078831362e+00
1.024300004567670008e+00
1.027236363873645031e+00
9.976280742050621653e-01
1.008150028384806607e+00
1.016959106302732119e+00
1.021363645261694764e+00
1.020384858826369756e+00
1.000564433511037299e+00
1.020140162217538560e+00
9.716902336689482444e-01
9.707114472336232369e-01
1.006192455514156370e+00
9.834356708928488899e-01
1.011086387690781629e+00
9.897977827224617720e-01
1.026502274047151442e+00
1.013043960561431867e+00
1.007905331775975188e+00
9.912659623754493943e-01
9.924894454196057092e-01
1.022097735088188575e+00
9.893083895047992682e-01
1.017203802911563315e+00
9.990962538580497876e-01
1.017937892738057126e+00
9.814780980221987639e-01
1.002032613164024921e+00
9.910212657666180869e-01
1.005703062296493977e+00
1.002032613164024921e+00
1.015246230040913300e+00
9.927341420284369056e-01
1.003011399599349929e+00
9.807440081957050637e-01
9.827015810663550788e-01
9.929788386372682130e-01
1.014022746996756874e+00
9.834356708928488899e-01
1.000809130119868717e+00
1.004968972470000166e+00
1.007905331775975188e+00
9.983621640315559764e-01
9.797652217603799452e-01
1.000564433511037299e+00
1.000809130119868717e+00
9.920000522019430944e-01
9.964045911609058503e-01
1.008150028384806607e+00
1.018427285955719741e+00
9.993409504668810950e-01
9.824568844575238824e-01
9.961598945520746540e-01
1.022587128305851190e+00
1.013043960561431867e+00
9.995856470757122914e-01
1.016714409693900700e+00
9.939576250725932205e-01
9.751159861925859929e-01
9.734031099307670631e-01
1.026502274047151442e+00
1.000319736902206103e+00
1.003990186034675158e+00
1.000319736902206103e+00
1.006192455514156370e+00
1.003745489425843740e+00
1.002032613164024921e+00
9.988515572492184802e-01
1.013288657170263063e+00
1.005213669078831362e+00
1.010841691081950433e+00
9.966492877697371577e-01
1.007660635167143992e+00
1.021853038479357378e+00
9.802546149780424489e-01
1.013288657170263063e+00
9.817227946310300712e-01
1.009373511428962811e+00
1.001787916555193725e+00
9.922447488107744018e-01
1.002277309772856118e+00

# time bin value
-1.000000000000000000e+02
-9.900000000000000000e+01
-9.800000000000000000e+01
-9.700000000000000000e+01
-9.600000000000000000e+01
-9.500000000000000000e+01
-9.400000000000000000e+01
-9.300000000000000000e+01
-9.200000000000000000e+01
-9.100000000000000000e+01
-9.000000000000000000e+01
-8.900000000000000000e+01
-8.800000000000000000e+01
-8.700000000000000000e+01
-8.600000000000000000e+01
-8.500000000000000000e+01
-8.400000000000000000e+01
-8.300000000000000000e+01
-8.200000000000000000e+01
-8.100000000000000000e+01
-8.000000000000000000e+01
-7.900000000000000000e+01
-7.800000000000000000e+01
-7.700000000000000000e+01
-7.600000000000000000e+01
-7.500000000000000000e+01
-7.400000000000000000e+01
-7.300000000000000000e+01
-7.200000000000000000e+01
-7.100000000000000000e+01
-7.000000000000000000e+01
-6.900000000000000000e+01
-6.800000000000000000e+01
-6.700000000000000000e+01
-6.600000000000000000e+01
-6.500000000000000000e+01
-6.400000000000000000e+01
-6.300000000000000000e+01
-6.200000000000000000e+01
-6.100000000000000000e+01
-6.000000000000000000e+01
-5.900000000000000000e+01
-5.800000000000000000e+01
-5.700000000000000000e+01
-5.600000000000000000e+01
-5.500000000000000000e+01
-5.400000000000000000e+01
-5.300000000000000000e+01
-5.200000000000000000e+01
-5.100000000000000000e+01
-5.000000000000000000e+01
-4.900000000000000000e+01
-4.800000000000000000e+01
-4.700000000000000000e+01
-4.600000000000000000e+01
-4.500000000000000000e+01
-4.400000000000000000e+01
-4.300000000000000000e+01
-4.200000000000000000e+01
-4.100000000000000000e+01
-4.000000000000000000e+01
-3.900000000000000000e+01
-3.800000000000000000e+01
-3.700000000000000000e+01
-3.600000000000000000e+01
-3.500000000000000000e+01
-3.400000000000000000e+01
-3.300000000000000000e+01
-3.200000000000000000e+01
-3.100000000000000000e+01
-3.000000000000000000e+01
-2.900000000000000000e+01
-2.800000000000000000e+01
-2.700000000000000000e+01
-2.600000000000000000e+01
-2.500000000000000000e+01
-2.400000000000000000e+01
-2.300000000000000000e+01
-2.200000000000000000e+01
-2.100000000000000000e+01
-2.000000000000000000e+01
-1.900000000000000000e+01
-1.800000000000000000e+01
-1.700000000000000000e+01
-1.600000000000000000e+01
-1.500000000000000000e+01
-1.400000000000000000e+01
-1.300000000000000000e+01
-1.200000000000000000e+01
-1.100000000000000000e+01
-1.000000000000000000e+01
-9.000000000000000000e+00
-8.000000000000000000e+00
-7.000000000000000000e+00
-6.000000000000000000e+00
-5.000000000000000000e+00
-4.000000000000000000e+00
-3.000000000000000000e+00
-2.000000000000000000e+00
-1.000000000000000000e+00
0.000000000000000000e+00
1.000000000000000000e+00
2.000000000000000000e+00
3.000000000000000000e+00
4.000000000000000000e+00
5.000000000000000000e+00
6.000000000000000000e+00
7.000000000000000000e+00
8.000000000000000000e+00
9.000000000000000000e+00
1.000000000000000000e+01
1.100000000000000000e+01
1.200000000000000000e+01
1.300000000000000000e+01
1.400000000000000000e+01
1.500000000000000000e+01
1.600000000000000000e+01
1.700000000000000000e+01
1.800000000000000000e+01
1.900000000000000000e+01
2.000000000000000000e+01
2.100000000000000000e+01
2.200000000000000000e+01
2.300000000000000000e+01
2.400000000000000000e+01
2.500000000000000000e+01
2.600000000000000000e+01
2.700000000000000000e+01
2.800000000000000000e+01
2.900000000000000000e+01
3.000000000000000000e+01
3.100000000000000000e+01
3.200000000000000000e+01
3.300000000000000000e+01
3.400000000000000000e+01
3.500000000000000000e+01
3.600000000000000000e+01
3.700000000000000000e+01
3.800000000000000000e+01
3.900000000000000000e+01
4.000000000000000000e+01
4.100000000000000000e+01
4.200000000000000000e+01
4.300000000000000000e+01
4.400000000000000000e+01
4.500000000000000000e+01
4.600000000000000000e+01
4.700000000000000000e+01
4.800000000000000000e+01
4.900000000000000000e+01
5.000000000000000000e+01
5.100000000000000000e+01
5.200000000000000000e+01
5.300000000000000000e+01
5.400000000000000000e+01
5.500000000000000000e+01
5.600000000000000000e+01
5.700000000000000000e+01
5.800000000000000000e+01
5.900000000000000000e+01
6.000000000000000000e+01
6.100000000000000000e+01
6.200000000000000000e+01
6.300000000000000000e+01
6.400000000000000000e+01
6.500000000000000000e+01
6.600000000000000000e+01
6.700000000000000000e+01
6.800000000000000000e+01
6.900000000000000000e+01
7.000000000000000000e+01
7.100000000000000000e+01
7.200000000000000000e+01
7.300000000000000000e+01
7.400000000000000000e+01
7.500000000000000000e+01
7.600000000000000000e+01
7.700000000000000000e+01
7.800000000000000000e+01
7.900000000000000000e+01
8.000000000000000000e+01
8.100000000000000000e+01
8.200000000000000000e+01
8.300000000000000000e+01
8.400000000000000000e+01
8.500000000000000000e+01
8.600000000000000000e+01
8.700000000000000000e+01
8.800000000000000000e+01
8.900000000000000000e+01
9.000000000000000000e+01
9.100000000000000000e+01
9.200000000000000000e+01
9.300000000000000000e+01
9.400000000000000000e+01
9.500000000000000000e+01
9.600000000000000000e+01
9.700000000000000000e+01
9.800000000000000000e+01
9.900000000000000000e+01
