single photon fraction:    0.2650
laser fraction:    0.3498
thermal source fraction:    0.1166
non-detected fraction:    0.2686
number of bins:  200.0000
bin width (ns):    1.0000
average detection events per bin: 5000.0000

# binary result
0.000000000000000000e+00

# g2 signal
1.022895733816504560e+00
9.649700763191125796e-01
9.926975237467742241e-01
1.016581562620106460e+00
1.007522099599187371e+00
1.023993850546312867e+00
1.059957173447537260e+00
9.847361774556634417e-01
9.987371657607202469e-01
1.015208916707845965e+00
1.015757975072750119e+00
9.973645198484597518e-01
9.594794926700707105e-01
1.033327842749684145e+00
9.915994070169658059e-01
9.905012902871573877e-01
1.004502278592214193e+00
1.011090978971064480e+00
1.006698512051831029e+00
1.022621204634052594e+00
9.740295393400317803e-01
9.748531268873880107e-01
1.003678691044858073e+00
1.000384340855432930e+00
1.009992862241256173e+00
9.775984187119090008e-01
9.998352824905286651e-01
1.015757975072750119e+00
9.797946521715257262e-01
9.929720529292263009e-01
9.866578817328280904e-01
9.992862241256244005e-01
1.001482457585241237e+00
1.010541920606160327e+00
1.006423982869378841e+00
1.013836270795585470e+00
9.765003019821005825e-01
1.024817438093669208e+00
1.014934387525393777e+00
1.000109811672980742e+00
1.019601383627079416e+00
9.622247844945917006e-01
1.014110799978037658e+00
1.003129632679953698e+00
1.005325866139570534e+00
1.006973041234282995e+00
1.016307033437654272e+00
9.957173447537471800e-01
9.981881073958160933e-01
9.795201229890736494e-01
1.010816449788612514e+00
9.819908856311424517e-01
1.000384340855432930e+00
9.924229945643220363e-01
1.020699500356887945e+00
1.014659858342941812e+00
9.973645198484597518e-01
9.828144731784987931e-01
9.872069400977322440e-01
1.003678691044858073e+00
1.002031515950145391e+00
1.006698512051831029e+00
1.017405150167462802e+00
1.000658870037884896e+00
9.666172514138251515e-01
9.921484653818699595e-01
9.781474770768131544e-01
1.008071157964091524e+00
1.009992862241256173e+00
9.836380607258550235e-01
1.014385329160489624e+00
1.004227749409762227e+00
9.968154614835555982e-01
1.032229726019875837e+00
1.002855103497501732e+00
1.009443803876352019e+00
1.000384340855432930e+00
1.006149453686926876e+00
1.016581562620106460e+00
1.002580574315049544e+00
9.581068467578102155e-01
1.005874924504474688e+00
9.962664031186514446e-01
9.655191346840168443e-01
1.000658870037884896e+00
1.012738154065777163e+00
1.009992862241256173e+00
9.992862241256244005e-01
1.000109811672980742e+00
1.016307033437654272e+00
1.029209905012902659e+00
9.479492670070827076e-01
9.880305276450885854e-01
9.962664031186514446e-01
9.789710646241694958e-01
9.896777027398011573e-01
9.688134848734419879e-01
9.701861307857023720e-01
1.013287212430681317e+00
9.888541151924448158e-01
7.906440454620324854e-01
1.060231702629989448e+00
1.000933399220337083e+00
9.894031735573490804e-01
1.026190084005929704e+00
9.850107066381155185e-01
1.008894745511447866e+00
1.004776807774666381e+00
9.937956404765825313e-01
1.012189095700873009e+00
1.007796628781639336e+00
1.017954208532366955e+00
1.003404161862405886e+00
1.003953220227310039e+00
1.011914566518420822e+00
9.894031735573490804e-01
9.995607533080765883e-01
9.866578817328280904e-01
1.014659858342941812e+00
9.830890023609508699e-01
1.003404161862405886e+00
9.800691813539778030e-01
1.008620216328995678e+00
1.007522099599187371e+00
1.014659858342941812e+00
9.992862241256244005e-01
9.814418272662382980e-01
9.748531268873880107e-01
9.981881073958160933e-01
9.899522319222532341e-01
9.745785977049359339e-01
9.885795860099927390e-01
1.032229726019875837e+00
9.863833525503760136e-01
1.003129632679953698e+00
1.064624169549222898e+00
1.005051336957118346e+00
9.891286443748970036e-01
9.663427222313730747e-01
9.979135782133640165e-01
1.025366496458573362e+00
9.855597650030196721e-01
9.973645198484597518e-01
1.011090978971064480e+00
9.786965354417173080e-01
1.016032504255202307e+00
9.943446988414867960e-01
9.951682863888430264e-01
9.710097183330587134e-01
1.004776807774666381e+00
9.913248778345137291e-01
1.011640037335968634e+00
9.754021852522922753e-01
1.004776807774666381e+00
1.025915554823477738e+00
1.023719321363860901e+00
1.018777796079723075e+00
1.004776807774666381e+00
1.014385329160489624e+00
1.022895733816504560e+00
9.817163564486903748e-01
1.009443803876352019e+00
1.009718333058803985e+00
9.937956404765825313e-01
9.614011969472353591e-01
1.025091967276121396e+00
1.002306045132597578e+00
9.984626365782681701e-01
1.005325866139570534e+00
9.910503486520616523e-01
1.019052325262175263e+00
9.861088233679239368e-01
9.946192280239388728e-01
1.002855103497501732e+00
9.888541151924448158e-01
9.990116949431723237e-01
9.962664031186514446e-01
9.913248778345137291e-01
1.004776807774666381e+00
1.006698512051831029e+00
1.017130620985010614e+00
9.981881073958160933e-01
9.762257727996485057e-01
1.005600395322022722e+00
1.028660846647998506e+00
9.888541151924448158e-01
9.855597650030196721e-01
1.017130620985010614e+00
1.012189095700873009e+00
1.006698512051831029e+00
9.981881073958160933e-01
1.005325866139570534e+00
9.940701696590346081e-01
1.002306045132597578e+00
9.973645198484597518e-01
9.751276560698400875e-01
9.756767144347443521e-01
1.004227749409762227e+00
9.592049634876186337e-01
1.021248558721792099e+00

# time bin value
-1.000000000000000000e+02
-9.900000000000000000e+01
-9.800000000000000000e+01
-9.700000000000000000e+01
-9.600000000000000000e+01
-9.500000000000000000e+01
-9.400000000000000000e+01
-9.300000000000000000e+01
-9.200000000000000000e+01
-9.100000000000000000e+01
-9.000000000000000000e+01
-8.900000000000000000e+01
-8.800000000000000000e+01
-8.700000000000000000e+01
-8.600000000000000000e+01
-8.500000000000000000e+01
-8.400000000000000000e+01
-8.300000000000000000e+01
-8.200000000000000000e+01
-8.100000000000000000e+01
-8.000000000000000000e+01
-7.900000000000000000e+01
-7.800000000000000000e+01
-7.700000000000000000e+01
-7.600000000000000000e+01
-7.500000000000000000e+01
-7.400000000000000000e+01
-7.300000000000000000e+01
-7.200000000000000000e+01
-7.100000000000000000e+01
-7.000000000000000000e+01
-6.900000000000000000e+01
-6.800000000000000000e+01
-6.700000000000000000e+01
-6.600000000000000000e+01
-6.500000000000000000e+01
-6.400000000000000000e+01
-6.300000000000000000e+01
-6.200000000000000000e+01
-6.100000000000000000e+01
-6.000000000000000000e+01
-5.900000000000000000e+01
-5.800000000000000000e+01
-5.700000000000000000e+01
-5.600000000000000000e+01
-5.500000000000000000e+01
-5.400000000000000000e+01
-5.300000000000000000e+01
-5.200000000000000000e+01
-5.100000000000000000e+01
-5.000000000000000000e+01
-4.900000000000000000e+01
-4.800000000000000000e+01
-4.700000000000000000e+01
-4.600000000000000000e+01
-4.500000000000000000e+01
-4.400000000000000000e+01
-4.300000000000000000e+01
-4.200000000000000000e+01
-4.100000000000000000e+01
-4.000000000000000000e+01
-3.900000000000000000e+01
-3.800000000000000000e+01
-3.700000000000000000e+01
-3.600000000000000000e+01
-3.500000000000000000e+01
-3.400000000000000000e+01
-3.300000000000000000e+01
-3.200000000000000000e+01
-3.100000000000000000e+01
-3.000000000000000000e+01
-2.900000000000000000e+01
-2.800000000000000000e+01
-2.700000000000000000e+01
-2.600000000000000000e+01
-2.500000000000000000e+01
-2.400000000000000000e+01
-2.300000000000000000e+01
-2.200000000000000000e+01
-2.100000000000000000e+01
-2.000000000000000000e+01
-1.900000000000000000e+01
-1.800000000000000000e+01
-1.700000000000000000e+01
-1.600000000000000000e+01
-1.500000000000000000e+01
-1.400000000000000000e+01
-1.300000000000000000e+01
-1.200000000000000000e+01
-1.100000000000000000e+01
-1.000000000000000000e+01
-9.000000000000000000e+00
-8.000000000000000000e+00
-7.000000000000000000e+00
-6.000000000000000000e+00
-5.000000000000000000e+00
-4.000000000000000000e+00
-3.000000000000000000e+00
-2.000000000000000000e+00
-1.000000000000000000e+00
0.000000000000000000e+00
1.000000000000000000e+00
2.000000000000000000e+00
3.000000000000000000e+00
4.000000000000000000e+00
5.000000000000000000e+00
6.000000000000000000e+00
7.000000000000000000e+00
8.000000000000000000e+00
9.000000000000000000e+00
1.000000000000000000e+01
1.100000000000000000e+01
1.200000000000000000e+01
1.300000000000000000e+01
1.400000000000000000e+01
1.500000000000000000e+01
1.600000000000000000e+01
1.700000000000000000e+01
1.800000000000000000e+01
1.900000000000000000e+01
2.000000000000000000e+01
2.100000000000000000e+01
2.200000000000000000e+01
2.300000000000000000e+01
2.400000000000000000e+01
2.500000000000000000e+01
2.600000000000000000e+01
2.700000000000000000e+01
2.800000000000000000e+01
2.900000000000000000e+01
3.000000000000000000e+01
3.100000000000000000e+01
3.200000000000000000e+01
3.300000000000000000e+01
3.400000000000000000e+01
3.500000000000000000e+01
3.600000000000000000e+01
3.700000000000000000e+01
3.800000000000000000e+01
3.900000000000000000e+01
4.000000000000000000e+01
4.100000000000000000e+01
4.200000000000000000e+01
4.300000000000000000e+01
4.400000000000000000e+01
4.500000000000000000e+01
4.600000000000000000e+01
4.700000000000000000e+01
4.800000000000000000e+01
4.900000000000000000e+01
5.000000000000000000e+01
5.100000000000000000e+01
5.200000000000000000e+01
5.300000000000000000e+01
5.400000000000000000e+01
5.500000000000000000e+01
5.600000000000000000e+01
5.700000000000000000e+01
5.800000000000000000e+01
5.900000000000000000e+01
6.000000000000000000e+01
6.100000000000000000e+01
6.200000000000000000e+01
6.300000000000000000e+01
6.400000000000000000e+01
6.500000000000000000e+01
6.600000000000000000e+01
6.700000000000000000e+01
6.800000000000000000e+01
6.900000000000000000e+01
7.000000000000000000e+01
7.100000000000000000e+01
7.200000000000000000e+01
7.300000000000000000e+01
7.400000000000000000e+01
7.500000000000000000e+01
7.600000000000000000e+01
7.700000000000000000e+01
7.800000000000000000e+01
7.900000000000000000e+01
8.000000000000000000e+01
8.100000000000000000e+01
8.200000000000000000e+01
8.300000000000000000e+01
8.400000000000000000e+01
8.500000000000000000e+01
8.600000000000000000e+01
8.700000000000000000e+01
8.800000000000000000e+01
8.900000000000000000e+01
9.000000000000000000e+01
9.100000000000000000e+01
9.200000000000000000e+01
9.300000000000000000e+01
9.400000000000000000e+01
9.500000000000000000e+01
9.600000000000000000e+01
9.700000000000000000e+01
9.800000000000000000e+01
9.900000000000000000e+01
