single photon fraction:    0.3750
laser fraction:    0.1207
thermal source fraction:    0.1810
non-detected fraction:    0.3233
number of bins:  200.0000
bin width (ns):    1.0000
average detection events per bin: 5000.0000

# binary result
0.000000000000000000e+00

# g2 signal
1.030252165635129558e+00
1.005637620514888919e+00
9.881405342245973555e-01
1.016906930328974834e+00
1.005341059730307629e+00
1.013644761698581531e+00
1.010975714637350809e+00
1.029659044065966977e+00
9.970373577620337269e-01
9.694572047959810757e-01
1.031141847988873206e+00
9.845818048096228736e-01
1.035293698973010157e+00
9.721262518572120204e-01
9.934786283470592450e-01
1.000299526392427030e+00
9.893267773629222939e-01
1.006823863653213635e+00
1.011865396991094235e+00
9.771677851950926197e-01
9.623397459660320008e-01
1.002078891099914326e+00
9.896233381475034729e-01
9.967407969774525478e-01
1.012458518560256815e+00
9.940717499162216031e-01
1.026693436220154965e+00
9.875474126554349974e-01
1.005044498945726561e+00
9.623397459660320008e-01
1.006823863653213635e+00
1.027879679358479681e+00
1.008899789145282222e+00
1.011568836206513167e+00
9.952579930545465414e-01
1.016313808759812476e+00
1.018686295036462131e+00
9.925889459933155967e-01
1.005044498945726561e+00
1.008010106791538574e+00
9.765746636259301505e-01
9.839886832404604045e-01
1.004154816591982913e+00
9.997064048232646716e-01
1.025210632297248958e+00
9.890302165783410038e-01
1.005341059730307629e+00
1.000299526392427030e+00
1.001485769530751968e+00
1.006230742084051277e+00
1.002375451884495616e+00
9.774643459796737988e-01
1.015127565621487760e+00
1.002968573453657974e+00
1.025507193081830026e+00
9.848783655942040527e-01
9.982236009003585542e-01
9.919958244241531276e-01
9.851749263787853428e-01
1.009789471499025870e+00
1.014534444052325179e+00
1.026693436220154965e+00
9.916992636395719485e-01
1.017796612682718482e+00
1.008010106791538574e+00
1.008899789145282222e+00
1.008899789145282222e+00
1.003265134238239265e+00
9.949614322699652513e-01
9.830990008867167562e-01
9.967407969774525478e-01
9.914027028549907694e-01
9.893267773629222939e-01
1.013644761698581531e+00
9.890302165783410038e-01
1.006527302868632567e+00
9.813196361792295708e-01
9.866577303016913492e-01
1.000596087177008320e+00
9.985201616849398443e-01
1.000892647961589610e+00
1.037666185249659812e+00
1.008306667576119864e+00
1.002375451884495616e+00
1.022838146020599082e+00
1.026989997004736033e+00
9.863611695171101701e-01
9.991132832541022024e-01
1.030845287204291916e+00
1.000596087177008320e+00
1.007120424437794926e+00
9.854714871633665219e-01
1.000299526392427030e+00
1.002672012669076684e+00
1.002375451884495616e+00
9.994098440386834925e-01
9.863611695171101701e-01
1.017203491113556124e+00
1.005044498945726561e+00
1.010086032283607160e+00
7.028490594574717809e-01
1.005637620514888919e+00
9.730159342109555576e-01
1.015424126406068828e+00
9.869542910862725282e-01
9.973339185466150170e-01
9.928855067778967758e-01
9.765746636259301505e-01
1.010382593068188228e+00
1.007416985222376216e+00
1.007120424437794926e+00
9.946648714853840723e-01
9.964442361928713687e-01
1.014534444052325179e+00
9.925889459933155967e-01
9.857680479479477009e-01
1.019575977390205779e+00
1.008306667576119864e+00
9.851749263787853428e-01
9.798368322563234534e-01
9.878439734400161765e-01
1.033217773480941570e+00
9.982236009003585542e-01
9.830990008867167562e-01
9.925889459933155967e-01
1.033810895050103928e+00
9.887336557937598247e-01
9.807265146100671016e-01
1.013348200914000463e+00
1.007120424437794926e+00
1.041224914664634404e+00
9.721262518572120204e-01
9.922923852087344176e-01
9.848783655942040527e-01
9.902164597166659421e-01
9.875474126554349974e-01
1.020762220528530717e+00
9.958511146237088996e-01
9.845818048096228736e-01
1.001485769530751968e+00
1.046266448002515004e+00
9.810230753946482807e-01
9.887336557937598247e-01
9.881405342245973555e-01
9.994098440386834925e-01
1.012755079344837883e+00
9.845818048096228736e-01
9.908095812858283002e-01
9.949614322699652513e-01
9.961476754082900786e-01
1.009492910714444580e+00
1.012161957775675525e+00
9.928855067778967758e-01
9.863611695171101701e-01
1.012755079344837883e+00
9.875474126554349974e-01
9.828024401021355771e-01
1.006230742084051277e+00
9.614500636122883526e-01
1.004747938161145271e+00
1.000002965607845962e+00
1.021651902882274365e+00
1.002672012669076684e+00
9.851749263787853428e-01
9.955545538391277205e-01
1.018982855821043421e+00
9.997064048232646716e-01
1.000002965607845962e+00
1.026100314650992607e+00
9.973339185466150170e-01
9.854714871633665219e-01
9.869542910862725282e-01
1.005044498945726561e+00
9.970373577620337269e-01
9.691606440113998966e-01
9.997064048232646716e-01
1.011865396991094235e+00
9.997064048232646716e-01
9.836921224558792254e-01
1.001782330315333036e+00
9.949614322699652513e-01
1.014534444052325179e+00
9.842852440250416945e-01
9.916992636395719485e-01
1.028176240143060971e+00
9.881405342245973555e-01
1.000892647961589610e+00
9.919958244241531276e-01
1.006527302868632567e+00
9.765746636259301505e-01
1.024617510728086378e+00
9.925889459933155967e-01
1.035886820542172515e+00
1.013348200914000463e+00
9.911061420704094793e-01
9.991132832541022024e-01
9.931820675624779549e-01
9.629328675351943589e-01
1.002968573453657974e+00
1.026693436220154965e+00

# time bin value
-1.000000000000000000e+02
-9.900000000000000000e+01
-9.800000000000000000e+01
-9.700000000000000000e+01
-9.600000000000000000e+01
-9.500000000000000000e+01
-9.400000000000000000e+01
-9.300000000000000000e+01
-9.200000000000000000e+01
-9.100000000000000000e+01
-9.000000000000000000e+01
-8.900000000000000000e+01
-8.800000000000000000e+01
-8.700000000000000000e+01
-8.600000000000000000e+01
-8.500000000000000000e+01
-8.400000000000000000e+01
-8.300000000000000000e+01
-8.200000000000000000e+01
-8.100000000000000000e+01
-8.000000000000000000e+01
-7.900000000000000000e+01
-7.800000000000000000e+01
-7.700000000000000000e+01
-7.600000000000000000e+01
-7.500000000000000000e+01
-7.400000000000000000e+01
-7.300000000000000000e+01
-7.200000000000000000e+01
-7.100000000000000000e+01
-7.000000000000000000e+01
-6.900000000000000000e+01
-6.800000000000000000e+01
-6.700000000000000000e+01
-6.600000000000000000e+01
-6.500000000000000000e+01
-6.400000000000000000e+01
-6.300000000000000000e+01
-6.200000000000000000e+01
-6.100000000000000000e+01
-6.000000000000000000e+01
-5.900000000000000000e+01
-5.800000000000000000e+01
-5.700000000000000000e+01
-5.600000000000000000e+01
-5.500000000000000000e+01
-5.400000000000000000e+01
-5.300000000000000000e+01
-5.200000000000000000e+01
-5.100000000000000000e+01
-5.000000000000000000e+01
-4.900000000000000000e+01
-4.800000000000000000e+01
-4.700000000000000000e+01
-4.600000000000000000e+01
-4.500000000000000000e+01
-4.400000000000000000e+01
-4.300000000000000000e+01
-4.200000000000000000e+01
-4.100000000000000000e+01
-4.000000000000000000e+01
-3.900000000000000000e+01
-3.800000000000000000e+01
-3.700000000000000000e+01
-3.600000000000000000e+01
-3.500000000000000000e+01
-3.400000000000000000e+01
-3.300000000000000000e+01
-3.200000000000000000e+01
-3.100000000000000000e+01
-3.000000000000000000e+01
-2.900000000000000000e+01
-2.800000000000000000e+01
-2.700000000000000000e+01
-2.600000000000000000e+01
-2.500000000000000000e+01
-2.400000000000000000e+01
-2.300000000000000000e+01
-2.200000000000000000e+01
-2.100000000000000000e+01
-2.000000000000000000e+01
-1.900000000000000000e+01
-1.800000000000000000e+01
-1.700000000000000000e+01
-1.600000000000000000e+01
-1.500000000000000000e+01
-1.400000000000000000e+01
-1.300000000000000000e+01
-1.200000000000000000e+01
-1.100000000000000000e+01
-1.000000000000000000e+01
-9.000000000000000000e+00
-8.000000000000000000e+00
-7.000000000000000000e+00
-6.000000000000000000e+00
-5.000000000000000000e+00
-4.000000000000000000e+00
-3.000000000000000000e+00
-2.000000000000000000e+00
-1.000000000000000000e+00
0.000000000000000000e+00
1.000000000000000000e+00
2.000000000000000000e+00
3.000000000000000000e+00
4.000000000000000000e+00
5.000000000000000000e+00
6.000000000000000000e+00
7.000000000000000000e+00
8.000000000000000000e+00
9.000000000000000000e+00
1.000000000000000000e+01
1.100000000000000000e+01
1.200000000000000000e+01
1.300000000000000000e+01
1.400000000000000000e+01
1.500000000000000000e+01
1.600000000000000000e+01
1.700000000000000000e+01
1.800000000000000000e+01
1.900000000000000000e+01
2.000000000000000000e+01
2.100000000000000000e+01
2.200000000000000000e+01
2.300000000000000000e+01
2.400000000000000000e+01
2.500000000000000000e+01
2.600000000000000000e+01
2.700000000000000000e+01
2.800000000000000000e+01
2.900000000000000000e+01
3.000000000000000000e+01
3.100000000000000000e+01
3.200000000000000000e+01
3.300000000000000000e+01
3.400000000000000000e+01
3.500000000000000000e+01
3.600000000000000000e+01
3.700000000000000000e+01
3.800000000000000000e+01
3.900000000000000000e+01
4.000000000000000000e+01
4.100000000000000000e+01
4.200000000000000000e+01
4.300000000000000000e+01
4.400000000000000000e+01
4.500000000000000000e+01
4.600000000000000000e+01
4.700000000000000000e+01
4.800000000000000000e+01
4.900000000000000000e+01
5.000000000000000000e+01
5.100000000000000000e+01
5.200000000000000000e+01
5.300000000000000000e+01
5.400000000000000000e+01
5.500000000000000000e+01
5.600000000000000000e+01
5.700000000000000000e+01
5.800000000000000000e+01
5.900000000000000000e+01
6.000000000000000000e+01
6.100000000000000000e+01
6.200000000000000000e+01
6.300000000000000000e+01
6.400000000000000000e+01
6.500000000000000000e+01
6.600000000000000000e+01
6.700000000000000000e+01
6.800000000000000000e+01
6.900000000000000000e+01
7.000000000000000000e+01
7.100000000000000000e+01
7.200000000000000000e+01
7.300000000000000000e+01
7.400000000000000000e+01
7.500000000000000000e+01
7.600000000000000000e+01
7.700000000000000000e+01
7.800000000000000000e+01
7.900000000000000000e+01
8.000000000000000000e+01
8.100000000000000000e+01
8.200000000000000000e+01
8.300000000000000000e+01
8.400000000000000000e+01
8.500000000000000000e+01
8.600000000000000000e+01
8.700000000000000000e+01
8.800000000000000000e+01
8.900000000000000000e+01
9.000000000000000000e+01
9.100000000000000000e+01
9.200000000000000000e+01
9.300000000000000000e+01
9.400000000000000000e+01
9.500000000000000000e+01
9.600000000000000000e+01
9.700000000000000000e+01
9.800000000000000000e+01
9.900000000000000000e+01
