single photon fraction:    0.0712
laser fraction:    0.3446
thermal source fraction:    0.3670
non-detected fraction:    0.2172
number of bins:  200.0000
bin width (ns):    1.0000
average detection events per bin: 5000.0000

# binary result
0.000000000000000000e+00

# g2 signal
1.018868118464511197e+00
9.921437087998683513e-01
1.015527567256430785e+00
9.993387421711183993e-01
9.913728123672344017e-01
9.921437087998683513e-01
1.010902188660627310e+00
9.929146052325023009e-01
9.885461921142433273e-01
9.988248112160290626e-01
9.995957076486630122e-01
9.918867433223237384e-01
1.000109638603752238e+00
1.009874326750448637e+00
9.831499170858057912e-01
9.795524004001807672e-01
9.849486754286183032e-01
9.656762646127700078e-01
1.015013636301341560e+00
9.854626063837076400e-01
1.013728808913618273e+00
1.015013636301341560e+00
1.012700947003439822e+00
1.007818602930091512e+00
1.024778324448037958e+00
1.007561637452546899e+00
1.008589499362725572e+00
1.005248948154645161e+00
9.985678457384844497e-01
9.916297778447790146e-01
1.013214877958529048e+00
1.011673085093261149e+00
1.011930050570805983e+00
9.877752956816093777e-01
9.703016432085735943e-01
1.010902188660627310e+00
1.006790741019913060e+00
1.021951704195046995e+00
9.792954349226361543e-01
9.913728123672344017e-01
1.005762879109734387e+00
9.903449504570558393e-01
1.015270601778886173e+00
1.003450189811832649e+00
9.959981909630379882e-01
1.002679293379198810e+00
9.872613647265201520e-01
9.795524004001807672e-01
9.882892266366987144e-01
9.703016432085735943e-01
1.000880535036386298e+00
9.939424671426808633e-01
1.001137500513930911e+00
9.921437087998683513e-01
9.970260528732165506e-01
1.021180807762412934e+00
1.009360395795359411e+00
9.828929516082611784e-01
9.864904682938862024e-01
9.954842600079486514e-01
9.828929516082611784e-01
9.936855016651362504e-01
9.759548837145557432e-01
1.021694738717502382e+00
9.875183302040647648e-01
1.031459426864198781e+00
9.888031575917879401e-01
9.995957076486630122e-01
9.911158468896897888e-01
9.957412254854933753e-01
9.931715707100469137e-01
9.939424671426808633e-01
1.023493497060314894e+00
1.007047706497457673e+00
9.972830183507611634e-01
1.004991982677100548e+00
1.003193224334288036e+00
9.980539147833951130e-01
9.512861978702700227e-01
9.774966765798236423e-01
9.888031575917879401e-01
1.016812394644154072e+00
9.795524004001807672e-01
9.900879849795112264e-01
9.918867433223237384e-01
9.965121219181273249e-01
1.000623569558841464e+00
1.007818602930091512e+00
9.885461921142433273e-01
1.004735017199555935e+00
9.888031575917879401e-01
1.012700947003439822e+00
9.941994326202254761e-01
9.908588814121450650e-01
1.025292255403127406e+00
1.007561637452546899e+00
1.005762879109734387e+00
1.012957912480984435e+00
1.018354187509421971e+00
1.016298463689064846e+00
1.385043923965628254e+00
1.017069360121698685e+00
9.697877122534843686e-01
1.001137500513930911e+00
1.008846464840270185e+00
1.005248948154645161e+00
9.880322611591539905e-01
1.015270601778886173e+00
9.998526731262076250e-01
1.026063151835761245e+00
1.008589499362725572e+00
9.959981909630379882e-01
1.009874326750448637e+00
9.836638480408951279e-01
1.008846464840270185e+00
1.008846464840270185e+00
1.009874326750448637e+00
9.900879849795112264e-01
9.888031575917879401e-01
9.870043992489754281e-01
9.808372277879040535e-01
1.005505913632189774e+00
1.002936258856743423e+00
9.985678457384844497e-01
9.756979182370111303e-01
1.026320117313305857e+00
9.998526731262076250e-01
9.836638480408951279e-01
9.810941932654486664e-01
1.015013636301341560e+00
9.957412254854933753e-01
9.667041265229486813e-01
1.013214877958529048e+00
9.864904682938862024e-01
9.731282634615646687e-01
1.030945495909109555e+00
1.014756670823796947e+00
1.006276810064823835e+00
9.975399838283058873e-01
9.947133635753148129e-01
1.001908396946564750e+00
1.011159154138171923e+00
1.009103430317814798e+00
9.934285361875915266e-01
1.010388257705538084e+00
1.006276810064823835e+00
9.718434360738414934e-01
1.007561637452546899e+00
9.872613647265201520e-01
9.926576397549575770e-01
1.025035289925582793e+00
9.921437087998683513e-01
9.947133635753148129e-01
1.002679293379198810e+00
9.816081242205380031e-01
9.911158468896897888e-01
9.962551564405826010e-01
1.002422327901653976e+00
9.756979182370111303e-01
1.009617361272904024e+00
9.872613647265201520e-01
9.785245384900022048e-01
9.839208135184397408e-01
1.007304671975002286e+00
1.009360395795359411e+00
1.013214877958529048e+00
1.001651431469020137e+00
9.798093658777254911e-01
9.949703290528594257e-01
1.030431564954020107e+00
1.017583291076788132e+00
1.001394465991475524e+00
9.780106075349129791e-01
9.774966765798236423e-01
9.993387421711183993e-01
9.836638480408951279e-01
9.939424671426808633e-01
1.009617361272904024e+00
9.911158468896897888e-01
9.918867433223237384e-01
1.008332533885180959e+00
1.022979566105225446e+00
9.913728123672344017e-01
9.736421944166540055e-01
9.872613647265201520e-01
1.015013636301341560e+00
9.818650896980826159e-01
1.021694738717502382e+00
9.880322611591539905e-01
1.011673085093261149e+00
9.834068825633504041e-01
1.002936258856743423e+00
9.939424671426808633e-01
9.852056409061629161e-01
1.007304671975002286e+00
9.985678457384844497e-01
9.893170885468772768e-01
1.013985774391163108e+00
1.007561637452546899e+00
9.916297778447790146e-01

# time bin value
-1.000000000000000000e+02
-9.900000000000000000e+01
-9.800000000000000000e+01
-9.700000000000000000e+01
-9.600000000000000000e+01
-9.500000000000000000e+01
-9.400000000000000000e+01
-9.300000000000000000e+01
-9.200000000000000000e+01
-9.100000000000000000e+01
-9.000000000000000000e+01
-8.900000000000000000e+01
-8.800000000000000000e+01
-8.700000000000000000e+01
-8.600000000000000000e+01
-8.500000000000000000e+01
-8.400000000000000000e+01
-8.300000000000000000e+01
-8.200000000000000000e+01
-8.100000000000000000e+01
-8.000000000000000000e+01
-7.900000000000000000e+01
-7.800000000000000000e+01
-7.700000000000000000e+01
-7.600000000000000000e+01
-7.500000000000000000e+01
-7.400000000000000000e+01
-7.300000000000000000e+01
-7.200000000000000000e+01
-7.100000000000000000e+01
-7.000000000000000000e+01
-6.900000000000000000e+01
-6.800000000000000000e+01
-6.700000000000000000e+01
-6.600000000000000000e+01
-6.500000000000000000e+01
-6.400000000000000000e+01
-6.300000000000000000e+01
-6.200000000000000000e+01
-6.100000000000000000e+01
-6.000000000000000000e+01
-5.900000000000000000e+01
-5.800000000000000000e+01
-5.700000000000000000e+01
-5.600000000000000000e+01
-5.500000000000000000e+01
-5.400000000000000000e+01
-5.300000000000000000e+01
-5.200000000000000000e+01
-5.100000000000000000e+01
-5.000000000000000000e+01
-4.900000000000000000e+01
-4.800000000000000000e+01
-4.700000000000000000e+01
-4.600000000000000000e+01
-4.500000000000000000e+01
-4.400000000000000000e+01
-4.300000000000000000e+01
-4.200000000000000000e+01
-4.100000000000000000e+01
-4.000000000000000000e+01
-3.900000000000000000e+01
-3.800000000000000000e+01
-3.700000000000000000e+01
-3.600000000000000000e+01
-3.500000000000000000e+01
-3.400000000000000000e+01
-3.300000000000000000e+01
-3.200000000000000000e+01
-3.100000000000000000e+01
-3.000000000000000000e+01
-2.900000000000000000e+01
-2.800000000000000000e+01
-2.700000000000000000e+01
-2.600000000000000000e+01
-2.500000000000000000e+01
-2.400000000000000000e+01
-2.300000000000000000e+01
-2.200000000000000000e+01
-2.100000000000000000e+01
-2.000000000000000000e+01
-1.900000000000000000e+01
-1.800000000000000000e+01
-1.700000000000000000e+01
-1.600000000000000000e+01
-1.500000000000000000e+01
-1.400000000000000000e+01
-1.300000000000000000e+01
-1.200000000000000000e+01
-1.100000000000000000e+01
-1.000000000000000000e+01
-9.000000000000000000e+00
-8.000000000000000000e+00
-7.000000000000000000e+00
-6.000000000000000000e+00
-5.000000000000000000e+00
-4.000000000000000000e+00
-3.000000000000000000e+00
-2.000000000000000000e+00
-1.000000000000000000e+00
0.000000000000000000e+00
1.000000000000000000e+00
2.000000000000000000e+00
3.000000000000000000e+00
4.000000000000000000e+00
5.000000000000000000e+00
6.000000000000000000e+00
7.000000000000000000e+00
8.000000000000000000e+00
9.000000000000000000e+00
1.000000000000000000e+01
1.100000000000000000e+01
1.200000000000000000e+01
1.300000000000000000e+01
1.400000000000000000e+01
1.500000000000000000e+01
1.600000000000000000e+01
1.700000000000000000e+01
1.800000000000000000e+01
1.900000000000000000e+01
2.000000000000000000e+01
2.100000000000000000e+01
2.200000000000000000e+01
2.300000000000000000e+01
2.400000000000000000e+01
2.500000000000000000e+01
2.600000000000000000e+01
2.700000000000000000e+01
2.800000000000000000e+01
2.900000000000000000e+01
3.000000000000000000e+01
3.100000000000000000e+01
3.200000000000000000e+01
3.300000000000000000e+01
3.400000000000000000e+01
3.500000000000000000e+01
3.600000000000000000e+01
3.700000000000000000e+01
3.800000000000000000e+01
3.900000000000000000e+01
4.000000000000000000e+01
4.100000000000000000e+01
4.200000000000000000e+01
4.300000000000000000e+01
4.400000000000000000e+01
4.500000000000000000e+01
4.600000000000000000e+01
4.700000000000000000e+01
4.800000000000000000e+01
4.900000000000000000e+01
5.000000000000000000e+01
5.100000000000000000e+01
5.200000000000000000e+01
5.300000000000000000e+01
5.400000000000000000e+01
5.500000000000000000e+01
5.600000000000000000e+01
5.700000000000000000e+01
5.800000000000000000e+01
5.900000000000000000e+01
6.000000000000000000e+01
6.100000000000000000e+01
6.200000000000000000e+01
6.300000000000000000e+01
6.400000000000000000e+01
6.500000000000000000e+01
6.600000000000000000e+01
6.700000000000000000e+01
6.800000000000000000e+01
6.900000000000000000e+01
7.000000000000000000e+01
7.100000000000000000e+01
7.200000000000000000e+01
7.300000000000000000e+01
7.400000000000000000e+01
7.500000000000000000e+01
7.600000000000000000e+01
7.700000000000000000e+01
7.800000000000000000e+01
7.900000000000000000e+01
8.000000000000000000e+01
8.100000000000000000e+01
8.200000000000000000e+01
8.300000000000000000e+01
8.400000000000000000e+01
8.500000000000000000e+01
8.600000000000000000e+01
8.700000000000000000e+01
8.800000000000000000e+01
8.900000000000000000e+01
9.000000000000000000e+01
9.100000000000000000e+01
9.200000000000000000e+01
9.300000000000000000e+01
9.400000000000000000e+01
9.500000000000000000e+01
9.600000000000000000e+01
9.700000000000000000e+01
9.800000000000000000e+01
9.900000000000000000e+01
