single photon fraction:    0.3817
laser fraction:    0.3817
thermal source fraction:    0.2151
non-detected fraction:    0.0215
number of bins:  200.0000
bin width (ns):    1.0000
average detection events per bin: 5000.0000

# binary result
0.000000000000000000e+00

# g2 signal
1.006625944289487595e+00
1.008063687935687680e+00
1.019771029054745259e+00
1.000258793856316109e+00
9.682176497410007743e-01
1.002312713350887563e+00
1.009501431581887765e+00
9.908107641812872179e-01
1.009501431581887765e+00
1.004572024794916141e+00
1.003134281148716056e+00
9.916323319791158220e-01
1.012787702773202181e+00
1.006215160390573349e+00
9.793088150116868729e-01
9.828004781524584121e-01
1.017100933711802213e+00
9.988210502101160237e-01
9.945078192715158805e-01
1.011555351076459219e+00
9.698607853366579823e-01
9.815681264557154506e-01
9.612343234594576957e-01
9.924538997769444260e-01
1.007242120137859187e+00
1.011555351076459219e+00
1.004161240896001894e+00
1.009296039632430642e+00
9.793088150116868729e-01
9.871137090910585554e-01
1.002107321401430440e+00
1.004161240896001894e+00
1.016484757863430843e+00
9.869083171416013212e-01
1.000669577755230355e+00
1.011966134975373466e+00
1.018949461256916544e+00
9.809519506073440809e-01
9.780764633149439113e-01
9.680122577915436510e-01
9.883460607878014059e-01
1.024289651942802415e+00
1.003750456997087648e+00
1.011555351076459219e+00
1.018744069307459421e+00
1.032299937971631332e+00
9.899891963834586139e-01
9.982048743617445430e-01
9.879352768888871594e-01
1.015047014217230759e+00
1.000874969704687478e+00
9.893730205350871332e-01
9.871137090910585554e-01
1.000258793856316109e+00
9.943024273220587572e-01
1.018333285408545175e+00
9.953293870693444845e-01
1.006009768441116226e+00
9.996426180079446278e-01
1.018333285408545175e+00
1.028808274830859792e+00
1.016073973964516597e+00
9.992318341090302702e-01
1.013403878621573551e+00
1.004982808693830387e+00
9.717093128817723136e-01
1.001491145553058848e+00
1.018127893459088051e+00
9.943024273220587572e-01
1.011349959127002096e+00
9.990264421595731470e-01
1.007242120137859187e+00
1.001696537502516193e+00
9.901945883329157372e-01
9.938916434231443997e-01
1.013814662520487797e+00
9.791034230622297496e-01
1.017100933711802213e+00
9.984102663112016662e-01
9.922485078274871917e-01
9.951239951198873612e-01
9.940970353726016340e-01
1.002723497249801810e+00
9.971779146144588157e-01
1.006420552340030472e+00
9.984102663112016662e-01
1.018949461256916544e+00
1.002928889199258933e+00
9.971779146144588157e-01
9.963563468166302117e-01
1.011966134975373466e+00
9.967671307155445692e-01
1.004777416744373264e+00
9.977940904628302965e-01
9.903999802823728604e-01
1.010322999379716258e+00
1.000053401906858985e+00
1.017100933711802213e+00
1.016895541762345090e+00
1.002723497249801810e+00
8.328643550487395686e-01
1.006009768441116226e+00
1.006215160390573349e+00
1.016690149812887967e+00
9.938916434231443997e-01
1.003545065047630525e+00
1.029629842628688285e+00
9.992318341090302702e-01
1.013814662520487797e+00
1.010528391329173603e+00
9.899891963834586139e-01
9.912215480802014644e-01
1.008679863784059272e+00
9.885514527372585292e-01
9.809519506073440809e-01
9.838274378997441394e-01
1.016279365913973720e+00
1.001696537502516193e+00
1.022851908296602552e+00
9.852651815459442242e-01
1.010322999379716258e+00
9.949186031704301270e-01
9.869083171416013212e-01
9.973833065639159390e-01
1.011349959127002096e+00
1.000053401906858985e+00
1.022441124397688084e+00
9.988210502101160237e-01
9.920431158780300684e-01
9.766387196687439376e-01
9.811573425568012041e-01
9.854705734954013474e-01
1.006420552340030472e+00
9.873191010405156787e-01
1.020592596852573752e+00
1.004777416744373264e+00
9.844436137481156202e-01
1.000258793856316109e+00
1.008063687935687680e+00
1.021414164650402467e+00
1.018538677358002298e+00
1.018127893459088051e+00
1.019565637105288136e+00
1.002107321401430440e+00
9.801303828095154769e-01
9.961509548671730885e-01
1.011760743025916343e+00
9.758171518709153336e-01
1.012993094722659304e+00
9.862921412932299514e-01
1.008679863784059272e+00
1.007242120137859187e+00
9.869083171416013212e-01
1.015252406166687882e+00
1.001285753603601725e+00
1.017306325661259336e+00
9.908107641812872179e-01
1.004161240896001894e+00
1.014020054469945142e+00
9.823896942535440546e-01
1.000258793856316109e+00
1.013198486672116427e+00
9.969725226650016925e-01
9.924538997769444260e-01
1.019976421004202383e+00
9.928646836758586725e-01
9.819789103546298081e-01
1.015457798116145005e+00
1.012376918874287934e+00
9.975886985133730622e-01
1.005804376491659102e+00
9.992318341090302702e-01
9.879352768888871594e-01
1.009090647682973518e+00
9.901945883329157372e-01
1.017717109560173805e+00
9.873191010405156787e-01
9.990264421595731470e-01
1.001080361654144602e+00
1.016484757863430843e+00
1.020181812953659506e+00
1.026138179487916746e+00
1.010528391329173603e+00
1.020181812953659506e+00
1.008679863784059272e+00
9.823896942535440546e-01
1.010733783278630726e+00
9.918377239285729452e-01
9.741740162752581256e-01
9.979994824122874197e-01
9.990264421595731470e-01
9.965617387660873350e-01
1.035586209162945748e+00
1.015047014217230759e+00
9.910161561307443412e-01
9.702715692355723398e-01
1.007036728188402064e+00
1.011966134975373466e+00
9.682176497410007743e-01
1.004161240896001894e+00

# time bin value
-1.000000000000000000e+02
-9.900000000000000000e+01
-9.800000000000000000e+01
-9.700000000000000000e+01
-9.600000000000000000e+01
-9.500000000000000000e+01
-9.400000000000000000e+01
-9.300000000000000000e+01
-9.200000000000000000e+01
-9.100000000000000000e+01
-9.000000000000000000e+01
-8.900000000000000000e+01
-8.800000000000000000e+01
-8.700000000000000000e+01
-8.600000000000000000e+01
-8.500000000000000000e+01
-8.400000000000000000e+01
-8.300000000000000000e+01
-8.200000000000000000e+01
-8.100000000000000000e+01
-8.000000000000000000e+01
-7.900000000000000000e+01
-7.800000000000000000e+01
-7.700000000000000000e+01
-7.600000000000000000e+01
-7.500000000000000000e+01
-7.400000000000000000e+01
-7.300000000000000000e+01
-7.200000000000000000e+01
-7.100000000000000000e+01
-7.000000000000000000e+01
-6.900000000000000000e+01
-6.800000000000000000e+01
-6.700000000000000000e+01
-6.600000000000000000e+01
-6.500000000000000000e+01
-6.400000000000000000e+01
-6.300000000000000000e+01
-6.200000000000000000e+01
-6.100000000000000000e+01
-6.000000000000000000e+01
-5.900000000000000000e+01
-5.800000000000000000e+01
-5.700000000000000000e+01
-5.600000000000000000e+01
-5.500000000000000000e+01
-5.400000000000000000e+01
-5.300000000000000000e+01
-5.200000000000000000e+01
-5.100000000000000000e+01
-5.000000000000000000e+01
-4.900000000000000000e+01
-4.800000000000000000e+01
-4.700000000000000000e+01
-4.600000000000000000e+01
-4.500000000000000000e+01
-4.400000000000000000e+01
-4.300000000000000000e+01
-4.200000000000000000e+01
-4.100000000000000000e+01
-4.000000000000000000e+01
-3.900000000000000000e+01
-3.800000000000000000e+01
-3.700000000000000000e+01
-3.600000000000000000e+01
-3.500000000000000000e+01
-3.400000000000000000e+01
-3.300000000000000000e+01
-3.200000000000000000e+01
-3.100000000000000000e+01
-3.000000000000000000e+01
-2.900000000000000000e+01
-2.800000000000000000e+01
-2.700000000000000000e+01
-2.600000000000000000e+01
-2.500000000000000000e+01
-2.400000000000000000e+01
-2.300000000000000000e+01
-2.200000000000000000e+01
-2.100000000000000000e+01
-2.000000000000000000e+01
-1.900000000000000000e+01
-1.800000000000000000e+01
-1.700000000000000000e+01
-1.600000000000000000e+01
-1.500000000000000000e+01
-1.400000000000000000e+01
-1.300000000000000000e+01
-1.200000000000000000e+01
-1.100000000000000000e+01
-1.000000000000000000e+01
-9.000000000000000000e+00
-8.000000000000000000e+00
-7.000000000000000000e+00
-6.000000000000000000e+00
-5.000000000000000000e+00
-4.000000000000000000e+00
-3.000000000000000000e+00
-2.000000000000000000e+00
-1.000000000000000000e+00
0.000000000000000000e+00
1.000000000000000000e+00
2.000000000000000000e+00
3.000000000000000000e+00
4.000000000000000000e+00
5.000000000000000000e+00
6.000000000000000000e+00
7.000000000000000000e+00
8.000000000000000000e+00
9.000000000000000000e+00
1.000000000000000000e+01
1.100000000000000000e+01
1.200000000000000000e+01
1.300000000000000000e+01
1.400000000000000000e+01
1.500000000000000000e+01
1.600000000000000000e+01
1.700000000000000000e+01
1.800000000000000000e+01
1.900000000000000000e+01
2.000000000000000000e+01
2.100000000000000000e+01
2.200000000000000000e+01
2.300000000000000000e+01
2.400000000000000000e+01
2.500000000000000000e+01
2.600000000000000000e+01
2.700000000000000000e+01
2.800000000000000000e+01
2.900000000000000000e+01
3.000000000000000000e+01
3.100000000000000000e+01
3.200000000000000000e+01
3.300000000000000000e+01
3.400000000000000000e+01
3.500000000000000000e+01
3.600000000000000000e+01
3.700000000000000000e+01
3.800000000000000000e+01
3.900000000000000000e+01
4.000000000000000000e+01
4.100000000000000000e+01
4.200000000000000000e+01
4.300000000000000000e+01
4.400000000000000000e+01
4.500000000000000000e+01
4.600000000000000000e+01
4.700000000000000000e+01
4.800000000000000000e+01
4.900000000000000000e+01
5.000000000000000000e+01
5.100000000000000000e+01
5.200000000000000000e+01
5.300000000000000000e+01
5.400000000000000000e+01
5.500000000000000000e+01
5.600000000000000000e+01
5.700000000000000000e+01
5.800000000000000000e+01
5.900000000000000000e+01
6.000000000000000000e+01
6.100000000000000000e+01
6.200000000000000000e+01
6.300000000000000000e+01
6.400000000000000000e+01
6.500000000000000000e+01
6.600000000000000000e+01
6.700000000000000000e+01
6.800000000000000000e+01
6.900000000000000000e+01
7.000000000000000000e+01
7.100000000000000000e+01
7.200000000000000000e+01
7.300000000000000000e+01
7.400000000000000000e+01
7.500000000000000000e+01
7.600000000000000000e+01
7.700000000000000000e+01
7.800000000000000000e+01
7.900000000000000000e+01
8.000000000000000000e+01
8.100000000000000000e+01
8.200000000000000000e+01
8.300000000000000000e+01
8.400000000000000000e+01
8.500000000000000000e+01
8.600000000000000000e+01
8.700000000000000000e+01
8.800000000000000000e+01
8.900000000000000000e+01
9.000000000000000000e+01
9.100000000000000000e+01
9.200000000000000000e+01
9.300000000000000000e+01
9.400000000000000000e+01
9.500000000000000000e+01
9.600000000000000000e+01
9.700000000000000000e+01
9.800000000000000000e+01
9.900000000000000000e+01
