single photon fraction:    0.1138
laser fraction:    0.1617
thermal source fraction:    0.4731
non-detected fraction:    0.2515
number of bins:  200.0000
bin width (ns):    1.0000
average detection events per bin: 5000.0000

# binary result
0.000000000000000000e+00

# g2 signal
9.946199735161952438e-01
9.846818317338297266e-01
1.004558115298560539e+00
9.854876270134810268e-01
9.849504301603801970e-01
9.828016427479768780e-01
9.903223986913884946e-01
9.919339892506909839e-01
9.908595955444893244e-01
1.036252729631509828e+00
1.011810272815421907e+00
9.903223986913884946e-01
1.017988036626081616e+00
1.010735879109220248e+00
9.924711861037919247e-01
9.975745562082497520e-01
9.610451701973929950e-01
9.975745562082497520e-01
9.973059577816993926e-01
9.927397845303422841e-01
1.009661485403018588e+00
1.000797737326854842e+00
9.731320993921618312e-01
1.027120383128795611e+00
1.018793831905732805e+00
9.803842569090230885e-01
1.017450839772980675e+00
9.870992175727835161e-01
9.911281939710397948e-01
9.989175483410018819e-01
1.015570650787127827e+00
1.007512697990615269e+00
1.007781296417165739e+00
1.017450839772980675e+00
9.897852018382876649e-01
9.967687609285985628e-01
9.956943672223969033e-01
1.011541674388871437e+00
1.003752320018909350e+00
1.009124288549917647e+00
9.750122883780147909e-01
9.948885719427456031e-01
1.020942619318136124e+00
9.932769813834431138e-01
9.876364144258843458e-01
9.983803514879010521e-01
9.849504301603801970e-01
1.016107847640228545e+00
1.003752320018909350e+00
9.709833119797585121e-01
1.001872131033056501e+00
9.709833119797585121e-01
9.709833119797585121e-01
9.913967923975901542e-01
9.795784616293717884e-01
9.672229340080525928e-01
9.932769813834431138e-01
1.013959060227825226e+00
9.626567607566955953e-01
1.008049894843715988e+00
1.010198682256119307e+00
9.857562254400313861e-01
1.008855690123367399e+00
9.621195639035947655e-01
9.903223986913884946e-01
9.981117530613505817e-01
1.018256635052631864e+00
9.849504301603801970e-01
1.018525233479182335e+00
1.026583186275694892e+00
9.994547451941027116e-01
9.924711861037919247e-01
1.000797737326854842e+00
9.723263041125105310e-01
9.991861467675523523e-01
9.956943672223969033e-01
1.016376446066779016e+00
1.004558115298560539e+00
9.922025876772414543e-01
9.838760364541785375e-01
1.005901107431312669e+00
1.006438304284413610e+00
9.932769813834431138e-01
1.003215123165808631e+00
1.001066335753405312e+00
9.682973277142543633e-01
1.002946524739258161e+00
1.002409327886157220e+00
1.001334934179955560e+00
9.870992175727835161e-01
9.844132333072793672e-01
9.924711861037919247e-01
1.008587091696816929e+00
1.031149359527052001e+00
9.768924773638676395e-01
1.019062430332283276e+00
1.030074965820850341e+00
9.860248238665818565e-01
1.004826713725111009e+00
1.004826713725111009e+00
1.452580290784656780e+00
9.688345245673551931e-01
9.768924773638676395e-01
9.940827766630944140e-01
9.828016427479768780e-01
1.005363910578211950e+00
9.913967923975901542e-01
9.935455798099935842e-01
9.884422097055356460e-01
9.707147135532080418e-01
9.889794065586364757e-01
1.018525233479182335e+00
1.009124288549917647e+00
1.005632509004762420e+00
9.938141782365439436e-01
1.010467280682669777e+00
1.018525233479182335e+00
9.997233436206531820e-01
9.924711861037919247e-01
1.017450839772980675e+00
9.658799418753005739e-01
9.844132333072793672e-01
1.015033453934026886e+00
9.959629656489472627e-01
9.868306191462331567e-01
1.024702997289842044e+00
1.007244099564064799e+00
1.005901107431312669e+00
9.723263041125105310e-01
1.019599627185383994e+00
1.015570650787127827e+00
1.002140729459606971e+00
9.852190285869305564e-01
1.013421863374724508e+00
9.989175483410018819e-01
1.009661485403018588e+00
1.017719438199531146e+00
1.000529138900304371e+00
9.865620207196826863e-01
9.803842569090230885e-01
1.004826713725111009e+00
9.970373593551489222e-01
1.012616068095073096e+00
1.011810272815421907e+00
1.001603532606506031e+00
9.723263041125105310e-01
9.973059577816993926e-01
9.763552805107668098e-01
1.033029548512904849e+00
9.854876270134810268e-01
9.750122883780147909e-01
1.006975501137514328e+00
1.006706902710964080e+00
9.948885719427456031e-01
9.935455798099935842e-01
9.597021780646409761e-01
1.010198682256119307e+00
9.943513750896447734e-01
9.801156584824727291e-01
9.889794065586364757e-01
1.008318493270266458e+00
9.873678159993339865e-01
9.836074380276280671e-01
1.005363910578211950e+00
1.004826713725111009e+00
1.002946524739258161e+00
1.038401517043913147e+00
1.012078871241972378e+00
9.951571703692960735e-01
1.030343564247400812e+00
9.978431546348002223e-01
1.021211217744686595e+00
1.012347469668522848e+00
1.020136824038484935e+00
9.943513750896447734e-01
1.001066335753405312e+00
9.967687609285985628e-01
9.991861467675523523e-01
9.994547451941027116e-01
9.900538002648381353e-01
1.002677926312707690e+00
9.983803514879010521e-01
1.028463375261547741e+00
9.991861467675523523e-01
1.003752320018909350e+00
9.951571703692960735e-01
1.033835343792556039e+00
9.860248238665818565e-01
1.003215123165808631e+00
9.774296742169684693e-01
1.007244099564064799e+00
9.897852018382876649e-01
1.016107847640228545e+00
1.003215123165808631e+00
1.007512697990615269e+00
1.000260540473753901e+00
9.849504301603801970e-01
1.015839249213678075e+00
9.913967923975901542e-01
9.892480049851868351e-01

# time bin value
-1.000000000000000000e+02
-9.900000000000000000e+01
-9.800000000000000000e+01
-9.700000000000000000e+01
-9.600000000000000000e+01
-9.500000000000000000e+01
-9.400000000000000000e+01
-9.300000000000000000e+01
-9.200000000000000000e+01
-9.100000000000000000e+01
-9.000000000000000000e+01
-8.900000000000000000e+01
-8.800000000000000000e+01
-8.700000000000000000e+01
-8.600000000000000000e+01
-8.500000000000000000e+01
-8.400000000000000000e+01
-8.300000000000000000e+01
-8.200000000000000000e+01
-8.100000000000000000e+01
-8.000000000000000000e+01
-7.900000000000000000e+01
-7.800000000000000000e+01
-7.700000000000000000e+01
-7.600000000000000000e+01
-7.500000000000000000e+01
-7.400000000000000000e+01
-7.300000000000000000e+01
-7.200000000000000000e+01
-7.100000000000000000e+01
-7.000000000000000000e+01
-6.900000000000000000e+01
-6.800000000000000000e+01
-6.700000000000000000e+01
-6.600000000000000000e+01
-6.500000000000000000e+01
-6.400000000000000000e+01
-6.300000000000000000e+01
-6.200000000000000000e+01
-6.100000000000000000e+01
-6.000000000000000000e+01
-5.900000000000000000e+01
-5.800000000000000000e+01
-5.700000000000000000e+01
-5.600000000000000000e+01
-5.500000000000000000e+01
-5.400000000000000000e+01
-5.300000000000000000e+01
-5.200000000000000000e+01
-5.100000000000000000e+01
-5.000000000000000000e+01
-4.900000000000000000e+01
-4.800000000000000000e+01
-4.700000000000000000e+01
-4.600000000000000000e+01
-4.500000000000000000e+01
-4.400000000000000000e+01
-4.300000000000000000e+01
-4.200000000000000000e+01
-4.100000000000000000e+01
-4.000000000000000000e+01
-3.900000000000000000e+01
-3.800000000000000000e+01
-3.700000000000000000e+01
-3.600000000000000000e+01
-3.500000000000000000e+01
-3.400000000000000000e+01
-3.300000000000000000e+01
-3.200000000000000000e+01
-3.100000000000000000e+01
-3.000000000000000000e+01
-2.900000000000000000e+01
-2.800000000000000000e+01
-2.700000000000000000e+01
-2.600000000000000000e+01
-2.500000000000000000e+01
-2.400000000000000000e+01
-2.300000000000000000e+01
-2.200000000000000000e+01
-2.100000000000000000e+01
-2.000000000000000000e+01
-1.900000000000000000e+01
-1.800000000000000000e+01
-1.700000000000000000e+01
-1.600000000000000000e+01
-1.500000000000000000e+01
-1.400000000000000000e+01
-1.300000000000000000e+01
-1.200000000000000000e+01
-1.100000000000000000e+01
-1.000000000000000000e+01
-9.000000000000000000e+00
-8.000000000000000000e+00
-7.000000000000000000e+00
-6.000000000000000000e+00
-5.000000000000000000e+00
-4.000000000000000000e+00
-3.000000000000000000e+00
-2.000000000000000000e+00
-1.000000000000000000e+00
0.000000000000000000e+00
1.000000000000000000e+00
2.000000000000000000e+00
3.000000000000000000e+00
4.000000000000000000e+00
5.000000000000000000e+00
6.000000000000000000e+00
7.000000000000000000e+00
8.000000000000000000e+00
9.000000000000000000e+00
1.000000000000000000e+01
1.100000000000000000e+01
1.200000000000000000e+01
1.300000000000000000e+01
1.400000000000000000e+01
1.500000000000000000e+01
1.600000000000000000e+01
1.700000000000000000e+01
1.800000000000000000e+01
1.900000000000000000e+01
2.000000000000000000e+01
2.100000000000000000e+01
2.200000000000000000e+01
2.300000000000000000e+01
2.400000000000000000e+01
2.500000000000000000e+01
2.600000000000000000e+01
2.700000000000000000e+01
2.800000000000000000e+01
2.900000000000000000e+01
3.000000000000000000e+01
3.100000000000000000e+01
3.200000000000000000e+01
3.300000000000000000e+01
3.400000000000000000e+01
3.500000000000000000e+01
3.600000000000000000e+01
3.700000000000000000e+01
3.800000000000000000e+01
3.900000000000000000e+01
4.000000000000000000e+01
4.100000000000000000e+01
4.200000000000000000e+01
4.300000000000000000e+01
4.400000000000000000e+01
4.500000000000000000e+01
4.600000000000000000e+01
4.700000000000000000e+01
4.800000000000000000e+01
4.900000000000000000e+01
5.000000000000000000e+01
5.100000000000000000e+01
5.200000000000000000e+01
5.300000000000000000e+01
5.400000000000000000e+01
5.500000000000000000e+01
5.600000000000000000e+01
5.700000000000000000e+01
5.800000000000000000e+01
5.900000000000000000e+01
6.000000000000000000e+01
6.100000000000000000e+01
6.200000000000000000e+01
6.300000000000000000e+01
6.400000000000000000e+01
6.500000000000000000e+01
6.600000000000000000e+01
6.700000000000000000e+01
6.800000000000000000e+01
6.900000000000000000e+01
7.000000000000000000e+01
7.100000000000000000e+01
7.200000000000000000e+01
7.300000000000000000e+01
7.400000000000000000e+01
7.500000000000000000e+01
7.600000000000000000e+01
7.700000000000000000e+01
7.800000000000000000e+01
7.900000000000000000e+01
8.000000000000000000e+01
8.100000000000000000e+01
8.200000000000000000e+01
8.300000000000000000e+01
8.400000000000000000e+01
8.500000000000000000e+01
8.600000000000000000e+01
8.700000000000000000e+01
8.800000000000000000e+01
8.900000000000000000e+01
9.000000000000000000e+01
9.100000000000000000e+01
9.200000000000000000e+01
9.300000000000000000e+01
9.400000000000000000e+01
9.500000000000000000e+01
9.600000000000000000e+01
9.700000000000000000e+01
9.800000000000000000e+01
9.900000000000000000e+01
