single photon fraction:    0.3511
laser fraction:    0.3053
thermal source fraction:    0.1908
non-detected fraction:    0.1527
number of bins:  200.0000
bin width (ns):    1.0000
average detection events per bin: 5000.0000

# binary result
0.000000000000000000e+00

# g2 signal
9.886214078784596460e-01
9.947869527584883853e-01
9.985811342231215582e-01
1.009252269592401996e+00
9.914670439769345256e-01
9.784245451922581882e-01
1.002612452029294277e+00
9.995296795892798514e-01
1.007118042518545975e+00
9.995296795892798514e-01
9.883842715369201004e-01
1.006643769835466884e+00
9.900442259276970303e-01
1.001426770321596438e+00
1.008540860567783470e+00
1.013046451057035169e+00
1.001426770321596438e+00
1.008066587884704157e+00
9.850643627553661297e-01
9.793730905584164814e-01
9.936012710507905465e-01
9.990554069062006493e-01
1.017314905204747433e+00
1.016129223497049594e+00
9.888585442199991915e-01
9.945498164169488398e-01
1.029645994964804911e+00
9.860129081215244229e-01
1.022531904718617879e+00
9.973954525154237194e-01
9.867243171461431706e-01
1.002375315687754620e+00
1.010675087641639491e+00
1.022294768377078444e+00
1.003560997395452459e+00
9.881471351953805549e-01
9.995296795892798514e-01
9.973954525154237194e-01
1.011386496666258239e+00
1.026326086183251052e+00
9.871985898292222616e-01
9.874357261707618072e-01
1.021583359352459697e+00
9.971583161738840628e-01
9.886214078784596460e-01
9.909927712938553235e-01
9.765274544599417128e-01
1.000478224955438034e+00
1.005932360810848136e+00
1.013046451057035169e+00
9.770017271430208039e-01
9.762903181184021673e-01
1.006643769835466884e+00
9.959726344661862241e-01
1.011386496666258239e+00
9.909927712938553235e-01
1.022294768377078444e+00
1.012572178373956078e+00
1.016129223497049594e+00
1.014706405447812099e+00
9.966840434908049717e-01
1.010675087641639491e+00
1.018500586912445272e+00
9.954983617831071330e-01
9.791359542168769359e-01
9.954983617831071330e-01
1.004983815444689954e+00
1.006643769835466884e+00
9.838786810476682909e-01
1.024666131792474122e+00
1.007829451543164723e+00
1.014943541789351755e+00
1.000478224955438034e+00
9.971583161738840628e-01
9.990554069062006493e-01
9.943126800754092942e-01
1.017789177887826524e+00
9.938384073923302031e-01
1.010437951300099835e+00
9.862500444630639684e-01
1.007829451543164723e+00
1.020397677644761858e+00
9.969211798323445173e-01
1.009015133250862561e+00
9.741560910445460353e-01
9.990554069062006493e-01
9.779502725091790971e-01
1.010437951300099835e+00
9.952612254415675874e-01
1.000003952272358942e+00
9.874357261707618072e-01
1.010675087641639491e+00
9.836415447061287454e-01
1.016129223497049594e+00
1.017077768863207776e+00
1.007829451543164723e+00
1.008066587884704157e+00
9.824558629984309066e-01
9.879099988538410093e-01
9.762903181184021673e-01
8.043664705022152139e-01
1.008066587884704157e+00
9.919413166600136167e-01
9.990554069062006493e-01
9.907556349523157779e-01
1.007355178860085632e+00
9.952612254415675874e-01
9.971583161738840628e-01
1.008303724226243814e+00
9.796102268999560270e-01
1.019686268620143110e+00
9.983439978815820126e-01
1.016840632521668342e+00
9.985811342231215582e-01
9.743932273860855808e-01
1.013283587398574825e+00
1.019449132278603454e+00
9.561337290875387973e-01
9.997668159308193969e-01
1.019923404961682767e+00
9.722590003122294489e-01
9.710733186045316101e-01
9.985811342231215582e-01
1.007592315201625066e+00
1.000003952272358942e+00
1.003323861053912802e+00
1.001901043004675529e+00
1.005220951786229389e+00
1.009015133250862561e+00
1.025377540817092648e+00
1.006406633493927227e+00
1.017789177887826524e+00
1.007118042518545975e+00
9.722590003122294489e-01
1.001189633980056781e+00
1.008540860567783470e+00
1.013757860081653916e+00
9.871985898292222616e-01
9.943126800754092942e-01
9.945498164169488398e-01
9.774759998261000060e-01
1.005932360810848136e+00
1.003560997395452459e+00
1.013046451057035169e+00
9.973954525154237194e-01
1.013757860081653916e+00
9.973954525154237194e-01
1.026563222524790486e+00
9.836415447061287454e-01
9.905184986107762324e-01
1.008777996909322905e+00
1.004035270078531550e+00
9.992925432477401948e-01
1.026800358866330143e+00
1.018974859595524363e+00
9.838786810476682909e-01
9.677534098229776394e-01
9.921784530015531622e-01
9.981068615400423560e-01
1.000952497638517125e+00
1.001663906663135872e+00
1.011386496666258239e+00
9.905184986107762324e-01
1.014232132764733008e+00
9.990554069062006493e-01
1.002612452029294277e+00
9.945498164169488398e-01
1.007118042518545975e+00
1.002612452029294277e+00
1.021583359352459697e+00
1.027986040574027982e+00
1.010675087641639491e+00
1.003798133736992115e+00
9.945498164169488398e-01
9.812701812907330678e-01
9.831672720230495433e-01
1.012809314715495512e+00
1.014232132764733008e+00
1.018500586912445272e+00
9.969211798323445173e-01
9.919413166600136167e-01
1.012809314715495512e+00
9.969211798323445173e-01
1.009489405933941653e+00
1.013283587398574825e+00
9.876728625123013527e-01
9.834044083645891998e-01
1.005695224469308480e+00
9.862500444630639684e-01
9.973954525154237194e-01
9.860129081215244229e-01
9.966840434908049717e-01
1.000003952272358942e+00
9.973954525154237194e-01
9.869614534876827161e-01
1.009252269592401996e+00
9.893328169030783936e-01
1.027511767890948891e+00
1.036522948869452510e+00
1.016366359838589029e+00

# time bin value
-1.000000000000000000e+02
-9.900000000000000000e+01
-9.800000000000000000e+01
-9.700000000000000000e+01
-9.600000000000000000e+01
-9.500000000000000000e+01
-9.400000000000000000e+01
-9.300000000000000000e+01
-9.200000000000000000e+01
-9.100000000000000000e+01
-9.000000000000000000e+01
-8.900000000000000000e+01
-8.800000000000000000e+01
-8.700000000000000000e+01
-8.600000000000000000e+01
-8.500000000000000000e+01
-8.400000000000000000e+01
-8.300000000000000000e+01
-8.200000000000000000e+01
-8.100000000000000000e+01
-8.000000000000000000e+01
-7.900000000000000000e+01
-7.800000000000000000e+01
-7.700000000000000000e+01
-7.600000000000000000e+01
-7.500000000000000000e+01
-7.400000000000000000e+01
-7.300000000000000000e+01
-7.200000000000000000e+01
-7.100000000000000000e+01
-7.000000000000000000e+01
-6.900000000000000000e+01
-6.800000000000000000e+01
-6.700000000000000000e+01
-6.600000000000000000e+01
-6.500000000000000000e+01
-6.400000000000000000e+01
-6.300000000000000000e+01
-6.200000000000000000e+01
-6.100000000000000000e+01
-6.000000000000000000e+01
-5.900000000000000000e+01
-5.800000000000000000e+01
-5.700000000000000000e+01
-5.600000000000000000e+01
-5.500000000000000000e+01
-5.400000000000000000e+01
-5.300000000000000000e+01
-5.200000000000000000e+01
-5.100000000000000000e+01
-5.000000000000000000e+01
-4.900000000000000000e+01
-4.800000000000000000e+01
-4.700000000000000000e+01
-4.600000000000000000e+01
-4.500000000000000000e+01
-4.400000000000000000e+01
-4.300000000000000000e+01
-4.200000000000000000e+01
-4.100000000000000000e+01
-4.000000000000000000e+01
-3.900000000000000000e+01
-3.800000000000000000e+01
-3.700000000000000000e+01
-3.600000000000000000e+01
-3.500000000000000000e+01
-3.400000000000000000e+01
-3.300000000000000000e+01
-3.200000000000000000e+01
-3.100000000000000000e+01
-3.000000000000000000e+01
-2.900000000000000000e+01
-2.800000000000000000e+01
-2.700000000000000000e+01
-2.600000000000000000e+01
-2.500000000000000000e+01
-2.400000000000000000e+01
-2.300000000000000000e+01
-2.200000000000000000e+01
-2.100000000000000000e+01
-2.000000000000000000e+01
-1.900000000000000000e+01
-1.800000000000000000e+01
-1.700000000000000000e+01
-1.600000000000000000e+01
-1.500000000000000000e+01
-1.400000000000000000e+01
-1.300000000000000000e+01
-1.200000000000000000e+01
-1.100000000000000000e+01
-1.000000000000000000e+01
-9.000000000000000000e+00
-8.000000000000000000e+00
-7.000000000000000000e+00
-6.000000000000000000e+00
-5.000000000000000000e+00
-4.000000000000000000e+00
-3.000000000000000000e+00
-2.000000000000000000e+00
-1.000000000000000000e+00
0.000000000000000000e+00
1.000000000000000000e+00
2.000000000000000000e+00
3.000000000000000000e+00
4.000000000000000000e+00
5.000000000000000000e+00
6.000000000000000000e+00
7.000000000000000000e+00
8.000000000000000000e+00
9.000000000000000000e+00
1.000000000000000000e+01
1.100000000000000000e+01
1.200000000000000000e+01
1.300000000000000000e+01
1.400000000000000000e+01
1.500000000000000000e+01
1.600000000000000000e+01
1.700000000000000000e+01
1.800000000000000000e+01
1.900000000000000000e+01
2.000000000000000000e+01
2.100000000000000000e+01
2.200000000000000000e+01
2.300000000000000000e+01
2.400000000000000000e+01
2.500000000000000000e+01
2.600000000000000000e+01
2.700000000000000000e+01
2.800000000000000000e+01
2.900000000000000000e+01
3.000000000000000000e+01
3.100000000000000000e+01
3.200000000000000000e+01
3.300000000000000000e+01
3.400000000000000000e+01
3.500000000000000000e+01
3.600000000000000000e+01
3.700000000000000000e+01
3.800000000000000000e+01
3.900000000000000000e+01
4.000000000000000000e+01
4.100000000000000000e+01
4.200000000000000000e+01
4.300000000000000000e+01
4.400000000000000000e+01
4.500000000000000000e+01
4.600000000000000000e+01
4.700000000000000000e+01
4.800000000000000000e+01
4.900000000000000000e+01
5.000000000000000000e+01
5.100000000000000000e+01
5.200000000000000000e+01
5.300000000000000000e+01
5.400000000000000000e+01
5.500000000000000000e+01
5.600000000000000000e+01
5.700000000000000000e+01
5.800000000000000000e+01
5.900000000000000000e+01
6.000000000000000000e+01
6.100000000000000000e+01
6.200000000000000000e+01
6.300000000000000000e+01
6.400000000000000000e+01
6.500000000000000000e+01
6.600000000000000000e+01
6.700000000000000000e+01
6.800000000000000000e+01
6.900000000000000000e+01
7.000000000000000000e+01
7.100000000000000000e+01
7.200000000000000000e+01
7.300000000000000000e+01
7.400000000000000000e+01
7.500000000000000000e+01
7.600000000000000000e+01
7.700000000000000000e+01
7.800000000000000000e+01
7.900000000000000000e+01
8.000000000000000000e+01
8.100000000000000000e+01
8.200000000000000000e+01
8.300000000000000000e+01
8.400000000000000000e+01
8.500000000000000000e+01
8.600000000000000000e+01
8.700000000000000000e+01
8.800000000000000000e+01
8.900000000000000000e+01
9.000000000000000000e+01
9.100000000000000000e+01
9.200000000000000000e+01
9.300000000000000000e+01
9.400000000000000000e+01
9.500000000000000000e+01
9.600000000000000000e+01
9.700000000000000000e+01
9.800000000000000000e+01
9.900000000000000000e+01
