single photon fraction:    0.3780
laser fraction:    0.0407
thermal source fraction:    0.3293
non-detected fraction:    0.2520
number of bins:  200.0000
bin width (ns):    1.0000
average detection events per bin: 5000.0000

# binary result
0.000000000000000000e+00

# g2 signal
9.991261679101969273e-01
9.993950393224440010e-01
1.016602809706258048e+00
1.020098138065470117e+00
9.932109968407608624e-01
9.797674262284062907e-01
9.803051690529004381e-01
9.811117832896417701e-01
9.864892115345835766e-01
9.872958257713249086e-01
9.993950393224440010e-01
1.018216038179740490e+00
1.009612152987833467e+00
9.918666397795254941e-01
1.016333938294010864e+00
1.012569738522551610e+00
1.008805538751092357e+00
1.005847953216374213e+00
9.910600255427841621e-01
1.001814882032667775e+00
1.026013309134906182e+00
9.985884250857027800e-01
9.730456409222288938e-01
9.776164549304294793e-01
1.040801236808496233e+00
1.009612152987833467e+00
1.027895409020635809e+00
9.969751966122202269e-01
1.009074410163339319e+00
9.665927270282986816e-01
1.006116824628621398e+00
9.813806547018888438e-01
1.003965853330644586e+00
1.020904752302211449e+00
9.956308395509847475e-01
9.929421254285137888e-01
9.948242253142434155e-01
9.942864824897492682e-01
1.026819923371647514e+00
1.002890367681656292e+00
1.005310210391880066e+00
9.883713114203132033e-01
9.512670565302143721e-01
9.907911541305370884e-01
1.011763124285810278e+00
9.899845398937957563e-01
1.025206694898164850e+00
9.932109968407608624e-01
1.005041338979632881e+00
9.902534113060428300e-01
1.013107481347045757e+00
9.996639107346911857e-01
1.014451838408281237e+00
1.020098138065470117e+00
1.023862337836929592e+00
9.967063251999731532e-01
1.019022652416481822e+00
1.001546010620420812e+00
1.020098138065470117e+00
9.711635410364992671e-01
1.007461181689856877e+00
9.980506822612085216e-01
1.009612152987833467e+00
1.003428110506150439e+00
9.913288969550312357e-01
9.977818108489614479e-01
9.832627545876184705e-01
9.846071116488539499e-01
9.872958257713249086e-01
1.002890367681656292e+00
9.967063251999731532e-01
1.009343281575586504e+00
9.889090542448074617e-01
1.026551051959400329e+00
9.897156684815486827e-01
1.008536667338845172e+00
9.937487396652551208e-01
9.770787121059353320e-01
1.022517980775694113e+00
9.660549842038045343e-01
1.019291523828729007e+00
1.038650265510519644e+00
1.003696981918397624e+00
1.022517980775694113e+00
9.673993412650400137e-01
9.889090542448074617e-01
9.883713114203132033e-01
9.891779256570545353e-01
1.004503596155138734e+00
9.964374537877259685e-01
9.945553539019963418e-01
1.033810580090071873e+00
1.002352624857162144e+00
9.926732540162667151e-01
1.010687638636821983e+00
1.023324595012435223e+00
9.770787121059353320e-01
1.030852994555353952e+00
9.743899979834643732e-01
9.851448544733480972e-01
9.289507293137057031e-01
1.016333938294010864e+00
9.789608119916649587e-01
9.991261679101969273e-01
9.934798682530080471e-01
1.007730053102103840e+00
1.034886065739060390e+00
1.007192310277609693e+00
9.797674262284062907e-01
9.765409692814411846e-01
1.005847953216374213e+00
1.005847953216374213e+00
9.749277408079586316e-01
1.006116824628621398e+00
9.846071116488539499e-01
1.001277139208173628e+00
9.929421254285137888e-01
1.006116824628621398e+00
1.028970894669624325e+00
9.972440680244673006e-01
1.019560395240975970e+00
1.002083753444914960e+00
1.003428110506150439e+00
9.813806547018888438e-01
9.886401828325602770e-01
1.024400080661423740e+00
1.001277139208173628e+00
1.002083753444914960e+00
9.878335685958190560e-01
9.913288969550312357e-01
9.980506822612085216e-01
9.840693688243598025e-01
9.838004974121126178e-01
9.690125697385225667e-01
1.021980237951199744e+00
9.477717281710021924e-01
9.961685823754788949e-01
1.020635880889964264e+00
1.027357666196141661e+00
1.037037037037036979e+00
9.854137258855951709e-01
9.797674262284062907e-01
1.007461181689856877e+00
1.004503596155138734e+00
9.958997109632318212e-01
9.932109968407608624e-01
1.013645224171539905e+00
9.940176110775021945e-01
1.037574779861531127e+00
1.011225381461316131e+00
1.013376352759292942e+00
9.867580829468306503e-01
9.725078980977347465e-01
9.977818108489614479e-01
9.948242253142434155e-01
9.894467970693016090e-01
1.006923438865362730e+00
9.964374537877259685e-01
9.940176110775021945e-01
9.792296834039120323e-01
1.003159239093903254e+00
1.031659608792095284e+00
9.999327821469382593e-01
1.007192310277609693e+00
1.010687638636821983e+00
9.754654836324527789e-01
9.862203401223365029e-01
1.002083753444914960e+00
9.660549842038045343e-01
1.003159239093903254e+00
9.948242253142434155e-01
1.002890367681656292e+00
9.821872689386300648e-01
1.012300867110304425e+00
1.008805538751092357e+00
9.824561403508771384e-01
9.762720978691941109e-01
1.012300867110304425e+00
1.004503596155138734e+00
9.881024400080661296e-01
1.006654567453115545e+00
1.017678295355246343e+00
9.765409692814411846e-01
9.754654836324527789e-01
1.018484909591987675e+00
1.003965853330644586e+00
9.980506822612085216e-01
1.037574779861531127e+00
1.024131209249176555e+00
1.038381394098272459e+00
9.940176110775021945e-01
1.010149895812327836e+00
9.886401828325602770e-01
1.007730053102103840e+00
9.813806547018888438e-01
9.934798682530080471e-01
1.006385696040868361e+00
1.014451838408281237e+00
9.961685823754788949e-01
1.034886065739060390e+00

# time bin value
-1.000000000000000000e+02
-9.900000000000000000e+01
-9.800000000000000000e+01
-9.700000000000000000e+01
-9.600000000000000000e+01
-9.500000000000000000e+01
-9.400000000000000000e+01
-9.300000000000000000e+01
-9.200000000000000000e+01
-9.100000000000000000e+01
-9.000000000000000000e+01
-8.900000000000000000e+01
-8.800000000000000000e+01
-8.700000000000000000e+01
-8.600000000000000000e+01
-8.500000000000000000e+01
-8.400000000000000000e+01
-8.300000000000000000e+01
-8.200000000000000000e+01
-8.100000000000000000e+01
-8.000000000000000000e+01
-7.900000000000000000e+01
-7.800000000000000000e+01
-7.700000000000000000e+01
-7.600000000000000000e+01
-7.500000000000000000e+01
-7.400000000000000000e+01
-7.300000000000000000e+01
-7.200000000000000000e+01
-7.100000000000000000e+01
-7.000000000000000000e+01
-6.900000000000000000e+01
-6.800000000000000000e+01
-6.700000000000000000e+01
-6.600000000000000000e+01
-6.500000000000000000e+01
-6.400000000000000000e+01
-6.300000000000000000e+01
-6.200000000000000000e+01
-6.100000000000000000e+01
-6.000000000000000000e+01
-5.900000000000000000e+01
-5.800000000000000000e+01
-5.700000000000000000e+01
-5.600000000000000000e+01
-5.500000000000000000e+01
-5.400000000000000000e+01
-5.300000000000000000e+01
-5.200000000000000000e+01
-5.100000000000000000e+01
-5.000000000000000000e+01
-4.900000000000000000e+01
-4.800000000000000000e+01
-4.700000000000000000e+01
-4.600000000000000000e+01
-4.500000000000000000e+01
-4.400000000000000000e+01
-4.300000000000000000e+01
-4.200000000000000000e+01
-4.100000000000000000e+01
-4.000000000000000000e+01
-3.900000000000000000e+01
-3.800000000000000000e+01
-3.700000000000000000e+01
-3.600000000000000000e+01
-3.500000000000000000e+01
-3.400000000000000000e+01
-3.300000000000000000e+01
-3.200000000000000000e+01
-3.100000000000000000e+01
-3.000000000000000000e+01
-2.900000000000000000e+01
-2.800000000000000000e+01
-2.700000000000000000e+01
-2.600000000000000000e+01
-2.500000000000000000e+01
-2.400000000000000000e+01
-2.300000000000000000e+01
-2.200000000000000000e+01
-2.100000000000000000e+01
-2.000000000000000000e+01
-1.900000000000000000e+01
-1.800000000000000000e+01
-1.700000000000000000e+01
-1.600000000000000000e+01
-1.500000000000000000e+01
-1.400000000000000000e+01
-1.300000000000000000e+01
-1.200000000000000000e+01
-1.100000000000000000e+01
-1.000000000000000000e+01
-9.000000000000000000e+00
-8.000000000000000000e+00
-7.000000000000000000e+00
-6.000000000000000000e+00
-5.000000000000000000e+00
-4.000000000000000000e+00
-3.000000000000000000e+00
-2.000000000000000000e+00
-1.000000000000000000e+00
0.000000000000000000e+00
1.000000000000000000e+00
2.000000000000000000e+00
3.000000000000000000e+00
4.000000000000000000e+00
5.000000000000000000e+00
6.000000000000000000e+00
7.000000000000000000e+00
8.000000000000000000e+00
9.000000000000000000e+00
1.000000000000000000e+01
1.100000000000000000e+01
1.200000000000000000e+01
1.300000000000000000e+01
1.400000000000000000e+01
1.500000000000000000e+01
1.600000000000000000e+01
1.700000000000000000e+01
1.800000000000000000e+01
1.900000000000000000e+01
2.000000000000000000e+01
2.100000000000000000e+01
2.200000000000000000e+01
2.300000000000000000e+01
2.400000000000000000e+01
2.500000000000000000e+01
2.600000000000000000e+01
2.700000000000000000e+01
2.800000000000000000e+01
2.900000000000000000e+01
3.000000000000000000e+01
3.100000000000000000e+01
3.200000000000000000e+01
3.300000000000000000e+01
3.400000000000000000e+01
3.500000000000000000e+01
3.600000000000000000e+01
3.700000000000000000e+01
3.800000000000000000e+01
3.900000000000000000e+01
4.000000000000000000e+01
4.100000000000000000e+01
4.200000000000000000e+01
4.300000000000000000e+01
4.400000000000000000e+01
4.500000000000000000e+01
4.600000000000000000e+01
4.700000000000000000e+01
4.800000000000000000e+01
4.900000000000000000e+01
5.000000000000000000e+01
5.100000000000000000e+01
5.200000000000000000e+01
5.300000000000000000e+01
5.400000000000000000e+01
5.500000000000000000e+01
5.600000000000000000e+01
5.700000000000000000e+01
5.800000000000000000e+01
5.900000000000000000e+01
6.000000000000000000e+01
6.100000000000000000e+01
6.200000000000000000e+01
6.300000000000000000e+01
6.400000000000000000e+01
6.500000000000000000e+01
6.600000000000000000e+01
6.700000000000000000e+01
6.800000000000000000e+01
6.900000000000000000e+01
7.000000000000000000e+01
7.100000000000000000e+01
7.200000000000000000e+01
7.300000000000000000e+01
7.400000000000000000e+01
7.500000000000000000e+01
7.600000000000000000e+01
7.700000000000000000e+01
7.800000000000000000e+01
7.900000000000000000e+01
8.000000000000000000e+01
8.100000000000000000e+01
8.200000000000000000e+01
8.300000000000000000e+01
8.400000000000000000e+01
8.500000000000000000e+01
8.600000000000000000e+01
8.700000000000000000e+01
8.800000000000000000e+01
8.900000000000000000e+01
9.000000000000000000e+01
9.100000000000000000e+01
9.200000000000000000e+01
9.300000000000000000e+01
9.400000000000000000e+01
9.500000000000000000e+01
9.600000000000000000e+01
9.700000000000000000e+01
9.800000000000000000e+01
9.900000000000000000e+01
