single photon fraction:    0.1111
laser fraction:    0.5648
thermal source fraction:    0.3241
non-detected fraction:    0.0000
number of bins:  200.0000
bin width (ns):    1.0000
average detection events per bin: 5000.0000

# binary result
0.000000000000000000e+00

# g2 signal
9.841961962364241812e-01
9.878130871168356864e-01
9.990656365225604185e-01
9.962524991711292355e-01
9.827896275607085341e-01
9.968553143178644493e-01
1.010117247546040042e+00
1.032220469592999290e+00
1.014336953573186761e+00
9.998693900515407407e-01
9.954487456421489133e-01
1.020164166658294347e+00
9.837943194719339646e-01
9.990656365225604185e-01
9.739483387419248794e-01
1.013734138426451548e+00
9.964534375533743438e-01
1.036842052384636226e+00
9.916309163794922998e-01
9.737474003596797711e-01
9.974581294645997742e-01
1.002682527402972035e+00
1.030010147388303432e+00
1.027197010036872360e+00
9.936403002019431607e-01
1.006701295047873534e+00
9.880140254990807946e-01
9.882149638813259029e-01
1.020365105040539344e+00
1.015341645484412192e+00
1.007103171812363751e+00
1.020566043422784563e+00
1.002682527402972035e+00
1.010921001075020476e+00
1.009715370781549826e+00
1.001677835491746604e+00
9.910281012327570860e-01
9.685230024213076216e-01
9.956496840243940216e-01
1.028201701948097790e+00
1.006701295047873534e+00
9.876121487345905781e-01
1.006902233430118754e+00
9.982618829935800964e-01
1.004892849607667893e+00
9.556629459576221342e-01
9.817849356494831037e-01
1.002481589020726815e+00
9.954487456421489133e-01
9.966543759356194521e-01
1.001878773873991602e+00
1.001275958727256388e+00
9.924346699084726220e-01
9.928365466729628386e-01
9.936403002019431607e-01
9.906262244682668694e-01
9.898224709392865472e-01
9.862055800588750420e-01
9.942431153486783746e-01
9.914299779972471915e-01
1.004892849607667893e+00
1.001677835491746604e+00
1.008509740488079398e+00
1.014738830337676978e+00
1.001275958727256388e+00
9.753549074176404154e-01
1.003084404167462029e+00
9.813830588849929981e-01
9.821868124139733203e-01
9.620929741894648224e-01
9.876121487345905781e-01
1.002481589020726815e+00
9.948459304954136995e-01
1.014336953573186761e+00
9.841961962364241812e-01
1.027598886801362355e+00
9.954487456421489133e-01
9.980609446113349881e-01
9.884159022635709002e-01
1.012528508132981120e+00
9.789717982980519206e-01
9.755558457998855237e-01
1.015140707102167195e+00
1.008710678870324395e+00
9.974581294645997742e-01
1.000472205198275955e+00
9.876121487345905781e-01
9.868083952056102559e-01
9.928365466729628386e-01
1.001476897109501385e+00
9.910281012327570860e-01
1.015341645484412192e+00
1.014336953573186761e+00
1.013533200044206550e+00
1.018556659600333703e+00
9.918318547617374081e-01
9.827896275607085341e-01
1.009313494017059831e+00
9.988646981403153102e-01
9.751539690353954182e-01
1.177699858338440597e+00
9.693267559502879438e-01
9.849999497654045033e-01
1.005294726372158109e+00
1.000874081962766171e+00
1.011523816221755689e+00
9.904252860860217611e-01
9.980609446113349881e-01
1.019963228276049128e+00
9.795746134447872455e-01
9.942431153486783746e-01
1.003888157696442462e+00
9.906262244682668694e-01
1.011523816221755689e+00
1.024383872685441066e+00
1.018757597982578700e+00
9.958506224066391299e-01
1.019360413129313914e+00
1.000673143580521174e+00
1.015341645484412192e+00
9.920327931439825164e-01
1.018355721218088483e+00
1.009916309163795045e+00
9.970562527001095576e-01
1.001878773873991602e+00
1.021168858569519777e+00
9.649061115408960054e-01
9.757567841821306320e-01
9.922337315262275137e-01
9.938412385841882690e-01
9.837943194719339646e-01
1.020566043422784563e+00
1.008107863723589182e+00
1.019159474747068916e+00
1.000472205198275955e+00
9.994675132870506351e-01
9.914299779972471915e-01
9.753549074176404154e-01
1.012528508132981120e+00
9.898224709392865472e-01
9.926356082907177303e-01
9.982618829935800964e-01
9.948459304954136995e-01
1.003888157696442462e+00
9.974581294645997742e-01
1.007705986959098965e+00
9.643032963941607916e-01
1.019360413129313914e+00
1.011322877839510692e+00
9.902243477037767638e-01
9.872102719701004725e-01
9.910281012327570860e-01
9.831915043251987507e-01
9.741492771241699877e-01
9.803783669737675677e-01
1.004290034460932679e+00
9.974581294645997742e-01
1.008710678870324395e+00
9.833924427074438590e-01
9.763595993288658459e-01
1.020365105040539344e+00
1.015944460631147628e+00
9.942431153486783746e-01
9.972571910823546659e-01
9.823877507962184286e-01
1.002280650638481818e+00
1.014336953573186761e+00
1.006500356665628537e+00
1.006299418283383540e+00
1.015341645484412192e+00
9.978600062290898798e-01
9.974581294645997742e-01
9.721398933017191268e-01
9.986637597580703130e-01
1.000673143580521174e+00
1.014136015190941764e+00
9.825886891784635369e-01
9.944440537309234829e-01
1.005093787989912890e+00
1.020365105040539344e+00
9.994675132870506351e-01
9.825886891784635369e-01
9.950468688776586967e-01
9.956496840243940216e-01
1.008911617252569615e+00
9.876121487345905781e-01
1.004892849607667893e+00
9.827896275607085341e-01
1.005495664754403107e+00
9.847990113831593950e-01
9.854018265298947199e-01
1.005696603136648326e+00
1.023580119156460855e+00
1.007505048576853968e+00
1.021168858569519777e+00
1.016346337395637622e+00
9.894205941747963307e-01
1.002481589020726815e+00
9.769624144756011708e-01
1.017150090924618056e+00

# time bin value
-1.000000000000000000e+02
-9.900000000000000000e+01
-9.800000000000000000e+01
-9.700000000000000000e+01
-9.600000000000000000e+01
-9.500000000000000000e+01
-9.400000000000000000e+01
-9.300000000000000000e+01
-9.200000000000000000e+01
-9.100000000000000000e+01
-9.000000000000000000e+01
-8.900000000000000000e+01
-8.800000000000000000e+01
-8.700000000000000000e+01
-8.600000000000000000e+01
-8.500000000000000000e+01
-8.400000000000000000e+01
-8.300000000000000000e+01
-8.200000000000000000e+01
-8.100000000000000000e+01
-8.000000000000000000e+01
-7.900000000000000000e+01
-7.800000000000000000e+01
-7.700000000000000000e+01
-7.600000000000000000e+01
-7.500000000000000000e+01
-7.400000000000000000e+01
-7.300000000000000000e+01
-7.200000000000000000e+01
-7.100000000000000000e+01
-7.000000000000000000e+01
-6.900000000000000000e+01
-6.800000000000000000e+01
-6.700000000000000000e+01
-6.600000000000000000e+01
-6.500000000000000000e+01
-6.400000000000000000e+01
-6.300000000000000000e+01
-6.200000000000000000e+01
-6.100000000000000000e+01
-6.000000000000000000e+01
-5.900000000000000000e+01
-5.800000000000000000e+01
-5.700000000000000000e+01
-5.600000000000000000e+01
-5.500000000000000000e+01
-5.400000000000000000e+01
-5.300000000000000000e+01
-5.200000000000000000e+01
-5.100000000000000000e+01
-5.000000000000000000e+01
-4.900000000000000000e+01
-4.800000000000000000e+01
-4.700000000000000000e+01
-4.600000000000000000e+01
-4.500000000000000000e+01
-4.400000000000000000e+01
-4.300000000000000000e+01
-4.200000000000000000e+01
-4.100000000000000000e+01
-4.000000000000000000e+01
-3.900000000000000000e+01
-3.800000000000000000e+01
-3.700000000000000000e+01
-3.600000000000000000e+01
-3.500000000000000000e+01
-3.400000000000000000e+01
-3.300000000000000000e+01
-3.200000000000000000e+01
-3.100000000000000000e+01
-3.000000000000000000e+01
-2.900000000000000000e+01
-2.800000000000000000e+01
-2.700000000000000000e+01
-2.600000000000000000e+01
-2.500000000000000000e+01
-2.400000000000000000e+01
-2.300000000000000000e+01
-2.200000000000000000e+01
-2.100000000000000000e+01
-2.000000000000000000e+01
-1.900000000000000000e+01
-1.800000000000000000e+01
-1.700000000000000000e+01
-1.600000000000000000e+01
-1.500000000000000000e+01
-1.400000000000000000e+01
-1.300000000000000000e+01
-1.200000000000000000e+01
-1.100000000000000000e+01
-1.000000000000000000e+01
-9.000000000000000000e+00
-8.000000000000000000e+00
-7.000000000000000000e+00
-6.000000000000000000e+00
-5.000000000000000000e+00
-4.000000000000000000e+00
-3.000000000000000000e+00
-2.000000000000000000e+00
-1.000000000000000000e+00
0.000000000000000000e+00
1.000000000000000000e+00
2.000000000000000000e+00
3.000000000000000000e+00
4.000000000000000000e+00
5.000000000000000000e+00
6.000000000000000000e+00
7.000000000000000000e+00
8.000000000000000000e+00
9.000000000000000000e+00
1.000000000000000000e+01
1.100000000000000000e+01
1.200000000000000000e+01
1.300000000000000000e+01
1.400000000000000000e+01
1.500000000000000000e+01
1.600000000000000000e+01
1.700000000000000000e+01
1.800000000000000000e+01
1.900000000000000000e+01
2.000000000000000000e+01
2.100000000000000000e+01
2.200000000000000000e+01
2.300000000000000000e+01
2.400000000000000000e+01
2.500000000000000000e+01
2.600000000000000000e+01
2.700000000000000000e+01
2.800000000000000000e+01
2.900000000000000000e+01
3.000000000000000000e+01
3.100000000000000000e+01
3.200000000000000000e+01
3.300000000000000000e+01
3.400000000000000000e+01
3.500000000000000000e+01
3.600000000000000000e+01
3.700000000000000000e+01
3.800000000000000000e+01
3.900000000000000000e+01
4.000000000000000000e+01
4.100000000000000000e+01
4.200000000000000000e+01
4.300000000000000000e+01
4.400000000000000000e+01
4.500000000000000000e+01
4.600000000000000000e+01
4.700000000000000000e+01
4.800000000000000000e+01
4.900000000000000000e+01
5.000000000000000000e+01
5.100000000000000000e+01
5.200000000000000000e+01
5.300000000000000000e+01
5.400000000000000000e+01
5.500000000000000000e+01
5.600000000000000000e+01
5.700000000000000000e+01
5.800000000000000000e+01
5.900000000000000000e+01
6.000000000000000000e+01
6.100000000000000000e+01
6.200000000000000000e+01
6.300000000000000000e+01
6.400000000000000000e+01
6.500000000000000000e+01
6.600000000000000000e+01
6.700000000000000000e+01
6.800000000000000000e+01
6.900000000000000000e+01
7.000000000000000000e+01
7.100000000000000000e+01
7.200000000000000000e+01
7.300000000000000000e+01
7.400000000000000000e+01
7.500000000000000000e+01
7.600000000000000000e+01
7.700000000000000000e+01
7.800000000000000000e+01
7.900000000000000000e+01
8.000000000000000000e+01
8.100000000000000000e+01
8.200000000000000000e+01
8.300000000000000000e+01
8.400000000000000000e+01
8.500000000000000000e+01
8.600000000000000000e+01
8.700000000000000000e+01
8.800000000000000000e+01
8.900000000000000000e+01
9.000000000000000000e+01
9.100000000000000000e+01
9.200000000000000000e+01
9.300000000000000000e+01
9.400000000000000000e+01
9.500000000000000000e+01
9.600000000000000000e+01
9.700000000000000000e+01
9.800000000000000000e+01
9.900000000000000000e+01
