single photon fraction:    0.1176
laser fraction:    0.2418
thermal source fraction:    0.2941
non-detected fraction:    0.3464
number of bins:  200.0000
bin width (ns):    1.0000
average detection events per bin: 5000.0000

# binary result
0.000000000000000000e+00

# g2 signal
9.674730992659382744e-01
9.973030072852631100e-01
9.723934964650021717e-01
9.856170639374863818e-01
1.018522220206226070e+00
9.736235957647680905e-01
9.911525107864332940e-01
1.000378255534678074e+00
9.822342908631299663e-01
1.015446971956811328e+00
1.001608354834444103e+00
9.856170639374863818e-01
1.008373900983156934e+00
9.991481562349120438e-01
1.009296475457981401e+00
1.000993305184560977e+00
1.010526574757747431e+00
1.043431731026487119e+00
9.806966667384224845e-01
9.871546880621938636e-01
9.886923121869013453e-01
1.012371723707396365e+00
9.773138936640660690e-01
1.017292120906460262e+00
1.027747964954470961e+00
1.002838454134209911e+00
9.816192412132469514e-01
1.000070730709736511e+00
1.010526574757747431e+00
1.011756674057513239e+00
1.005298652733741971e+00
1.018522220206226070e+00
1.001300830009502540e+00
1.029593113904119894e+00
9.883847873619597824e-01
9.933051845610236796e-01
1.030515688378944361e+00
9.929976597360822277e-01
1.000070730709736511e+00
1.010219049932805868e+00
1.001608354834444103e+00
1.011449149232571898e+00
9.760837943643000392e-01
9.757762695393585872e-01
1.015446971956811328e+00
1.009604000282922742e+00
9.859245887624278337e-01
1.008066376158215371e+00
1.005298652733741971e+00
9.908449859614917310e-01
1.007758851333273808e+00
9.828493405130128702e-01
9.834643901628958851e-01
9.957653831605556283e-01
1.005606177558683534e+00
9.883847873619597824e-01
1.013294298182220832e+00
9.810041915633639364e-01
9.770063688391245060e-01
9.582473545176934948e-01
1.015139447131869765e+00
9.985331065850290289e-01
9.988406314099705918e-01
9.902299363116087161e-01
9.991481562349120438e-01
1.020059844330933663e+00
1.016677071256577136e+00
9.840794398127789000e-01
1.007451326508332468e+00
9.985331065850290289e-01
1.026517865654704931e+00
9.966879576353800951e-01
9.619376524169913623e-01
9.843869646377203519e-01
1.028363014604353864e+00
1.015446971956811328e+00
9.966879576353800951e-01
9.896148866617258122e-01
9.883847873619597824e-01
9.662429999661722446e-01
1.000993305184560977e+00
1.000685780359619637e+00
1.021597468455641033e+00
9.988406314099705918e-01
9.696257730405286601e-01
9.966879576353800951e-01
9.920750852612577608e-01
9.933051845610236796e-01
9.954578583356141763e-01
1.006528752033508001e+00
9.831568653379544331e-01
1.013601823007162173e+00
1.019752319505992100e+00
1.004683603083858845e+00
1.009296475457981401e+00
9.926901349111406647e-01
9.886923121869013453e-01
1.000070730709736511e+00
1.008066376158215371e+00
1.026210340829763590e+00
1.250088413387170583e+00
9.988406314099705918e-01
1.000685780359619637e+00
1.016677071256577136e+00
1.002530929309268570e+00
1.013909347832103736e+00
9.994556810598536067e-01
1.000993305184560977e+00
9.643978510165233109e-01
9.853095391125448188e-01
1.014831922306928202e+00
1.014524397481986639e+00
1.022520042930465500e+00
1.034513511103183792e+00
1.007143801683390905e+00
9.859245887624278337e-01
1.011141624407630335e+00
1.011141624407630335e+00
9.991481562349120438e-01
9.871546880621938636e-01
9.576323048678104799e-01
9.677806240908797264e-01
1.006221227208566438e+00
9.843869646377203519e-01
9.816192412132469514e-01
9.908449859614917310e-01
1.011756674057513239e+00
9.813117163883054994e-01
1.008681425808098275e+00
1.000993305184560977e+00
1.009911525107864305e+00
9.917675604363161979e-01
9.883847873619597824e-01
9.920750852612577608e-01
1.002838454134209911e+00
9.871546880621938636e-01
1.004991127908800408e+00
9.828493405130128702e-01
9.745461702395925574e-01
1.009296475457981401e+00
1.010526574757747431e+00
1.001300830009502540e+00
9.444087373953262698e-01
1.019752319505992100e+00
9.865396384123108486e-01
1.036358660052832725e+00
1.016369546431635795e+00
9.991481562349120438e-01
1.011449149232571898e+00
1.000993305184560977e+00
1.003761028609034378e+00
9.853095391125448188e-01
1.011756674057513239e+00
1.012986773357279269e+00
1.004068553433975941e+00
9.893073618367842492e-01
9.714709219901777049e-01
1.013601823007162173e+00
1.007758851333273808e+00
9.893073618367842492e-01
1.007758851333273808e+00
1.001915879659385444e+00
1.023135092580348626e+00
1.001300830009502540e+00
1.006528752033508001e+00
1.012679248532337706e+00
1.004991127908800408e+00
1.024672716705055997e+00
9.825418156880714182e-01
9.871546880621938636e-01
9.994556810598536067e-01
9.831568653379544331e-01
1.013294298182220832e+00
9.539420069685125014e-01
1.008681425808098275e+00
1.000685780359619637e+00
9.773138936640660690e-01
1.012986773357279269e+00
1.002530929309268570e+00
1.002223404484327007e+00
1.007758851333273808e+00
1.020059844330933663e+00
9.720859716400606088e-01
1.004376078258917504e+00
1.004991127908800408e+00
9.782364681388905359e-01
9.976105321102045620e-01
9.923826100861992128e-01
9.831568653379544331e-01
1.010834099582688772e+00
9.647053758414647628e-01
9.966879576353800951e-01
1.017292120906460262e+00
1.009604000282922742e+00
1.006836276858449342e+00
9.997632058847950587e-01
9.714709219901777049e-01
9.957653831605556283e-01
9.806966667384224845e-01
9.736235957647680905e-01

# time bin value
-1.000000000000000000e+02
-9.900000000000000000e+01
-9.800000000000000000e+01
-9.700000000000000000e+01
-9.600000000000000000e+01
-9.500000000000000000e+01
-9.400000000000000000e+01
-9.300000000000000000e+01
-9.200000000000000000e+01
-9.100000000000000000e+01
-9.000000000000000000e+01
-8.900000000000000000e+01
-8.800000000000000000e+01
-8.700000000000000000e+01
-8.600000000000000000e+01
-8.500000000000000000e+01
-8.400000000000000000e+01
-8.300000000000000000e+01
-8.200000000000000000e+01
-8.100000000000000000e+01
-8.000000000000000000e+01
-7.900000000000000000e+01
-7.800000000000000000e+01
-7.700000000000000000e+01
-7.600000000000000000e+01
-7.500000000000000000e+01
-7.400000000000000000e+01
-7.300000000000000000e+01
-7.200000000000000000e+01
-7.100000000000000000e+01
-7.000000000000000000e+01
-6.900000000000000000e+01
-6.800000000000000000e+01
-6.700000000000000000e+01
-6.600000000000000000e+01
-6.500000000000000000e+01
-6.400000000000000000e+01
-6.300000000000000000e+01
-6.200000000000000000e+01
-6.100000000000000000e+01
-6.000000000000000000e+01
-5.900000000000000000e+01
-5.800000000000000000e+01
-5.700000000000000000e+01
-5.600000000000000000e+01
-5.500000000000000000e+01
-5.400000000000000000e+01
-5.300000000000000000e+01
-5.200000000000000000e+01
-5.100000000000000000e+01
-5.000000000000000000e+01
-4.900000000000000000e+01
-4.800000000000000000e+01
-4.700000000000000000e+01
-4.600000000000000000e+01
-4.500000000000000000e+01
-4.400000000000000000e+01
-4.300000000000000000e+01
-4.200000000000000000e+01
-4.100000000000000000e+01
-4.000000000000000000e+01
-3.900000000000000000e+01
-3.800000000000000000e+01
-3.700000000000000000e+01
-3.600000000000000000e+01
-3.500000000000000000e+01
-3.400000000000000000e+01
-3.300000000000000000e+01
-3.200000000000000000e+01
-3.100000000000000000e+01
-3.000000000000000000e+01
-2.900000000000000000e+01
-2.800000000000000000e+01
-2.700000000000000000e+01
-2.600000000000000000e+01
-2.500000000000000000e+01
-2.400000000000000000e+01
-2.300000000000000000e+01
-2.200000000000000000e+01
-2.100000000000000000e+01
-2.000000000000000000e+01
-1.900000000000000000e+01
-1.800000000000000000e+01
-1.700000000000000000e+01
-1.600000000000000000e+01
-1.500000000000000000e+01
-1.400000000000000000e+01
-1.300000000000000000e+01
-1.200000000000000000e+01
-1.100000000000000000e+01
-1.000000000000000000e+01
-9.000000000000000000e+00
-8.000000000000000000e+00
-7.000000000000000000e+00
-6.000000000000000000e+00
-5.000000000000000000e+00
-4.000000000000000000e+00
-3.000000000000000000e+00
-2.000000000000000000e+00
-1.000000000000000000e+00
0.000000000000000000e+00
1.000000000000000000e+00
2.000000000000000000e+00
3.000000000000000000e+00
4.000000000000000000e+00
5.000000000000000000e+00
6.000000000000000000e+00
7.000000000000000000e+00
8.000000000000000000e+00
9.000000000000000000e+00
1.000000000000000000e+01
1.100000000000000000e+01
1.200000000000000000e+01
1.300000000000000000e+01
1.400000000000000000e+01
1.500000000000000000e+01
1.600000000000000000e+01
1.700000000000000000e+01
1.800000000000000000e+01
1.900000000000000000e+01
2.000000000000000000e+01
2.100000000000000000e+01
2.200000000000000000e+01
2.300000000000000000e+01
2.400000000000000000e+01
2.500000000000000000e+01
2.600000000000000000e+01
2.700000000000000000e+01
2.800000000000000000e+01
2.900000000000000000e+01
3.000000000000000000e+01
3.100000000000000000e+01
3.200000000000000000e+01
3.300000000000000000e+01
3.400000000000000000e+01
3.500000000000000000e+01
3.600000000000000000e+01
3.700000000000000000e+01
3.800000000000000000e+01
3.900000000000000000e+01
4.000000000000000000e+01
4.100000000000000000e+01
4.200000000000000000e+01
4.300000000000000000e+01
4.400000000000000000e+01
4.500000000000000000e+01
4.600000000000000000e+01
4.700000000000000000e+01
4.800000000000000000e+01
4.900000000000000000e+01
5.000000000000000000e+01
5.100000000000000000e+01
5.200000000000000000e+01
5.300000000000000000e+01
5.400000000000000000e+01
5.500000000000000000e+01
5.600000000000000000e+01
5.700000000000000000e+01
5.800000000000000000e+01
5.900000000000000000e+01
6.000000000000000000e+01
6.100000000000000000e+01
6.200000000000000000e+01
6.300000000000000000e+01
6.400000000000000000e+01
6.500000000000000000e+01
6.600000000000000000e+01
6.700000000000000000e+01
6.800000000000000000e+01
6.900000000000000000e+01
7.000000000000000000e+01
7.100000000000000000e+01
7.200000000000000000e+01
7.300000000000000000e+01
7.400000000000000000e+01
7.500000000000000000e+01
7.600000000000000000e+01
7.700000000000000000e+01
7.800000000000000000e+01
7.900000000000000000e+01
8.000000000000000000e+01
8.100000000000000000e+01
8.200000000000000000e+01
8.300000000000000000e+01
8.400000000000000000e+01
8.500000000000000000e+01
8.600000000000000000e+01
8.700000000000000000e+01
8.800000000000000000e+01
8.900000000000000000e+01
9.000000000000000000e+01
9.100000000000000000e+01
9.200000000000000000e+01
9.300000000000000000e+01
9.400000000000000000e+01
9.500000000000000000e+01
9.600000000000000000e+01
9.700000000000000000e+01
9.800000000000000000e+01
9.900000000000000000e+01
