single photon fraction:    0.1176
laser fraction:    0.2418
thermal source fraction:    0.2941
non-detected fraction:    0.3464
number of bins:  200.0000
bin width (ns):    1.0000
average detection events per bin: 5000.0000

# binary result
0.000000000000000000e+00

# g2 signal
1.006214583185843559e+00
1.006214583185843559e+00
9.917477476368270484e-01
1.013601903466192278e+00
1.004675558127437363e+00
9.948257977536389962e-01
1.015756538547960552e+00
9.680467617373745837e-01
9.871306724616090156e-01
9.969804328354074929e-01
1.028992154050252239e+00
9.689701767724182568e-01
9.920555526485081987e-01
9.982116528821322055e-01
9.923633576601894601e-01
9.785121321345354728e-01
1.017911173629729049e+00
9.982116528821322055e-01
9.935945777069142837e-01
9.597360264219821913e-01
9.988272629054946172e-01
1.012678488431148605e+00
9.935945777069142837e-01
9.772809120878106492e-01
1.003136533069031389e+00
1.008984828290974356e+00
1.006830193209205859e+00
1.017295563606366748e+00
9.957492127886826694e-01
1.002828728057350238e+00
1.019450198688135023e+00
9.889775025316962509e-01
9.880540874966526887e-01
1.012678488431148605e+00
9.920555526485081987e-01
9.834370123214346560e-01
9.972882378470886433e-01
9.865150624382466038e-01
9.785121321345354728e-01
1.001905313022306565e+00
1.025914103933440291e+00
1.012062878407786304e+00
1.032070204167064187e+00
1.013601903466192278e+00
9.852838423915217803e-01
1.018526783653091350e+00
1.001905313022306565e+00
1.000981897987263114e+00
1.005291168150799885e+00
9.905165275901022248e-01
1.014833123512917101e+00
1.018218978641410200e+00
1.018834588664772722e+00
9.748184719943610022e-01
9.874384774732902770e-01
1.000058482952219441e+00
9.791277421578978846e-01
1.026221908945121442e+00
1.027453128991846265e+00
1.013909708477873428e+00
9.643531015972002240e-01
1.005291168150799885e+00
9.729716419242738779e-01
9.523487061416333610e-01
9.871306724616090156e-01
9.754340820177234139e-01
1.019450198688135023e+00
1.014217513489554578e+00
9.732794469359550282e-01
9.905165275901022248e-01
9.742028619709985904e-01
1.006214583185843559e+00
1.005291168150799885e+00
1.022528248804946971e+00
9.803589622046225971e-01
9.889775025316962509e-01
9.997506779405382904e-01
9.809745722279850089e-01
9.812823772396662703e-01
1.008677023279292984e+00
1.022836053816628343e+00
1.015756538547960552e+00
9.818979872630286820e-01
9.895931125550586627e-01
1.041919964540862775e+00
9.957492127886826694e-01
1.021604833769903520e+00
1.003136533069031389e+00
9.911321376134646366e-01
1.007753608244249532e+00
1.010216048337698957e+00
1.000981897987263114e+00
1.023451663839990644e+00
1.008984828290974356e+00
1.016372148571323075e+00
9.760496920410858257e-01
1.000058482952219441e+00
9.975960428587697937e-01
1.011139463372742631e+00
9.920555526485081987e-01
1.258614692764427501e+00
1.001289702998944264e+00
1.026221908945121442e+00
1.001289702998944264e+00
9.797433521812601853e-01
1.013909708477873428e+00
9.720482268892302047e-01
9.711248118541866425e-01
9.982116528821322055e-01
1.008984828290974356e+00
1.012986293442829755e+00
9.794355471695790349e-01
1.012062878407786304e+00
1.000981897987263114e+00
9.902087225784210744e-01
1.004367753115756212e+00
1.002520923045669088e+00
9.800511571929414467e-01
1.011139463372742631e+00
9.782043271228542114e-01
9.997506779405382904e-01
1.007753608244249532e+00
1.011755073396105153e+00
9.914399426251457870e-01
9.757418870294046753e-01
9.815901822513474206e-01
9.966726278237262315e-01
1.020065808711497546e+00
1.008061413255930683e+00
1.008369218267611833e+00
1.001289702998944264e+00
1.015756538547960552e+00
9.917477476368270484e-01
1.024067273863353167e+00
1.003136533069031389e+00
1.000674092975581742e+00
9.788199371462166232e-01
1.010523853349380330e+00
1.006214583185843559e+00
1.010523853349380330e+00
9.775887170994917996e-01
1.000674092975581742e+00
9.677389567256934333e-01
1.003752143092393911e+00
1.022528248804946971e+00
9.735872519476361786e-01
9.969804328354074929e-01
9.963648228120450812e-01
9.908243326017834862e-01
1.025606298921759141e+00
9.880540874966526887e-01
9.923633576601894601e-01
1.005906778174162186e+00
1.009600438314336657e+00
9.975960428587697937e-01
9.809745722279850089e-01
1.002828728057350238e+00
9.975960428587697937e-01
1.003136533069031389e+00
9.695857867957806686e-01
1.019758003699816173e+00
1.047460454751124370e+00
1.027453128991846265e+00
9.809745722279850089e-01
9.899009175667398130e-01
9.754340820177234139e-01
1.005906778174162186e+00
1.016679953583004226e+00
1.040688744494137952e+00
9.849760373798406299e-01
1.000366287963900591e+00
1.013294098454511127e+00
9.895931125550586627e-01
1.017603368618047899e+00
9.926711626718706105e-01
9.837448173331158063e-01
9.588126113869386291e-01
9.794355471695790349e-01
9.994428729288570290e-01
1.029915569085295912e+00
1.010523853349380330e+00
1.025298493910077768e+00
9.865150624382466038e-01
1.007753608244249532e+00
1.007445803232568160e+00
9.963648228120450812e-01
9.652765166322437862e-01
9.935945777069142837e-01
9.788199371462166232e-01
9.458848008963282039e-01
9.886696975200149895e-01
9.917477476368270484e-01
9.855916474032030417e-01
1.006522388197524709e+00
9.834370123214346560e-01
1.008061413255930683e+00
1.026221908945121442e+00
9.911321376134646366e-01
1.016372148571323075e+00
1.009600438314336657e+00

# time bin value
-1.000000000000000000e+02
-9.900000000000000000e+01
-9.800000000000000000e+01
-9.700000000000000000e+01
-9.600000000000000000e+01
-9.500000000000000000e+01
-9.400000000000000000e+01
-9.300000000000000000e+01
-9.200000000000000000e+01
-9.100000000000000000e+01
-9.000000000000000000e+01
-8.900000000000000000e+01
-8.800000000000000000e+01
-8.700000000000000000e+01
-8.600000000000000000e+01
-8.500000000000000000e+01
-8.400000000000000000e+01
-8.300000000000000000e+01
-8.200000000000000000e+01
-8.100000000000000000e+01
-8.000000000000000000e+01
-7.900000000000000000e+01
-7.800000000000000000e+01
-7.700000000000000000e+01
-7.600000000000000000e+01
-7.500000000000000000e+01
-7.400000000000000000e+01
-7.300000000000000000e+01
-7.200000000000000000e+01
-7.100000000000000000e+01
-7.000000000000000000e+01
-6.900000000000000000e+01
-6.800000000000000000e+01
-6.700000000000000000e+01
-6.600000000000000000e+01
-6.500000000000000000e+01
-6.400000000000000000e+01
-6.300000000000000000e+01
-6.200000000000000000e+01
-6.100000000000000000e+01
-6.000000000000000000e+01
-5.900000000000000000e+01
-5.800000000000000000e+01
-5.700000000000000000e+01
-5.600000000000000000e+01
-5.500000000000000000e+01
-5.400000000000000000e+01
-5.300000000000000000e+01
-5.200000000000000000e+01
-5.100000000000000000e+01
-5.000000000000000000e+01
-4.900000000000000000e+01
-4.800000000000000000e+01
-4.700000000000000000e+01
-4.600000000000000000e+01
-4.500000000000000000e+01
-4.400000000000000000e+01
-4.300000000000000000e+01
-4.200000000000000000e+01
-4.100000000000000000e+01
-4.000000000000000000e+01
-3.900000000000000000e+01
-3.800000000000000000e+01
-3.700000000000000000e+01
-3.600000000000000000e+01
-3.500000000000000000e+01
-3.400000000000000000e+01
-3.300000000000000000e+01
-3.200000000000000000e+01
-3.100000000000000000e+01
-3.000000000000000000e+01
-2.900000000000000000e+01
-2.800000000000000000e+01
-2.700000000000000000e+01
-2.600000000000000000e+01
-2.500000000000000000e+01
-2.400000000000000000e+01
-2.300000000000000000e+01
-2.200000000000000000e+01
-2.100000000000000000e+01
-2.000000000000000000e+01
-1.900000000000000000e+01
-1.800000000000000000e+01
-1.700000000000000000e+01
-1.600000000000000000e+01
-1.500000000000000000e+01
-1.400000000000000000e+01
-1.300000000000000000e+01
-1.200000000000000000e+01
-1.100000000000000000e+01
-1.000000000000000000e+01
-9.000000000000000000e+00
-8.000000000000000000e+00
-7.000000000000000000e+00
-6.000000000000000000e+00
-5.000000000000000000e+00
-4.000000000000000000e+00
-3.000000000000000000e+00
-2.000000000000000000e+00
-1.000000000000000000e+00
0.000000000000000000e+00
1.000000000000000000e+00
2.000000000000000000e+00
3.000000000000000000e+00
4.000000000000000000e+00
5.000000000000000000e+00
6.000000000000000000e+00
7.000000000000000000e+00
8.000000000000000000e+00
9.000000000000000000e+00
1.000000000000000000e+01
1.100000000000000000e+01
1.200000000000000000e+01
1.300000000000000000e+01
1.400000000000000000e+01
1.500000000000000000e+01
1.600000000000000000e+01
1.700000000000000000e+01
1.800000000000000000e+01
1.900000000000000000e+01
2.000000000000000000e+01
2.100000000000000000e+01
2.200000000000000000e+01
2.300000000000000000e+01
2.400000000000000000e+01
2.500000000000000000e+01
2.600000000000000000e+01
2.700000000000000000e+01
2.800000000000000000e+01
2.900000000000000000e+01
3.000000000000000000e+01
3.100000000000000000e+01
3.200000000000000000e+01
3.300000000000000000e+01
3.400000000000000000e+01
3.500000000000000000e+01
3.600000000000000000e+01
3.700000000000000000e+01
3.800000000000000000e+01
3.900000000000000000e+01
4.000000000000000000e+01
4.100000000000000000e+01
4.200000000000000000e+01
4.300000000000000000e+01
4.400000000000000000e+01
4.500000000000000000e+01
4.600000000000000000e+01
4.700000000000000000e+01
4.800000000000000000e+01
4.900000000000000000e+01
5.000000000000000000e+01
5.100000000000000000e+01
5.200000000000000000e+01
5.300000000000000000e+01
5.400000000000000000e+01
5.500000000000000000e+01
5.600000000000000000e+01
5.700000000000000000e+01
5.800000000000000000e+01
5.900000000000000000e+01
6.000000000000000000e+01
6.100000000000000000e+01
6.200000000000000000e+01
6.300000000000000000e+01
6.400000000000000000e+01
6.500000000000000000e+01
6.600000000000000000e+01
6.700000000000000000e+01
6.800000000000000000e+01
6.900000000000000000e+01
7.000000000000000000e+01
7.100000000000000000e+01
7.200000000000000000e+01
7.300000000000000000e+01
7.400000000000000000e+01
7.500000000000000000e+01
7.600000000000000000e+01
7.700000000000000000e+01
7.800000000000000000e+01
7.900000000000000000e+01
8.000000000000000000e+01
8.100000000000000000e+01
8.200000000000000000e+01
8.300000000000000000e+01
8.400000000000000000e+01
8.500000000000000000e+01
8.600000000000000000e+01
8.700000000000000000e+01
8.800000000000000000e+01
8.900000000000000000e+01
9.000000000000000000e+01
9.100000000000000000e+01
9.200000000000000000e+01
9.300000000000000000e+01
9.400000000000000000e+01
9.500000000000000000e+01
9.600000000000000000e+01
9.700000000000000000e+01
9.800000000000000000e+01
9.900000000000000000e+01
