single photon fraction:    0.1967
laser fraction:    0.2705
thermal source fraction:    0.5082
non-detected fraction:    0.0246
number of bins:  200.0000
bin width (ns):    1.0000
average detection events per bin: 5000.0000

# binary result
0.000000000000000000e+00

# g2 signal
9.949178428119161977e-01
9.759473886070050286e-01
9.901752292606884609e-01
9.926496363308942028e-01
9.926496363308942028e-01
9.905876304390560660e-01
9.982170522388572609e-01
1.018218509389687609e+00
1.003990668736004066e+00
9.986294534172249771e-01
1.009764285233150982e+00
9.978046510604896557e-01
1.025641730600304946e+00
9.955364445794676609e-01
1.006052674627842425e+00
1.001103860487430719e+00
9.998666569523277925e-01
9.716171762341448970e-01
9.973922498821220506e-01
1.020074314692341888e+00
1.007289878162945129e+00
1.014094497606011114e+00
1.000279058130695509e+00
9.934744386876295241e-01
1.014919299962746546e+00
9.798651998014975550e-01
1.004403069914371782e+00
1.022342521173363883e+00
1.007289878162945129e+00
1.021517718816628673e+00
9.831644092284386183e-01
9.815148045149680867e-01
9.955364445794676609e-01
1.022754922351731599e+00
9.553273296886234389e-01
1.001722462254982071e+00
1.027291335313775367e+00
1.001722462254982071e+00
1.001928662844165929e+00
1.011207689357437767e+00
1.000691459309063003e+00
9.870822204229311447e-01
9.877008221904826080e-01
1.008939482876415772e+00
9.992480551847763293e-01
9.862574180661959344e-01
9.938868398659971293e-01
1.002341064022533645e+00
9.858450168878283293e-01
9.633691526667922389e-01
1.013063494660092045e+00
1.007908479930496704e+00
1.007496078752128987e+00
1.000691459309063003e+00
1.010795288179070051e+00
1.012857294070908187e+00
1.014300698195194972e+00
1.007496078752128987e+00
9.856388162986444712e-01
9.879070227796664661e-01
9.918248339741589925e-01
9.778031939096594183e-01
1.002134863433349787e+00
1.001722462254982071e+00
1.002134863433349787e+00
9.881132233688502131e-01
9.800714003906814131e-01
1.024198326476018162e+00
9.716171762341448970e-01
9.926496363308942028e-01
9.901752292606884609e-01
1.002134863433349787e+00
9.914124327957913874e-01
1.006465075806209919e+00
1.025435530011121088e+00
1.000279058130695509e+00
9.938868398659971293e-01
1.023373524119282951e+00
9.912062322066075293e-01
9.895566274931369977e-01
1.006258875217026061e+00
1.005434072860290851e+00
9.992480551847763293e-01
9.895566274931369977e-01
9.846078133527254028e-01
9.726481791800639654e-01
1.005434072860290851e+00
1.007083677573761493e+00
1.001928662844165929e+00
1.007496078752128987e+00
1.006877476984577635e+00
1.000279058130695509e+00
9.611009461857702441e-01
9.963612469362029822e-01
1.010589087589886192e+00
9.759473886070050286e-01
1.004609270503555640e+00
9.827520080500710131e-01
1.008939482876415772e+00
1.008527081698048056e+00
1.315559758992751460e+00
9.792465980339460918e-01
9.796589992123138080e-01
1.009970485822334840e+00
9.951240434011000557e-01
1.026878934135407873e+00
1.007083677573761493e+00
1.034508355935209067e+00
1.022754922351731599e+00
1.005434072860290851e+00
9.872884210121150028e-01
9.874946216012988609e-01
1.009351884054783488e+00
1.002341064022533645e+00
9.928558369200780609e-01
9.837830109959900815e-01
1.024198326476018162e+00
9.978046510604896557e-01
9.685241673963876918e-01
9.945054416335485925e-01
1.001103860487430719e+00
1.009558084643967124e+00
9.738853827151668918e-01
9.829582086392548712e-01
9.753287868394536764e-01
1.009145683465599630e+00
1.002959665790084998e+00
1.018424709978871245e+00
9.984232528280411190e-01
1.002134863433349787e+00
9.942992410443647344e-01
1.009145683465599630e+00
9.656373591478142338e-01
9.973922498821220506e-01
9.891442263147693925e-01
1.006258875217026061e+00
9.889380257255855344e-01
1.018424709978871245e+00
9.947116422227324506e-01
1.004815471092739498e+00
9.497599137806603808e-01
1.001722462254982071e+00
9.916186333849751344e-01
9.901752292606884609e-01
9.980108516496735138e-01
9.765659903745564918e-01
1.010795288179070051e+00
9.745039844827183551e-01
9.975984504713057976e-01
1.014300698195194972e+00
1.002134863433349787e+00
1.034920757113576784e+00
9.798651998014975550e-01
1.008114680519680562e+00
1.010795288179070051e+00
9.994542557739601873e-01
1.016981305854584683e+00
1.004403069914371782e+00
9.914124327957913874e-01
9.969798487037544454e-01
1.002341064022533645e+00
1.024610727654385878e+00
9.823396068717034080e-01
9.959488457578352660e-01
9.821334062825195499e-01
1.005021671681923356e+00
1.002753465200901362e+00
1.018837111157238962e+00
1.008733282287231914e+00
9.953302439902838028e-01
1.009558084643967124e+00
1.012444892892540693e+00
9.831644092284386183e-01
1.012032491714172977e+00
1.012651093481724551e+00
1.003372066968452714e+00
1.007908479930496704e+00
1.011620090535805483e+00
9.844016127635415447e-01
9.862574180661959344e-01
1.007496078752128987e+00
9.994542557739601873e-01
1.005227872271106992e+00
1.001516261665798435e+00
9.957426451686515190e-01
1.001310061076614577e+00
1.003372066968452714e+00
1.008527081698048056e+00
9.833706098176224764e-01
9.877008221904826080e-01
9.928558369200780609e-01
9.864636186553796815e-01
1.016362704087033109e+00
9.938868398659971293e-01
1.007908479930496704e+00
1.015125500551930182e+00
1.003165866379268856e+00
9.879070227796664661e-01
9.988356540064087241e-01
9.835768104068063344e-01

# time bin value
-1.000000000000000000e+02
-9.900000000000000000e+01
-9.800000000000000000e+01
-9.700000000000000000e+01
-9.600000000000000000e+01
-9.500000000000000000e+01
-9.400000000000000000e+01
-9.300000000000000000e+01
-9.200000000000000000e+01
-9.100000000000000000e+01
-9.000000000000000000e+01
-8.900000000000000000e+01
-8.800000000000000000e+01
-8.700000000000000000e+01
-8.600000000000000000e+01
-8.500000000000000000e+01
-8.400000000000000000e+01
-8.300000000000000000e+01
-8.200000000000000000e+01
-8.100000000000000000e+01
-8.000000000000000000e+01
-7.900000000000000000e+01
-7.800000000000000000e+01
-7.700000000000000000e+01
-7.600000000000000000e+01
-7.500000000000000000e+01
-7.400000000000000000e+01
-7.300000000000000000e+01
-7.200000000000000000e+01
-7.100000000000000000e+01
-7.000000000000000000e+01
-6.900000000000000000e+01
-6.800000000000000000e+01
-6.700000000000000000e+01
-6.600000000000000000e+01
-6.500000000000000000e+01
-6.400000000000000000e+01
-6.300000000000000000e+01
-6.200000000000000000e+01
-6.100000000000000000e+01
-6.000000000000000000e+01
-5.900000000000000000e+01
-5.800000000000000000e+01
-5.700000000000000000e+01
-5.600000000000000000e+01
-5.500000000000000000e+01
-5.400000000000000000e+01
-5.300000000000000000e+01
-5.200000000000000000e+01
-5.100000000000000000e+01
-5.000000000000000000e+01
-4.900000000000000000e+01
-4.800000000000000000e+01
-4.700000000000000000e+01
-4.600000000000000000e+01
-4.500000000000000000e+01
-4.400000000000000000e+01
-4.300000000000000000e+01
-4.200000000000000000e+01
-4.100000000000000000e+01
-4.000000000000000000e+01
-3.900000000000000000e+01
-3.800000000000000000e+01
-3.700000000000000000e+01
-3.600000000000000000e+01
-3.500000000000000000e+01
-3.400000000000000000e+01
-3.300000000000000000e+01
-3.200000000000000000e+01
-3.100000000000000000e+01
-3.000000000000000000e+01
-2.900000000000000000e+01
-2.800000000000000000e+01
-2.700000000000000000e+01
-2.600000000000000000e+01
-2.500000000000000000e+01
-2.400000000000000000e+01
-2.300000000000000000e+01
-2.200000000000000000e+01
-2.100000000000000000e+01
-2.000000000000000000e+01
-1.900000000000000000e+01
-1.800000000000000000e+01
-1.700000000000000000e+01
-1.600000000000000000e+01
-1.500000000000000000e+01
-1.400000000000000000e+01
-1.300000000000000000e+01
-1.200000000000000000e+01
-1.100000000000000000e+01
-1.000000000000000000e+01
-9.000000000000000000e+00
-8.000000000000000000e+00
-7.000000000000000000e+00
-6.000000000000000000e+00
-5.000000000000000000e+00
-4.000000000000000000e+00
-3.000000000000000000e+00
-2.000000000000000000e+00
-1.000000000000000000e+00
0.000000000000000000e+00
1.000000000000000000e+00
2.000000000000000000e+00
3.000000000000000000e+00
4.000000000000000000e+00
5.000000000000000000e+00
6.000000000000000000e+00
7.000000000000000000e+00
8.000000000000000000e+00
9.000000000000000000e+00
1.000000000000000000e+01
1.100000000000000000e+01
1.200000000000000000e+01
1.300000000000000000e+01
1.400000000000000000e+01
1.500000000000000000e+01
1.600000000000000000e+01
1.700000000000000000e+01
1.800000000000000000e+01
1.900000000000000000e+01
2.000000000000000000e+01
2.100000000000000000e+01
2.200000000000000000e+01
2.300000000000000000e+01
2.400000000000000000e+01
2.500000000000000000e+01
2.600000000000000000e+01
2.700000000000000000e+01
2.800000000000000000e+01
2.900000000000000000e+01
3.000000000000000000e+01
3.100000000000000000e+01
3.200000000000000000e+01
3.300000000000000000e+01
3.400000000000000000e+01
3.500000000000000000e+01
3.600000000000000000e+01
3.700000000000000000e+01
3.800000000000000000e+01
3.900000000000000000e+01
4.000000000000000000e+01
4.100000000000000000e+01
4.200000000000000000e+01
4.300000000000000000e+01
4.400000000000000000e+01
4.500000000000000000e+01
4.600000000000000000e+01
4.700000000000000000e+01
4.800000000000000000e+01
4.900000000000000000e+01
5.000000000000000000e+01
5.100000000000000000e+01
5.200000000000000000e+01
5.300000000000000000e+01
5.400000000000000000e+01
5.500000000000000000e+01
5.600000000000000000e+01
5.700000000000000000e+01
5.800000000000000000e+01
5.900000000000000000e+01
6.000000000000000000e+01
6.100000000000000000e+01
6.200000000000000000e+01
6.300000000000000000e+01
6.400000000000000000e+01
6.500000000000000000e+01
6.600000000000000000e+01
6.700000000000000000e+01
6.800000000000000000e+01
6.900000000000000000e+01
7.000000000000000000e+01
7.100000000000000000e+01
7.200000000000000000e+01
7.300000000000000000e+01
7.400000000000000000e+01
7.500000000000000000e+01
7.600000000000000000e+01
7.700000000000000000e+01
7.800000000000000000e+01
7.900000000000000000e+01
8.000000000000000000e+01
8.100000000000000000e+01
8.200000000000000000e+01
8.300000000000000000e+01
8.400000000000000000e+01
8.500000000000000000e+01
8.600000000000000000e+01
8.700000000000000000e+01
8.800000000000000000e+01
8.900000000000000000e+01
9.000000000000000000e+01
9.100000000000000000e+01
9.200000000000000000e+01
9.300000000000000000e+01
9.400000000000000000e+01
9.500000000000000000e+01
9.600000000000000000e+01
9.700000000000000000e+01
9.800000000000000000e+01
9.900000000000000000e+01
