single photon fraction:    0.3933
laser fraction:    0.1632
thermal source fraction:    0.2636
non-detected fraction:    0.1799
number of bins:  200.0000
bin width (ns):    1.0000
average detection events per bin: 5000.0000

# binary result
0.000000000000000000e+00

# g2 signal
9.990750214069979984e-01
1.011833346827716085e+00
1.003491364821861964e+00
1.003736717233798759e+00
1.042011693495952906e+00
9.924505062847019943e-01
9.779747139804257916e-01
1.003736717233798759e+00
1.015513633006769334e+00
9.990750214069979984e-01
9.882795152817749340e-01
1.017721804714201150e+00
9.585918734374118122e-01
1.036368588021404635e+00
1.012814756475463485e+00
1.002755307586051137e+00
1.017721804714201150e+00
9.831271146311003628e-01
9.895062773414594615e-01
9.848445815146585902e-01
9.811642953356053409e-01
9.801828856878577190e-01
9.907330394011438779e-01
1.024100967424560249e+00
9.971122021115028655e-01
9.811642953356053409e-01
9.848445815146585902e-01
1.027290548779739687e+00
1.001283193114429926e+00
1.021156738481317605e+00
9.767479519207413752e-01
9.860713435743430066e-01
9.990750214069979984e-01
1.001283193114429926e+00
1.004963479293483175e+00
1.020911386069380811e+00
1.001283193114429926e+00
9.868074008101537231e-01
1.011342642003842274e+00
1.004963479293483175e+00
9.976029069353766765e-01
1.007907708236725819e+00
9.715955512700668040e-01
1.010851937179968463e+00
9.816550001594790409e-01
9.917144490488913888e-01
9.838631718669110793e-01
9.953947352279446381e-01
9.877888104579012341e-01
9.936772683443864107e-01
1.005699536529293781e+00
9.696327319745716711e-01
1.017967157126138167e+00
1.010361232356094652e+00
9.995657262308716984e-01
9.985843165831241874e-01
9.961307924637553546e-01
9.777293615684888861e-01
1.010851937179968463e+00
9.880341628698381395e-01
1.000792488290556115e+00
9.963761448756922601e-01
9.887702201056487450e-01
1.013550813711274090e+00
1.008889117884473441e+00
9.953947352279446381e-01
9.966214972876290545e-01
9.787107712162363971e-01
1.024837024660370854e+00
1.005699536529293781e+00
9.922051538727651998e-01
9.993203738189347929e-01
9.843538766907847792e-01
9.848445815146585902e-01
1.010361232356094652e+00
1.003982069645735553e+00
9.828817622191634573e-01
1.009379822708347030e+00
1.012569404063526690e+00
9.664431506193921217e-01
1.006926298588978197e+00
1.012078699239652879e+00
9.985843165831241874e-01
1.005208831705420192e+00
9.730676657416881259e-01
1.009625175120284046e+00
1.015268280594832317e+00
9.892609249295225560e-01
9.919598014608282943e-01
9.993203738189347929e-01
1.042011693495952906e+00
1.012324051651589674e+00
1.026799843955866098e+00
1.015758985418706128e+00
1.002509955174114342e+00
9.819003525714159464e-01
1.033669711490098786e+00
9.765025995088044697e-01
1.056242133388292315e+00
1.044955922439195550e+00
8.143246552185231524e-01
9.902423345772700669e-01
9.877888104579012341e-01
1.004227422057672570e+00
1.039312816964647279e+00
9.904876869892069724e-01
9.939226207563233162e-01
9.747851326252462423e-01
9.787107712162363971e-01
1.029008015663297915e+00
1.004472774469609364e+00
1.019193919185822583e+00
1.000056431054745509e+00
9.890155725175856505e-01
1.008643765472536424e+00
1.000056431054745509e+00
1.016004337830643145e+00
9.924505062847019943e-01
9.995657262308716984e-01
1.008153060648662613e+00
1.008153060648662613e+00
1.009625175120284046e+00
1.016495042654516734e+00
1.010851937179968463e+00
9.811642953356053409e-01
9.990750214069979984e-01
9.912237442250175778e-01
1.021402090893254622e+00
9.963761448756922601e-01
9.850899339265954957e-01
1.005944888941230797e+00
1.027290548779739687e+00
1.020666033657443794e+00
1.005454184117356986e+00
1.028026606015550515e+00
9.951493828160077326e-01
9.841085242788478737e-01
9.956400876398815436e-01
9.819003525714159464e-01
9.804282380997946245e-01
1.034160416313972597e+00
1.018212509538074961e+00
1.012324051651589674e+00
1.020911386069380811e+00
9.914690966369544833e-01
1.013305461299337296e+00
1.025327729484244665e+00
9.649710361477707998e-01
9.845992291027216847e-01
1.002264602762177548e+00
1.002755307586051137e+00
1.027781253603613498e+00
9.755211898610569587e-01
1.034405768725909391e+00
9.784654188042996026e-01
9.917144490488913888e-01
9.990750214069979984e-01
9.865620483982168176e-01
9.958854400518184491e-01
1.027045196367802893e+00
1.037349997669152035e+00
1.031216187370729953e+00
9.912237442250175778e-01
1.017967157126138167e+00
9.718409036820035984e-01
1.011097289591905257e+00
9.919598014608282943e-01
9.988296689950610929e-01
1.018703214361948772e+00
1.000792488290556115e+00
9.843538766907847792e-01
1.041030283848205285e+00
1.010851937179968463e+00
9.929412111085758053e-01
9.939226207563233162e-01
1.000547135878619320e+00
1.004472774469609364e+00
9.944133255801971272e-01
9.909783918130806724e-01
1.024591672248434060e+00
9.895062773414594615e-01
9.924505062847019943e-01
9.904876869892069724e-01
9.931865635205127107e-01
9.985843165831241874e-01
9.715955512700668040e-01
9.777293615684888861e-01
1.004963479293483175e+00
9.926958586966388998e-01
1.001528545526366720e+00
1.012078699239652879e+00
9.953947352279446381e-01
9.863166959862799121e-01
1.001528545526366720e+00
1.024837024660370854e+00
9.909783918130806724e-01
1.011833346827716085e+00
9.976029069353766765e-01
9.890155725175856505e-01
1.037349997669152035e+00

# time bin value
-1.000000000000000000e+02
-9.900000000000000000e+01
-9.800000000000000000e+01
-9.700000000000000000e+01
-9.600000000000000000e+01
-9.500000000000000000e+01
-9.400000000000000000e+01
-9.300000000000000000e+01
-9.200000000000000000e+01
-9.100000000000000000e+01
-9.000000000000000000e+01
-8.900000000000000000e+01
-8.800000000000000000e+01
-8.700000000000000000e+01
-8.600000000000000000e+01
-8.500000000000000000e+01
-8.400000000000000000e+01
-8.300000000000000000e+01
-8.200000000000000000e+01
-8.100000000000000000e+01
-8.000000000000000000e+01
-7.900000000000000000e+01
-7.800000000000000000e+01
-7.700000000000000000e+01
-7.600000000000000000e+01
-7.500000000000000000e+01
-7.400000000000000000e+01
-7.300000000000000000e+01
-7.200000000000000000e+01
-7.100000000000000000e+01
-7.000000000000000000e+01
-6.900000000000000000e+01
-6.800000000000000000e+01
-6.700000000000000000e+01
-6.600000000000000000e+01
-6.500000000000000000e+01
-6.400000000000000000e+01
-6.300000000000000000e+01
-6.200000000000000000e+01
-6.100000000000000000e+01
-6.000000000000000000e+01
-5.900000000000000000e+01
-5.800000000000000000e+01
-5.700000000000000000e+01
-5.600000000000000000e+01
-5.500000000000000000e+01
-5.400000000000000000e+01
-5.300000000000000000e+01
-5.200000000000000000e+01
-5.100000000000000000e+01
-5.000000000000000000e+01
-4.900000000000000000e+01
-4.800000000000000000e+01
-4.700000000000000000e+01
-4.600000000000000000e+01
-4.500000000000000000e+01
-4.400000000000000000e+01
-4.300000000000000000e+01
-4.200000000000000000e+01
-4.100000000000000000e+01
-4.000000000000000000e+01
-3.900000000000000000e+01
-3.800000000000000000e+01
-3.700000000000000000e+01
-3.600000000000000000e+01
-3.500000000000000000e+01
-3.400000000000000000e+01
-3.300000000000000000e+01
-3.200000000000000000e+01
-3.100000000000000000e+01
-3.000000000000000000e+01
-2.900000000000000000e+01
-2.800000000000000000e+01
-2.700000000000000000e+01
-2.600000000000000000e+01
-2.500000000000000000e+01
-2.400000000000000000e+01
-2.300000000000000000e+01
-2.200000000000000000e+01
-2.100000000000000000e+01
-2.000000000000000000e+01
-1.900000000000000000e+01
-1.800000000000000000e+01
-1.700000000000000000e+01
-1.600000000000000000e+01
-1.500000000000000000e+01
-1.400000000000000000e+01
-1.300000000000000000e+01
-1.200000000000000000e+01
-1.100000000000000000e+01
-1.000000000000000000e+01
-9.000000000000000000e+00
-8.000000000000000000e+00
-7.000000000000000000e+00
-6.000000000000000000e+00
-5.000000000000000000e+00
-4.000000000000000000e+00
-3.000000000000000000e+00
-2.000000000000000000e+00
-1.000000000000000000e+00
0.000000000000000000e+00
1.000000000000000000e+00
2.000000000000000000e+00
3.000000000000000000e+00
4.000000000000000000e+00
5.000000000000000000e+00
6.000000000000000000e+00
7.000000000000000000e+00
8.000000000000000000e+00
9.000000000000000000e+00
1.000000000000000000e+01
1.100000000000000000e+01
1.200000000000000000e+01
1.300000000000000000e+01
1.400000000000000000e+01
1.500000000000000000e+01
1.600000000000000000e+01
1.700000000000000000e+01
1.800000000000000000e+01
1.900000000000000000e+01
2.000000000000000000e+01
2.100000000000000000e+01
2.200000000000000000e+01
2.300000000000000000e+01
2.400000000000000000e+01
2.500000000000000000e+01
2.600000000000000000e+01
2.700000000000000000e+01
2.800000000000000000e+01
2.900000000000000000e+01
3.000000000000000000e+01
3.100000000000000000e+01
3.200000000000000000e+01
3.300000000000000000e+01
3.400000000000000000e+01
3.500000000000000000e+01
3.600000000000000000e+01
3.700000000000000000e+01
3.800000000000000000e+01
3.900000000000000000e+01
4.000000000000000000e+01
4.100000000000000000e+01
4.200000000000000000e+01
4.300000000000000000e+01
4.400000000000000000e+01
4.500000000000000000e+01
4.600000000000000000e+01
4.700000000000000000e+01
4.800000000000000000e+01
4.900000000000000000e+01
5.000000000000000000e+01
5.100000000000000000e+01
5.200000000000000000e+01
5.300000000000000000e+01
5.400000000000000000e+01
5.500000000000000000e+01
5.600000000000000000e+01
5.700000000000000000e+01
5.800000000000000000e+01
5.900000000000000000e+01
6.000000000000000000e+01
6.100000000000000000e+01
6.200000000000000000e+01
6.300000000000000000e+01
6.400000000000000000e+01
6.500000000000000000e+01
6.600000000000000000e+01
6.700000000000000000e+01
6.800000000000000000e+01
6.900000000000000000e+01
7.000000000000000000e+01
7.100000000000000000e+01
7.200000000000000000e+01
7.300000000000000000e+01
7.400000000000000000e+01
7.500000000000000000e+01
7.600000000000000000e+01
7.700000000000000000e+01
7.800000000000000000e+01
7.900000000000000000e+01
8.000000000000000000e+01
8.100000000000000000e+01
8.200000000000000000e+01
8.300000000000000000e+01
8.400000000000000000e+01
8.500000000000000000e+01
8.600000000000000000e+01
8.700000000000000000e+01
8.800000000000000000e+01
8.900000000000000000e+01
9.000000000000000000e+01
9.100000000000000000e+01
9.200000000000000000e+01
9.300000000000000000e+01
9.400000000000000000e+01
9.500000000000000000e+01
9.600000000000000000e+01
9.700000000000000000e+01
9.800000000000000000e+01
9.900000000000000000e+01
