single photon fraction:    0.1967
laser fraction:    0.2705
thermal source fraction:    0.5082
non-detected fraction:    0.0246
number of bins:  200.0000
bin width (ns):    1.0000
average detection events per bin: 5000.0000

# binary result
0.000000000000000000e+00

# g2 signal
9.919908065758825666e-01
9.855988475229097157e-01
9.833307330202418761e-01
9.959084588986722997e-01
9.822997718826655955e-01
1.002300417951645262e+00
1.001475649041584148e+00
1.005805685819404438e+00
1.028074446391051833e+00
9.691034693216894480e-01
9.909598454383062860e-01
1.008692377004618113e+00
9.950836899886112974e-01
1.004156147999282434e+00
9.860112319779401613e-01
9.763201972847233012e-01
1.018383411697834973e+00
1.010548107052255284e+00
9.676601237290827218e-01
9.942589210785502951e-01
9.928155754859435689e-01
1.004774724681828157e+00
1.014671951602560407e+00
1.010754299279770674e+00
1.010135722597224728e+00
9.905474609832757293e-01
1.001888033496614705e+00
1.015702912740136687e+00
9.981765734013401392e-01
9.742582750095707400e-01
1.000857072359038424e+00
1.004568532454312990e+00
9.855988475229097157e-01
9.909598454383062860e-01
9.944651133060655734e-01
9.903412687557605620e-01
1.028899215301112946e+00
1.007042839184496108e+00
9.919908065758825666e-01
9.987951500838858632e-01
9.917846143483672883e-01
1.006218070274434995e+00
1.024981562978322991e+00
1.024156794068262100e+00
9.936403443960045712e-01
1.002918994634190986e+00
1.014878143830075574e+00
9.942589210785502951e-01
9.969394200362485803e-01
9.831245407927267088e-01
1.016527681650197579e+00
1.016115297195167244e+00
1.006011878046919827e+00
1.007867608094556999e+00
9.950836899886112974e-01
9.967332278087334130e-01
9.959084588986722997e-01
9.930217677134588472e-01
1.022713448475655262e+00
1.012816221554923013e+00
9.837431174752724328e-01
9.835369252477571544e-01
9.858050397504249940e-01
9.835369252477571544e-01
9.571443201258047484e-01
9.841555019303028784e-01
1.024775370750807824e+00
9.837431174752724328e-01
1.013847182692499294e+00
9.858050397504249940e-01
1.003949955771767266e+00
1.017971027242804416e+00
1.022094871793109538e+00
1.007455223639526443e+00
9.979703811738248609e-01
9.855988475229097157e-01
9.928155754859435689e-01
9.858050397504249940e-01
1.011991452644862122e+00
1.019208180607895864e+00
1.005805685819404438e+00
1.006630454729465551e+00
9.802378496075131453e-01
9.983827656288554175e-01
9.911660376658215643e-01
9.992075345389164198e-01
9.893103076181842814e-01
1.002300417951645262e+00
1.010341914824740117e+00
9.946713055335808518e-01
1.006218070274434995e+00
1.005393301364373881e+00
9.833307330202418761e-01
9.987951500838858632e-01
1.005187109136858714e+00
1.018383411697834973e+00
1.013228606009953570e+00
1.001888033496614705e+00
9.891041153906690031e-01
1.011579068189831565e+00
1.326022215150592487e+00
1.006011878046919827e+00
9.897226920732147271e-01
9.996199189939468654e-01
1.005599493591889271e+00
9.882793464806080008e-01
1.005805685819404438e+00
9.831245407927267088e-01
9.886917309356384465e-01
9.971456122637638586e-01
9.942589210785502951e-01
1.012197644872377289e+00
1.014671951602560407e+00
9.876607697980622769e-01
9.983827656288554175e-01
9.851864630678791590e-01
9.990013423114011415e-01
9.827121563376961522e-01
1.020239141745472145e+00
9.891041153906690031e-01
9.985889578563705848e-01
1.007867608094556999e+00
1.019001988380380697e+00
1.036528327719177245e+00
1.023538217385716154e+00
1.000032303448977311e+00
9.983827656288554175e-01
9.893103076181842814e-01
1.003537571316736710e+00
9.928155754859435689e-01
9.930217677134588472e-01
1.022507256248140095e+00
9.839493097027877111e-01
9.754954283746622989e-01
9.767325817397538579e-01
9.948774977610961301e-01
1.010135722597224728e+00
9.913722298933367316e-01
9.932279599409740145e-01
9.853926552953944373e-01
1.014465759375045018e+00
1.009310953687163837e+00
1.018177219470319583e+00
1.030136368666204394e+00
9.647734325438691583e-01
9.946713055335808518e-01
9.851864630678791590e-01
9.765263895122385795e-01
1.005393301364373881e+00
9.990013423114011415e-01
9.851864630678791590e-01
9.876607697980622769e-01
1.004980916909343547e+00
1.014053374920014683e+00
9.987951500838858632e-01
9.820935796551504282e-01
1.013022413782438402e+00
1.020032949517956977e+00
9.969394200362485803e-01
1.010960491507285841e+00
1.006011878046919827e+00
1.006836646956980719e+00
9.843616941578181567e-01
9.814750029726045932e-01
9.907536532107910077e-01
9.961146511261875780e-01
9.781759273323605841e-01
1.018177219470319583e+00
9.839493097027877111e-01
9.950836899886112974e-01
9.942589210785502951e-01
9.816811952001198716e-01
9.950836899886112974e-01
1.000857072359038424e+00
1.007661415867041832e+00
9.746706594646012967e-01
9.915784221208520099e-01
1.003331379089221542e+00
9.783821195598758624e-01
1.026218716343414439e+00
9.742582750095707400e-01
9.858050397504249940e-01
9.845678863853334351e-01
1.011372875962316398e+00
1.006836646956980719e+00
1.010135722597224728e+00
1.007249031412011275e+00
1.000444687904007868e+00
1.013434798237468959e+00
9.777635428773300275e-01
1.007661415867041832e+00
1.029517791983658670e+00
9.866298086604859963e-01
1.009723338142194393e+00
9.851864630678791590e-01
1.039621211131906087e+00
1.003125186861706153e+00
9.827121563376961522e-01
9.921969988033978449e-01
9.967332278087334130e-01

# time bin value
-1.000000000000000000e+02
-9.900000000000000000e+01
-9.800000000000000000e+01
-9.700000000000000000e+01
-9.600000000000000000e+01
-9.500000000000000000e+01
-9.400000000000000000e+01
-9.300000000000000000e+01
-9.200000000000000000e+01
-9.100000000000000000e+01
-9.000000000000000000e+01
-8.900000000000000000e+01
-8.800000000000000000e+01
-8.700000000000000000e+01
-8.600000000000000000e+01
-8.500000000000000000e+01
-8.400000000000000000e+01
-8.300000000000000000e+01
-8.200000000000000000e+01
-8.100000000000000000e+01
-8.000000000000000000e+01
-7.900000000000000000e+01
-7.800000000000000000e+01
-7.700000000000000000e+01
-7.600000000000000000e+01
-7.500000000000000000e+01
-7.400000000000000000e+01
-7.300000000000000000e+01
-7.200000000000000000e+01
-7.100000000000000000e+01
-7.000000000000000000e+01
-6.900000000000000000e+01
-6.800000000000000000e+01
-6.700000000000000000e+01
-6.600000000000000000e+01
-6.500000000000000000e+01
-6.400000000000000000e+01
-6.300000000000000000e+01
-6.200000000000000000e+01
-6.100000000000000000e+01
-6.000000000000000000e+01
-5.900000000000000000e+01
-5.800000000000000000e+01
-5.700000000000000000e+01
-5.600000000000000000e+01
-5.500000000000000000e+01
-5.400000000000000000e+01
-5.300000000000000000e+01
-5.200000000000000000e+01
-5.100000000000000000e+01
-5.000000000000000000e+01
-4.900000000000000000e+01
-4.800000000000000000e+01
-4.700000000000000000e+01
-4.600000000000000000e+01
-4.500000000000000000e+01
-4.400000000000000000e+01
-4.300000000000000000e+01
-4.200000000000000000e+01
-4.100000000000000000e+01
-4.000000000000000000e+01
-3.900000000000000000e+01
-3.800000000000000000e+01
-3.700000000000000000e+01
-3.600000000000000000e+01
-3.500000000000000000e+01
-3.400000000000000000e+01
-3.300000000000000000e+01
-3.200000000000000000e+01
-3.100000000000000000e+01
-3.000000000000000000e+01
-2.900000000000000000e+01
-2.800000000000000000e+01
-2.700000000000000000e+01
-2.600000000000000000e+01
-2.500000000000000000e+01
-2.400000000000000000e+01
-2.300000000000000000e+01
-2.200000000000000000e+01
-2.100000000000000000e+01
-2.000000000000000000e+01
-1.900000000000000000e+01
-1.800000000000000000e+01
-1.700000000000000000e+01
-1.600000000000000000e+01
-1.500000000000000000e+01
-1.400000000000000000e+01
-1.300000000000000000e+01
-1.200000000000000000e+01
-1.100000000000000000e+01
-1.000000000000000000e+01
-9.000000000000000000e+00
-8.000000000000000000e+00
-7.000000000000000000e+00
-6.000000000000000000e+00
-5.000000000000000000e+00
-4.000000000000000000e+00
-3.000000000000000000e+00
-2.000000000000000000e+00
-1.000000000000000000e+00
0.000000000000000000e+00
1.000000000000000000e+00
2.000000000000000000e+00
3.000000000000000000e+00
4.000000000000000000e+00
5.000000000000000000e+00
6.000000000000000000e+00
7.000000000000000000e+00
8.000000000000000000e+00
9.000000000000000000e+00
1.000000000000000000e+01
1.100000000000000000e+01
1.200000000000000000e+01
1.300000000000000000e+01
1.400000000000000000e+01
1.500000000000000000e+01
1.600000000000000000e+01
1.700000000000000000e+01
1.800000000000000000e+01
1.900000000000000000e+01
2.000000000000000000e+01
2.100000000000000000e+01
2.200000000000000000e+01
2.300000000000000000e+01
2.400000000000000000e+01
2.500000000000000000e+01
2.600000000000000000e+01
2.700000000000000000e+01
2.800000000000000000e+01
2.900000000000000000e+01
3.000000000000000000e+01
3.100000000000000000e+01
3.200000000000000000e+01
3.300000000000000000e+01
3.400000000000000000e+01
3.500000000000000000e+01
3.600000000000000000e+01
3.700000000000000000e+01
3.800000000000000000e+01
3.900000000000000000e+01
4.000000000000000000e+01
4.100000000000000000e+01
4.200000000000000000e+01
4.300000000000000000e+01
4.400000000000000000e+01
4.500000000000000000e+01
4.600000000000000000e+01
4.700000000000000000e+01
4.800000000000000000e+01
4.900000000000000000e+01
5.000000000000000000e+01
5.100000000000000000e+01
5.200000000000000000e+01
5.300000000000000000e+01
5.400000000000000000e+01
5.500000000000000000e+01
5.600000000000000000e+01
5.700000000000000000e+01
5.800000000000000000e+01
5.900000000000000000e+01
6.000000000000000000e+01
6.100000000000000000e+01
6.200000000000000000e+01
6.300000000000000000e+01
6.400000000000000000e+01
6.500000000000000000e+01
6.600000000000000000e+01
6.700000000000000000e+01
6.800000000000000000e+01
6.900000000000000000e+01
7.000000000000000000e+01
7.100000000000000000e+01
7.200000000000000000e+01
7.300000000000000000e+01
7.400000000000000000e+01
7.500000000000000000e+01
7.600000000000000000e+01
7.700000000000000000e+01
7.800000000000000000e+01
7.900000000000000000e+01
8.000000000000000000e+01
8.100000000000000000e+01
8.200000000000000000e+01
8.300000000000000000e+01
8.400000000000000000e+01
8.500000000000000000e+01
8.600000000000000000e+01
8.700000000000000000e+01
8.800000000000000000e+01
8.900000000000000000e+01
9.000000000000000000e+01
9.100000000000000000e+01
9.200000000000000000e+01
9.300000000000000000e+01
9.400000000000000000e+01
9.500000000000000000e+01
9.600000000000000000e+01
9.700000000000000000e+01
9.800000000000000000e+01
9.900000000000000000e+01
