single photon fraction:    0.4939
laser fraction:    0.2622
thermal source fraction:    0.0976
non-detected fraction:    0.1463
number of bins:  200.0000
bin width (ns):    1.0000
average detection events per bin: 5000.0000

# binary result
0.000000000000000000e+00

# g2 signal
1.004852826369246444e+00
9.787252405817115086e-01
1.024860437107448785e+00
1.007912813893912629e+00
9.909651906803764732e-01
9.914359579918635701e-01
1.026272739041910187e+00
9.989682349756574542e-01
9.881405868114537805e-01
9.968497820739654625e-01
9.904944233688893762e-01
1.005088210024989825e+00
9.874344358442230796e-01
9.796667752046857025e-01
1.001792838844580036e+00
1.000380536910118856e+00
9.987328513199138502e-01
1.021565065927038995e+00
1.018269694746629206e+00
9.977913166969396563e-01
1.005323593680733429e+00
1.014032788943245000e+00
9.919067253033506670e-01
9.996743859428881551e-01
1.006500511959451227e+00
1.002263606156067244e+00
1.019681996681090386e+00
1.002263606156067244e+00
1.029803493878063358e+00
1.027920424632114971e+00
9.907298070246329802e-01
9.890821214344279744e-01
9.992036186314009472e-01
9.846098319753003869e-01
1.006500511959451227e+00
1.010502034107091829e+00
1.012855870664527425e+00
9.664852904830465441e-01
1.011914336041553009e+00
1.021565065927038995e+00
9.999097695986316481e-01
9.959082474509911576e-01
1.004617442713502840e+00
9.773129386472501068e-01
1.000615920565862238e+00
9.999097695986316481e-01
1.011914336041553009e+00
9.810790771391471043e-01
1.012149719697296613e+00
9.839036810080697970e-01
1.000615920565862238e+00
9.999097695986316481e-01
9.730760328438661233e-01
1.014974323566219416e+00
1.010502034107091829e+00
1.000145153254375252e+00
1.009325115828374031e+00
9.966143984182218585e-01
1.005323593680733429e+00
9.926128762705813680e-01
9.975559330411960524e-01
1.017563543779398394e+00
9.624837683354060536e-01
9.862575175655053927e-01
1.020858914959808184e+00
1.005323593680733429e+00
1.012385103353040217e+00
1.009089732172630427e+00
9.796667752046857025e-01
9.949667128280169637e-01
1.019917380336833990e+00
1.013797405287501618e+00
9.879052031557102875e-01
1.034746550648678154e+00
9.912005743361200771e-01
9.895528887459151823e-01
9.930836435820684649e-01
1.008854348516886823e+00
9.930836435820684649e-01
1.008854348516886823e+00
1.020623531304064802e+00
9.977913166969396563e-01
1.013326637976014410e+00
9.984974676641703573e-01
1.014503556254732208e+00
1.002734373467554452e+00
9.970851657297089554e-01
9.801375425161727994e-01
9.928482599263249719e-01
1.031686563124011968e+00
1.012855870664527425e+00
1.008618964861143219e+00
1.009325115828374031e+00
9.933190272378120689e-01
1.001086687877349446e+00
9.959082474509911576e-01
9.836682973523261930e-01
1.007442046582425421e+00
9.952020964837605677e-01
1.012385103353040217e+00
5.350270495051059338e-01
1.024625053451705181e+00
1.001792838844580036e+00
9.996743859428881551e-01
9.937897945492991658e-01
9.897882724016586753e-01
1.011443568730066023e+00
1.001086687877349446e+00
1.000380536910118856e+00
9.982620840084267533e-01
1.002734373467554452e+00
1.032157330435498954e+00
1.001557455188836654e+00
1.018740462058116192e+00
9.728406491881225193e-01
9.879052031557102875e-01
9.999097695986316481e-01
1.000851304221605842e+00
9.822559954178649022e-01
9.855513665982746918e-01
1.013091254320270806e+00
9.907298070246329802e-01
9.653083722043287462e-01
9.966143984182218585e-01
1.011208185074322419e+00
1.002498989811810848e+00
1.018975845713859796e+00
1.024154286140217973e+00
9.900236560574022793e-01
9.944959455165298667e-01
9.869636685327359826e-01
1.008854348516886823e+00
1.007442046582425421e+00
9.907298070246329802e-01
9.912005743361200771e-01
1.012385103353040217e+00
9.773129386472501068e-01
1.017563543779398394e+00
9.879052031557102875e-01
1.032157330435498954e+00
1.014032788943245000e+00
1.005088210024989825e+00
1.040631142042267143e+00
1.011914336041553009e+00
9.914359579918635701e-01
1.007206662926682039e+00
1.029568110222319977e+00
1.004382059057759236e+00
1.010737417762835211e+00
9.667206741387900371e-01
1.012620487008783821e+00
9.987328513199138502e-01
9.775483223029937108e-01
9.949667128280169637e-01
9.987328513199138502e-01
1.038277305484831547e+00
1.013562021631758014e+00
9.921421089590942710e-01
1.004146675402015632e+00
1.015445090877706402e+00
9.952020964837605677e-01
9.801375425161727994e-01
9.662499068273029401e-01
9.813144607948905973e-01
1.002969757123297834e+00
1.000615920565862238e+00
1.011914336041553009e+00
1.014268172598988604e+00
9.928482599263249719e-01
1.029332726566576373e+00
1.022977367861500175e+00
9.839036810080697970e-01
9.937897945492991658e-01
9.784898569259679046e-01
9.617776173681753527e-01
1.043691129566933329e+00
9.674268251060207380e-01
9.912005743361200771e-01
1.037571154517600736e+00
9.829621463850954921e-01
1.003911291746272250e+00
1.029097342910832769e+00
1.010737417762835211e+00
9.923774926148378750e-01
9.895528887459151823e-01
9.888467377786844814e-01
9.909651906803764732e-01
1.009560499484117413e+00
9.808436934834035004e-01
1.019446613025347004e+00
9.871990521884795866e-01
1.010737417762835211e+00
1.009325115828374031e+00
1.017092776467911408e+00
9.959082474509911576e-01
9.982620840084267533e-01
1.014738939910475812e+00
9.947313291722733597e-01
1.001086687877349446e+00
1.018740462058116192e+00

# time bin value
-1.000000000000000000e+02
-9.900000000000000000e+01
-9.800000000000000000e+01
-9.700000000000000000e+01
-9.600000000000000000e+01
-9.500000000000000000e+01
-9.400000000000000000e+01
-9.300000000000000000e+01
-9.200000000000000000e+01
-9.100000000000000000e+01
-9.000000000000000000e+01
-8.900000000000000000e+01
-8.800000000000000000e+01
-8.700000000000000000e+01
-8.600000000000000000e+01
-8.500000000000000000e+01
-8.400000000000000000e+01
-8.300000000000000000e+01
-8.200000000000000000e+01
-8.100000000000000000e+01
-8.000000000000000000e+01
-7.900000000000000000e+01
-7.800000000000000000e+01
-7.700000000000000000e+01
-7.600000000000000000e+01
-7.500000000000000000e+01
-7.400000000000000000e+01
-7.300000000000000000e+01
-7.200000000000000000e+01
-7.100000000000000000e+01
-7.000000000000000000e+01
-6.900000000000000000e+01
-6.800000000000000000e+01
-6.700000000000000000e+01
-6.600000000000000000e+01
-6.500000000000000000e+01
-6.400000000000000000e+01
-6.300000000000000000e+01
-6.200000000000000000e+01
-6.100000000000000000e+01
-6.000000000000000000e+01
-5.900000000000000000e+01
-5.800000000000000000e+01
-5.700000000000000000e+01
-5.600000000000000000e+01
-5.500000000000000000e+01
-5.400000000000000000e+01
-5.300000000000000000e+01
-5.200000000000000000e+01
-5.100000000000000000e+01
-5.000000000000000000e+01
-4.900000000000000000e+01
-4.800000000000000000e+01
-4.700000000000000000e+01
-4.600000000000000000e+01
-4.500000000000000000e+01
-4.400000000000000000e+01
-4.300000000000000000e+01
-4.200000000000000000e+01
-4.100000000000000000e+01
-4.000000000000000000e+01
-3.900000000000000000e+01
-3.800000000000000000e+01
-3.700000000000000000e+01
-3.600000000000000000e+01
-3.500000000000000000e+01
-3.400000000000000000e+01
-3.300000000000000000e+01
-3.200000000000000000e+01
-3.100000000000000000e+01
-3.000000000000000000e+01
-2.900000000000000000e+01
-2.800000000000000000e+01
-2.700000000000000000e+01
-2.600000000000000000e+01
-2.500000000000000000e+01
-2.400000000000000000e+01
-2.300000000000000000e+01
-2.200000000000000000e+01
-2.100000000000000000e+01
-2.000000000000000000e+01
-1.900000000000000000e+01
-1.800000000000000000e+01
-1.700000000000000000e+01
-1.600000000000000000e+01
-1.500000000000000000e+01
-1.400000000000000000e+01
-1.300000000000000000e+01
-1.200000000000000000e+01
-1.100000000000000000e+01
-1.000000000000000000e+01
-9.000000000000000000e+00
-8.000000000000000000e+00
-7.000000000000000000e+00
-6.000000000000000000e+00
-5.000000000000000000e+00
-4.000000000000000000e+00
-3.000000000000000000e+00
-2.000000000000000000e+00
-1.000000000000000000e+00
0.000000000000000000e+00
1.000000000000000000e+00
2.000000000000000000e+00
3.000000000000000000e+00
4.000000000000000000e+00
5.000000000000000000e+00
6.000000000000000000e+00
7.000000000000000000e+00
8.000000000000000000e+00
9.000000000000000000e+00
1.000000000000000000e+01
1.100000000000000000e+01
1.200000000000000000e+01
1.300000000000000000e+01
1.400000000000000000e+01
1.500000000000000000e+01
1.600000000000000000e+01
1.700000000000000000e+01
1.800000000000000000e+01
1.900000000000000000e+01
2.000000000000000000e+01
2.100000000000000000e+01
2.200000000000000000e+01
2.300000000000000000e+01
2.400000000000000000e+01
2.500000000000000000e+01
2.600000000000000000e+01
2.700000000000000000e+01
2.800000000000000000e+01
2.900000000000000000e+01
3.000000000000000000e+01
3.100000000000000000e+01
3.200000000000000000e+01
3.300000000000000000e+01
3.400000000000000000e+01
3.500000000000000000e+01
3.600000000000000000e+01
3.700000000000000000e+01
3.800000000000000000e+01
3.900000000000000000e+01
4.000000000000000000e+01
4.100000000000000000e+01
4.200000000000000000e+01
4.300000000000000000e+01
4.400000000000000000e+01
4.500000000000000000e+01
4.600000000000000000e+01
4.700000000000000000e+01
4.800000000000000000e+01
4.900000000000000000e+01
5.000000000000000000e+01
5.100000000000000000e+01
5.200000000000000000e+01
5.300000000000000000e+01
5.400000000000000000e+01
5.500000000000000000e+01
5.600000000000000000e+01
5.700000000000000000e+01
5.800000000000000000e+01
5.900000000000000000e+01
6.000000000000000000e+01
6.100000000000000000e+01
6.200000000000000000e+01
6.300000000000000000e+01
6.400000000000000000e+01
6.500000000000000000e+01
6.600000000000000000e+01
6.700000000000000000e+01
6.800000000000000000e+01
6.900000000000000000e+01
7.000000000000000000e+01
7.100000000000000000e+01
7.200000000000000000e+01
7.300000000000000000e+01
7.400000000000000000e+01
7.500000000000000000e+01
7.600000000000000000e+01
7.700000000000000000e+01
7.800000000000000000e+01
7.900000000000000000e+01
8.000000000000000000e+01
8.100000000000000000e+01
8.200000000000000000e+01
8.300000000000000000e+01
8.400000000000000000e+01
8.500000000000000000e+01
8.600000000000000000e+01
8.700000000000000000e+01
8.800000000000000000e+01
8.900000000000000000e+01
9.000000000000000000e+01
9.100000000000000000e+01
9.200000000000000000e+01
9.300000000000000000e+01
9.400000000000000000e+01
9.500000000000000000e+01
9.600000000000000000e+01
9.700000000000000000e+01
9.800000000000000000e+01
9.900000000000000000e+01
