single photon fraction:    0.1368
laser fraction:    0.3462
thermal source fraction:    0.3632
non-detected fraction:    0.1538
number of bins:  200.0000
bin width (ns):    1.0000
average detection events per bin: 5000.0000

# binary result
0.000000000000000000e+00

# g2 signal
9.826444587066951453e-01
1.012320843664012537e+00
9.952272459285977924e-01
9.911912575744026288e-01
9.961768902472319942e-01
9.923783129726952978e-01
1.034874896231573915e+00
9.885797356981587125e-01
9.933279572913294997e-01
1.008759677469134530e+00
1.005910744513232036e+00
1.004723689114939367e+00
1.003299222636988119e+00
9.878675024591830889e-01
9.883423246185001343e-01
1.025378453045232341e+00
9.892919689371343361e-01
9.923783129726952978e-01
1.000925111840402781e+00
1.019917998213085930e+00
1.025615864124890919e+00
1.008047444230159018e+00
1.000450289681085625e+00
1.012795665823329694e+00
9.802703479101098072e-01
1.001874756159036872e+00
9.921409018930368306e-01
9.935653683709879669e-01
1.016831654177524857e+00
9.776588260338658909e-01
9.695868493254755638e-01
1.021817286850354334e+00
1.015882009858890767e+00
9.947524237692807469e-01
9.812199922287440090e-01
1.012083432584354181e+00
9.992632342827929559e-01
9.876300913795245107e-01
1.018730942814793261e+00
9.919034908133782524e-01
1.020155409292744508e+00
9.990258232031343777e-01
1.006148155592890614e+00
1.020155409292744508e+00
9.933279572913294997e-01
1.010421555026744356e+00
9.995006453624515341e-01
9.873926802998660435e-01
9.859682138219147962e-01
9.705364936441096546e-01
1.003536633716646698e+00
9.933279572913294997e-01
1.004723689114939367e+00
1.013982721221622363e+00
1.029651852479086083e+00
9.992632342827929559e-01
1.008522266389475952e+00
1.032025963275671421e+00
9.838315141049879253e-01
1.006385566672549192e+00
1.021105053611378599e+00
1.011608610425037025e+00
1.004011455875963854e+00
9.759969484762560654e-01
9.769465927948902673e-01
9.862056249015732634e-01
1.009234499628451687e+00
1.012795665823329694e+00
9.731480155203535709e-01
9.895293800167928033e-01
9.909538464947440506e-01
9.805077589897683854e-01
9.992632342827929559e-01
1.008284855309817374e+00
1.001637345079378294e+00
1.030601496797720174e+00
9.966517124065490396e-01
1.005673333433573458e+00
9.812199922287440090e-01
9.923783129726952978e-01
9.676875606882071601e-01
9.840689251846463925e-01
9.821696365473780999e-01
1.018018709575817526e+00
1.005435922353915101e+00
9.733854266000121491e-01
9.859682138219147962e-01
1.002349578318354029e+00
9.978387678048417087e-01
9.786084703524999817e-01
1.000450289681085625e+00
9.904790243354270052e-01
1.013507899062305428e+00
9.973639456455246632e-01
9.888171467778171797e-01
9.926157240523538761e-01
1.008522266389475952e+00
9.978387678048417087e-01
1.000925111840402781e+00
1.003299222636988119e+00
1.282969474474747740e+00
9.957020680879148378e-01
1.019205764974110195e+00
1.012558254743671116e+00
1.002112167238695450e+00
9.831192808660123017e-01
1.023953986567281094e+00
9.871552692202074653e-01
9.767091817152316890e-01
9.627019280153779057e-01
9.843063362643049707e-01
9.997380564421100013e-01
1.003061811557329541e+00
9.845437473439635490e-01
9.866804470608904198e-01
9.947524237692807469e-01
1.016119420938549345e+00
1.010658966106402934e+00
1.013507899062305428e+00
9.802703479101098072e-01
9.916660797337196742e-01
1.002112167238695450e+00
9.888171467778171797e-01
9.802703479101098072e-01
1.014694954460598098e+00
9.778962371135243581e-01
9.767091817152316890e-01
9.954646570082563706e-01
9.942776016099635905e-01
9.900042021761099598e-01
9.895293800167928033e-01
1.003774044796305276e+00
9.710113158034268110e-01
9.952272459285977924e-01
1.013507899062305428e+00
1.008047444230159018e+00
9.978387678048417087e-01
1.000687700760744203e+00
1.036299362709525163e+00
9.916660797337196742e-01
1.005435922353915101e+00
1.009946732867427199e+00
9.907164354150855834e-01
9.945150126896221687e-01
9.942776016099635905e-01
9.807451700694268526e-01
1.009709321787768621e+00
1.027515152762159101e+00
1.009471910708110265e+00
9.921409018930368306e-01
9.771840038745487345e-01
9.959394791675734160e-01
9.966517124065490396e-01
1.008284855309817374e+00
9.850185695032805944e-01
9.864430359812318416e-01
9.871552692202074653e-01
1.011371199345378447e+00
9.916660797337196742e-01
1.003774044796305276e+00
1.038673473506110501e+00
1.001637345079378294e+00
9.983135899641587541e-01
1.013033076902988272e+00
1.000925111840402781e+00
1.021579875770695756e+00
9.904790243354270052e-01
1.013033076902988272e+00
9.757595373965975982e-01
9.995006453624515341e-01
9.686372050068413619e-01
1.000212878601427047e+00
9.733854266000121491e-01
9.900042021761099598e-01
9.895293800167928033e-01
1.004486278035280789e+00
1.002824400477670963e+00
9.904790243354270052e-01
1.001399933999719716e+00
9.847811584236220162e-01
9.992632342827929559e-01
1.016831654177524857e+00
1.020630231452061443e+00
1.022292109009671268e+00
9.638889834136705748e-01
9.938027794506465451e-01
9.930905462116709215e-01
1.000687700760744203e+00
9.999754675217685795e-01
9.930905462116709215e-01
1.005435922353915101e+00
9.816948143880610544e-01
1.014694954460598098e+00
1.013745310141963785e+00
9.843063362643049707e-01
9.888171467778171797e-01
1.025853275204549497e+00
1.006385566672549192e+00
9.971265345658660850e-01
9.852559805829391726e-01

# time bin value
-1.000000000000000000e+02
-9.900000000000000000e+01
-9.800000000000000000e+01
-9.700000000000000000e+01
-9.600000000000000000e+01
-9.500000000000000000e+01
-9.400000000000000000e+01
-9.300000000000000000e+01
-9.200000000000000000e+01
-9.100000000000000000e+01
-9.000000000000000000e+01
-8.900000000000000000e+01
-8.800000000000000000e+01
-8.700000000000000000e+01
-8.600000000000000000e+01
-8.500000000000000000e+01
-8.400000000000000000e+01
-8.300000000000000000e+01
-8.200000000000000000e+01
-8.100000000000000000e+01
-8.000000000000000000e+01
-7.900000000000000000e+01
-7.800000000000000000e+01
-7.700000000000000000e+01
-7.600000000000000000e+01
-7.500000000000000000e+01
-7.400000000000000000e+01
-7.300000000000000000e+01
-7.200000000000000000e+01
-7.100000000000000000e+01
-7.000000000000000000e+01
-6.900000000000000000e+01
-6.800000000000000000e+01
-6.700000000000000000e+01
-6.600000000000000000e+01
-6.500000000000000000e+01
-6.400000000000000000e+01
-6.300000000000000000e+01
-6.200000000000000000e+01
-6.100000000000000000e+01
-6.000000000000000000e+01
-5.900000000000000000e+01
-5.800000000000000000e+01
-5.700000000000000000e+01
-5.600000000000000000e+01
-5.500000000000000000e+01
-5.400000000000000000e+01
-5.300000000000000000e+01
-5.200000000000000000e+01
-5.100000000000000000e+01
-5.000000000000000000e+01
-4.900000000000000000e+01
-4.800000000000000000e+01
-4.700000000000000000e+01
-4.600000000000000000e+01
-4.500000000000000000e+01
-4.400000000000000000e+01
-4.300000000000000000e+01
-4.200000000000000000e+01
-4.100000000000000000e+01
-4.000000000000000000e+01
-3.900000000000000000e+01
-3.800000000000000000e+01
-3.700000000000000000e+01
-3.600000000000000000e+01
-3.500000000000000000e+01
-3.400000000000000000e+01
-3.300000000000000000e+01
-3.200000000000000000e+01
-3.100000000000000000e+01
-3.000000000000000000e+01
-2.900000000000000000e+01
-2.800000000000000000e+01
-2.700000000000000000e+01
-2.600000000000000000e+01
-2.500000000000000000e+01
-2.400000000000000000e+01
-2.300000000000000000e+01
-2.200000000000000000e+01
-2.100000000000000000e+01
-2.000000000000000000e+01
-1.900000000000000000e+01
-1.800000000000000000e+01
-1.700000000000000000e+01
-1.600000000000000000e+01
-1.500000000000000000e+01
-1.400000000000000000e+01
-1.300000000000000000e+01
-1.200000000000000000e+01
-1.100000000000000000e+01
-1.000000000000000000e+01
-9.000000000000000000e+00
-8.000000000000000000e+00
-7.000000000000000000e+00
-6.000000000000000000e+00
-5.000000000000000000e+00
-4.000000000000000000e+00
-3.000000000000000000e+00
-2.000000000000000000e+00
-1.000000000000000000e+00
0.000000000000000000e+00
1.000000000000000000e+00
2.000000000000000000e+00
3.000000000000000000e+00
4.000000000000000000e+00
5.000000000000000000e+00
6.000000000000000000e+00
7.000000000000000000e+00
8.000000000000000000e+00
9.000000000000000000e+00
1.000000000000000000e+01
1.100000000000000000e+01
1.200000000000000000e+01
1.300000000000000000e+01
1.400000000000000000e+01
1.500000000000000000e+01
1.600000000000000000e+01
1.700000000000000000e+01
1.800000000000000000e+01
1.900000000000000000e+01
2.000000000000000000e+01
2.100000000000000000e+01
2.200000000000000000e+01
2.300000000000000000e+01
2.400000000000000000e+01
2.500000000000000000e+01
2.600000000000000000e+01
2.700000000000000000e+01
2.800000000000000000e+01
2.900000000000000000e+01
3.000000000000000000e+01
3.100000000000000000e+01
3.200000000000000000e+01
3.300000000000000000e+01
3.400000000000000000e+01
3.500000000000000000e+01
3.600000000000000000e+01
3.700000000000000000e+01
3.800000000000000000e+01
3.900000000000000000e+01
4.000000000000000000e+01
4.100000000000000000e+01
4.200000000000000000e+01
4.300000000000000000e+01
4.400000000000000000e+01
4.500000000000000000e+01
4.600000000000000000e+01
4.700000000000000000e+01
4.800000000000000000e+01
4.900000000000000000e+01
5.000000000000000000e+01
5.100000000000000000e+01
5.200000000000000000e+01
5.300000000000000000e+01
5.400000000000000000e+01
5.500000000000000000e+01
5.600000000000000000e+01
5.700000000000000000e+01
5.800000000000000000e+01
5.900000000000000000e+01
6.000000000000000000e+01
6.100000000000000000e+01
6.200000000000000000e+01
6.300000000000000000e+01
6.400000000000000000e+01
6.500000000000000000e+01
6.600000000000000000e+01
6.700000000000000000e+01
6.800000000000000000e+01
6.900000000000000000e+01
7.000000000000000000e+01
7.100000000000000000e+01
7.200000000000000000e+01
7.300000000000000000e+01
7.400000000000000000e+01
7.500000000000000000e+01
7.600000000000000000e+01
7.700000000000000000e+01
7.800000000000000000e+01
7.900000000000000000e+01
8.000000000000000000e+01
8.100000000000000000e+01
8.200000000000000000e+01
8.300000000000000000e+01
8.400000000000000000e+01
8.500000000000000000e+01
8.600000000000000000e+01
8.700000000000000000e+01
8.800000000000000000e+01
8.900000000000000000e+01
9.000000000000000000e+01
9.100000000000000000e+01
9.200000000000000000e+01
9.300000000000000000e+01
9.400000000000000000e+01
9.500000000000000000e+01
9.600000000000000000e+01
9.700000000000000000e+01
9.800000000000000000e+01
9.900000000000000000e+01
