single photon fraction:    0.2650
laser fraction:    0.3498
thermal source fraction:    0.1166
non-detected fraction:    0.2686
number of bins:  200.0000
bin width (ns):    1.0000
average detection events per bin: 5000.0000

# binary result
0.000000000000000000e+00

# g2 signal
9.933620322886120846e-01
1.010380116290240604e+00
9.892447539011212099e-01
9.988517368052663992e-01
9.818336528036378796e-01
1.003517985644422739e+00
9.900682095786194070e-01
1.019163643516887596e+00
1.013673939000233393e+00
1.010654601516073336e+00
1.042494887712668739e+00
1.027947170743534810e+00
9.878723277719576590e-01
9.928130618369466198e-01
1.005164896999418911e+00
9.768929187386489188e-01
9.947344584177756355e-01
1.016144306032727762e+00
9.815591675778051473e-01
1.003517985644422739e+00
9.900682095786194070e-01
1.018340187839389621e+00
1.023829892356043825e+00
1.027672685517702078e+00
1.007909749257746235e+00
9.867743868686267295e-01
1.000773133386095415e+00
9.782653448678124697e-01
9.974793106761028483e-01
9.980282811277683130e-01
9.906171800302848718e-01
1.021085040097716723e+00
1.009007690161077164e+00
1.011203571967738801e+00
1.011478057193571534e+00
1.010654601516073336e+00
1.018340187839389621e+00
9.875978425461249266e-01
1.012301512871069731e+00
9.626196869953475010e-01
9.826571084811359658e-01
9.961068845469392974e-01
9.917151209336156903e-01
1.000498648160262682e+00
9.917151209336156903e-01
1.018614673065222354e+00
9.667369653828382647e-01
1.011203571967738801e+00
9.988517368052663992e-01
9.911661504819503365e-01
9.763439482869834540e-01
1.038652094551010707e+00
9.829315937069686981e-01
1.007909749257746235e+00
1.013673939000233393e+00
1.005164896999418911e+00
1.030692023001861912e+00
1.002969015192757274e+00
1.024653348033542022e+00
1.003243500418590006e+00
9.834805641586341629e-01
1.007635264031913502e+00
9.985772515794336668e-01
1.004341441321920936e+00
9.906171800302848718e-01
1.004890411773586179e+00
1.010929086741906069e+00
1.008458719709411699e+00
1.016144306032727762e+00
9.919896061594484227e-01
1.003792470870255471e+00
1.009831145838575139e+00
1.009007690161077164e+00
1.007909749257746235e+00
1.007635264031913502e+00
1.016418791258560494e+00
1.008184234483578967e+00
1.000773133386095415e+00
1.009831145838575139e+00
9.823826232553032334e-01
9.969303402244373835e-01
9.590513790595220911e-01
1.018340187839389621e+00
1.018889158291054864e+00
9.977537959019355807e-01
1.009556660612742407e+00
9.955579140952738326e-01
9.854019607394631786e-01
1.024104377581876557e+00
9.854019607394631786e-01
1.006537323128582573e+00
1.004615926547753446e+00
9.859509311911286433e-01
1.008733204935244432e+00
9.834805641586341629e-01
9.848529902877977138e-01
9.884212982236231237e-01
9.793632857711433992e-01
9.708542437703290284e-01
9.870488720944594618e-01
8.067120787223627243e-01
9.996751924827645963e-01
9.873233573202921942e-01
1.015046365129396833e+00
9.980282811277683130e-01
1.013124968548567928e+00
9.881468129977903914e-01
9.952834288694411002e-01
9.900682095786194070e-01
1.017242246936058692e+00
1.004341441321920936e+00
1.006262837902749840e+00
1.002420044741091809e+00
9.892447539011212099e-01
1.013673939000233393e+00
9.832060789328014305e-01
9.996751924827645963e-01
1.002420044741091809e+00
9.810101971261396825e-01
9.947344584177756355e-01
1.026849229840203881e+00
9.897937243527866746e-01
1.023280921904378582e+00
9.648155688020092491e-01
9.941854879661101707e-01
9.697563028669982099e-01
1.015320850355229565e+00
9.991262220310991315e-01
1.009556660612742407e+00
9.897937243527866746e-01
9.952834288694411002e-01
1.004615926547753446e+00
9.851274755136304462e-01
9.725011551253253117e-01
1.007909749257746235e+00
1.012301512871069731e+00
1.031789963905192842e+00
9.947344584177756355e-01
9.947344584177756355e-01
9.812846823519724149e-01
1.007635264031913502e+00
9.928130618369466198e-01
1.004890411773586179e+00
1.026025774162705684e+00
9.947344584177756355e-01
1.029045111646865518e+00
9.700307880928309423e-01
9.782653448678124697e-01
9.897937243527866746e-01
1.004066956096088203e+00
9.900682095786194070e-01
9.928130618369466198e-01
1.005988352676917108e+00
1.000773133386095415e+00
9.875978425461249266e-01
1.032064449131025574e+00
9.908916652561176042e-01
9.952834288694411002e-01
9.810101971261396825e-01
9.974793106761028483e-01
1.013948424226066125e+00
1.025751288936872951e+00
1.005164896999418911e+00
9.716776994478272256e-01
9.999496777085973287e-01
9.475229995745478861e-01
1.033985845711854479e+00
9.892447539011212099e-01
1.019438128742720329e+00
1.008458719709411699e+00
1.002969015192757274e+00
1.013948424226066125e+00
9.873233573202921942e-01
9.930875470627793522e-01
9.612472608661838391e-01
1.019438128742720329e+00
1.016967761710225959e+00
1.012850483322735196e+00
1.009831145838575139e+00
9.985772515794336668e-01
9.991262220310991315e-01
1.006811808354415305e+00
1.005988352676917108e+00
1.010929086741906069e+00
9.711287289961617608e-01
1.012850483322735196e+00
1.008733204935244432e+00
1.003792470870255471e+00
1.010929086741906069e+00
1.009831145838575139e+00
1.010380116290240604e+00
1.000498648160262682e+00
1.024653348033542022e+00
1.013399453774400660e+00
9.911661504819503365e-01
1.011203571967738801e+00
9.741480664803217060e-01
9.919896061594484227e-01
9.807357119003069501e-01
9.991262220310991315e-01

# time bin value
-1.000000000000000000e+02
-9.900000000000000000e+01
-9.800000000000000000e+01
-9.700000000000000000e+01
-9.600000000000000000e+01
-9.500000000000000000e+01
-9.400000000000000000e+01
-9.300000000000000000e+01
-9.200000000000000000e+01
-9.100000000000000000e+01
-9.000000000000000000e+01
-8.900000000000000000e+01
-8.800000000000000000e+01
-8.700000000000000000e+01
-8.600000000000000000e+01
-8.500000000000000000e+01
-8.400000000000000000e+01
-8.300000000000000000e+01
-8.200000000000000000e+01
-8.100000000000000000e+01
-8.000000000000000000e+01
-7.900000000000000000e+01
-7.800000000000000000e+01
-7.700000000000000000e+01
-7.600000000000000000e+01
-7.500000000000000000e+01
-7.400000000000000000e+01
-7.300000000000000000e+01
-7.200000000000000000e+01
-7.100000000000000000e+01
-7.000000000000000000e+01
-6.900000000000000000e+01
-6.800000000000000000e+01
-6.700000000000000000e+01
-6.600000000000000000e+01
-6.500000000000000000e+01
-6.400000000000000000e+01
-6.300000000000000000e+01
-6.200000000000000000e+01
-6.100000000000000000e+01
-6.000000000000000000e+01
-5.900000000000000000e+01
-5.800000000000000000e+01
-5.700000000000000000e+01
-5.600000000000000000e+01
-5.500000000000000000e+01
-5.400000000000000000e+01
-5.300000000000000000e+01
-5.200000000000000000e+01
-5.100000000000000000e+01
-5.000000000000000000e+01
-4.900000000000000000e+01
-4.800000000000000000e+01
-4.700000000000000000e+01
-4.600000000000000000e+01
-4.500000000000000000e+01
-4.400000000000000000e+01
-4.300000000000000000e+01
-4.200000000000000000e+01
-4.100000000000000000e+01
-4.000000000000000000e+01
-3.900000000000000000e+01
-3.800000000000000000e+01
-3.700000000000000000e+01
-3.600000000000000000e+01
-3.500000000000000000e+01
-3.400000000000000000e+01
-3.300000000000000000e+01
-3.200000000000000000e+01
-3.100000000000000000e+01
-3.000000000000000000e+01
-2.900000000000000000e+01
-2.800000000000000000e+01
-2.700000000000000000e+01
-2.600000000000000000e+01
-2.500000000000000000e+01
-2.400000000000000000e+01
-2.300000000000000000e+01
-2.200000000000000000e+01
-2.100000000000000000e+01
-2.000000000000000000e+01
-1.900000000000000000e+01
-1.800000000000000000e+01
-1.700000000000000000e+01
-1.600000000000000000e+01
-1.500000000000000000e+01
-1.400000000000000000e+01
-1.300000000000000000e+01
-1.200000000000000000e+01
-1.100000000000000000e+01
-1.000000000000000000e+01
-9.000000000000000000e+00
-8.000000000000000000e+00
-7.000000000000000000e+00
-6.000000000000000000e+00
-5.000000000000000000e+00
-4.000000000000000000e+00
-3.000000000000000000e+00
-2.000000000000000000e+00
-1.000000000000000000e+00
0.000000000000000000e+00
1.000000000000000000e+00
2.000000000000000000e+00
3.000000000000000000e+00
4.000000000000000000e+00
5.000000000000000000e+00
6.000000000000000000e+00
7.000000000000000000e+00
8.000000000000000000e+00
9.000000000000000000e+00
1.000000000000000000e+01
1.100000000000000000e+01
1.200000000000000000e+01
1.300000000000000000e+01
1.400000000000000000e+01
1.500000000000000000e+01
1.600000000000000000e+01
1.700000000000000000e+01
1.800000000000000000e+01
1.900000000000000000e+01
2.000000000000000000e+01
2.100000000000000000e+01
2.200000000000000000e+01
2.300000000000000000e+01
2.400000000000000000e+01
2.500000000000000000e+01
2.600000000000000000e+01
2.700000000000000000e+01
2.800000000000000000e+01
2.900000000000000000e+01
3.000000000000000000e+01
3.100000000000000000e+01
3.200000000000000000e+01
3.300000000000000000e+01
3.400000000000000000e+01
3.500000000000000000e+01
3.600000000000000000e+01
3.700000000000000000e+01
3.800000000000000000e+01
3.900000000000000000e+01
4.000000000000000000e+01
4.100000000000000000e+01
4.200000000000000000e+01
4.300000000000000000e+01
4.400000000000000000e+01
4.500000000000000000e+01
4.600000000000000000e+01
4.700000000000000000e+01
4.800000000000000000e+01
4.900000000000000000e+01
5.000000000000000000e+01
5.100000000000000000e+01
5.200000000000000000e+01
5.300000000000000000e+01
5.400000000000000000e+01
5.500000000000000000e+01
5.600000000000000000e+01
5.700000000000000000e+01
5.800000000000000000e+01
5.900000000000000000e+01
6.000000000000000000e+01
6.100000000000000000e+01
6.200000000000000000e+01
6.300000000000000000e+01
6.400000000000000000e+01
6.500000000000000000e+01
6.600000000000000000e+01
6.700000000000000000e+01
6.800000000000000000e+01
6.900000000000000000e+01
7.000000000000000000e+01
7.100000000000000000e+01
7.200000000000000000e+01
7.300000000000000000e+01
7.400000000000000000e+01
7.500000000000000000e+01
7.600000000000000000e+01
7.700000000000000000e+01
7.800000000000000000e+01
7.900000000000000000e+01
8.000000000000000000e+01
8.100000000000000000e+01
8.200000000000000000e+01
8.300000000000000000e+01
8.400000000000000000e+01
8.500000000000000000e+01
8.600000000000000000e+01
8.700000000000000000e+01
8.800000000000000000e+01
8.900000000000000000e+01
9.000000000000000000e+01
9.100000000000000000e+01
9.200000000000000000e+01
9.300000000000000000e+01
9.400000000000000000e+01
9.500000000000000000e+01
9.600000000000000000e+01
9.700000000000000000e+01
9.800000000000000000e+01
9.900000000000000000e+01
