single photon fraction:    0.3596
laser fraction:    0.2939
thermal source fraction:    0.0877
non-detected fraction:    0.2588
number of bins:  200.0000
bin width (ns):    1.0000
average detection events per bin: 5000.0000

# binary result
0.000000000000000000e+00

# g2 signal
9.942806942702101525e-01
1.000245836150206014e+00
1.031969545239274533e+00
1.027631260235641220e+00
1.012447262722924624e+00
1.008108977719291310e+00
1.012718405535651733e+00
1.003770692715657997e+00
9.774698398811310085e-01
9.866886955138518545e-01
9.804524108211288835e-01
1.014345262412014170e+00
9.823504105102185413e-01
1.002957264277476668e+00
9.823504105102185413e-01
1.011091548659289296e+00
9.950941227083913709e-01
9.875021239520330729e-01
9.940095514574830426e-01
9.769275542556768999e-01
9.755718401920414617e-01
1.002686121464749558e+00
9.847906958247621967e-01
9.720469836265893671e-01
1.000788121775660011e+00
9.872309811393059631e-01
9.923826945811204947e-01
1.002686121464749558e+00
1.028173545861095439e+00
9.964498367720268091e-01
1.037121258681089175e+00
1.032782973677455862e+00
9.875021239520330729e-01
9.685221270611372724e-01
1.024377546482916124e+00
9.864175527011247446e-01
9.837061245738538684e-01
1.020310404292009920e+00
1.012176119910197514e+00
9.918404089556663861e-01
9.831638389483997598e-01
1.012718405535651733e+00
1.010278120221107967e+00
1.001872693026568450e+00
1.014345262412014170e+00
1.006753263655655983e+00
9.921115517683934959e-01
1.009735834595653747e+00
1.033054116490182750e+00
9.728604120647705855e-01
9.709624123756810388e-01
9.872309811393059631e-01
9.799101251956747749e-01
1.024648689295643234e+00
9.774698398811310085e-01
9.739449833156789138e-01
1.030613831175639206e+00
1.011904977097470404e+00
9.975344080229351373e-01
9.636415564320498506e-01
9.937384086447559328e-01
9.880444095774871816e-01
1.007837834906564201e+00
9.809946964465831032e-01
9.978055508356621361e-01
9.861464098883976348e-01
1.011091548659289296e+00
9.758429830047685716e-01
1.009193548970199528e+00
1.002414978652022670e+00
1.010006977408380857e+00
1.014616405224741280e+00
9.750295545665872421e-01
9.959075511465725894e-01
1.008108977719291310e+00
1.021937261168372579e+00
9.948229798956642611e-01
9.858752670756705250e-01
1.014887548037468390e+00
1.000245836150206014e+00
1.003499549902930887e+00
9.856041242629435262e-01
9.997035505247517939e-01
1.012176119910197514e+00
9.988901220865704644e-01
1.001601550213841341e+00
1.005126406779293324e+00
1.032782973677455862e+00
9.828926961356726499e-01
9.896712664538497295e-01
1.020581547104737030e+00
1.009193548970199528e+00
9.912981233302121664e-01
9.991612648992975743e-01
1.017598976164739266e+00
1.023835260857462126e+00
9.931961230193018242e-01
1.003499549902930887e+00
9.948229798956642611e-01
9.766564114429497900e-01
6.252553261486513136e-01
1.008380120532018420e+00
1.008380120532018420e+00
1.005126406779293324e+00
1.008922406157472640e+00
9.945518370829371513e-01
9.923826945811204947e-01
9.940095514574830426e-01
1.000245836150206014e+00
1.017598976164739266e+00
9.853329814502164163e-01
9.983478364611163558e-01
9.950941227083913709e-01
9.809946964465831032e-01
1.003770692715657997e+00
9.856041242629435262e-01
1.007566692093837091e+00
1.015700976475649497e+00
9.980766936483892460e-01
9.988901220865704644e-01
1.005939835217474654e+00
1.007295549281109981e+00
1.022479546793826577e+00
1.011362691472016184e+00
1.004855263966566215e+00
9.986189792738434656e-01
1.029258117112003657e+00
9.967209795847538079e-01
1.014887548037468390e+00
1.002414978652022670e+00
1.031156116801093203e+00
1.042544114935630706e+00
9.904846948920309480e-01
9.967209795847538079e-01
9.894001236411226197e-01
1.008922406157472640e+00
9.972632652102080275e-01
9.997035505247517939e-01
1.004041835528385107e+00
1.016785547726557937e+00
1.003228407090203778e+00
1.000788121775660011e+00
1.003770692715657997e+00
9.999746933374787927e-01
9.999746933374787927e-01
1.002414978652022670e+00
1.001601550213841341e+00
1.011362691472016184e+00
1.009735834595653747e+00
1.016785547726557937e+00
1.001872693026568450e+00
1.012989548348378843e+00
9.921115517683934959e-01
1.002686121464749558e+00
9.891289808283955098e-01
1.007566692093837091e+00
9.847906958247621967e-01
9.823504105102185413e-01
1.015700976475649497e+00
9.894001236411226197e-01
9.837061245738538684e-01
1.009193548970199528e+00
1.031698402426547423e+00
1.020310404292009920e+00
9.896712664538497295e-01
9.921115517683934959e-01
1.010006977408380857e+00
1.008108977719291310e+00
1.018954690228374593e+00
1.023564118044735016e+00
1.005397549592020434e+00
9.847906958247621967e-01
1.016785547726557937e+00
1.015972119288376607e+00
1.015429833662922610e+00
1.014345262412014170e+00
9.980766936483892460e-01
9.831638389483997598e-01
9.850618386374893065e-01
1.026275546172005892e+00
9.978055508356621361e-01
1.014616405224741280e+00
9.837061245738538684e-01
9.975344080229351373e-01
1.007024406468382871e+00
9.815369820720372118e-01
9.842484101993080881e-01
1.024919832108370343e+00
1.015429833662922610e+00
1.000788121775660011e+00
9.988901220865704644e-01
1.009464691782926637e+00
1.015972119288376607e+00
1.011362691472016184e+00
9.969921223974809177e-01
1.020852689917464140e+00
9.953652655211184808e-01
1.020852689917464140e+00
9.883155523902142914e-01
1.023564118044735016e+00

# time bin value
-1.000000000000000000e+02
-9.900000000000000000e+01
-9.800000000000000000e+01
-9.700000000000000000e+01
-9.600000000000000000e+01
-9.500000000000000000e+01
-9.400000000000000000e+01
-9.300000000000000000e+01
-9.200000000000000000e+01
-9.100000000000000000e+01
-9.000000000000000000e+01
-8.900000000000000000e+01
-8.800000000000000000e+01
-8.700000000000000000e+01
-8.600000000000000000e+01
-8.500000000000000000e+01
-8.400000000000000000e+01
-8.300000000000000000e+01
-8.200000000000000000e+01
-8.100000000000000000e+01
-8.000000000000000000e+01
-7.900000000000000000e+01
-7.800000000000000000e+01
-7.700000000000000000e+01
-7.600000000000000000e+01
-7.500000000000000000e+01
-7.400000000000000000e+01
-7.300000000000000000e+01
-7.200000000000000000e+01
-7.100000000000000000e+01
-7.000000000000000000e+01
-6.900000000000000000e+01
-6.800000000000000000e+01
-6.700000000000000000e+01
-6.600000000000000000e+01
-6.500000000000000000e+01
-6.400000000000000000e+01
-6.300000000000000000e+01
-6.200000000000000000e+01
-6.100000000000000000e+01
-6.000000000000000000e+01
-5.900000000000000000e+01
-5.800000000000000000e+01
-5.700000000000000000e+01
-5.600000000000000000e+01
-5.500000000000000000e+01
-5.400000000000000000e+01
-5.300000000000000000e+01
-5.200000000000000000e+01
-5.100000000000000000e+01
-5.000000000000000000e+01
-4.900000000000000000e+01
-4.800000000000000000e+01
-4.700000000000000000e+01
-4.600000000000000000e+01
-4.500000000000000000e+01
-4.400000000000000000e+01
-4.300000000000000000e+01
-4.200000000000000000e+01
-4.100000000000000000e+01
-4.000000000000000000e+01
-3.900000000000000000e+01
-3.800000000000000000e+01
-3.700000000000000000e+01
-3.600000000000000000e+01
-3.500000000000000000e+01
-3.400000000000000000e+01
-3.300000000000000000e+01
-3.200000000000000000e+01
-3.100000000000000000e+01
-3.000000000000000000e+01
-2.900000000000000000e+01
-2.800000000000000000e+01
-2.700000000000000000e+01
-2.600000000000000000e+01
-2.500000000000000000e+01
-2.400000000000000000e+01
-2.300000000000000000e+01
-2.200000000000000000e+01
-2.100000000000000000e+01
-2.000000000000000000e+01
-1.900000000000000000e+01
-1.800000000000000000e+01
-1.700000000000000000e+01
-1.600000000000000000e+01
-1.500000000000000000e+01
-1.400000000000000000e+01
-1.300000000000000000e+01
-1.200000000000000000e+01
-1.100000000000000000e+01
-1.000000000000000000e+01
-9.000000000000000000e+00
-8.000000000000000000e+00
-7.000000000000000000e+00
-6.000000000000000000e+00
-5.000000000000000000e+00
-4.000000000000000000e+00
-3.000000000000000000e+00
-2.000000000000000000e+00
-1.000000000000000000e+00
0.000000000000000000e+00
1.000000000000000000e+00
2.000000000000000000e+00
3.000000000000000000e+00
4.000000000000000000e+00
5.000000000000000000e+00
6.000000000000000000e+00
7.000000000000000000e+00
8.000000000000000000e+00
9.000000000000000000e+00
1.000000000000000000e+01
1.100000000000000000e+01
1.200000000000000000e+01
1.300000000000000000e+01
1.400000000000000000e+01
1.500000000000000000e+01
1.600000000000000000e+01
1.700000000000000000e+01
1.800000000000000000e+01
1.900000000000000000e+01
2.000000000000000000e+01
2.100000000000000000e+01
2.200000000000000000e+01
2.300000000000000000e+01
2.400000000000000000e+01
2.500000000000000000e+01
2.600000000000000000e+01
2.700000000000000000e+01
2.800000000000000000e+01
2.900000000000000000e+01
3.000000000000000000e+01
3.100000000000000000e+01
3.200000000000000000e+01
3.300000000000000000e+01
3.400000000000000000e+01
3.500000000000000000e+01
3.600000000000000000e+01
3.700000000000000000e+01
3.800000000000000000e+01
3.900000000000000000e+01
4.000000000000000000e+01
4.100000000000000000e+01
4.200000000000000000e+01
4.300000000000000000e+01
4.400000000000000000e+01
4.500000000000000000e+01
4.600000000000000000e+01
4.700000000000000000e+01
4.800000000000000000e+01
4.900000000000000000e+01
5.000000000000000000e+01
5.100000000000000000e+01
5.200000000000000000e+01
5.300000000000000000e+01
5.400000000000000000e+01
5.500000000000000000e+01
5.600000000000000000e+01
5.700000000000000000e+01
5.800000000000000000e+01
5.900000000000000000e+01
6.000000000000000000e+01
6.100000000000000000e+01
6.200000000000000000e+01
6.300000000000000000e+01
6.400000000000000000e+01
6.500000000000000000e+01
6.600000000000000000e+01
6.700000000000000000e+01
6.800000000000000000e+01
6.900000000000000000e+01
7.000000000000000000e+01
7.100000000000000000e+01
7.200000000000000000e+01
7.300000000000000000e+01
7.400000000000000000e+01
7.500000000000000000e+01
7.600000000000000000e+01
7.700000000000000000e+01
7.800000000000000000e+01
7.900000000000000000e+01
8.000000000000000000e+01
8.100000000000000000e+01
8.200000000000000000e+01
8.300000000000000000e+01
8.400000000000000000e+01
8.500000000000000000e+01
8.600000000000000000e+01
8.700000000000000000e+01
8.800000000000000000e+01
8.900000000000000000e+01
9.000000000000000000e+01
9.100000000000000000e+01
9.200000000000000000e+01
9.300000000000000000e+01
9.400000000000000000e+01
9.500000000000000000e+01
9.600000000000000000e+01
9.700000000000000000e+01
9.800000000000000000e+01
9.900000000000000000e+01
