single photon fraction:    0.3498
laser fraction:    0.2414
thermal source fraction:    0.3645
non-detected fraction:    0.0443
number of bins:  200.0000
bin width (ns):    1.0000
average detection events per bin: 5000.0000

# binary result
0.000000000000000000e+00

# g2 signal
1.035532397350696465e+00
9.665809912745639831e-01
9.985340818952106456e-01
9.915968977473070822e-01
9.926479862545651844e-01
9.972727756865009674e-01
9.840290604950486797e-01
1.010516490877953144e+00
1.018504763533114810e+00
9.871823260168229863e-01
1.002738435924243054e+00
1.000846476611178426e+00
1.025021512278115221e+00
9.684729505876285005e-01
1.006732572251823887e+00
1.003999742132952955e+00
1.010936926280856518e+00
1.000005605805372122e+00
9.953808163734363390e-01
1.010516490877953144e+00
1.012828885593921147e+00
9.873925437182746734e-01
9.993749527010171718e-01
1.011777797086663044e+00
1.004420177535856107e+00
9.970625579850492803e-01
1.025441947681018373e+00
1.014510627205533977e+00
9.709955630050479680e-01
9.995851704024687479e-01
1.002528218222791478e+00
9.955910340748879150e-01
9.794042710631130078e-01
1.006312136848920735e+00
1.007993878460533788e+00
9.945399455676298128e-01
1.004420177535856107e+00
9.821371011819840513e-01
1.002738435924243054e+00
9.960114694777911781e-01
1.021868246756340914e+00
1.028805430904244478e+00
1.011988014788114620e+00
9.987442995966623327e-01
1.002738435924243054e+00
9.890742853298876147e-01
9.899151561356941409e-01
9.995851704024687479e-01
9.894947207327908778e-01
9.796144887645645838e-01
9.943297278661782368e-01
1.014931062608437351e+00
9.737283931239191226e-01
9.979034287908558065e-01
1.019555852040372912e+00
1.021658029054889338e+00
9.773020940485966923e-01
1.014510627205533977e+00
9.947501632690814999e-01
1.030276954814405732e+00
1.012408450191017772e+00
9.894947207327908778e-01
9.918071154487587693e-01
9.886538499269843516e-01
9.810860126747259491e-01
9.827677542863388904e-01
1.017033239622953555e+00
1.000005605805372122e+00
9.880231968226295125e-01
9.894947207327908778e-01
9.838188427935969926e-01
9.686831682890801876e-01
1.011777797086663044e+00
1.020186505144727862e+00
9.806655772718226860e-01
1.004209959834404531e+00
9.939092924632749737e-01
9.907560269415006671e-01
9.968523402835977043e-01
9.850801490023067819e-01
1.002107782819888326e+00
9.989545172981139087e-01
9.979034287908558065e-01
9.827677542863388904e-01
9.892845030313393018e-01
1.008834749266340314e+00
1.019976287443276286e+00
1.012618667892469349e+00
1.013249320996824299e+00
9.817166657790807882e-01
9.798247064660161598e-01
1.015561715712792079e+00
1.001266912014081800e+00
9.945399455676298128e-01
9.976932110894042305e-01
1.027333906994083002e+00
1.006522354550372311e+00
9.970625579850492803e-01
9.991647349995655958e-01
9.934888570603717106e-01
1.009885837773598416e+00
1.000005605805372122e+00
9.754101347355320639e-01
1.020186505144727862e+00
9.730977400195642835e-01
1.000005605805372122e+00
9.928582039560168715e-01
1.005891701446017583e+00
9.869721083153714103e-01
1.019345634338921336e+00
1.003579306730049581e+00
1.009885837773598416e+00
9.892845030313393018e-01
9.827677542863388904e-01
9.878129791211779365e-01
1.009255184669243466e+00
9.941195101647265497e-01
1.010726708579404720e+00
1.003369089028598005e+00
1.020606940547631014e+00
1.008414313863436940e+00
9.953808163734363390e-01
1.012198232489566196e+00
1.001687347416984952e+00
1.004840612938759481e+00
9.756203524369837510e-01
1.000846476611178426e+00
9.934888570603717106e-01
9.951705986719846520e-01
1.002948653625694853e+00
1.021658029054889338e+00
9.951705986719846520e-01
9.808757949732743731e-01
9.751999170340804879e-01
1.005261048341662633e+00
9.905458092400489800e-01
9.930684216574684475e-01
9.815064480776292122e-01
1.016402586518598605e+00
9.897049384342424538e-01
9.991647349995655958e-01
1.025231729979566797e+00
9.888640676284360387e-01
9.985340818952106456e-01
9.712057807064996551e-01
1.013879974101179249e+00
1.002738435924243054e+00
1.012618667892469349e+00
1.018714981234566608e+00
1.007993878460533788e+00
9.831881896892421535e-01
1.008834749266340314e+00
1.005891701446017583e+00
9.951705986719846520e-01
9.970625579850492803e-01
9.968523402835977043e-01
1.027544124695534800e+00
9.918071154487587693e-01
1.007993878460533788e+00
1.015141280309888927e+00
9.747794816311772248e-01
1.014300409504082401e+00
9.825575365848873144e-01
1.000005605805372122e+00
9.724670869152093333e-01
9.951705986719846520e-01
1.019976287443276286e+00
9.861312375095648841e-01
9.928582039560168715e-01
9.989545172981139087e-01
1.003369089028598005e+00
1.013669756399727451e+00
1.000005605805372122e+00
9.686831682890801876e-01
1.007993878460533788e+00
1.008624531564888516e+00
9.842392781965002557e-01
9.985340818952106456e-01
9.901253738371457169e-01
9.991647349995655958e-01
1.000846476611178426e+00
1.014510627205533977e+00
1.033430220336180039e+00
9.970625579850492803e-01
9.947501632690814999e-01
1.026703253889728273e+00
9.987442995966623327e-01
1.005681483744565785e+00
9.630072903498863024e-01
1.017663892727308506e+00
1.019766069741824710e+00
1.031117825620212258e+00
9.766714409442418532e-01
1.042469581498600029e+00
9.955910340748879150e-01
9.941195101647265497e-01
1.003789524431501157e+00
1.003158871327146429e+00
1.005681483744565785e+00
9.827677542863388904e-01

# time bin value
-1.000000000000000000e+02
-9.900000000000000000e+01
-9.800000000000000000e+01
-9.700000000000000000e+01
-9.600000000000000000e+01
-9.500000000000000000e+01
-9.400000000000000000e+01
-9.300000000000000000e+01
-9.200000000000000000e+01
-9.100000000000000000e+01
-9.000000000000000000e+01
-8.900000000000000000e+01
-8.800000000000000000e+01
-8.700000000000000000e+01
-8.600000000000000000e+01
-8.500000000000000000e+01
-8.400000000000000000e+01
-8.300000000000000000e+01
-8.200000000000000000e+01
-8.100000000000000000e+01
-8.000000000000000000e+01
-7.900000000000000000e+01
-7.800000000000000000e+01
-7.700000000000000000e+01
-7.600000000000000000e+01
-7.500000000000000000e+01
-7.400000000000000000e+01
-7.300000000000000000e+01
-7.200000000000000000e+01
-7.100000000000000000e+01
-7.000000000000000000e+01
-6.900000000000000000e+01
-6.800000000000000000e+01
-6.700000000000000000e+01
-6.600000000000000000e+01
-6.500000000000000000e+01
-6.400000000000000000e+01
-6.300000000000000000e+01
-6.200000000000000000e+01
-6.100000000000000000e+01
-6.000000000000000000e+01
-5.900000000000000000e+01
-5.800000000000000000e+01
-5.700000000000000000e+01
-5.600000000000000000e+01
-5.500000000000000000e+01
-5.400000000000000000e+01
-5.300000000000000000e+01
-5.200000000000000000e+01
-5.100000000000000000e+01
-5.000000000000000000e+01
-4.900000000000000000e+01
-4.800000000000000000e+01
-4.700000000000000000e+01
-4.600000000000000000e+01
-4.500000000000000000e+01
-4.400000000000000000e+01
-4.300000000000000000e+01
-4.200000000000000000e+01
-4.100000000000000000e+01
-4.000000000000000000e+01
-3.900000000000000000e+01
-3.800000000000000000e+01
-3.700000000000000000e+01
-3.600000000000000000e+01
-3.500000000000000000e+01
-3.400000000000000000e+01
-3.300000000000000000e+01
-3.200000000000000000e+01
-3.100000000000000000e+01
-3.000000000000000000e+01
-2.900000000000000000e+01
-2.800000000000000000e+01
-2.700000000000000000e+01
-2.600000000000000000e+01
-2.500000000000000000e+01
-2.400000000000000000e+01
-2.300000000000000000e+01
-2.200000000000000000e+01
-2.100000000000000000e+01
-2.000000000000000000e+01
-1.900000000000000000e+01
-1.800000000000000000e+01
-1.700000000000000000e+01
-1.600000000000000000e+01
-1.500000000000000000e+01
-1.400000000000000000e+01
-1.300000000000000000e+01
-1.200000000000000000e+01
-1.100000000000000000e+01
-1.000000000000000000e+01
-9.000000000000000000e+00
-8.000000000000000000e+00
-7.000000000000000000e+00
-6.000000000000000000e+00
-5.000000000000000000e+00
-4.000000000000000000e+00
-3.000000000000000000e+00
-2.000000000000000000e+00
-1.000000000000000000e+00
0.000000000000000000e+00
1.000000000000000000e+00
2.000000000000000000e+00
3.000000000000000000e+00
4.000000000000000000e+00
5.000000000000000000e+00
6.000000000000000000e+00
7.000000000000000000e+00
8.000000000000000000e+00
9.000000000000000000e+00
1.000000000000000000e+01
1.100000000000000000e+01
1.200000000000000000e+01
1.300000000000000000e+01
1.400000000000000000e+01
1.500000000000000000e+01
1.600000000000000000e+01
1.700000000000000000e+01
1.800000000000000000e+01
1.900000000000000000e+01
2.000000000000000000e+01
2.100000000000000000e+01
2.200000000000000000e+01
2.300000000000000000e+01
2.400000000000000000e+01
2.500000000000000000e+01
2.600000000000000000e+01
2.700000000000000000e+01
2.800000000000000000e+01
2.900000000000000000e+01
3.000000000000000000e+01
3.100000000000000000e+01
3.200000000000000000e+01
3.300000000000000000e+01
3.400000000000000000e+01
3.500000000000000000e+01
3.600000000000000000e+01
3.700000000000000000e+01
3.800000000000000000e+01
3.900000000000000000e+01
4.000000000000000000e+01
4.100000000000000000e+01
4.200000000000000000e+01
4.300000000000000000e+01
4.400000000000000000e+01
4.500000000000000000e+01
4.600000000000000000e+01
4.700000000000000000e+01
4.800000000000000000e+01
4.900000000000000000e+01
5.000000000000000000e+01
5.100000000000000000e+01
5.200000000000000000e+01
5.300000000000000000e+01
5.400000000000000000e+01
5.500000000000000000e+01
5.600000000000000000e+01
5.700000000000000000e+01
5.800000000000000000e+01
5.900000000000000000e+01
6.000000000000000000e+01
6.100000000000000000e+01
6.200000000000000000e+01
6.300000000000000000e+01
6.400000000000000000e+01
6.500000000000000000e+01
6.600000000000000000e+01
6.700000000000000000e+01
6.800000000000000000e+01
6.900000000000000000e+01
7.000000000000000000e+01
7.100000000000000000e+01
7.200000000000000000e+01
7.300000000000000000e+01
7.400000000000000000e+01
7.500000000000000000e+01
7.600000000000000000e+01
7.700000000000000000e+01
7.800000000000000000e+01
7.900000000000000000e+01
8.000000000000000000e+01
8.100000000000000000e+01
8.200000000000000000e+01
8.300000000000000000e+01
8.400000000000000000e+01
8.500000000000000000e+01
8.600000000000000000e+01
8.700000000000000000e+01
8.800000000000000000e+01
8.900000000000000000e+01
9.000000000000000000e+01
9.100000000000000000e+01
9.200000000000000000e+01
9.300000000000000000e+01
9.400000000000000000e+01
9.500000000000000000e+01
9.600000000000000000e+01
9.700000000000000000e+01
9.800000000000000000e+01
9.900000000000000000e+01
