single photon fraction:    0.0619
laser fraction:    0.3186
thermal source fraction:    0.3540
non-detected fraction:    0.2655
number of bins:  200.0000
bin width (ns):    1.0000
average detection events per bin: 5000.0000

# binary result
0.000000000000000000e+00

# g2 signal
9.646725108974293361e-01
9.852207751170565242e-01
1.009878692180609105e+00
1.016454136730889912e+00
9.830289602669629589e-01
1.013440391312011135e+00
9.980976873613561784e-01
9.926181502361223208e-01
1.009878692180609105e+00
9.948099650862158860e-01
1.001385409636496471e+00
1.017276067299674791e+00
1.004947108767898500e+00
1.039194215800610444e+00
1.005495062480421975e+00
9.868646362546267259e-01
1.016180159874628064e+00
9.811111222731311310e-01
9.961798493675243504e-01
9.846728214045331606e-01
9.896044048172436547e-01
1.002755293917805046e+00
9.986456410738796530e-01
9.663163720349995378e-01
1.021111743287338669e+00
9.967278030800477140e-01
1.004947108767898500e+00
9.978237105050945521e-01
1.000563479067711370e+00
1.037276377806778616e+00
1.005769039336683601e+00
1.023029581281170497e+00
9.879605436796734530e-01
1.018645951580983366e+00
9.901523585297670182e-01
1.003029270774066672e+00
1.003851201342851773e+00
1.025769349843787426e+00
9.613847886222890438e-01
9.967278030800477140e-01
1.000015525355188117e+00
9.890564511047202911e-01
9.964538262237860877e-01
1.020289812718553568e+00
1.021659696999861922e+00
1.001659386492758319e+00
9.767274925729440005e-01
1.000837455923973218e+00
1.018919928437244993e+00
9.682342100288314768e-01
9.909742890985521191e-01
1.011522553318179307e+00
9.778233999979907276e-01
9.948099650862158860e-01
1.022207650712385396e+00
1.003577224486590147e+00
9.920701965235989572e-01
1.015358229305842963e+00
1.018097997868459892e+00
1.002207340205281572e+00
9.959058725112626131e-01
9.967278030800477140e-01
1.040016146369395544e+00
1.010426645893132580e+00
1.003851201342851773e+00
9.909742890985521191e-01
1.012344483886964408e+00
1.007960854186777278e+00
9.863166825421033623e-01
1.001933363349019945e+00
9.731657934415419708e-01
9.956318956550009869e-01
9.959058725112626131e-01
1.007686877330515651e+00
9.948099650862158860e-01
9.975497336488328148e-01
1.005221085624160349e+00
1.001933363349019945e+00
1.001659386492758319e+00
9.917962196673372199e-01
9.726178397290184963e-01
9.885084973921969276e-01
1.014262321880796236e+00
9.970017799363094513e-01
9.928921270923840581e-01
9.994675716426646428e-01
1.011248576461917681e+00
9.986456410738796530e-01
1.002207340205281572e+00
9.800152148480842929e-01
9.978237105050945521e-01
1.020837766431077043e+00
9.723438628727568700e-01
1.005495062480421975e+00
9.707000017351866683e-01
9.907003122422904928e-01
1.003851201342851773e+00
9.931661039486456843e-01
9.649464877536910734e-01
9.959058725112626131e-01
1.403857411484927153e+00
9.931661039486456843e-01
9.586450200596721150e-01
9.975497336488328148e-01
1.009056761611824005e+00
9.619327423348124073e-01
9.772754462854673640e-01
1.000563479067711370e+00
9.950839419424776233e-01
9.994675716426646428e-01
1.007960854186777278e+00
1.030426956400236183e+00
9.843988445482714233e-01
1.016180159874628064e+00
9.698780711664015675e-01
1.024125488706217224e+00
9.805631685606077674e-01
1.020289812718553568e+00
9.789193074230375657e-01
9.857687288295798878e-01
9.811111222731311310e-01
9.739877240103270717e-01
9.794672611355609293e-01
9.720698860164951327e-01
1.009056761611824005e+00
9.912482659548138564e-01
1.012892437599487661e+00
1.015084252449581337e+00
9.994675716426646428e-01
9.959058725112626131e-01
9.926181502361223208e-01
9.920701965235989572e-01
1.034262632387900060e+00
9.591929737721954785e-01
9.819330528419162318e-01
1.000563479067711370e+00
9.865906593983649886e-01
9.893304279609819174e-01
1.026043326700049052e+00
9.835769139794863225e-01
9.827549834107013327e-01
1.002481317061543420e+00
1.014810275593319711e+00
1.017824021012198266e+00
1.035632516669208414e+00
9.745356777228504352e-01
1.009056761611824005e+00
1.006590969905468702e+00
9.789193074230375657e-01
9.709739785914484056e-01
1.008508807899300752e+00
1.004125178199113622e+00
9.682342100288314768e-01
9.816590759856544945e-01
1.020289812718553568e+00
9.986456410738796530e-01
9.898783816735053920e-01
9.879605436796734530e-01
1.021933673856123770e+00
9.978237105050945521e-01
1.007686877330515651e+00
9.915222428110754826e-01
9.734397702978035971e-01
9.794672611355609293e-01
9.737137471540653344e-01
9.668643257475229014e-01
1.013440391312011135e+00
1.000289502211449744e+00
9.931661039486456843e-01
1.006864946761730550e+00
9.991935947864030165e-01
1.005221085624160349e+00
1.005769039336683601e+00
9.865906593983649886e-01
1.007412900474253803e+00
1.000289502211449744e+00
9.879605436796734530e-01
9.797412379918226666e-01
9.953579187987392496e-01
9.871386131108883522e-01
9.865906593983649886e-01
9.772754462854673640e-01
1.014262321880796236e+00
1.010974599605655833e+00
1.005221085624160349e+00
9.997415484989263801e-01
9.912482659548138564e-01
9.868646362546267259e-01
9.989196179301412792e-01
1.018097997868459892e+00
9.764535157166822632e-01
1.041386030650704120e+00
9.939880345174307852e-01
1.020837766431077043e+00
9.901523585297670182e-01
9.893304279609819174e-01
9.852207751170565242e-01
1.021111743287338669e+00
1.004399155055375248e+00
9.874125899671500894e-01

# time bin value
-1.000000000000000000e+02
-9.900000000000000000e+01
-9.800000000000000000e+01
-9.700000000000000000e+01
-9.600000000000000000e+01
-9.500000000000000000e+01
-9.400000000000000000e+01
-9.300000000000000000e+01
-9.200000000000000000e+01
-9.100000000000000000e+01
-9.000000000000000000e+01
-8.900000000000000000e+01
-8.800000000000000000e+01
-8.700000000000000000e+01
-8.600000000000000000e+01
-8.500000000000000000e+01
-8.400000000000000000e+01
-8.300000000000000000e+01
-8.200000000000000000e+01
-8.100000000000000000e+01
-8.000000000000000000e+01
-7.900000000000000000e+01
-7.800000000000000000e+01
-7.700000000000000000e+01
-7.600000000000000000e+01
-7.500000000000000000e+01
-7.400000000000000000e+01
-7.300000000000000000e+01
-7.200000000000000000e+01
-7.100000000000000000e+01
-7.000000000000000000e+01
-6.900000000000000000e+01
-6.800000000000000000e+01
-6.700000000000000000e+01
-6.600000000000000000e+01
-6.500000000000000000e+01
-6.400000000000000000e+01
-6.300000000000000000e+01
-6.200000000000000000e+01
-6.100000000000000000e+01
-6.000000000000000000e+01
-5.900000000000000000e+01
-5.800000000000000000e+01
-5.700000000000000000e+01
-5.600000000000000000e+01
-5.500000000000000000e+01
-5.400000000000000000e+01
-5.300000000000000000e+01
-5.200000000000000000e+01
-5.100000000000000000e+01
-5.000000000000000000e+01
-4.900000000000000000e+01
-4.800000000000000000e+01
-4.700000000000000000e+01
-4.600000000000000000e+01
-4.500000000000000000e+01
-4.400000000000000000e+01
-4.300000000000000000e+01
-4.200000000000000000e+01
-4.100000000000000000e+01
-4.000000000000000000e+01
-3.900000000000000000e+01
-3.800000000000000000e+01
-3.700000000000000000e+01
-3.600000000000000000e+01
-3.500000000000000000e+01
-3.400000000000000000e+01
-3.300000000000000000e+01
-3.200000000000000000e+01
-3.100000000000000000e+01
-3.000000000000000000e+01
-2.900000000000000000e+01
-2.800000000000000000e+01
-2.700000000000000000e+01
-2.600000000000000000e+01
-2.500000000000000000e+01
-2.400000000000000000e+01
-2.300000000000000000e+01
-2.200000000000000000e+01
-2.100000000000000000e+01
-2.000000000000000000e+01
-1.900000000000000000e+01
-1.800000000000000000e+01
-1.700000000000000000e+01
-1.600000000000000000e+01
-1.500000000000000000e+01
-1.400000000000000000e+01
-1.300000000000000000e+01
-1.200000000000000000e+01
-1.100000000000000000e+01
-1.000000000000000000e+01
-9.000000000000000000e+00
-8.000000000000000000e+00
-7.000000000000000000e+00
-6.000000000000000000e+00
-5.000000000000000000e+00
-4.000000000000000000e+00
-3.000000000000000000e+00
-2.000000000000000000e+00
-1.000000000000000000e+00
0.000000000000000000e+00
1.000000000000000000e+00
2.000000000000000000e+00
3.000000000000000000e+00
4.000000000000000000e+00
5.000000000000000000e+00
6.000000000000000000e+00
7.000000000000000000e+00
8.000000000000000000e+00
9.000000000000000000e+00
1.000000000000000000e+01
1.100000000000000000e+01
1.200000000000000000e+01
1.300000000000000000e+01
1.400000000000000000e+01
1.500000000000000000e+01
1.600000000000000000e+01
1.700000000000000000e+01
1.800000000000000000e+01
1.900000000000000000e+01
2.000000000000000000e+01
2.100000000000000000e+01
2.200000000000000000e+01
2.300000000000000000e+01
2.400000000000000000e+01
2.500000000000000000e+01
2.600000000000000000e+01
2.700000000000000000e+01
2.800000000000000000e+01
2.900000000000000000e+01
3.000000000000000000e+01
3.100000000000000000e+01
3.200000000000000000e+01
3.300000000000000000e+01
3.400000000000000000e+01
3.500000000000000000e+01
3.600000000000000000e+01
3.700000000000000000e+01
3.800000000000000000e+01
3.900000000000000000e+01
4.000000000000000000e+01
4.100000000000000000e+01
4.200000000000000000e+01
4.300000000000000000e+01
4.400000000000000000e+01
4.500000000000000000e+01
4.600000000000000000e+01
4.700000000000000000e+01
4.800000000000000000e+01
4.900000000000000000e+01
5.000000000000000000e+01
5.100000000000000000e+01
5.200000000000000000e+01
5.300000000000000000e+01
5.400000000000000000e+01
5.500000000000000000e+01
5.600000000000000000e+01
5.700000000000000000e+01
5.800000000000000000e+01
5.900000000000000000e+01
6.000000000000000000e+01
6.100000000000000000e+01
6.200000000000000000e+01
6.300000000000000000e+01
6.400000000000000000e+01
6.500000000000000000e+01
6.600000000000000000e+01
6.700000000000000000e+01
6.800000000000000000e+01
6.900000000000000000e+01
7.000000000000000000e+01
7.100000000000000000e+01
7.200000000000000000e+01
7.300000000000000000e+01
7.400000000000000000e+01
7.500000000000000000e+01
7.600000000000000000e+01
7.700000000000000000e+01
7.800000000000000000e+01
7.900000000000000000e+01
8.000000000000000000e+01
8.100000000000000000e+01
8.200000000000000000e+01
8.300000000000000000e+01
8.400000000000000000e+01
8.500000000000000000e+01
8.600000000000000000e+01
8.700000000000000000e+01
8.800000000000000000e+01
8.900000000000000000e+01
9.000000000000000000e+01
9.100000000000000000e+01
9.200000000000000000e+01
9.300000000000000000e+01
9.400000000000000000e+01
9.500000000000000000e+01
9.600000000000000000e+01
9.700000000000000000e+01
9.800000000000000000e+01
9.900000000000000000e+01
