single photon fraction:    0.0205
laser fraction:    0.2615
thermal source fraction:    0.4615
non-detected fraction:    0.2564
number of bins:  200.0000
bin width (ns):    1.0000
average detection events per bin: 5000.0000

# binary result
0.000000000000000000e+00

# g2 signal
1.012113254237654969e+00
9.942572064483780059e-01
9.907401061262477437e-01
9.745073354087231410e-01
9.910106523048731741e-01
1.012113254237654969e+00
1.005620145950645306e+00
9.901990137689968829e-01
9.918222908407493543e-01
9.920928370193747847e-01
1.003455776521641862e+00
1.020229639596417215e+00
9.872230058041173706e-01
1.016171446917036203e+00
1.015900900738410773e+00
9.563807414408207475e-01
1.008596153915524818e+00
9.866819134468666208e-01
9.858702749109903296e-01
9.866819134468666208e-01
1.025099470811674740e+00
9.704491427293420180e-01
9.934455679125018257e-01
9.864113672682411904e-01
9.958804835201304773e-01
1.006702330665146805e+00
1.006702330665146805e+00
1.010760523344528039e+00
9.999386761995116002e-01
9.847880901964887190e-01
1.013195438952156691e+00
1.006972876843772235e+00
9.958804835201304773e-01
9.915517446621239239e-01
1.008325607736899387e+00
1.007513969201023096e+00
9.872230058041173706e-01
9.977743067705083790e-01
9.896579214117461332e-01
9.934455679125018257e-01
1.006431784486521375e+00
9.961510296987559077e-01
1.030510394384182904e+00
1.012924892773531260e+00
9.796477128026059855e-01
9.658498576927101453e-01
1.006431784486521375e+00
9.996681300208861698e-01
1.022664555204046088e+00
9.893873752331207028e-01
9.977743067705083790e-01
9.866819134468666208e-01
9.993975838422608504e-01
1.006972876843772235e+00
9.877640981613682314e-01
9.801888051598567353e-01
1.006431784486521375e+00
1.011301615701778900e+00
9.918222908407493543e-01
9.939866602697526865e-01
9.861408210896157600e-01
9.831648131247362477e-01
9.907401061262477437e-01
9.899284675903714525e-01
9.883051905186190922e-01
1.008325607736899387e+00
1.024558378454423879e+00
9.942572064483780059e-01
9.964215758773813381e-01
9.926339293766255345e-01
1.005620145950645306e+00
1.005890692129270736e+00
9.736956968728469608e-01
9.831648131247362477e-01
9.731546045155961000e-01
1.043496610958202453e+00
9.985859453063845592e-01
1.001561953271264072e+00
9.793771666239805551e-01
9.864113672682411904e-01
1.036191864135316498e+00
9.845175440178632886e-01
9.666614962285863255e-01
1.005349599772019875e+00
1.004267415057518154e+00
1.013195438952156691e+00
1.008055061558273957e+00
9.918222908407493543e-01
9.953393911628797275e-01
9.780244357308535141e-01
1.001561953271264072e+00
9.942572064483780059e-01
9.893873752331207028e-01
9.961510296987559077e-01
9.926339293766255345e-01
9.899284675903714525e-01
9.896579214117461332e-01
9.807298975171075961e-01
1.017253631631537703e+00
9.764011586591010428e-01
1.592705353567782645e+00
9.977743067705083790e-01
1.015900900738410773e+00
1.019147454881915715e+00
1.005349599772019875e+00
1.013465985130782121e+00
1.028346024955179683e+00
9.826237207674854979e-01
9.801888051598567353e-01
9.977743067705083790e-01
1.006431784486521375e+00
1.010489977165902609e+00
9.929044755552509649e-01
1.012383800416280399e+00
9.966921220560067685e-01
1.005620145950645306e+00
1.012654346594905830e+00
9.842469978392378582e-01
9.450178019385535588e-01
1.009137246272775457e+00
9.772127971949772229e-01
1.004267415057518154e+00
9.766717048377264732e-01
1.007243423022397666e+00
9.826237207674854979e-01
9.874935519827428010e-01
1.002914684164391224e+00
9.826237207674854979e-01
9.931750217338763953e-01
1.023746739918547588e+00
1.003455776521641862e+00
9.991270376636354200e-01
1.037274048849817998e+00
9.877640981613682314e-01
1.001291407092638641e+00
9.785655280881043749e-01
9.755895201232248626e-01
1.036462410313941929e+00
1.002644137985765793e+00
1.008055061558273957e+00
9.904695599476223133e-01
1.008325607736899387e+00
1.026722747883427100e+00
9.904695599476223133e-01
1.001561953271264072e+00
1.003455776521641862e+00
9.807298975171075961e-01
1.000479768556762350e+00
9.983153991277591288e-01
1.038897325921570580e+00
9.969626682346320878e-01
9.726135121583453502e-01
9.999386761995116002e-01
1.002644137985765793e+00
1.040520602993322941e+00
9.961510296987559077e-01
1.008596153915524818e+00
1.021311824310918936e+00
9.956099373415050469e-01
1.004267415057518154e+00
9.672025885858371863e-01
9.699080503720912683e-01
9.874935519827428010e-01
1.000209222378137142e+00
9.993975838422608504e-01
9.961510296987559077e-01
9.972332144132575182e-01
1.011031069523153469e+00
9.953393911628797275e-01
1.013465985130782121e+00
9.904695599476223133e-01
1.002914684164391224e+00
1.027534386419303392e+00
9.883051905186190922e-01
9.929044755552509649e-01
1.011301615701778900e+00
9.942572064483780059e-01
1.009948884808651748e+00
1.014277623666658412e+00
9.923633831980002151e-01
9.799182589812314159e-01
1.007243423022397666e+00
9.828942669461108173e-01
1.019688547239166576e+00
1.018606362524664855e+00
9.934455679125018257e-01
9.918222908407493543e-01
1.021041278132293506e+00
9.715313274438437396e-01
9.861408210896157600e-01
1.002103045628514932e+00
1.006161238307895944e+00
9.850586363751141494e-01
9.801888051598567353e-01
9.826237207674854979e-01
9.712607812652183092e-01
9.839764516606125389e-01
9.934455679125018257e-01
1.012924892773531260e+00
1.004808507414769014e+00

# time bin value
-1.000000000000000000e+02
-9.900000000000000000e+01
-9.800000000000000000e+01
-9.700000000000000000e+01
-9.600000000000000000e+01
-9.500000000000000000e+01
-9.400000000000000000e+01
-9.300000000000000000e+01
-9.200000000000000000e+01
-9.100000000000000000e+01
-9.000000000000000000e+01
-8.900000000000000000e+01
-8.800000000000000000e+01
-8.700000000000000000e+01
-8.600000000000000000e+01
-8.500000000000000000e+01
-8.400000000000000000e+01
-8.300000000000000000e+01
-8.200000000000000000e+01
-8.100000000000000000e+01
-8.000000000000000000e+01
-7.900000000000000000e+01
-7.800000000000000000e+01
-7.700000000000000000e+01
-7.600000000000000000e+01
-7.500000000000000000e+01
-7.400000000000000000e+01
-7.300000000000000000e+01
-7.200000000000000000e+01
-7.100000000000000000e+01
-7.000000000000000000e+01
-6.900000000000000000e+01
-6.800000000000000000e+01
-6.700000000000000000e+01
-6.600000000000000000e+01
-6.500000000000000000e+01
-6.400000000000000000e+01
-6.300000000000000000e+01
-6.200000000000000000e+01
-6.100000000000000000e+01
-6.000000000000000000e+01
-5.900000000000000000e+01
-5.800000000000000000e+01
-5.700000000000000000e+01
-5.600000000000000000e+01
-5.500000000000000000e+01
-5.400000000000000000e+01
-5.300000000000000000e+01
-5.200000000000000000e+01
-5.100000000000000000e+01
-5.000000000000000000e+01
-4.900000000000000000e+01
-4.800000000000000000e+01
-4.700000000000000000e+01
-4.600000000000000000e+01
-4.500000000000000000e+01
-4.400000000000000000e+01
-4.300000000000000000e+01
-4.200000000000000000e+01
-4.100000000000000000e+01
-4.000000000000000000e+01
-3.900000000000000000e+01
-3.800000000000000000e+01
-3.700000000000000000e+01
-3.600000000000000000e+01
-3.500000000000000000e+01
-3.400000000000000000e+01
-3.300000000000000000e+01
-3.200000000000000000e+01
-3.100000000000000000e+01
-3.000000000000000000e+01
-2.900000000000000000e+01
-2.800000000000000000e+01
-2.700000000000000000e+01
-2.600000000000000000e+01
-2.500000000000000000e+01
-2.400000000000000000e+01
-2.300000000000000000e+01
-2.200000000000000000e+01
-2.100000000000000000e+01
-2.000000000000000000e+01
-1.900000000000000000e+01
-1.800000000000000000e+01
-1.700000000000000000e+01
-1.600000000000000000e+01
-1.500000000000000000e+01
-1.400000000000000000e+01
-1.300000000000000000e+01
-1.200000000000000000e+01
-1.100000000000000000e+01
-1.000000000000000000e+01
-9.000000000000000000e+00
-8.000000000000000000e+00
-7.000000000000000000e+00
-6.000000000000000000e+00
-5.000000000000000000e+00
-4.000000000000000000e+00
-3.000000000000000000e+00
-2.000000000000000000e+00
-1.000000000000000000e+00
0.000000000000000000e+00
1.000000000000000000e+00
2.000000000000000000e+00
3.000000000000000000e+00
4.000000000000000000e+00
5.000000000000000000e+00
6.000000000000000000e+00
7.000000000000000000e+00
8.000000000000000000e+00
9.000000000000000000e+00
1.000000000000000000e+01
1.100000000000000000e+01
1.200000000000000000e+01
1.300000000000000000e+01
1.400000000000000000e+01
1.500000000000000000e+01
1.600000000000000000e+01
1.700000000000000000e+01
1.800000000000000000e+01
1.900000000000000000e+01
2.000000000000000000e+01
2.100000000000000000e+01
2.200000000000000000e+01
2.300000000000000000e+01
2.400000000000000000e+01
2.500000000000000000e+01
2.600000000000000000e+01
2.700000000000000000e+01
2.800000000000000000e+01
2.900000000000000000e+01
3.000000000000000000e+01
3.100000000000000000e+01
3.200000000000000000e+01
3.300000000000000000e+01
3.400000000000000000e+01
3.500000000000000000e+01
3.600000000000000000e+01
3.700000000000000000e+01
3.800000000000000000e+01
3.900000000000000000e+01
4.000000000000000000e+01
4.100000000000000000e+01
4.200000000000000000e+01
4.300000000000000000e+01
4.400000000000000000e+01
4.500000000000000000e+01
4.600000000000000000e+01
4.700000000000000000e+01
4.800000000000000000e+01
4.900000000000000000e+01
5.000000000000000000e+01
5.100000000000000000e+01
5.200000000000000000e+01
5.300000000000000000e+01
5.400000000000000000e+01
5.500000000000000000e+01
5.600000000000000000e+01
5.700000000000000000e+01
5.800000000000000000e+01
5.900000000000000000e+01
6.000000000000000000e+01
6.100000000000000000e+01
6.200000000000000000e+01
6.300000000000000000e+01
6.400000000000000000e+01
6.500000000000000000e+01
6.600000000000000000e+01
6.700000000000000000e+01
6.800000000000000000e+01
6.900000000000000000e+01
7.000000000000000000e+01
7.100000000000000000e+01
7.200000000000000000e+01
7.300000000000000000e+01
7.400000000000000000e+01
7.500000000000000000e+01
7.600000000000000000e+01
7.700000000000000000e+01
7.800000000000000000e+01
7.900000000000000000e+01
8.000000000000000000e+01
8.100000000000000000e+01
8.200000000000000000e+01
8.300000000000000000e+01
8.400000000000000000e+01
8.500000000000000000e+01
8.600000000000000000e+01
8.700000000000000000e+01
8.800000000000000000e+01
8.900000000000000000e+01
9.000000000000000000e+01
9.100000000000000000e+01
9.200000000000000000e+01
9.300000000000000000e+01
9.400000000000000000e+01
9.500000000000000000e+01
9.600000000000000000e+01
9.700000000000000000e+01
9.800000000000000000e+01
9.900000000000000000e+01
