single photon fraction:    0.2928
laser fraction:    0.0497
thermal source fraction:    0.4586
non-detected fraction:    0.1989
number of bins:  200.0000
bin width (ns):    1.0000
average detection events per bin: 5000.0000

# binary result
0.000000000000000000e+00

# g2 signal
1.003252956491393233e+00
9.859295195549802049e-01
1.028861515440873120e+00
1.021329586338084905e+00
1.021329586338084905e+00
9.869337767686853224e-01
1.032125351385414724e+00
1.014801914449001696e+00
1.001997634974261864e+00
9.801550405761758622e-01
1.022333843551790133e+00
1.009529564077050079e+00
9.891933554995218092e-01
1.029363644047725623e+00
1.015806171662706925e+00
1.004508278008524602e+00
9.791507833624708557e-01
9.987337990297202595e-01
9.929593200509159168e-01
1.001997634974261864e+00
1.019070007607248529e+00
1.015555107359280562e+00
9.751337545076503854e-01
9.904486770166531784e-01
1.010533821290755085e+00
9.947167701748997892e-01
9.881890982858166916e-01
1.009529564077050079e+00
1.009529564077050079e+00
1.022082779248363771e+00
1.008023178256492347e+00
9.914529342303582959e-01
9.763890760247817546e-01
9.869337767686853224e-01
9.881890982858166916e-01
1.011538078504460314e+00
9.856784552515539533e-01
1.002750827884540508e+00
9.794018476658971073e-01
9.809082334864547281e-01
1.002499763581114367e+00
9.665975681911570527e-01
9.864316481618328192e-01
9.701124684391249087e-01
1.016810428876411931e+00
9.987337990297202595e-01
9.809082334864547281e-01
1.013546592931870327e+00
9.691082112254197911e-01
9.896954841063743125e-01
1.013295528628444186e+00
1.012542335718165321e+00
9.881890982858166916e-01
9.954699630851786551e-01
9.831678122172912149e-01
1.004508278008524602e+00
1.020576393427806039e+00
9.846741980378488357e-01
1.007521049649639844e+00
1.007521049649639844e+00
9.989848633331465111e-01
1.016810428876411931e+00
1.018818943303822167e+00
9.982316704228676452e-01
1.007521049649639844e+00
9.881890982858166916e-01
9.939635772646210343e-01
1.017061493179838294e+00
1.000993377760556635e+00
1.028108322530594254e+00
9.806571691830284765e-01
9.909508056235056817e-01
1.030870029868283355e+00
9.964742202988837727e-01
1.028610451137446979e+00
1.027104065316889248e+00
9.957210273886049068e-01
9.944657058714735376e-01
1.030367901261430852e+00
1.006767856739360978e+00
9.668486324945833044e-01
1.007772113953066206e+00
1.003755085098245736e+00
9.896954841063743125e-01
1.010282756987328945e+00
9.706145970459775230e-01
1.002248699277688004e+00
9.866827124652590708e-01
9.864316481618328192e-01
9.891933554995218092e-01
1.000240184850277769e+00
1.001495506367409138e+00
1.007018921042787341e+00
9.929593200509159168e-01
9.959720916920311584e-01
1.021831714944937408e+00
1.024342357979200147e+00
9.869337767686853224e-01
9.879380339823904400e-01
9.841720694309963324e-01
1.217159743010579165e+00
9.917039985337845476e-01
9.906997413200794300e-01
1.013044464325017824e+00
9.987337990297202595e-01
9.876869696789641884e-01
1.042167923522465678e+00
9.906997413200794300e-01
9.901976127132269268e-01
9.932103843543421684e-01
9.610741535157790727e-01
9.982316704228676452e-01
9.904486770166531784e-01
1.001495506367409138e+00
1.022333843551790133e+00
9.967252846023100243e-01
1.003252956491393233e+00
9.771422689350606205e-01
9.994869919399990144e-01
9.799039762727496106e-01
9.929593200509159168e-01
9.999891205468516286e-01
9.839210051275699698e-01
1.000491249153704132e+00
1.032376415688841087e+00
9.891933554995218092e-01
1.009027435470197576e+00
1.013546592931870327e+00
1.015052978752428059e+00
9.876869696789641884e-01
1.004257213705098239e+00
1.023338100765495140e+00
1.046938145287565014e+00
9.886912268926691949e-01
1.015052978752428059e+00
1.005512535222229609e+00
9.939635772646210343e-01
9.922061271406370508e-01
9.751337545076503854e-01
1.005010406615377105e+00
9.994869919399990144e-01
1.000491249153704132e+00
9.979806061194413935e-01
9.781465261487657381e-01
1.002750827884540508e+00
1.013546592931870327e+00
9.696103398322724054e-01
9.929593200509159168e-01
1.035640251633382691e+00
1.023589165068921503e+00
1.021329586338084905e+00
9.949678344783261519e-01
9.866827124652590708e-01
9.964742202988837727e-01
1.026853001013462885e+00
1.021831714944937408e+00
1.004257213705098239e+00
9.665975681911570527e-01
9.871848410721115741e-01
9.979806061194413935e-01
9.841720694309963324e-01
9.917039985337845476e-01
1.006265728132508475e+00
9.987337990297202595e-01
9.771422689350606205e-01
9.841720694309963324e-01
1.004508278008524602e+00
1.017061493179838294e+00
9.997380562434252660e-01
9.987337990297202595e-01
9.796529119693233589e-01
1.000240184850277769e+00
1.031121094171709718e+00
9.889422911960955576e-01
9.826656836104386006e-01
9.786486547556182414e-01
1.000491249153704132e+00
1.011538078504460314e+00
9.949678344783261519e-01
9.786486547556182414e-01
1.001495506367409138e+00
9.716188542596825295e-01
9.899465484098005641e-01
9.834188765207174665e-01
9.841720694309963324e-01
1.008776371166771213e+00
1.014048721538723052e+00
9.924571914440634135e-01
1.009027435470197576e+00
1.018818943303822167e+00
9.949678344783261519e-01
9.819124907001598457e-01
1.015052978752428059e+00
9.849252623412750873e-01
9.864316481618328192e-01
1.007772113953066206e+00
9.831678122172912149e-01
1.000491249153704132e+00
9.952188987817524035e-01
9.620784107294841903e-01

# time bin value
-1.000000000000000000e+02
-9.900000000000000000e+01
-9.800000000000000000e+01
-9.700000000000000000e+01
-9.600000000000000000e+01
-9.500000000000000000e+01
-9.400000000000000000e+01
-9.300000000000000000e+01
-9.200000000000000000e+01
-9.100000000000000000e+01
-9.000000000000000000e+01
-8.900000000000000000e+01
-8.800000000000000000e+01
-8.700000000000000000e+01
-8.600000000000000000e+01
-8.500000000000000000e+01
-8.400000000000000000e+01
-8.300000000000000000e+01
-8.200000000000000000e+01
-8.100000000000000000e+01
-8.000000000000000000e+01
-7.900000000000000000e+01
-7.800000000000000000e+01
-7.700000000000000000e+01
-7.600000000000000000e+01
-7.500000000000000000e+01
-7.400000000000000000e+01
-7.300000000000000000e+01
-7.200000000000000000e+01
-7.100000000000000000e+01
-7.000000000000000000e+01
-6.900000000000000000e+01
-6.800000000000000000e+01
-6.700000000000000000e+01
-6.600000000000000000e+01
-6.500000000000000000e+01
-6.400000000000000000e+01
-6.300000000000000000e+01
-6.200000000000000000e+01
-6.100000000000000000e+01
-6.000000000000000000e+01
-5.900000000000000000e+01
-5.800000000000000000e+01
-5.700000000000000000e+01
-5.600000000000000000e+01
-5.500000000000000000e+01
-5.400000000000000000e+01
-5.300000000000000000e+01
-5.200000000000000000e+01
-5.100000000000000000e+01
-5.000000000000000000e+01
-4.900000000000000000e+01
-4.800000000000000000e+01
-4.700000000000000000e+01
-4.600000000000000000e+01
-4.500000000000000000e+01
-4.400000000000000000e+01
-4.300000000000000000e+01
-4.200000000000000000e+01
-4.100000000000000000e+01
-4.000000000000000000e+01
-3.900000000000000000e+01
-3.800000000000000000e+01
-3.700000000000000000e+01
-3.600000000000000000e+01
-3.500000000000000000e+01
-3.400000000000000000e+01
-3.300000000000000000e+01
-3.200000000000000000e+01
-3.100000000000000000e+01
-3.000000000000000000e+01
-2.900000000000000000e+01
-2.800000000000000000e+01
-2.700000000000000000e+01
-2.600000000000000000e+01
-2.500000000000000000e+01
-2.400000000000000000e+01
-2.300000000000000000e+01
-2.200000000000000000e+01
-2.100000000000000000e+01
-2.000000000000000000e+01
-1.900000000000000000e+01
-1.800000000000000000e+01
-1.700000000000000000e+01
-1.600000000000000000e+01
-1.500000000000000000e+01
-1.400000000000000000e+01
-1.300000000000000000e+01
-1.200000000000000000e+01
-1.100000000000000000e+01
-1.000000000000000000e+01
-9.000000000000000000e+00
-8.000000000000000000e+00
-7.000000000000000000e+00
-6.000000000000000000e+00
-5.000000000000000000e+00
-4.000000000000000000e+00
-3.000000000000000000e+00
-2.000000000000000000e+00
-1.000000000000000000e+00
0.000000000000000000e+00
1.000000000000000000e+00
2.000000000000000000e+00
3.000000000000000000e+00
4.000000000000000000e+00
5.000000000000000000e+00
6.000000000000000000e+00
7.000000000000000000e+00
8.000000000000000000e+00
9.000000000000000000e+00
1.000000000000000000e+01
1.100000000000000000e+01
1.200000000000000000e+01
1.300000000000000000e+01
1.400000000000000000e+01
1.500000000000000000e+01
1.600000000000000000e+01
1.700000000000000000e+01
1.800000000000000000e+01
1.900000000000000000e+01
2.000000000000000000e+01
2.100000000000000000e+01
2.200000000000000000e+01
2.300000000000000000e+01
2.400000000000000000e+01
2.500000000000000000e+01
2.600000000000000000e+01
2.700000000000000000e+01
2.800000000000000000e+01
2.900000000000000000e+01
3.000000000000000000e+01
3.100000000000000000e+01
3.200000000000000000e+01
3.300000000000000000e+01
3.400000000000000000e+01
3.500000000000000000e+01
3.600000000000000000e+01
3.700000000000000000e+01
3.800000000000000000e+01
3.900000000000000000e+01
4.000000000000000000e+01
4.100000000000000000e+01
4.200000000000000000e+01
4.300000000000000000e+01
4.400000000000000000e+01
4.500000000000000000e+01
4.600000000000000000e+01
4.700000000000000000e+01
4.800000000000000000e+01
4.900000000000000000e+01
5.000000000000000000e+01
5.100000000000000000e+01
5.200000000000000000e+01
5.300000000000000000e+01
5.400000000000000000e+01
5.500000000000000000e+01
5.600000000000000000e+01
5.700000000000000000e+01
5.800000000000000000e+01
5.900000000000000000e+01
6.000000000000000000e+01
6.100000000000000000e+01
6.200000000000000000e+01
6.300000000000000000e+01
6.400000000000000000e+01
6.500000000000000000e+01
6.600000000000000000e+01
6.700000000000000000e+01
6.800000000000000000e+01
6.900000000000000000e+01
7.000000000000000000e+01
7.100000000000000000e+01
7.200000000000000000e+01
7.300000000000000000e+01
7.400000000000000000e+01
7.500000000000000000e+01
7.600000000000000000e+01
7.700000000000000000e+01
7.800000000000000000e+01
7.900000000000000000e+01
8.000000000000000000e+01
8.100000000000000000e+01
8.200000000000000000e+01
8.300000000000000000e+01
8.400000000000000000e+01
8.500000000000000000e+01
8.600000000000000000e+01
8.700000000000000000e+01
8.800000000000000000e+01
8.900000000000000000e+01
9.000000000000000000e+01
9.100000000000000000e+01
9.200000000000000000e+01
9.300000000000000000e+01
9.400000000000000000e+01
9.500000000000000000e+01
9.600000000000000000e+01
9.700000000000000000e+01
9.800000000000000000e+01
9.900000000000000000e+01
