single photon fraction:    0.3672
laser fraction:    0.0859
thermal source fraction:    0.1250
non-detected fraction:    0.4219
number of bins:  200.0000
bin width (ns):    1.0000
average detection events per bin: 5000.0000

# binary result
0.000000000000000000e+00

# g2 signal
1.020227203972418506e+00
1.011881787171007963e+00
1.004579547469774070e+00
1.047002082876943296e+00
1.038656666075532975e+00
9.990159362688336708e-01
1.004579547469774070e+00
1.003188644669538832e+00
1.041090745975944420e+00
9.750228629647789136e-01
9.875409881668945067e-01
9.910182451674821591e-01
9.864978110667181888e-01
1.007013627370185294e+00
9.750228629647789136e-01
9.621570120626045108e-01
9.972773077685398446e-01
9.666774461633684812e-01
1.020574929672477094e+00
9.767614914650727398e-01
9.739796858646025957e-01
1.004231821769715260e+00
1.010143158670714136e+00
1.006318175970067896e+00
9.795432970655428839e-01
1.021270381072594713e+00
1.007361353070244103e+00
1.007361353070244103e+00
1.016054495571713234e+00
9.990159362688336708e-01
9.621570120626045108e-01
9.903227937673645398e-01
1.036222586175121751e+00
9.746751372647201039e-01
1.042829374476238247e+00
9.983204848687161626e-01
1.001450016169245005e+00
1.005622724569950277e+00
9.791955713654840743e-01
1.020574929672477094e+00
9.986682105687749722e-01
1.022661283872829729e+00
9.986682105687749722e-01
9.812819255658367101e-01
1.016402221271772044e+00
9.840637311663067432e-01
9.931045993678346839e-01
9.917136965675996674e-01
1.012577238571125582e+00
1.003884096069656451e+00
9.785001199653665660e-01
1.009099981570537929e+00
9.760660400649552315e-01
1.033788506274710306e+00
1.007361353070244103e+00
1.017097672671889441e+00
1.005274998869891467e+00
1.019879478272359696e+00
1.023356735272947349e+00
9.882364395670120150e-01
1.002145467569362625e+00
9.972773077685398446e-01
1.007013627370185294e+00
1.004579547469774070e+00
9.899750680673058412e-01
1.021270381072594713e+00
9.868455367667768874e-01
9.645910919630159563e-01
9.903227937673645398e-01
1.027877169373711208e+00
1.037613488975356768e+00
9.997113876689512901e-01
1.033440780574651496e+00
1.008752255870479120e+00
1.034483957674827925e+00
9.691115260637799267e-01
9.917136965675996674e-01
9.965818563684223363e-01
9.732842344644850874e-01
1.015011318471537027e+00
1.023009009572888539e+00
1.009447707270596739e+00
1.012924964271184392e+00
1.007013627370185294e+00
9.944955021680698115e-01
1.028224895073770018e+00
1.029615797874005034e+00
9.739796858646025957e-01
1.009795432970655549e+00
1.017097672671889441e+00
1.018836301172183267e+00
1.014663592771478218e+00
1.011534061470949375e+00
1.034831683374886513e+00
1.002840918969480244e+00
9.958864049683048281e-01
1.008752255870479120e+00
1.038308940375474165e+00
9.979727591686574639e-01
9.611138349624283039e-01
5.793110162979036026e-01
9.851069082664830612e-01
9.590274807620756681e-01
1.016054495571713234e+00
9.920614222676583660e-01
9.826728283660717267e-01
1.005970450270009087e+00
1.028920346473887637e+00
1.003188644669538832e+00
1.021618106772653523e+00
9.948432278681285101e-01
9.993636619688924805e-01
9.965818563684223363e-01
9.889318909671295232e-01
9.826728283660717267e-01
1.003188644669538832e+00
1.011534061470949375e+00
1.026486266573476192e+00
1.012229512871066772e+00
9.854546339665418708e-01
1.005622724569950277e+00
1.015706769871654425e+00
9.708501545640737529e-01
1.032397603474475289e+00
1.008056804470361723e+00
9.809341998657779005e-01
1.004579547469774070e+00
1.003884096069656451e+00
9.649388176630746550e-01
1.010490884370772946e+00
1.000059113369009989e+00
1.003536370369597641e+00
9.892796166671883329e-01
9.851069082664830612e-01
9.830205540661305363e-01
9.809341998657779005e-01
1.013272689971243201e+00
9.805864741657190908e-01
9.864978110667181888e-01
9.917136965675996674e-01
1.025790815173358572e+00
9.972773077685398446e-01
9.878887138669532053e-01
1.005970450270009087e+00
9.958864049683048281e-01
9.983204848687161626e-01
9.951909535681873198e-01
1.002145467569362625e+00
9.878887138669532053e-01
1.005274998869891467e+00
9.948432278681285101e-01
1.018140849772065870e+00
1.016054495571713234e+00
1.029963523574063844e+00
1.021965832472712332e+00
1.001450016169245005e+00
1.012924964271184392e+00
1.002493193269421434e+00
1.031702152074357670e+00
9.819773769659542184e-01
1.000406839069068798e+00
9.802387484656603922e-01
9.823251026660129170e-01
9.885841652670707136e-01
9.969295820684811460e-01
9.979727591686574639e-01
1.022661283872829729e+00
1.002840918969480244e+00
1.000406839069068798e+00
9.962341306683636377e-01
9.934523250678934936e-01
9.656342690631921633e-01
9.924091479677171757e-01
9.816296512658954088e-01
1.003536370369597641e+00
9.858023596666005695e-01
9.969295820684811460e-01
1.003188644669538832e+00
9.771092171651314384e-01
1.018140849772065870e+00
9.972773077685398446e-01
1.004579547469774070e+00
1.017445398371948251e+00
9.924091479677171757e-01
1.040743020275885611e+00
9.798910227656015826e-01
9.816296512658954088e-01
1.017097672671889441e+00
9.983204848687161626e-01
1.007013627370185294e+00
1.020922655372535903e+00
1.004579547469774070e+00
9.889318909671295232e-01
9.871932624668356970e-01
9.844114568663655529e-01
1.009099981570537929e+00
1.001450016169245005e+00
1.003188644669538832e+00
1.008404530170420310e+00
1.002145467569362625e+00

# time bin value
-1.000000000000000000e+02
-9.900000000000000000e+01
-9.800000000000000000e+01
-9.700000000000000000e+01
-9.600000000000000000e+01
-9.500000000000000000e+01
-9.400000000000000000e+01
-9.300000000000000000e+01
-9.200000000000000000e+01
-9.100000000000000000e+01
-9.000000000000000000e+01
-8.900000000000000000e+01
-8.800000000000000000e+01
-8.700000000000000000e+01
-8.600000000000000000e+01
-8.500000000000000000e+01
-8.400000000000000000e+01
-8.300000000000000000e+01
-8.200000000000000000e+01
-8.100000000000000000e+01
-8.000000000000000000e+01
-7.900000000000000000e+01
-7.800000000000000000e+01
-7.700000000000000000e+01
-7.600000000000000000e+01
-7.500000000000000000e+01
-7.400000000000000000e+01
-7.300000000000000000e+01
-7.200000000000000000e+01
-7.100000000000000000e+01
-7.000000000000000000e+01
-6.900000000000000000e+01
-6.800000000000000000e+01
-6.700000000000000000e+01
-6.600000000000000000e+01
-6.500000000000000000e+01
-6.400000000000000000e+01
-6.300000000000000000e+01
-6.200000000000000000e+01
-6.100000000000000000e+01
-6.000000000000000000e+01
-5.900000000000000000e+01
-5.800000000000000000e+01
-5.700000000000000000e+01
-5.600000000000000000e+01
-5.500000000000000000e+01
-5.400000000000000000e+01
-5.300000000000000000e+01
-5.200000000000000000e+01
-5.100000000000000000e+01
-5.000000000000000000e+01
-4.900000000000000000e+01
-4.800000000000000000e+01
-4.700000000000000000e+01
-4.600000000000000000e+01
-4.500000000000000000e+01
-4.400000000000000000e+01
-4.300000000000000000e+01
-4.200000000000000000e+01
-4.100000000000000000e+01
-4.000000000000000000e+01
-3.900000000000000000e+01
-3.800000000000000000e+01
-3.700000000000000000e+01
-3.600000000000000000e+01
-3.500000000000000000e+01
-3.400000000000000000e+01
-3.300000000000000000e+01
-3.200000000000000000e+01
-3.100000000000000000e+01
-3.000000000000000000e+01
-2.900000000000000000e+01
-2.800000000000000000e+01
-2.700000000000000000e+01
-2.600000000000000000e+01
-2.500000000000000000e+01
-2.400000000000000000e+01
-2.300000000000000000e+01
-2.200000000000000000e+01
-2.100000000000000000e+01
-2.000000000000000000e+01
-1.900000000000000000e+01
-1.800000000000000000e+01
-1.700000000000000000e+01
-1.600000000000000000e+01
-1.500000000000000000e+01
-1.400000000000000000e+01
-1.300000000000000000e+01
-1.200000000000000000e+01
-1.100000000000000000e+01
-1.000000000000000000e+01
-9.000000000000000000e+00
-8.000000000000000000e+00
-7.000000000000000000e+00
-6.000000000000000000e+00
-5.000000000000000000e+00
-4.000000000000000000e+00
-3.000000000000000000e+00
-2.000000000000000000e+00
-1.000000000000000000e+00
0.000000000000000000e+00
1.000000000000000000e+00
2.000000000000000000e+00
3.000000000000000000e+00
4.000000000000000000e+00
5.000000000000000000e+00
6.000000000000000000e+00
7.000000000000000000e+00
8.000000000000000000e+00
9.000000000000000000e+00
1.000000000000000000e+01
1.100000000000000000e+01
1.200000000000000000e+01
1.300000000000000000e+01
1.400000000000000000e+01
1.500000000000000000e+01
1.600000000000000000e+01
1.700000000000000000e+01
1.800000000000000000e+01
1.900000000000000000e+01
2.000000000000000000e+01
2.100000000000000000e+01
2.200000000000000000e+01
2.300000000000000000e+01
2.400000000000000000e+01
2.500000000000000000e+01
2.600000000000000000e+01
2.700000000000000000e+01
2.800000000000000000e+01
2.900000000000000000e+01
3.000000000000000000e+01
3.100000000000000000e+01
3.200000000000000000e+01
3.300000000000000000e+01
3.400000000000000000e+01
3.500000000000000000e+01
3.600000000000000000e+01
3.700000000000000000e+01
3.800000000000000000e+01
3.900000000000000000e+01
4.000000000000000000e+01
4.100000000000000000e+01
4.200000000000000000e+01
4.300000000000000000e+01
4.400000000000000000e+01
4.500000000000000000e+01
4.600000000000000000e+01
4.700000000000000000e+01
4.800000000000000000e+01
4.900000000000000000e+01
5.000000000000000000e+01
5.100000000000000000e+01
5.200000000000000000e+01
5.300000000000000000e+01
5.400000000000000000e+01
5.500000000000000000e+01
5.600000000000000000e+01
5.700000000000000000e+01
5.800000000000000000e+01
5.900000000000000000e+01
6.000000000000000000e+01
6.100000000000000000e+01
6.200000000000000000e+01
6.300000000000000000e+01
6.400000000000000000e+01
6.500000000000000000e+01
6.600000000000000000e+01
6.700000000000000000e+01
6.800000000000000000e+01
6.900000000000000000e+01
7.000000000000000000e+01
7.100000000000000000e+01
7.200000000000000000e+01
7.300000000000000000e+01
7.400000000000000000e+01
7.500000000000000000e+01
7.600000000000000000e+01
7.700000000000000000e+01
7.800000000000000000e+01
7.900000000000000000e+01
8.000000000000000000e+01
8.100000000000000000e+01
8.200000000000000000e+01
8.300000000000000000e+01
8.400000000000000000e+01
8.500000000000000000e+01
8.600000000000000000e+01
8.700000000000000000e+01
8.800000000000000000e+01
8.900000000000000000e+01
9.000000000000000000e+01
9.100000000000000000e+01
9.200000000000000000e+01
9.300000000000000000e+01
9.400000000000000000e+01
9.500000000000000000e+01
9.600000000000000000e+01
9.700000000000000000e+01
9.800000000000000000e+01
9.900000000000000000e+01
