single photon fraction:    0.2308
laser fraction:    0.3007
thermal source fraction:    0.1364
non-detected fraction:    0.3322
number of bins:  200.0000
bin width (ns):    1.0000
average detection events per bin: 5000.0000

# binary result
0.000000000000000000e+00

# g2 signal
9.889366902223180045e-01
9.778182892687398153e-01
1.014779460006310474e+00
1.003661059052732396e+00
1.020188411821564722e+00
1.027700844898306709e+00
9.949466366837115272e-01
1.015079957329380056e+00
1.007267026929568488e+00
9.880351982531089261e-01
1.014478962683240892e+00
1.007868021575707873e+00
1.037016261913466852e+00
1.035814272621188081e+00
1.003961556375801978e+00
9.895376848684572790e-01
9.937446473914328671e-01
1.024395374344540199e+00
9.883356955761786189e-01
9.913406688068754358e-01
9.886361928992483117e-01
9.727098347765552599e-01
1.018084930560076984e+00
9.651974016998131622e-01
9.829267437609243707e-01
9.733108294226945345e-01
9.952471340067812200e-01
1.003661059052732396e+00
9.961486259759902984e-01
9.979516099144083441e-01
9.808232624994366322e-01
1.011473989452543965e+00
1.021089903790773690e+00
1.003060064406593010e+00
1.007267026929568488e+00
1.014478962683240892e+00
9.895376848684572790e-01
1.011173492129474383e+00
1.015079957329380056e+00
9.877347009300392333e-01
9.961486259759902984e-01
9.907396741607360502e-01
1.025296866313749167e+00
1.003961556375801978e+00
9.775177919456701225e-01
9.724093374534855672e-01
1.036415267267327467e+00
1.024695871667610003e+00
9.940451447145025599e-01
1.020188411821564722e+00
9.913406688068754358e-01
1.016882941267798213e+00
9.847297276993424164e-01
1.037016261913466852e+00
1.020188411821564722e+00
9.823257491147849851e-01
1.010872994806404579e+00
9.736113267457642273e-01
1.008168518898777455e+00
1.042425213728721101e+00
1.021390401113843494e+00
9.841287330532030309e-01
1.002459069760453625e+00
9.823257491147849851e-01
9.940451447145025599e-01
1.006966529606498684e+00
1.010872994806404579e+00
9.760153053303216586e-01
9.850302250224121092e-01
9.892371875453875862e-01
9.976511125913386513e-01
9.865327116377604622e-01
1.016582443944728631e+00
1.013577470714031703e+00
9.889366902223180045e-01
1.018685925206216369e+00
9.892371875453875862e-01
1.022892887729191846e+00
9.820252517917152923e-01
1.000055091175896083e+00
9.967496206221296839e-01
9.973506152682689585e-01
1.002158572437383821e+00
1.015680951975519442e+00
9.799217705302275538e-01
9.961486259759902984e-01
1.004562551021941363e+00
1.003360561729662592e+00
1.026799352929097742e+00
9.733108294226945345e-01
9.817247544686455996e-01
1.028602336867515676e+00
1.000055091175896083e+00
9.934441500683631743e-01
1.005163545668080749e+00
1.009070010867986644e+00
1.010272000160265193e+00
9.853307223454818020e-01
9.955476313298509128e-01
1.005764540314220135e+00
8.362840501029203955e-01
1.026498855606027938e+00
9.868332089608301549e-01
9.757148080072519658e-01
9.910401714838057430e-01
9.838282357301333381e-01
9.760153053303216586e-01
9.633944177613951165e-01
9.606899418537679924e-01
9.865327116377604622e-01
1.019887914498494919e+00
9.925426580991540959e-01
9.868332089608301549e-01
9.621924284691164564e-01
1.009370508191056226e+00
9.976511125913386513e-01
1.013276973390962121e+00
9.952471340067812200e-01
1.030705818129003415e+00
9.600889472076286069e-01
1.012976476067892317e+00
1.004262053698871560e+00
9.639954124075345021e-01
9.955476313298509128e-01
1.015680951975519442e+00
9.985526045605477297e-01
1.015981449298589245e+00
9.928431554222237887e-01
1.028902834190585480e+00
1.008469016221847259e+00
9.657983963459525478e-01
1.016281946621658827e+00
1.003661059052732396e+00
1.004562551021941363e+00
1.017483935913937598e+00
1.013577470714031703e+00
9.931436527452934815e-01
9.961486259759902984e-01
9.907396741607360502e-01
1.005163545668080749e+00
9.868332089608301549e-01
1.009971502837195612e+00
9.862322143146908804e-01
1.033410294036630539e+00
1.002158572437383821e+00
9.787197812379487827e-01
1.009070010867986644e+00
1.009971502837195612e+00
9.760153053303216586e-01
9.898381821915269718e-01
9.808232624994366322e-01
9.802222678532972466e-01
1.002459069760453625e+00
1.003661059052732396e+00
9.934441500683631743e-01
1.009370508191056226e+00
9.967496206221296839e-01
1.000355588498965886e+00
9.778182892687398153e-01
1.021089903790773690e+00
1.032508802067421572e+00
9.787197812379487827e-01
9.952471340067812200e-01
1.007267026929568488e+00
9.790202785610184755e-01
9.904391768376663574e-01
9.907396741607360502e-01
9.868332089608301549e-01
9.763158026533913514e-01
9.910401714838057430e-01
1.004562551021941363e+00
9.934441500683631743e-01
1.001557577791244436e+00
1.028301839544446095e+00
9.766162999764610442e-01
1.036715764590397049e+00
1.000656085822035468e+00
9.919416634530147103e-01
9.946461393606418344e-01
9.991535992066871152e-01
1.007267026929568488e+00
9.931436527452934815e-01
9.793207758840881683e-01
9.676013802843707046e-01
1.000656085822035468e+00
1.018084930560076984e+00
9.985526045605477297e-01
1.003360561729662592e+00
9.766162999764610442e-01
9.985526045605477297e-01
9.757148080072519658e-01
1.001858075114314239e+00
1.015380454652449860e+00
1.010272000160265193e+00
1.019587417175425337e+00
1.021690898436913075e+00
1.003360561729662592e+00
1.029503828836724866e+00
1.018385427883146566e+00
1.005764540314220135e+00

# time bin value
-1.000000000000000000e+02
-9.900000000000000000e+01
-9.800000000000000000e+01
-9.700000000000000000e+01
-9.600000000000000000e+01
-9.500000000000000000e+01
-9.400000000000000000e+01
-9.300000000000000000e+01
-9.200000000000000000e+01
-9.100000000000000000e+01
-9.000000000000000000e+01
-8.900000000000000000e+01
-8.800000000000000000e+01
-8.700000000000000000e+01
-8.600000000000000000e+01
-8.500000000000000000e+01
-8.400000000000000000e+01
-8.300000000000000000e+01
-8.200000000000000000e+01
-8.100000000000000000e+01
-8.000000000000000000e+01
-7.900000000000000000e+01
-7.800000000000000000e+01
-7.700000000000000000e+01
-7.600000000000000000e+01
-7.500000000000000000e+01
-7.400000000000000000e+01
-7.300000000000000000e+01
-7.200000000000000000e+01
-7.100000000000000000e+01
-7.000000000000000000e+01
-6.900000000000000000e+01
-6.800000000000000000e+01
-6.700000000000000000e+01
-6.600000000000000000e+01
-6.500000000000000000e+01
-6.400000000000000000e+01
-6.300000000000000000e+01
-6.200000000000000000e+01
-6.100000000000000000e+01
-6.000000000000000000e+01
-5.900000000000000000e+01
-5.800000000000000000e+01
-5.700000000000000000e+01
-5.600000000000000000e+01
-5.500000000000000000e+01
-5.400000000000000000e+01
-5.300000000000000000e+01
-5.200000000000000000e+01
-5.100000000000000000e+01
-5.000000000000000000e+01
-4.900000000000000000e+01
-4.800000000000000000e+01
-4.700000000000000000e+01
-4.600000000000000000e+01
-4.500000000000000000e+01
-4.400000000000000000e+01
-4.300000000000000000e+01
-4.200000000000000000e+01
-4.100000000000000000e+01
-4.000000000000000000e+01
-3.900000000000000000e+01
-3.800000000000000000e+01
-3.700000000000000000e+01
-3.600000000000000000e+01
-3.500000000000000000e+01
-3.400000000000000000e+01
-3.300000000000000000e+01
-3.200000000000000000e+01
-3.100000000000000000e+01
-3.000000000000000000e+01
-2.900000000000000000e+01
-2.800000000000000000e+01
-2.700000000000000000e+01
-2.600000000000000000e+01
-2.500000000000000000e+01
-2.400000000000000000e+01
-2.300000000000000000e+01
-2.200000000000000000e+01
-2.100000000000000000e+01
-2.000000000000000000e+01
-1.900000000000000000e+01
-1.800000000000000000e+01
-1.700000000000000000e+01
-1.600000000000000000e+01
-1.500000000000000000e+01
-1.400000000000000000e+01
-1.300000000000000000e+01
-1.200000000000000000e+01
-1.100000000000000000e+01
-1.000000000000000000e+01
-9.000000000000000000e+00
-8.000000000000000000e+00
-7.000000000000000000e+00
-6.000000000000000000e+00
-5.000000000000000000e+00
-4.000000000000000000e+00
-3.000000000000000000e+00
-2.000000000000000000e+00
-1.000000000000000000e+00
0.000000000000000000e+00
1.000000000000000000e+00
2.000000000000000000e+00
3.000000000000000000e+00
4.000000000000000000e+00
5.000000000000000000e+00
6.000000000000000000e+00
7.000000000000000000e+00
8.000000000000000000e+00
9.000000000000000000e+00
1.000000000000000000e+01
1.100000000000000000e+01
1.200000000000000000e+01
1.300000000000000000e+01
1.400000000000000000e+01
1.500000000000000000e+01
1.600000000000000000e+01
1.700000000000000000e+01
1.800000000000000000e+01
1.900000000000000000e+01
2.000000000000000000e+01
2.100000000000000000e+01
2.200000000000000000e+01
2.300000000000000000e+01
2.400000000000000000e+01
2.500000000000000000e+01
2.600000000000000000e+01
2.700000000000000000e+01
2.800000000000000000e+01
2.900000000000000000e+01
3.000000000000000000e+01
3.100000000000000000e+01
3.200000000000000000e+01
3.300000000000000000e+01
3.400000000000000000e+01
3.500000000000000000e+01
3.600000000000000000e+01
3.700000000000000000e+01
3.800000000000000000e+01
3.900000000000000000e+01
4.000000000000000000e+01
4.100000000000000000e+01
4.200000000000000000e+01
4.300000000000000000e+01
4.400000000000000000e+01
4.500000000000000000e+01
4.600000000000000000e+01
4.700000000000000000e+01
4.800000000000000000e+01
4.900000000000000000e+01
5.000000000000000000e+01
5.100000000000000000e+01
5.200000000000000000e+01
5.300000000000000000e+01
5.400000000000000000e+01
5.500000000000000000e+01
5.600000000000000000e+01
5.700000000000000000e+01
5.800000000000000000e+01
5.900000000000000000e+01
6.000000000000000000e+01
6.100000000000000000e+01
6.200000000000000000e+01
6.300000000000000000e+01
6.400000000000000000e+01
6.500000000000000000e+01
6.600000000000000000e+01
6.700000000000000000e+01
6.800000000000000000e+01
6.900000000000000000e+01
7.000000000000000000e+01
7.100000000000000000e+01
7.200000000000000000e+01
7.300000000000000000e+01
7.400000000000000000e+01
7.500000000000000000e+01
7.600000000000000000e+01
7.700000000000000000e+01
7.800000000000000000e+01
7.900000000000000000e+01
8.000000000000000000e+01
8.100000000000000000e+01
8.200000000000000000e+01
8.300000000000000000e+01
8.400000000000000000e+01
8.500000000000000000e+01
8.600000000000000000e+01
8.700000000000000000e+01
8.800000000000000000e+01
8.900000000000000000e+01
9.000000000000000000e+01
9.100000000000000000e+01
9.200000000000000000e+01
9.300000000000000000e+01
9.400000000000000000e+01
9.500000000000000000e+01
9.600000000000000000e+01
9.700000000000000000e+01
9.800000000000000000e+01
9.900000000000000000e+01
