single photon fraction:    0.2650
laser fraction:    0.3498
thermal source fraction:    0.1166
non-detected fraction:    0.2686
number of bins:  200.0000
bin width (ns):    1.0000
average detection events per bin: 5000.0000

# binary result
0.000000000000000000e+00

# g2 signal
1.008533463143967079e+00
1.015396102386917354e+00
9.758673003475240026e-01
9.904160955425785895e-01
1.021435224920713702e+00
9.717497168017539266e-01
9.928866456700405907e-01
1.016494124665789478e+00
9.948081846580666410e-01
9.978277459249648151e-01
1.001670823901017027e+00
1.007435440865095178e+00
9.895925788334245521e-01
1.016494124665789478e+00
9.992002737735548035e-01
1.023082258339021777e+00
1.021709730490431678e+00
1.017592146944661380e+00
1.006886429725659005e+00
1.013200057829173328e+00
1.023082258339021777e+00
9.978277459249648151e-01
1.014847091247481403e+00
1.002768846179888929e+00
9.972787347855287532e-01
1.015945113526353527e+00
9.687301555348557525e-01
1.006337418586223054e+00
1.024729291757329630e+00
9.964552180763747158e-01
1.031042919860843954e+00
9.917886233911685778e-01
9.797103783235762142e-01
1.017866652514379577e+00
1.008258957574249104e+00
9.964552180763747158e-01
9.967297236460928023e-01
1.003043351749606904e+00
1.001945329470735002e+00
9.621420218616235642e-01
9.917886233911685778e-01
9.887690621242705147e-01
9.764163114869600646e-01
1.007435440865095178e+00
9.989257682038368280e-01
1.002768846179888929e+00
9.764163114869600646e-01
9.698281778137277653e-01
9.882200509848344527e-01
1.006062913016505078e+00
1.007160935295377202e+00
1.014023574538327255e+00
9.717497168017539266e-01
9.975532403552468397e-01
1.026101819605919729e+00
1.012102035550301204e+00
9.753182892080880517e-01
9.797103783235762142e-01
1.012925552259455353e+00
1.019239180362969455e+00
9.997492849129908654e-01
9.915141178214506024e-01
1.011278518841147278e+00
1.028846875303099928e+00
9.923376345306046398e-01
9.917886233911685778e-01
1.035160503406614030e+00
9.950826902277847275e-01
9.722987279411898776e-01
1.009905990992557179e+00
1.006611924155941029e+00
1.002768846179888929e+00
9.758673003475240026e-01
9.939846679489127146e-01
9.997492849129908654e-01
9.956317013672206784e-01
9.797103783235762142e-01
1.007435440865095178e+00
1.007160935295377202e+00
1.036807536824922105e+00
9.917886233911685778e-01
9.948081846580666410e-01
9.728477390806259395e-01
1.000298296052426927e+00
9.994747793432728900e-01
1.007160935295377202e+00
1.001121812761580854e+00
1.011553024410865254e+00
1.002494340610170953e+00
1.012376541120019402e+00
1.000298296052426927e+00
9.849259841482183031e-01
1.014847091247481403e+00
9.975532403552468397e-01
1.035709514546050203e+00
1.000572801622144903e+00
1.014847091247481403e+00
9.841024674390642657e-01
1.010729507701711327e+00
1.048885781892514579e+00
8.023797802857419725e-01
1.015121596817199379e+00
1.011004013271429303e+00
1.002494340610170953e+00
1.011827529980583229e+00
9.926121401003226152e-01
1.010729507701711327e+00
9.879455454151164773e-01
1.019788191502405628e+00
1.012925552259455353e+00
1.048336770753078628e+00
1.003592362889043077e+00
1.014023574538327255e+00
1.028572369733381953e+00
1.001396318331298829e+00
9.917886233911685778e-01
1.003043351749606904e+00
1.021709730490431678e+00
1.003043351749606904e+00
9.956317013672206784e-01
9.659850998376756648e-01
9.684556499651377770e-01
9.959062069369387649e-01
9.736712557897799769e-01
1.010729507701711327e+00
1.025552808466483778e+00
9.882200509848344527e-01
9.841024674390642657e-01
9.876710398453983908e-01
1.007984452004531128e+00
9.942591735186306900e-01
9.882200509848344527e-01
9.679066388257017151e-01
1.005513901877069127e+00
9.978277459249648151e-01
9.742202669292159278e-01
1.025278302896765803e+00
1.008807968713685277e+00
1.025827314036201754e+00
9.788868616144221768e-01
1.006611924155941029e+00
9.528088324912111773e-01
1.000572801622144903e+00
1.006886429725659005e+00
1.004964890737632954e+00
9.978277459249648151e-01
9.967297236460928023e-01
1.005239396307351152e+00
9.731222446503439150e-01
1.015396102386917354e+00
1.020886213781277529e+00
9.725732335109079640e-01
9.860240064270904270e-01
9.780633449052681394e-01
1.018690169223533504e+00
9.808084006024482271e-01
1.001945329470735002e+00
9.838279618693462902e-01
9.871220287059624399e-01
9.824554340207563019e-01
9.939846679489127146e-01
1.014298080108045452e+00
1.040925120370692403e+00
1.000572801622144903e+00
9.898670844031425275e-01
1.002219835040452978e+00
9.835534562996283148e-01
1.003592362889043077e+00
1.019513685932687652e+00
9.959062069369387649e-01
1.004690385167914979e+00
1.012376541120019402e+00
9.736712557897799769e-01
9.841024674390642657e-01
9.862985119968084025e-01
1.001670823901017027e+00
1.005239396307351152e+00
1.000572801622144903e+00
1.009356979853121228e+00
1.027199841884791853e+00
9.972787347855287532e-01
1.011278518841147278e+00
9.967297236460928023e-01
1.004964890737632954e+00
9.588479550250074146e-01
9.926121401003226152e-01
1.012651046689737377e+00
9.942591735186306900e-01
9.530833380609292638e-01
1.026650830745355902e+00
1.021435224920713702e+00
1.005513901877069127e+00
9.640635608496496145e-01
9.945336790883486655e-01
9.923376345306046398e-01
1.023082258339021777e+00
1.010180496562275154e+00
1.028023358593945780e+00
1.042023142649564305e+00
9.816319173116022645e-01

# time bin value
-1.000000000000000000e+02
-9.900000000000000000e+01
-9.800000000000000000e+01
-9.700000000000000000e+01
-9.600000000000000000e+01
-9.500000000000000000e+01
-9.400000000000000000e+01
-9.300000000000000000e+01
-9.200000000000000000e+01
-9.100000000000000000e+01
-9.000000000000000000e+01
-8.900000000000000000e+01
-8.800000000000000000e+01
-8.700000000000000000e+01
-8.600000000000000000e+01
-8.500000000000000000e+01
-8.400000000000000000e+01
-8.300000000000000000e+01
-8.200000000000000000e+01
-8.100000000000000000e+01
-8.000000000000000000e+01
-7.900000000000000000e+01
-7.800000000000000000e+01
-7.700000000000000000e+01
-7.600000000000000000e+01
-7.500000000000000000e+01
-7.400000000000000000e+01
-7.300000000000000000e+01
-7.200000000000000000e+01
-7.100000000000000000e+01
-7.000000000000000000e+01
-6.900000000000000000e+01
-6.800000000000000000e+01
-6.700000000000000000e+01
-6.600000000000000000e+01
-6.500000000000000000e+01
-6.400000000000000000e+01
-6.300000000000000000e+01
-6.200000000000000000e+01
-6.100000000000000000e+01
-6.000000000000000000e+01
-5.900000000000000000e+01
-5.800000000000000000e+01
-5.700000000000000000e+01
-5.600000000000000000e+01
-5.500000000000000000e+01
-5.400000000000000000e+01
-5.300000000000000000e+01
-5.200000000000000000e+01
-5.100000000000000000e+01
-5.000000000000000000e+01
-4.900000000000000000e+01
-4.800000000000000000e+01
-4.700000000000000000e+01
-4.600000000000000000e+01
-4.500000000000000000e+01
-4.400000000000000000e+01
-4.300000000000000000e+01
-4.200000000000000000e+01
-4.100000000000000000e+01
-4.000000000000000000e+01
-3.900000000000000000e+01
-3.800000000000000000e+01
-3.700000000000000000e+01
-3.600000000000000000e+01
-3.500000000000000000e+01
-3.400000000000000000e+01
-3.300000000000000000e+01
-3.200000000000000000e+01
-3.100000000000000000e+01
-3.000000000000000000e+01
-2.900000000000000000e+01
-2.800000000000000000e+01
-2.700000000000000000e+01
-2.600000000000000000e+01
-2.500000000000000000e+01
-2.400000000000000000e+01
-2.300000000000000000e+01
-2.200000000000000000e+01
-2.100000000000000000e+01
-2.000000000000000000e+01
-1.900000000000000000e+01
-1.800000000000000000e+01
-1.700000000000000000e+01
-1.600000000000000000e+01
-1.500000000000000000e+01
-1.400000000000000000e+01
-1.300000000000000000e+01
-1.200000000000000000e+01
-1.100000000000000000e+01
-1.000000000000000000e+01
-9.000000000000000000e+00
-8.000000000000000000e+00
-7.000000000000000000e+00
-6.000000000000000000e+00
-5.000000000000000000e+00
-4.000000000000000000e+00
-3.000000000000000000e+00
-2.000000000000000000e+00
-1.000000000000000000e+00
0.000000000000000000e+00
1.000000000000000000e+00
2.000000000000000000e+00
3.000000000000000000e+00
4.000000000000000000e+00
5.000000000000000000e+00
6.000000000000000000e+00
7.000000000000000000e+00
8.000000000000000000e+00
9.000000000000000000e+00
1.000000000000000000e+01
1.100000000000000000e+01
1.200000000000000000e+01
1.300000000000000000e+01
1.400000000000000000e+01
1.500000000000000000e+01
1.600000000000000000e+01
1.700000000000000000e+01
1.800000000000000000e+01
1.900000000000000000e+01
2.000000000000000000e+01
2.100000000000000000e+01
2.200000000000000000e+01
2.300000000000000000e+01
2.400000000000000000e+01
2.500000000000000000e+01
2.600000000000000000e+01
2.700000000000000000e+01
2.800000000000000000e+01
2.900000000000000000e+01
3.000000000000000000e+01
3.100000000000000000e+01
3.200000000000000000e+01
3.300000000000000000e+01
3.400000000000000000e+01
3.500000000000000000e+01
3.600000000000000000e+01
3.700000000000000000e+01
3.800000000000000000e+01
3.900000000000000000e+01
4.000000000000000000e+01
4.100000000000000000e+01
4.200000000000000000e+01
4.300000000000000000e+01
4.400000000000000000e+01
4.500000000000000000e+01
4.600000000000000000e+01
4.700000000000000000e+01
4.800000000000000000e+01
4.900000000000000000e+01
5.000000000000000000e+01
5.100000000000000000e+01
5.200000000000000000e+01
5.300000000000000000e+01
5.400000000000000000e+01
5.500000000000000000e+01
5.600000000000000000e+01
5.700000000000000000e+01
5.800000000000000000e+01
5.900000000000000000e+01
6.000000000000000000e+01
6.100000000000000000e+01
6.200000000000000000e+01
6.300000000000000000e+01
6.400000000000000000e+01
6.500000000000000000e+01
6.600000000000000000e+01
6.700000000000000000e+01
6.800000000000000000e+01
6.900000000000000000e+01
7.000000000000000000e+01
7.100000000000000000e+01
7.200000000000000000e+01
7.300000000000000000e+01
7.400000000000000000e+01
7.500000000000000000e+01
7.600000000000000000e+01
7.700000000000000000e+01
7.800000000000000000e+01
7.900000000000000000e+01
8.000000000000000000e+01
8.100000000000000000e+01
8.200000000000000000e+01
8.300000000000000000e+01
8.400000000000000000e+01
8.500000000000000000e+01
8.600000000000000000e+01
8.700000000000000000e+01
8.800000000000000000e+01
8.900000000000000000e+01
9.000000000000000000e+01
9.100000000000000000e+01
9.200000000000000000e+01
9.300000000000000000e+01
9.400000000000000000e+01
9.500000000000000000e+01
9.600000000000000000e+01
9.700000000000000000e+01
9.800000000000000000e+01
9.900000000000000000e+01
