single photon fraction:    0.4706
laser fraction:    0.1569
thermal source fraction:    0.1520
non-detected fraction:    0.2206
number of bins:  200.0000
bin width (ns):    1.0000
average detection events per bin: 5000.0000

# binary result
0.000000000000000000e+00

# g2 signal
9.734039398578185898e-01
9.790767575205661100e-01
1.004604437002930117e+00
9.930009463291282756e-01
1.020075757901332425e+00
9.930009463291282756e-01
1.000220896081716049e+00
9.971266319020355429e-01
1.011824386755517891e+00
1.006409424441077061e+00
1.016207927676731959e+00
1.039414909024335421e+00
9.790767575205661100e-01
1.006925135137690441e+00
9.860388519248471928e-01
1.009245833272450765e+00
9.855231412282338121e-01
9.981580532952624152e-01
9.899066821494477697e-01
1.028327129047147181e+00
9.989316193401824862e-01
9.793346128688728003e-01
1.011308676058904510e+00
1.017755059766572101e+00
1.018012915114878902e+00
9.909381035426746420e-01
9.914538142392880227e-01
1.010792965362291129e+00
1.012597952800438073e+00
1.000994462126636231e+00
9.741775059027386607e-01
9.808817449587130533e-01
1.012597952800438073e+00
9.909381035426746420e-01
1.005120147699543498e+00
1.031421393226827687e+00
9.893909714528343891e-01
9.844917198350069398e-01
9.953216444638885996e-01
1.007182990485997243e+00
9.935166570257416563e-01
1.031679248575134267e+00
1.002541594216476373e+00
1.019044336508105664e+00
1.005893713744463680e+00
1.012597952800438073e+00
9.883595500596075167e-01
9.940323677223550369e-01
9.945480784189685286e-01
9.976423425986490345e-01
9.999630407334093585e-01
1.027811418350533801e+00
1.003573015609703134e+00
9.997051853851026681e-01
1.056433362012578092e+00
1.015176506283504976e+00
1.012340097452131271e+00
1.001252317474942810e+00
1.008987977924144186e+00
1.008987977924144186e+00
9.953216444638885996e-01
9.904223928460611504e-01
9.788189021722594196e-01
9.960952105088087816e-01
1.012340097452131271e+00
1.003315160261396555e+00
1.003057304913089753e+00
1.006151569092770259e+00
1.003315160261396555e+00
9.942902230706618383e-01
1.014660795586891595e+00
1.017239349069958720e+00
9.981580532952624152e-01
9.963530658571154719e-01
9.679889775433776489e-01
9.757246379925789137e-01
9.942902230706618383e-01
1.023685732777626312e+00
1.018786481159798862e+00
9.868124179697672638e-01
1.008472267227530583e+00
1.002025883519862992e+00
9.958373551605020912e-01
1.005120147699543498e+00
1.021880745339479368e+00
1.007440845834303822e+00
9.862967072731538831e-01
9.940323677223550369e-01
9.844917198350069398e-01
1.018270770463185482e+00
1.007956556530917203e+00
1.004088726306316737e+00
9.932588016774349660e-01
1.019302191856412465e+00
1.022912166732706352e+00
1.013887229541971413e+00
9.883595500596075167e-01
1.011050820710597709e+00
1.013371518845358032e+00
9.953216444638885996e-01
5.915201690155855729e-01
1.033484236013281210e+00
1.002541594216476373e+00
1.001768028171556191e+00
1.025490720215773255e+00
9.881016947113008264e-01
1.015176506283504976e+00
9.906802481943679517e-01
1.003057304913089753e+00
1.003573015609703134e+00
9.945480784189685286e-01
1.020333613249639226e+00
1.011050820710597709e+00
1.015176506283504976e+00
1.010535110013984328e+00
9.881016947113008264e-01
1.035031368103121574e+00
1.003573015609703134e+00
9.865545626214605734e-01
1.018012915114878902e+00
9.450398515440807667e-01
9.942902230706618383e-01
9.803660342620996726e-01
1.031937103923441068e+00
9.930009463291282756e-01
9.826867323968599965e-01
9.770139147341124763e-01
1.004346581654623316e+00
9.886174054079142071e-01
1.004346581654623316e+00
9.837181537900867578e-01
9.824288770485533062e-01
9.937745123740483466e-01
9.901645374977544600e-01
1.011050820710597709e+00
1.010792965362291129e+00
1.019044336508105664e+00
1.014918650935198396e+00
1.009503688620757567e+00
1.012597952800438073e+00
1.015950072328425158e+00
9.832024430934733772e-01
9.821710217002466159e-01
9.875859840146874458e-01
9.793346128688728003e-01
9.932588016774349660e-01
9.927430909808215853e-01
1.000478751430022850e+00
9.865545626214605734e-01
1.005893713744463680e+00
9.857809965765405025e-01
1.010019399317370947e+00
1.003315160261396555e+00
1.030905682530214085e+00
9.904223928460611504e-01
9.842338644867002495e-01
1.002799449564783174e+00
9.638632919704703816e-01
9.942902230706618383e-01
9.973844872503422332e-01
9.986737639918757958e-01
1.017755059766572101e+00
9.955794998121952899e-01
9.829445877451666869e-01
1.026264286260693437e+00
9.834602984417800675e-01
1.003057304913089753e+00
1.006151569092770259e+00
9.919695249359014033e-01
1.005893713744463680e+00
1.009245833272450765e+00
9.950637891155819093e-01
9.917116695875947130e-01
9.865545626214605734e-01
9.736617952061252801e-01
1.003573015609703134e+00
1.010535110013984328e+00
1.001252317474942810e+00
1.011308676058904510e+00
1.007182990485997243e+00
1.004604437002930117e+00
1.015434361631811777e+00
9.881016947113008264e-01
1.002799449564783174e+00
9.953216444638885996e-01
1.016465783025038538e+00
9.991894746884891765e-01
9.896488268011410794e-01
1.031679248575134267e+00
1.000478751430022850e+00
1.001768028171556191e+00
9.948059337672752189e-01
1.006151569092770259e+00
1.018270770463185482e+00
1.022396456036092749e+00
1.001510172823249611e+00
9.868124179697672638e-01
9.834602984417800675e-01
9.888752607562208974e-01
1.004604437002930117e+00

# time bin value
-1.000000000000000000e+02
-9.900000000000000000e+01
-9.800000000000000000e+01
-9.700000000000000000e+01
-9.600000000000000000e+01
-9.500000000000000000e+01
-9.400000000000000000e+01
-9.300000000000000000e+01
-9.200000000000000000e+01
-9.100000000000000000e+01
-9.000000000000000000e+01
-8.900000000000000000e+01
-8.800000000000000000e+01
-8.700000000000000000e+01
-8.600000000000000000e+01
-8.500000000000000000e+01
-8.400000000000000000e+01
-8.300000000000000000e+01
-8.200000000000000000e+01
-8.100000000000000000e+01
-8.000000000000000000e+01
-7.900000000000000000e+01
-7.800000000000000000e+01
-7.700000000000000000e+01
-7.600000000000000000e+01
-7.500000000000000000e+01
-7.400000000000000000e+01
-7.300000000000000000e+01
-7.200000000000000000e+01
-7.100000000000000000e+01
-7.000000000000000000e+01
-6.900000000000000000e+01
-6.800000000000000000e+01
-6.700000000000000000e+01
-6.600000000000000000e+01
-6.500000000000000000e+01
-6.400000000000000000e+01
-6.300000000000000000e+01
-6.200000000000000000e+01
-6.100000000000000000e+01
-6.000000000000000000e+01
-5.900000000000000000e+01
-5.800000000000000000e+01
-5.700000000000000000e+01
-5.600000000000000000e+01
-5.500000000000000000e+01
-5.400000000000000000e+01
-5.300000000000000000e+01
-5.200000000000000000e+01
-5.100000000000000000e+01
-5.000000000000000000e+01
-4.900000000000000000e+01
-4.800000000000000000e+01
-4.700000000000000000e+01
-4.600000000000000000e+01
-4.500000000000000000e+01
-4.400000000000000000e+01
-4.300000000000000000e+01
-4.200000000000000000e+01
-4.100000000000000000e+01
-4.000000000000000000e+01
-3.900000000000000000e+01
-3.800000000000000000e+01
-3.700000000000000000e+01
-3.600000000000000000e+01
-3.500000000000000000e+01
-3.400000000000000000e+01
-3.300000000000000000e+01
-3.200000000000000000e+01
-3.100000000000000000e+01
-3.000000000000000000e+01
-2.900000000000000000e+01
-2.800000000000000000e+01
-2.700000000000000000e+01
-2.600000000000000000e+01
-2.500000000000000000e+01
-2.400000000000000000e+01
-2.300000000000000000e+01
-2.200000000000000000e+01
-2.100000000000000000e+01
-2.000000000000000000e+01
-1.900000000000000000e+01
-1.800000000000000000e+01
-1.700000000000000000e+01
-1.600000000000000000e+01
-1.500000000000000000e+01
-1.400000000000000000e+01
-1.300000000000000000e+01
-1.200000000000000000e+01
-1.100000000000000000e+01
-1.000000000000000000e+01
-9.000000000000000000e+00
-8.000000000000000000e+00
-7.000000000000000000e+00
-6.000000000000000000e+00
-5.000000000000000000e+00
-4.000000000000000000e+00
-3.000000000000000000e+00
-2.000000000000000000e+00
-1.000000000000000000e+00
0.000000000000000000e+00
1.000000000000000000e+00
2.000000000000000000e+00
3.000000000000000000e+00
4.000000000000000000e+00
5.000000000000000000e+00
6.000000000000000000e+00
7.000000000000000000e+00
8.000000000000000000e+00
9.000000000000000000e+00
1.000000000000000000e+01
1.100000000000000000e+01
1.200000000000000000e+01
1.300000000000000000e+01
1.400000000000000000e+01
1.500000000000000000e+01
1.600000000000000000e+01
1.700000000000000000e+01
1.800000000000000000e+01
1.900000000000000000e+01
2.000000000000000000e+01
2.100000000000000000e+01
2.200000000000000000e+01
2.300000000000000000e+01
2.400000000000000000e+01
2.500000000000000000e+01
2.600000000000000000e+01
2.700000000000000000e+01
2.800000000000000000e+01
2.900000000000000000e+01
3.000000000000000000e+01
3.100000000000000000e+01
3.200000000000000000e+01
3.300000000000000000e+01
3.400000000000000000e+01
3.500000000000000000e+01
3.600000000000000000e+01
3.700000000000000000e+01
3.800000000000000000e+01
3.900000000000000000e+01
4.000000000000000000e+01
4.100000000000000000e+01
4.200000000000000000e+01
4.300000000000000000e+01
4.400000000000000000e+01
4.500000000000000000e+01
4.600000000000000000e+01
4.700000000000000000e+01
4.800000000000000000e+01
4.900000000000000000e+01
5.000000000000000000e+01
5.100000000000000000e+01
5.200000000000000000e+01
5.300000000000000000e+01
5.400000000000000000e+01
5.500000000000000000e+01
5.600000000000000000e+01
5.700000000000000000e+01
5.800000000000000000e+01
5.900000000000000000e+01
6.000000000000000000e+01
6.100000000000000000e+01
6.200000000000000000e+01
6.300000000000000000e+01
6.400000000000000000e+01
6.500000000000000000e+01
6.600000000000000000e+01
6.700000000000000000e+01
6.800000000000000000e+01
6.900000000000000000e+01
7.000000000000000000e+01
7.100000000000000000e+01
7.200000000000000000e+01
7.300000000000000000e+01
7.400000000000000000e+01
7.500000000000000000e+01
7.600000000000000000e+01
7.700000000000000000e+01
7.800000000000000000e+01
7.900000000000000000e+01
8.000000000000000000e+01
8.100000000000000000e+01
8.200000000000000000e+01
8.300000000000000000e+01
8.400000000000000000e+01
8.500000000000000000e+01
8.600000000000000000e+01
8.700000000000000000e+01
8.800000000000000000e+01
8.900000000000000000e+01
9.000000000000000000e+01
9.100000000000000000e+01
9.200000000000000000e+01
9.300000000000000000e+01
9.400000000000000000e+01
9.500000000000000000e+01
9.600000000000000000e+01
9.700000000000000000e+01
9.800000000000000000e+01
9.900000000000000000e+01
