single photon fraction:    0.3817
laser fraction:    0.3817
thermal source fraction:    0.2151
non-detected fraction:    0.0215
number of bins:  200.0000
bin width (ns):    1.0000
average detection events per bin: 5000.0000

# binary result
0.000000000000000000e+00

# g2 signal
1.019594093489841535e+00
9.649473014551249728e-01
9.920652584046835143e-01
1.012403726116852365e+00
1.024730070184833641e+00
1.003364407133666258e+00
1.001310016455669416e+00
9.856966473028933029e-01
1.001515455523469100e+00
9.974066741674754155e-01
1.004186163404864995e+00
1.017334263744045009e+00
9.754246939129089800e-01
9.932978928114816197e-01
9.651527405229246570e-01
1.012814604252451733e+00
1.008089505693058996e+00
9.867238426418917241e-01
9.982284304386741525e-01
9.910380630656850931e-01
9.842585738282955132e-01
1.001926333659068469e+00
1.014868994930448576e+00
9.861075254384926714e-01
9.988447476420732052e-01
1.005213358743863417e+00
1.002542650862467521e+00
1.001104577387869732e+00
9.982284304386741525e-01
1.021237606032239009e+00
1.028427973405227958e+00
1.006240554082861838e+00
9.990501867098728894e-01
1.009938457303256154e+00
1.018772337218642798e+00
9.822041831502985598e-01
1.021032166964439325e+00
1.013636360523650470e+00
9.813824268790998229e-01
1.000077382048871311e+00
9.982284304386741525e-01
1.013841799591450155e+00
1.001104577387869732e+00
1.002953528998066890e+00
9.910380630656850931e-01
1.021032166964439325e+00
9.815878659468995071e-01
9.941196490826803567e-01
1.003158968065866574e+00
9.945305272182797252e-01
9.776845236587055066e-01
1.005007919676063732e+00
1.001310016455669416e+00
9.877510379808901453e-01
1.005007919676063732e+00
9.824096222180982441e-01
9.912435021334847773e-01
1.015896190269446997e+00
9.856966473028933029e-01
9.836422566248964605e-01
9.758355720485083484e-01
9.969957960318760470e-01
1.009116701032057417e+00
9.684397656077196048e-01
9.945305272182797252e-01
1.007884066625259312e+00
1.003980724337065311e+00
9.887782333198885665e-01
1.011171091710054259e+00
9.797389143367023490e-01
9.778899627265051908e-01
1.015485312133847629e+00
1.003158968065866574e+00
1.000899138320070048e+00
1.015690751201647313e+00
9.959686006928775148e-01
1.004391602472664680e+00
1.019594093489841535e+00
1.008500383828658364e+00
1.026373582727231115e+00
9.787117189977039278e-01
1.003775285269265627e+00
1.026784460862830484e+00
9.906271849300857246e-01
9.867238426418917241e-01
9.785062799299042435e-01
1.006856871286260890e+00
1.007062310354060575e+00
9.836422566248964605e-01
1.001104577387869732e+00
9.990501867098728894e-01
1.001310016455669416e+00
1.017745141879644377e+00
1.015279873066047944e+00
9.963794788284768833e-01
1.000488260184470679e+00
9.889836723876882507e-01
1.002953528998066890e+00
9.998719429810716264e-01
9.988447476420732052e-01
8.373696403515199504e-01
9.900108677266866719e-01
9.961740397606771991e-01
9.996665039132719421e-01
1.001926333659068469e+00
9.832313784892969810e-01
9.996665039132719421e-01
1.009322140099857101e+00
9.746029376417102430e-01
1.010349335438855523e+00
9.898054286588869877e-01
9.916543802690841458e-01
1.011992847981252996e+00
9.898054286588869877e-01
9.844640128960951975e-01
1.002542650862467521e+00
1.025551826456032378e+00
9.877510379808901453e-01
9.916543802690841458e-01
1.008911261964257733e+00
1.002337211794667837e+00
9.990501867098728894e-01
9.969957960318760470e-01
1.019388654422041851e+00
1.013841799591450155e+00
9.994610648454722579e-01
9.992556257776725737e-01
1.000899138320070048e+00
1.005007919676063732e+00
9.972012350996757313e-01
1.016923385608445640e+00
1.007884066625259312e+00
9.655636186585240255e-01
9.990501867098728894e-01
1.004597041540464364e+00
1.007267749421860259e+00
1.018977776286442483e+00
1.009322140099857101e+00
9.579623731499357087e-01
1.004391602472664680e+00
1.017128824676245324e+00
1.001310016455669416e+00
1.014252677727049523e+00
9.932978928114816197e-01
9.844640128960951975e-01
9.774790845909058223e-01
9.990501867098728894e-01
9.918598193368838301e-01
1.006240554082861838e+00
9.873401598452907768e-01
1.003980724337065311e+00
9.752192548451092957e-01
1.003158968065866574e+00
1.004802480608264048e+00
1.019594093489841535e+00
1.003775285269265627e+00
1.009322140099857101e+00
1.007678627557459627e+00
9.943250881504800409e-01
1.001926333659068469e+00
1.012403726116852365e+00
1.025140948320433010e+00
1.011787408913453312e+00
9.982284304386741525e-01
9.846694519638948817e-01
1.006651432218461206e+00
1.009527579167656786e+00
9.988447476420732052e-01
9.932978928114816197e-01
1.023086557642436167e+00
1.004186163404864995e+00
9.906271849300857246e-01
1.000899138320070048e+00
9.686452046755192891e-01
1.022264801371237430e+00
1.031098681286623853e+00
1.018566898150843114e+00
1.017334263744045009e+00
1.022675679506836799e+00
1.001515455523469100e+00
9.996665039132719421e-01
1.010349335438855523e+00
1.012609165184652049e+00
9.902163067944863561e-01
9.986393085742735209e-01
9.928870146758822512e-01
1.003980724337065311e+00
1.014458116794849207e+00
9.817933050146991913e-01
1.005418797811663101e+00
1.017539702811844693e+00
1.012403726116852365e+00
9.817933050146991913e-01
1.007884066625259312e+00
9.961740397606771991e-01
9.838476956926961448e-01
1.018772337218642798e+00
1.005213358743863417e+00
1.004802480608264048e+00
9.912435021334847773e-01

# time bin value
-1.000000000000000000e+02
-9.900000000000000000e+01
-9.800000000000000000e+01
-9.700000000000000000e+01
-9.600000000000000000e+01
-9.500000000000000000e+01
-9.400000000000000000e+01
-9.300000000000000000e+01
-9.200000000000000000e+01
-9.100000000000000000e+01
-9.000000000000000000e+01
-8.900000000000000000e+01
-8.800000000000000000e+01
-8.700000000000000000e+01
-8.600000000000000000e+01
-8.500000000000000000e+01
-8.400000000000000000e+01
-8.300000000000000000e+01
-8.200000000000000000e+01
-8.100000000000000000e+01
-8.000000000000000000e+01
-7.900000000000000000e+01
-7.800000000000000000e+01
-7.700000000000000000e+01
-7.600000000000000000e+01
-7.500000000000000000e+01
-7.400000000000000000e+01
-7.300000000000000000e+01
-7.200000000000000000e+01
-7.100000000000000000e+01
-7.000000000000000000e+01
-6.900000000000000000e+01
-6.800000000000000000e+01
-6.700000000000000000e+01
-6.600000000000000000e+01
-6.500000000000000000e+01
-6.400000000000000000e+01
-6.300000000000000000e+01
-6.200000000000000000e+01
-6.100000000000000000e+01
-6.000000000000000000e+01
-5.900000000000000000e+01
-5.800000000000000000e+01
-5.700000000000000000e+01
-5.600000000000000000e+01
-5.500000000000000000e+01
-5.400000000000000000e+01
-5.300000000000000000e+01
-5.200000000000000000e+01
-5.100000000000000000e+01
-5.000000000000000000e+01
-4.900000000000000000e+01
-4.800000000000000000e+01
-4.700000000000000000e+01
-4.600000000000000000e+01
-4.500000000000000000e+01
-4.400000000000000000e+01
-4.300000000000000000e+01
-4.200000000000000000e+01
-4.100000000000000000e+01
-4.000000000000000000e+01
-3.900000000000000000e+01
-3.800000000000000000e+01
-3.700000000000000000e+01
-3.600000000000000000e+01
-3.500000000000000000e+01
-3.400000000000000000e+01
-3.300000000000000000e+01
-3.200000000000000000e+01
-3.100000000000000000e+01
-3.000000000000000000e+01
-2.900000000000000000e+01
-2.800000000000000000e+01
-2.700000000000000000e+01
-2.600000000000000000e+01
-2.500000000000000000e+01
-2.400000000000000000e+01
-2.300000000000000000e+01
-2.200000000000000000e+01
-2.100000000000000000e+01
-2.000000000000000000e+01
-1.900000000000000000e+01
-1.800000000000000000e+01
-1.700000000000000000e+01
-1.600000000000000000e+01
-1.500000000000000000e+01
-1.400000000000000000e+01
-1.300000000000000000e+01
-1.200000000000000000e+01
-1.100000000000000000e+01
-1.000000000000000000e+01
-9.000000000000000000e+00
-8.000000000000000000e+00
-7.000000000000000000e+00
-6.000000000000000000e+00
-5.000000000000000000e+00
-4.000000000000000000e+00
-3.000000000000000000e+00
-2.000000000000000000e+00
-1.000000000000000000e+00
0.000000000000000000e+00
1.000000000000000000e+00
2.000000000000000000e+00
3.000000000000000000e+00
4.000000000000000000e+00
5.000000000000000000e+00
6.000000000000000000e+00
7.000000000000000000e+00
8.000000000000000000e+00
9.000000000000000000e+00
1.000000000000000000e+01
1.100000000000000000e+01
1.200000000000000000e+01
1.300000000000000000e+01
1.400000000000000000e+01
1.500000000000000000e+01
1.600000000000000000e+01
1.700000000000000000e+01
1.800000000000000000e+01
1.900000000000000000e+01
2.000000000000000000e+01
2.100000000000000000e+01
2.200000000000000000e+01
2.300000000000000000e+01
2.400000000000000000e+01
2.500000000000000000e+01
2.600000000000000000e+01
2.700000000000000000e+01
2.800000000000000000e+01
2.900000000000000000e+01
3.000000000000000000e+01
3.100000000000000000e+01
3.200000000000000000e+01
3.300000000000000000e+01
3.400000000000000000e+01
3.500000000000000000e+01
3.600000000000000000e+01
3.700000000000000000e+01
3.800000000000000000e+01
3.900000000000000000e+01
4.000000000000000000e+01
4.100000000000000000e+01
4.200000000000000000e+01
4.300000000000000000e+01
4.400000000000000000e+01
4.500000000000000000e+01
4.600000000000000000e+01
4.700000000000000000e+01
4.800000000000000000e+01
4.900000000000000000e+01
5.000000000000000000e+01
5.100000000000000000e+01
5.200000000000000000e+01
5.300000000000000000e+01
5.400000000000000000e+01
5.500000000000000000e+01
5.600000000000000000e+01
5.700000000000000000e+01
5.800000000000000000e+01
5.900000000000000000e+01
6.000000000000000000e+01
6.100000000000000000e+01
6.200000000000000000e+01
6.300000000000000000e+01
6.400000000000000000e+01
6.500000000000000000e+01
6.600000000000000000e+01
6.700000000000000000e+01
6.800000000000000000e+01
6.900000000000000000e+01
7.000000000000000000e+01
7.100000000000000000e+01
7.200000000000000000e+01
7.300000000000000000e+01
7.400000000000000000e+01
7.500000000000000000e+01
7.600000000000000000e+01
7.700000000000000000e+01
7.800000000000000000e+01
7.900000000000000000e+01
8.000000000000000000e+01
8.100000000000000000e+01
8.200000000000000000e+01
8.300000000000000000e+01
8.400000000000000000e+01
8.500000000000000000e+01
8.600000000000000000e+01
8.700000000000000000e+01
8.800000000000000000e+01
8.900000000000000000e+01
9.000000000000000000e+01
9.100000000000000000e+01
9.200000000000000000e+01
9.300000000000000000e+01
9.400000000000000000e+01
9.500000000000000000e+01
9.600000000000000000e+01
9.700000000000000000e+01
9.800000000000000000e+01
9.900000000000000000e+01
