single photon fraction:    0.4939
laser fraction:    0.2622
thermal source fraction:    0.0976
non-detected fraction:    0.1463
number of bins:  200.0000
bin width (ns):    1.0000
average detection events per bin: 5000.0000

# binary result
0.000000000000000000e+00

# g2 signal
9.974575074156033505e-01
1.001459579076227735e+00
9.762700692122980861e-01
9.757992372522246161e-01
9.953387635952728463e-01
9.958095955553462053e-01
9.915721079146851968e-01
1.010876218277696692e+00
1.003813738876594863e+00
1.011582466217806786e+00
1.006403314656998838e+00
9.892179481143179576e-01
9.861575403738405132e-01
1.004519986816705179e+00
9.967512594754931454e-01
1.022176185319459529e+00
1.007580394557182402e+00
1.012994962098027196e+00
9.739159094119308469e-01
9.746221573520410519e-01
1.030415744620744922e+00
9.852158764536936841e-01
9.913366919346484618e-01
1.001459579076227735e+00
9.854512924337303081e-01
1.009463722397476282e+00
1.012053298177880256e+00
9.918075238947219319e-01
1.005226234756815273e+00
1.020763689439239119e+00
1.004284570836668333e+00
1.019351193559018709e+00
9.979283393756768206e-01
9.953387635952728463e-01
1.003578322896558239e+00
9.934554357549789660e-01
1.022882433259569623e+00
9.962804275154196754e-01
9.859221243938037782e-01
1.015349121898394325e+00
1.009934554357549752e+00
1.002401242996374453e+00
1.002165827016337829e+00
1.007815810537219248e+00
9.830971326333630689e-01
9.915721079146851968e-01
9.805075568529590946e-01
9.913366919346484618e-01
9.967512594754931454e-01
9.868637883139507183e-01
1.017232449738688205e+00
9.892179481143179576e-01
1.014642873958284230e+00
9.689721738311596333e-01
1.007580394557182402e+00
1.011817882197843632e+00
9.807429728329958296e-01
9.925137718348321370e-01
1.008992890437402812e+00
1.015113705918357700e+00
1.014642873958284230e+00
9.986345873157869146e-01
1.021469937379349213e+00
1.017703281698761675e+00
1.000517915156080795e+00
9.943970996751259062e-01
1.020057441499129025e+00
1.007344978577145778e+00
1.008757474457366188e+00
1.002636658976411299e+00
1.015349121898394325e+00
9.739159094119308469e-01
9.946325156551626412e-01
1.028767832760487666e+00
1.004284570836668333e+00
1.027590752860304102e+00
9.927491878148688720e-01
9.866283723339139833e-01
9.863929563538772483e-01
9.979283393756768206e-01
1.001459579076227735e+00
1.008286642497292718e+00
9.948679316351993762e-01
9.814492207731060347e-01
1.030415744620744922e+00
9.835679645934365389e-01
1.010169970337586376e+00
1.007344978577145778e+00
9.986345873157869146e-01
1.021705353359386059e+00
1.005461650736851897e+00
9.955741795753095813e-01
1.021940769339422683e+00
1.000517915156080795e+00
9.908658599745749918e-01
1.009228306417439658e+00
1.001459579076227735e+00
1.019822025519092179e+00
1.003107490936484769e+00
9.814492207731060347e-01
5.348651066434388923e-01
1.012288714157917102e+00
9.840387965535100090e-01
1.022411601299496153e+00
1.016526201798578111e+00
1.020999105419275743e+00
1.007109562597109154e+00
1.021469937379349213e+00
9.875700362540609234e-01
9.835679645934365389e-01
1.007815810537219248e+00
1.021940769339422683e+00
1.003813738876594863e+00
9.974575074156033505e-01
1.030886576580818170e+00
1.026649088940157162e+00
9.626159423701680096e-01
9.941616836950891711e-01
9.979283393756768206e-01
1.009699138377513128e+00
9.767409011723715562e-01
1.000517915156080795e+00
1.005461650736851897e+00
9.925137718348321370e-01
9.988700032958236497e-01
1.007109562597109154e+00
1.003813738876594863e+00
1.013230378078063820e+00
9.951033476152361112e-01
9.993408352558971197e-01
1.008051226517255872e+00
1.009934554357549752e+00
9.821554687132162398e-01
1.003107490936484769e+00
1.029944912660671452e+00
9.993408352558971197e-01
1.013936626018174136e+00
9.906304439945382567e-01
9.936908517350157011e-01
1.003107490936484769e+00
1.003107490936484769e+00
1.006638730637035684e+00
1.014172041998210760e+00
1.005226234756815273e+00
1.020999105419275743e+00
1.025001177079900128e+00
1.008286642497292718e+00
1.000047083196007325e+00
1.008286642497292718e+00
1.013465794058100666e+00
9.838033805734732740e-01
1.008286642497292718e+00
9.823908846932529748e-01
1.022647017279532999e+00
1.031592824520928486e+00
9.934554357549789660e-01
1.015349121898394325e+00
1.011817882197843632e+00
1.011817882197843632e+00
9.934554357549789660e-01
1.024059513159753187e+00
1.018409529638871769e+00
1.003813738876594863e+00
9.972220914355666155e-01
1.007580394557182402e+00
1.026884504920194008e+00
9.941616836950891711e-01
9.983991713357501796e-01
9.887471161542444875e-01
9.965158434954564104e-01
1.007344978577145778e+00
9.920429398747586669e-01
9.885117001742077525e-01
9.903950280145016327e-01
9.899241960544281627e-01
9.939262677150524361e-01
1.012994962098027196e+00
9.908658599745749918e-01
1.019115777578982085e+00
1.015113705918357700e+00
1.004049154856631709e+00
1.019351193559018709e+00
1.001459579076227735e+00
9.927491878148688720e-01
1.008522058477329342e+00
9.652055181505719839e-01
1.007580394557182402e+00
1.006167898676962214e+00
1.006874146617072308e+00
1.001694995056264359e+00
1.003813738876594863e+00
1.008992890437402812e+00
9.953387635952728463e-01
1.006638730637035684e+00
1.018174113658835145e+00
9.943970996751259062e-01
1.008286642497292718e+00
9.946325156551626412e-01
1.022411601299496153e+00
1.015819953858467795e+00

# time bin value
-1.000000000000000000e+02
-9.900000000000000000e+01
-9.800000000000000000e+01
-9.700000000000000000e+01
-9.600000000000000000e+01
-9.500000000000000000e+01
-9.400000000000000000e+01
-9.300000000000000000e+01
-9.200000000000000000e+01
-9.100000000000000000e+01
-9.000000000000000000e+01
-8.900000000000000000e+01
-8.800000000000000000e+01
-8.700000000000000000e+01
-8.600000000000000000e+01
-8.500000000000000000e+01
-8.400000000000000000e+01
-8.300000000000000000e+01
-8.200000000000000000e+01
-8.100000000000000000e+01
-8.000000000000000000e+01
-7.900000000000000000e+01
-7.800000000000000000e+01
-7.700000000000000000e+01
-7.600000000000000000e+01
-7.500000000000000000e+01
-7.400000000000000000e+01
-7.300000000000000000e+01
-7.200000000000000000e+01
-7.100000000000000000e+01
-7.000000000000000000e+01
-6.900000000000000000e+01
-6.800000000000000000e+01
-6.700000000000000000e+01
-6.600000000000000000e+01
-6.500000000000000000e+01
-6.400000000000000000e+01
-6.300000000000000000e+01
-6.200000000000000000e+01
-6.100000000000000000e+01
-6.000000000000000000e+01
-5.900000000000000000e+01
-5.800000000000000000e+01
-5.700000000000000000e+01
-5.600000000000000000e+01
-5.500000000000000000e+01
-5.400000000000000000e+01
-5.300000000000000000e+01
-5.200000000000000000e+01
-5.100000000000000000e+01
-5.000000000000000000e+01
-4.900000000000000000e+01
-4.800000000000000000e+01
-4.700000000000000000e+01
-4.600000000000000000e+01
-4.500000000000000000e+01
-4.400000000000000000e+01
-4.300000000000000000e+01
-4.200000000000000000e+01
-4.100000000000000000e+01
-4.000000000000000000e+01
-3.900000000000000000e+01
-3.800000000000000000e+01
-3.700000000000000000e+01
-3.600000000000000000e+01
-3.500000000000000000e+01
-3.400000000000000000e+01
-3.300000000000000000e+01
-3.200000000000000000e+01
-3.100000000000000000e+01
-3.000000000000000000e+01
-2.900000000000000000e+01
-2.800000000000000000e+01
-2.700000000000000000e+01
-2.600000000000000000e+01
-2.500000000000000000e+01
-2.400000000000000000e+01
-2.300000000000000000e+01
-2.200000000000000000e+01
-2.100000000000000000e+01
-2.000000000000000000e+01
-1.900000000000000000e+01
-1.800000000000000000e+01
-1.700000000000000000e+01
-1.600000000000000000e+01
-1.500000000000000000e+01
-1.400000000000000000e+01
-1.300000000000000000e+01
-1.200000000000000000e+01
-1.100000000000000000e+01
-1.000000000000000000e+01
-9.000000000000000000e+00
-8.000000000000000000e+00
-7.000000000000000000e+00
-6.000000000000000000e+00
-5.000000000000000000e+00
-4.000000000000000000e+00
-3.000000000000000000e+00
-2.000000000000000000e+00
-1.000000000000000000e+00
0.000000000000000000e+00
1.000000000000000000e+00
2.000000000000000000e+00
3.000000000000000000e+00
4.000000000000000000e+00
5.000000000000000000e+00
6.000000000000000000e+00
7.000000000000000000e+00
8.000000000000000000e+00
9.000000000000000000e+00
1.000000000000000000e+01
1.100000000000000000e+01
1.200000000000000000e+01
1.300000000000000000e+01
1.400000000000000000e+01
1.500000000000000000e+01
1.600000000000000000e+01
1.700000000000000000e+01
1.800000000000000000e+01
1.900000000000000000e+01
2.000000000000000000e+01
2.100000000000000000e+01
2.200000000000000000e+01
2.300000000000000000e+01
2.400000000000000000e+01
2.500000000000000000e+01
2.600000000000000000e+01
2.700000000000000000e+01
2.800000000000000000e+01
2.900000000000000000e+01
3.000000000000000000e+01
3.100000000000000000e+01
3.200000000000000000e+01
3.300000000000000000e+01
3.400000000000000000e+01
3.500000000000000000e+01
3.600000000000000000e+01
3.700000000000000000e+01
3.800000000000000000e+01
3.900000000000000000e+01
4.000000000000000000e+01
4.100000000000000000e+01
4.200000000000000000e+01
4.300000000000000000e+01
4.400000000000000000e+01
4.500000000000000000e+01
4.600000000000000000e+01
4.700000000000000000e+01
4.800000000000000000e+01
4.900000000000000000e+01
5.000000000000000000e+01
5.100000000000000000e+01
5.200000000000000000e+01
5.300000000000000000e+01
5.400000000000000000e+01
5.500000000000000000e+01
5.600000000000000000e+01
5.700000000000000000e+01
5.800000000000000000e+01
5.900000000000000000e+01
6.000000000000000000e+01
6.100000000000000000e+01
6.200000000000000000e+01
6.300000000000000000e+01
6.400000000000000000e+01
6.500000000000000000e+01
6.600000000000000000e+01
6.700000000000000000e+01
6.800000000000000000e+01
6.900000000000000000e+01
7.000000000000000000e+01
7.100000000000000000e+01
7.200000000000000000e+01
7.300000000000000000e+01
7.400000000000000000e+01
7.500000000000000000e+01
7.600000000000000000e+01
7.700000000000000000e+01
7.800000000000000000e+01
7.900000000000000000e+01
8.000000000000000000e+01
8.100000000000000000e+01
8.200000000000000000e+01
8.300000000000000000e+01
8.400000000000000000e+01
8.500000000000000000e+01
8.600000000000000000e+01
8.700000000000000000e+01
8.800000000000000000e+01
8.900000000000000000e+01
9.000000000000000000e+01
9.100000000000000000e+01
9.200000000000000000e+01
9.300000000000000000e+01
9.400000000000000000e+01
9.500000000000000000e+01
9.600000000000000000e+01
9.700000000000000000e+01
9.800000000000000000e+01
9.900000000000000000e+01
