single photon fraction:    0.0688
laser fraction:    0.1250
thermal source fraction:    0.5938
non-detected fraction:    0.2125
number of bins:  200.0000
bin width (ns):    1.0000
average detection events per bin: 5000.0000

# binary result
0.000000000000000000e+00

# g2 signal
9.964121330184229075e-01
1.001520628958020076e+00
9.964121330184229075e-01
9.994772305821811864e-01
9.810866451996315130e-01
9.874722651241280014e-01
9.647394581929206181e-01
1.015568992791912262e+00
9.826191939815106524e-01
9.913036370788258500e-01
1.006884549694597064e+00
1.009694222461375634e+00
9.915590618758056696e-01
9.943687346425841289e-01
1.004074876927818716e+00
9.741901756811753854e-01
1.000754354567080506e+00
1.045709118835535412e+00
9.841517427633897919e-01
9.800649460117121237e-01
9.920699114697654197e-01
9.892602387029869604e-01
1.015568992791912262e+00
1.017356966370771332e+00
1.011482196040234482e+00
1.014036444010033122e+00
1.000498929770100576e+00
1.022210037513388459e+00
9.780215476358732341e-01
9.874722651241280014e-01
1.010205072055335274e+00
9.974338322063424078e-01
9.964121330184229075e-01
1.001009779364060437e+00
9.936024602516445592e-01
9.749564500721149551e-01
9.867059907331884316e-01
1.005352000912717925e+00
9.943687346425841289e-01
1.003819452130838785e+00
1.004585726521778355e+00
9.913036370788258500e-01
1.019400364746610110e+00
9.872168403271480708e-01
9.930916106576848090e-01
9.895156634999667800e-01
1.005862850506677564e+00
1.017356966370771332e+00
1.010205072055335274e+00
1.011993045634194344e+00
1.003308602536879146e+00
9.867059907331884316e-01
9.754672996660747053e-01
1.020422063934529611e+00
9.999880801761409366e-01
1.013270169619093553e+00
1.014291868807013053e+00
9.872168403271480708e-01
1.014547293603992761e+00
9.946241594395639485e-01
9.918144866727854891e-01
1.017867815964730971e+00
1.016079842385871901e+00
9.861951411392286815e-01
9.734239012902358157e-01
9.872168403271480708e-01
9.741901756811753854e-01
1.002797752942919285e+00
9.938578850486243788e-01
1.022465462310368389e+00
1.000498929770100576e+00
9.989663809882215473e-01
9.591201126593638104e-01
1.011226771243254774e+00
1.003053177739899215e+00
1.020166639137549680e+00
1.009183372867415773e+00
9.943687346425841289e-01
1.010715921649294913e+00
9.941133098456041983e-01
1.005352000912717925e+00
9.892602387029869604e-01
9.902819378909063497e-01
1.017612391167751040e+00
9.693371045385580365e-01
9.997326553791611170e-01
9.844071675603696114e-01
9.846625923573495420e-01
9.821083443875509023e-01
9.693371045385580365e-01
9.849180171543293616e-01
9.946241594395639485e-01
1.036258401347280644e+00
9.964121330184229075e-01
9.910482122818459194e-01
9.785323972298329842e-01
9.974338322063424078e-01
1.026807683859025877e+00
9.969229826123826577e-01
9.900265130939265301e-01
1.632419877498267446e+00
9.920699114697654197e-01
1.015824417588892192e+00
1.008161673679496273e+00
9.739347508841955658e-01
1.001009779364060437e+00
1.009183372867415773e+00
1.001265204161040145e+00
9.902819378909063497e-01
1.005096576115737994e+00
1.005607425709697855e+00
9.690816797415782169e-01
1.014547293603992761e+00
9.890048139060071408e-01
9.890048139060071408e-01
1.006884549694597064e+00
1.001009779364060437e+00
1.004585726521778355e+00
9.803203708086919432e-01
9.936024602516445592e-01
1.028084807843925308e+00
9.907927874848660998e-01
9.851734419513091812e-01
1.020422063934529611e+00
1.012248470431174052e+00
1.001776053755000007e+00
1.009438797664395704e+00
9.838963179664099723e-01
1.012759320025133913e+00
9.992218057852013668e-01
1.017101541573791401e+00
9.864505659362085010e-01
1.002031478551979715e+00
1.018634090355670541e+00
9.828746187784904720e-01
9.969229826123826577e-01
1.011737620837214413e+00
1.001009779364060437e+00
9.833854683724502221e-01
9.887493891090272102e-01
1.002286903348959646e+00
9.976892570033222274e-01
1.006629124897617134e+00
1.009183372867415773e+00
1.020932913528489250e+00
9.864505659362085010e-01
9.907927874848660998e-01
1.013781019213053192e+00
9.836408931694300417e-01
9.951350090335236986e-01
1.001265204161040145e+00
1.005862850506677564e+00
1.002286903348959646e+00
9.961567082214430879e-01
9.943687346425841289e-01
9.749564500721149551e-01
1.007139974491576995e+00
1.003819452130838785e+00
1.013014744822113622e+00
9.892602387029869604e-01
1.006884549694597064e+00
9.798095212147321931e-01
9.675491309596990774e-01
1.005352000912717925e+00
1.011482196040234482e+00
9.900265130939265301e-01
9.844071675603696114e-01
1.011482196040234482e+00
9.795540964177523735e-01
1.018634090355670541e+00
1.030639055813723726e+00
1.009949647258355343e+00
9.910482122818459194e-01
9.905373626878862803e-01
1.015058143197952623e+00
9.675491309596990774e-01
9.670382813657393273e-01
1.010715921649294913e+00
9.867059907331884316e-01
9.936024602516445592e-01
9.821083443875509023e-01
1.006118275303657494e+00
9.718913525083566762e-01
1.005096576115737994e+00
9.971784074093624772e-01
1.015824417588892192e+00
9.731684764932559961e-01
9.787878220268128038e-01
1.028084807843925308e+00
9.752118748690947747e-01
9.703588037264775368e-01
1.001009779364060437e+00
1.019144939949630180e+00
9.859397163422487509e-01
9.821083443875509023e-01
9.826191939815106524e-01
9.882385395150675711e-01
9.769998484479538448e-01
1.007139974491576995e+00
9.711250781174171065e-01

# time bin value
-1.000000000000000000e+02
-9.900000000000000000e+01
-9.800000000000000000e+01
-9.700000000000000000e+01
-9.600000000000000000e+01
-9.500000000000000000e+01
-9.400000000000000000e+01
-9.300000000000000000e+01
-9.200000000000000000e+01
-9.100000000000000000e+01
-9.000000000000000000e+01
-8.900000000000000000e+01
-8.800000000000000000e+01
-8.700000000000000000e+01
-8.600000000000000000e+01
-8.500000000000000000e+01
-8.400000000000000000e+01
-8.300000000000000000e+01
-8.200000000000000000e+01
-8.100000000000000000e+01
-8.000000000000000000e+01
-7.900000000000000000e+01
-7.800000000000000000e+01
-7.700000000000000000e+01
-7.600000000000000000e+01
-7.500000000000000000e+01
-7.400000000000000000e+01
-7.300000000000000000e+01
-7.200000000000000000e+01
-7.100000000000000000e+01
-7.000000000000000000e+01
-6.900000000000000000e+01
-6.800000000000000000e+01
-6.700000000000000000e+01
-6.600000000000000000e+01
-6.500000000000000000e+01
-6.400000000000000000e+01
-6.300000000000000000e+01
-6.200000000000000000e+01
-6.100000000000000000e+01
-6.000000000000000000e+01
-5.900000000000000000e+01
-5.800000000000000000e+01
-5.700000000000000000e+01
-5.600000000000000000e+01
-5.500000000000000000e+01
-5.400000000000000000e+01
-5.300000000000000000e+01
-5.200000000000000000e+01
-5.100000000000000000e+01
-5.000000000000000000e+01
-4.900000000000000000e+01
-4.800000000000000000e+01
-4.700000000000000000e+01
-4.600000000000000000e+01
-4.500000000000000000e+01
-4.400000000000000000e+01
-4.300000000000000000e+01
-4.200000000000000000e+01
-4.100000000000000000e+01
-4.000000000000000000e+01
-3.900000000000000000e+01
-3.800000000000000000e+01
-3.700000000000000000e+01
-3.600000000000000000e+01
-3.500000000000000000e+01
-3.400000000000000000e+01
-3.300000000000000000e+01
-3.200000000000000000e+01
-3.100000000000000000e+01
-3.000000000000000000e+01
-2.900000000000000000e+01
-2.800000000000000000e+01
-2.700000000000000000e+01
-2.600000000000000000e+01
-2.500000000000000000e+01
-2.400000000000000000e+01
-2.300000000000000000e+01
-2.200000000000000000e+01
-2.100000000000000000e+01
-2.000000000000000000e+01
-1.900000000000000000e+01
-1.800000000000000000e+01
-1.700000000000000000e+01
-1.600000000000000000e+01
-1.500000000000000000e+01
-1.400000000000000000e+01
-1.300000000000000000e+01
-1.200000000000000000e+01
-1.100000000000000000e+01
-1.000000000000000000e+01
-9.000000000000000000e+00
-8.000000000000000000e+00
-7.000000000000000000e+00
-6.000000000000000000e+00
-5.000000000000000000e+00
-4.000000000000000000e+00
-3.000000000000000000e+00
-2.000000000000000000e+00
-1.000000000000000000e+00
0.000000000000000000e+00
1.000000000000000000e+00
2.000000000000000000e+00
3.000000000000000000e+00
4.000000000000000000e+00
5.000000000000000000e+00
6.000000000000000000e+00
7.000000000000000000e+00
8.000000000000000000e+00
9.000000000000000000e+00
1.000000000000000000e+01
1.100000000000000000e+01
1.200000000000000000e+01
1.300000000000000000e+01
1.400000000000000000e+01
1.500000000000000000e+01
1.600000000000000000e+01
1.700000000000000000e+01
1.800000000000000000e+01
1.900000000000000000e+01
2.000000000000000000e+01
2.100000000000000000e+01
2.200000000000000000e+01
2.300000000000000000e+01
2.400000000000000000e+01
2.500000000000000000e+01
2.600000000000000000e+01
2.700000000000000000e+01
2.800000000000000000e+01
2.900000000000000000e+01
3.000000000000000000e+01
3.100000000000000000e+01
3.200000000000000000e+01
3.300000000000000000e+01
3.400000000000000000e+01
3.500000000000000000e+01
3.600000000000000000e+01
3.700000000000000000e+01
3.800000000000000000e+01
3.900000000000000000e+01
4.000000000000000000e+01
4.100000000000000000e+01
4.200000000000000000e+01
4.300000000000000000e+01
4.400000000000000000e+01
4.500000000000000000e+01
4.600000000000000000e+01
4.700000000000000000e+01
4.800000000000000000e+01
4.900000000000000000e+01
5.000000000000000000e+01
5.100000000000000000e+01
5.200000000000000000e+01
5.300000000000000000e+01
5.400000000000000000e+01
5.500000000000000000e+01
5.600000000000000000e+01
5.700000000000000000e+01
5.800000000000000000e+01
5.900000000000000000e+01
6.000000000000000000e+01
6.100000000000000000e+01
6.200000000000000000e+01
6.300000000000000000e+01
6.400000000000000000e+01
6.500000000000000000e+01
6.600000000000000000e+01
6.700000000000000000e+01
6.800000000000000000e+01
6.900000000000000000e+01
7.000000000000000000e+01
7.100000000000000000e+01
7.200000000000000000e+01
7.300000000000000000e+01
7.400000000000000000e+01
7.500000000000000000e+01
7.600000000000000000e+01
7.700000000000000000e+01
7.800000000000000000e+01
7.900000000000000000e+01
8.000000000000000000e+01
8.100000000000000000e+01
8.200000000000000000e+01
8.300000000000000000e+01
8.400000000000000000e+01
8.500000000000000000e+01
8.600000000000000000e+01
8.700000000000000000e+01
8.800000000000000000e+01
8.900000000000000000e+01
9.000000000000000000e+01
9.100000000000000000e+01
9.200000000000000000e+01
9.300000000000000000e+01
9.400000000000000000e+01
9.500000000000000000e+01
9.600000000000000000e+01
9.700000000000000000e+01
9.800000000000000000e+01
9.900000000000000000e+01
