single photon fraction:    0.5590
laser fraction:    0.1988
thermal source fraction:    0.0621
non-detected fraction:    0.1801
number of bins:  200.0000
bin width (ns):    1.0000
average detection events per bin: 5000.0000

# binary result
1.000000000000000000e+00

# g2 signal
1.001357814774492594e+00
1.009920610649671424e+00
1.010899215892549163e+00
1.005272235746002885e+00
9.857001308884512092e-01
9.932843215207525223e-01
1.002825722638808870e+00
1.025333643224993541e+00
1.038789465314560401e+00
1.000868512153053835e+00
1.017504801281972737e+00
1.021663873564202518e+00
1.033651787789453103e+00
1.001602466085212084e+00
1.003315025260247850e+00
9.957308346279464262e-01
9.962201372493852958e-01
9.959754859386658055e-01
1.015792242106936971e+00
1.002091768706650843e+00
1.012611775067584929e+00
9.849661769562929603e-01
1.035119695653769378e+00
1.005027584435283616e+00
1.015547590796217703e+00
1.018728057835569745e+00
1.007963400163916390e+00
9.783605915668692754e-01
9.903485057921197487e-01
1.020195965699886242e+00
1.029982018128662080e+00
1.018483406524850476e+00
9.847215256455735810e-01
1.006006189678161133e+00
1.012367123756865439e+00
1.011143867203268432e+00
1.014568985553339964e+00
9.734675653524813566e-01
9.751801245275171226e-01
9.874126900634869752e-01
9.903485057921197487e-01
1.021908524874922009e+00
1.010409913271110183e+00
9.739568679739201151e-01
9.969540911815434336e-01
1.017994103903411496e+00
1.015547590796217703e+00
9.798284994311856622e-01
9.918164136564361355e-01
9.578098814664398608e-01
9.871680387527675959e-01
9.981773477351404411e-01
9.930396702100330319e-01
9.959754859386658055e-01
1.004538281813844858e+00
1.011633169824707190e+00
1.000868512153053835e+00
1.029003412885784563e+00
1.013101077689023688e+00
1.012122472446146171e+00
1.024355037982116023e+00
9.808071046740631793e-01
1.004048979192405877e+00
9.935289728314719016e-01
9.964647885601046751e-01
1.006984794921038651e+00
9.871680387527675959e-01
9.915717623457167562e-01
1.028758761575065073e+00
9.984219990458598204e-01
1.013101077689023688e+00
9.737122166632007358e-01
1.016281544728375730e+00
1.001113163463773104e+00
1.001602466085212084e+00
9.918164136564361355e-01
9.827643151598184357e-01
1.029003412885784563e+00
9.839875717134154431e-01
9.869233874420481056e-01
1.016526196039095220e+00
1.006006189678161133e+00
9.832536177812571943e-01
9.930396702100330319e-01
9.751801245275171226e-01
1.004782933124564126e+00
1.001357814774492594e+00
1.007229446231758141e+00
1.009186656717513397e+00
1.008452702785355148e+00
1.009186656717513397e+00
9.901038544814003695e-01
1.003315025260247850e+00
1.017749452592692228e+00
1.017260149971253469e+00
1.000868512153053835e+00
9.996452555994568279e-01
9.991559529780179583e-01
9.582991840878787304e-01
9.852108282670123396e-01
3.899741892867190640e-01
1.014079682931901205e+00
9.927950188993136527e-01
1.000868512153053835e+00
1.016526196039095220e+00
9.891252492385227413e-01
1.009431308028232666e+00
1.004048979192405877e+00
9.920610649671555148e-01
9.949968806957882883e-01
9.986666503565791997e-01
9.830089664705378150e-01
1.016770847349814710e+00
1.006250840988880624e+00
1.000623860842334345e+00
9.974433938029821922e-01
1.019706663078447484e+00
9.927950188993136527e-01
1.042703886286070691e+00
9.734675653524813566e-01
9.881466439956451131e-01
9.781159402561498961e-01
1.005272235746002885e+00
9.702870983131290927e-01
1.027290853710748797e+00
1.008208051474635658e+00
9.959754859386658055e-01
1.013101077689023688e+00
1.011143867203268432e+00
9.923057162778748941e-01
9.942629267636300394e-01
1.015792242106936971e+00
9.969540911815434336e-01
9.925503675885942734e-01
9.847215256455735810e-01
1.001357814774492594e+00
1.000623860842334345e+00
1.001113163463773104e+00
9.852108282670123396e-01
9.881466439956451131e-01
1.008452702785355148e+00
1.060808083279306091e+00
9.989113016672985790e-01
9.852108282670123396e-01
9.923057162778748941e-01
9.910824597242778866e-01
1.004538281813844858e+00
1.000868512153053835e+00
1.009186656717513397e+00
1.008697354096074417e+00
9.866787361313287263e-01
9.896145518599614999e-01
1.010409913271110183e+00
1.013835031621181937e+00
1.009920610649671424e+00
9.852108282670123396e-01
1.003559676570967119e+00
1.000623860842334345e+00
9.984219990458598204e-01
1.004538281813844858e+00
1.000134558220895586e+00
9.947522293850689090e-01
9.861894335098899678e-01
1.019462011767727994e+00
1.003070373949528360e+00
1.002336420017370111e+00
1.003070373949528360e+00
1.003804327881686609e+00
1.000379209531615077e+00
9.891252492385227413e-01
1.019217360457008503e+00
9.874126900634869752e-01
9.979326964244210618e-01
9.766480323918335094e-01
9.722443087988843491e-01
1.006250840988880624e+00
9.827643151598184357e-01
9.949968806957882883e-01
1.021174570942763760e+00
1.017260149971253469e+00
1.000868512153053835e+00
9.871680387527675959e-01
1.018483406524850476e+00
9.830089664705378150e-01
9.913271110349972659e-01
1.003315025260247850e+00
9.881466439956451131e-01
1.011388518513987922e+00
9.874126900634869752e-01
9.994006042887374486e-01
1.003315025260247850e+00
9.837429204026959528e-01
1.010899215892549163e+00
9.935289728314719016e-01
1.018483406524850476e+00
1.004048979192405877e+00
9.812964072955020489e-01
9.861894335098899678e-01
1.001113163463773104e+00
1.006250840988880624e+00

# time bin value
-1.000000000000000000e+02
-9.900000000000000000e+01
-9.800000000000000000e+01
-9.700000000000000000e+01
-9.600000000000000000e+01
-9.500000000000000000e+01
-9.400000000000000000e+01
-9.300000000000000000e+01
-9.200000000000000000e+01
-9.100000000000000000e+01
-9.000000000000000000e+01
-8.900000000000000000e+01
-8.800000000000000000e+01
-8.700000000000000000e+01
-8.600000000000000000e+01
-8.500000000000000000e+01
-8.400000000000000000e+01
-8.300000000000000000e+01
-8.200000000000000000e+01
-8.100000000000000000e+01
-8.000000000000000000e+01
-7.900000000000000000e+01
-7.800000000000000000e+01
-7.700000000000000000e+01
-7.600000000000000000e+01
-7.500000000000000000e+01
-7.400000000000000000e+01
-7.300000000000000000e+01
-7.200000000000000000e+01
-7.100000000000000000e+01
-7.000000000000000000e+01
-6.900000000000000000e+01
-6.800000000000000000e+01
-6.700000000000000000e+01
-6.600000000000000000e+01
-6.500000000000000000e+01
-6.400000000000000000e+01
-6.300000000000000000e+01
-6.200000000000000000e+01
-6.100000000000000000e+01
-6.000000000000000000e+01
-5.900000000000000000e+01
-5.800000000000000000e+01
-5.700000000000000000e+01
-5.600000000000000000e+01
-5.500000000000000000e+01
-5.400000000000000000e+01
-5.300000000000000000e+01
-5.200000000000000000e+01
-5.100000000000000000e+01
-5.000000000000000000e+01
-4.900000000000000000e+01
-4.800000000000000000e+01
-4.700000000000000000e+01
-4.600000000000000000e+01
-4.500000000000000000e+01
-4.400000000000000000e+01
-4.300000000000000000e+01
-4.200000000000000000e+01
-4.100000000000000000e+01
-4.000000000000000000e+01
-3.900000000000000000e+01
-3.800000000000000000e+01
-3.700000000000000000e+01
-3.600000000000000000e+01
-3.500000000000000000e+01
-3.400000000000000000e+01
-3.300000000000000000e+01
-3.200000000000000000e+01
-3.100000000000000000e+01
-3.000000000000000000e+01
-2.900000000000000000e+01
-2.800000000000000000e+01
-2.700000000000000000e+01
-2.600000000000000000e+01
-2.500000000000000000e+01
-2.400000000000000000e+01
-2.300000000000000000e+01
-2.200000000000000000e+01
-2.100000000000000000e+01
-2.000000000000000000e+01
-1.900000000000000000e+01
-1.800000000000000000e+01
-1.700000000000000000e+01
-1.600000000000000000e+01
-1.500000000000000000e+01
-1.400000000000000000e+01
-1.300000000000000000e+01
-1.200000000000000000e+01
-1.100000000000000000e+01
-1.000000000000000000e+01
-9.000000000000000000e+00
-8.000000000000000000e+00
-7.000000000000000000e+00
-6.000000000000000000e+00
-5.000000000000000000e+00
-4.000000000000000000e+00
-3.000000000000000000e+00
-2.000000000000000000e+00
-1.000000000000000000e+00
0.000000000000000000e+00
1.000000000000000000e+00
2.000000000000000000e+00
3.000000000000000000e+00
4.000000000000000000e+00
5.000000000000000000e+00
6.000000000000000000e+00
7.000000000000000000e+00
8.000000000000000000e+00
9.000000000000000000e+00
1.000000000000000000e+01
1.100000000000000000e+01
1.200000000000000000e+01
1.300000000000000000e+01
1.400000000000000000e+01
1.500000000000000000e+01
1.600000000000000000e+01
1.700000000000000000e+01
1.800000000000000000e+01
1.900000000000000000e+01
2.000000000000000000e+01
2.100000000000000000e+01
2.200000000000000000e+01
2.300000000000000000e+01
2.400000000000000000e+01
2.500000000000000000e+01
2.600000000000000000e+01
2.700000000000000000e+01
2.800000000000000000e+01
2.900000000000000000e+01
3.000000000000000000e+01
3.100000000000000000e+01
3.200000000000000000e+01
3.300000000000000000e+01
3.400000000000000000e+01
3.500000000000000000e+01
3.600000000000000000e+01
3.700000000000000000e+01
3.800000000000000000e+01
3.900000000000000000e+01
4.000000000000000000e+01
4.100000000000000000e+01
4.200000000000000000e+01
4.300000000000000000e+01
4.400000000000000000e+01
4.500000000000000000e+01
4.600000000000000000e+01
4.700000000000000000e+01
4.800000000000000000e+01
4.900000000000000000e+01
5.000000000000000000e+01
5.100000000000000000e+01
5.200000000000000000e+01
5.300000000000000000e+01
5.400000000000000000e+01
5.500000000000000000e+01
5.600000000000000000e+01
5.700000000000000000e+01
5.800000000000000000e+01
5.900000000000000000e+01
6.000000000000000000e+01
6.100000000000000000e+01
6.200000000000000000e+01
6.300000000000000000e+01
6.400000000000000000e+01
6.500000000000000000e+01
6.600000000000000000e+01
6.700000000000000000e+01
6.800000000000000000e+01
6.900000000000000000e+01
7.000000000000000000e+01
7.100000000000000000e+01
7.200000000000000000e+01
7.300000000000000000e+01
7.400000000000000000e+01
7.500000000000000000e+01
7.600000000000000000e+01
7.700000000000000000e+01
7.800000000000000000e+01
7.900000000000000000e+01
8.000000000000000000e+01
8.100000000000000000e+01
8.200000000000000000e+01
8.300000000000000000e+01
8.400000000000000000e+01
8.500000000000000000e+01
8.600000000000000000e+01
8.700000000000000000e+01
8.800000000000000000e+01
8.900000000000000000e+01
9.000000000000000000e+01
9.100000000000000000e+01
9.200000000000000000e+01
9.300000000000000000e+01
9.400000000000000000e+01
9.500000000000000000e+01
9.600000000000000000e+01
9.700000000000000000e+01
9.800000000000000000e+01
9.900000000000000000e+01
