single photon fraction:    0.0688
laser fraction:    0.1250
thermal source fraction:    0.5938
non-detected fraction:    0.2125
number of bins:  200.0000
bin width (ns):    1.0000
average detection events per bin: 5000.0000

# binary result
0.000000000000000000e+00

# g2 signal
1.006122967176601435e+00
1.022993931565233661e+00
9.877182787526392893e-01
9.966650022920653385e-01
9.652236595677965436e-01
9.777490725229930346e-01
9.831171066466487529e-01
1.008167932557041846e+00
9.976874849822855440e-01
9.974318643097305204e-01
9.935975542214050549e-01
9.718697970542273801e-01
1.016347794078802824e+00
1.015836552733692777e+00
9.769822105053279637e-01
1.003311139778496175e+00
9.992212090176156858e-01
9.693135903286770327e-01
1.010468518610037059e+00
9.777490725229930346e-01
9.769822105053279637e-01
1.023760793582898732e+00
1.007145449866821751e+00
1.005356105158936364e+00
1.036797447883205159e+00
9.820946239564286584e-01
9.971762436371753857e-01
1.020693345512238226e+00
9.953868989292902203e-01
9.912969681684097312e-01
9.874626580800842657e-01
1.010212897937482035e+00
9.989655883450606622e-01
9.647124182226864963e-01
1.010212897937482035e+00
9.987099676725056385e-01
1.007145449866821751e+00
9.810721412662084528e-01
9.884851407703043602e-01
9.831171066466487529e-01
1.003566760451051199e+00
9.892520027879694311e-01
9.981987263273955913e-01
9.900188648056346130e-01
1.016347794078802824e+00
9.951312782567351967e-01
9.846508306819788947e-01
9.928306922037398730e-01
9.984543469999506149e-01
1.008934794574706917e+00
1.007912311884486822e+00
9.941087955665151021e-01
9.971762436371753857e-01
1.007401070539376775e+00
9.958981402744002676e-01
9.999880710352807567e-01
9.905301061507446603e-01
1.012002242645367200e+00
1.013024725335587295e+00
1.020182104167128179e+00
9.795384172308783111e-01
1.024272034928008779e+00
9.889963821154144075e-01
1.016347794078802824e+00
1.029128827706554228e+00
9.900188648056346130e-01
1.003566760451051199e+00
9.987099676725056385e-01
1.005867346504046411e+00
9.721254177267824037e-01
1.000499312380390915e+00
9.759597278151078692e-01
1.005611725831491388e+00
9.958981402744002676e-01
9.854176926996439656e-01
9.780046931955481693e-01
1.017881518114132966e+00
1.033729999812544875e+00
9.895076234605245658e-01
1.014558449370917437e+00
9.580662807362556599e-01
9.879738994251943129e-01
9.925750715311848493e-01
9.999880710352807567e-01
1.004589243141271293e+00
1.003055519105941151e+00
9.923194508586298257e-01
9.925750715311848493e-01
9.912969681684097312e-01
9.790271758857682638e-01
1.005356105158936364e+00
9.935975542214050549e-01
9.966650022920653385e-01
9.920638301860748021e-01
9.831171066466487529e-01
1.020693345512238226e+00
9.813277619387634765e-01
9.997324503627257331e-01
9.994768296901707094e-01
1.007401070539376775e+00
1.619612581308675692e+00
9.895076234605245658e-01
1.011746621972812177e+00
1.012257863317922224e+00
1.008167932557041846e+00
9.974318643097305204e-01
1.013535966680697342e+00
1.040887378644085759e+00
1.015325311388582730e+00
9.951312782567351967e-01
1.001266174398055986e+00
9.948756575841801730e-01
9.915525888409647548e-01
1.012513483990477248e+00
9.820946239564286584e-01
9.841395893368688474e-01
9.718697970542273801e-01
9.928306922037398730e-01
9.889963821154144075e-01
1.000243691707835891e+00
9.757041071425528456e-01
1.002799898433386128e+00
9.928306922037398730e-01
9.905301061507446603e-01
9.989655883450606622e-01
1.021971448875013344e+00
1.020948966184793250e+00
1.019415242149463108e+00
1.001777415743166033e+00
1.003566760451051199e+00
9.918082095135197784e-01
1.001777415743166033e+00
9.772378311778829874e-01
9.746816244523327510e-01
9.895076234605245658e-01
1.005867346504046411e+00
1.007656691211931799e+00
1.029384448379109251e+00
9.815833826113185001e-01
1.040376137298975712e+00
9.854176926996439656e-01
1.007401070539376775e+00
1.011491001300257153e+00
1.015325311388582730e+00
1.005356105158936364e+00
9.800496585759883583e-01
9.925750715311848493e-01
9.877182787526392893e-01
1.012769104663032271e+00
1.014047208025807389e+00
9.984543469999506149e-01
1.018137138786687990e+00
1.001777415743166033e+00
9.575550393911456126e-01
9.923194508586298257e-01
1.005356105158936364e+00
9.841395893368688474e-01
1.025550138290783897e+00
9.856733133721991003e-01
9.872070374075292420e-01
1.004078001796161246e+00
1.000499312380390915e+00
9.744260037797777274e-01
9.713585557091173328e-01
1.012769104663032271e+00
9.803052792485433820e-01
1.014302828698362413e+00
1.002033036415721057e+00
1.008167932557041846e+00
9.981987263273955913e-01
1.020437724839683202e+00
9.874626580800842657e-01
9.739147624346676801e-01
1.020437724839683202e+00
9.803052792485433820e-01
1.012002242645367200e+00
1.019159621476908084e+00
1.005867346504046411e+00
9.751928657974427983e-01
1.021971448875013344e+00
9.823502446289836820e-01
1.008679173902151893e+00
1.013791587353252366e+00
1.030151310396774322e+00
1.007145449866821751e+00
1.016092173406247801e+00
9.920638301860748021e-01
1.001010553725500962e+00
1.020693345512238226e+00
1.011491001300257153e+00
9.767265898327729401e-01
9.800496585759883583e-01
9.910413474958547075e-01
9.879738994251943129e-01
9.997324503627257331e-01
9.930863128762948966e-01
9.810721412662084528e-01
1.023249552237788684e+00
9.808165205936534292e-01
1.009190415247261940e+00

# time bin value
-1.000000000000000000e+02
-9.900000000000000000e+01
-9.800000000000000000e+01
-9.700000000000000000e+01
-9.600000000000000000e+01
-9.500000000000000000e+01
-9.400000000000000000e+01
-9.300000000000000000e+01
-9.200000000000000000e+01
-9.100000000000000000e+01
-9.000000000000000000e+01
-8.900000000000000000e+01
-8.800000000000000000e+01
-8.700000000000000000e+01
-8.600000000000000000e+01
-8.500000000000000000e+01
-8.400000000000000000e+01
-8.300000000000000000e+01
-8.200000000000000000e+01
-8.100000000000000000e+01
-8.000000000000000000e+01
-7.900000000000000000e+01
-7.800000000000000000e+01
-7.700000000000000000e+01
-7.600000000000000000e+01
-7.500000000000000000e+01
-7.400000000000000000e+01
-7.300000000000000000e+01
-7.200000000000000000e+01
-7.100000000000000000e+01
-7.000000000000000000e+01
-6.900000000000000000e+01
-6.800000000000000000e+01
-6.700000000000000000e+01
-6.600000000000000000e+01
-6.500000000000000000e+01
-6.400000000000000000e+01
-6.300000000000000000e+01
-6.200000000000000000e+01
-6.100000000000000000e+01
-6.000000000000000000e+01
-5.900000000000000000e+01
-5.800000000000000000e+01
-5.700000000000000000e+01
-5.600000000000000000e+01
-5.500000000000000000e+01
-5.400000000000000000e+01
-5.300000000000000000e+01
-5.200000000000000000e+01
-5.100000000000000000e+01
-5.000000000000000000e+01
-4.900000000000000000e+01
-4.800000000000000000e+01
-4.700000000000000000e+01
-4.600000000000000000e+01
-4.500000000000000000e+01
-4.400000000000000000e+01
-4.300000000000000000e+01
-4.200000000000000000e+01
-4.100000000000000000e+01
-4.000000000000000000e+01
-3.900000000000000000e+01
-3.800000000000000000e+01
-3.700000000000000000e+01
-3.600000000000000000e+01
-3.500000000000000000e+01
-3.400000000000000000e+01
-3.300000000000000000e+01
-3.200000000000000000e+01
-3.100000000000000000e+01
-3.000000000000000000e+01
-2.900000000000000000e+01
-2.800000000000000000e+01
-2.700000000000000000e+01
-2.600000000000000000e+01
-2.500000000000000000e+01
-2.400000000000000000e+01
-2.300000000000000000e+01
-2.200000000000000000e+01
-2.100000000000000000e+01
-2.000000000000000000e+01
-1.900000000000000000e+01
-1.800000000000000000e+01
-1.700000000000000000e+01
-1.600000000000000000e+01
-1.500000000000000000e+01
-1.400000000000000000e+01
-1.300000000000000000e+01
-1.200000000000000000e+01
-1.100000000000000000e+01
-1.000000000000000000e+01
-9.000000000000000000e+00
-8.000000000000000000e+00
-7.000000000000000000e+00
-6.000000000000000000e+00
-5.000000000000000000e+00
-4.000000000000000000e+00
-3.000000000000000000e+00
-2.000000000000000000e+00
-1.000000000000000000e+00
0.000000000000000000e+00
1.000000000000000000e+00
2.000000000000000000e+00
3.000000000000000000e+00
4.000000000000000000e+00
5.000000000000000000e+00
6.000000000000000000e+00
7.000000000000000000e+00
8.000000000000000000e+00
9.000000000000000000e+00
1.000000000000000000e+01
1.100000000000000000e+01
1.200000000000000000e+01
1.300000000000000000e+01
1.400000000000000000e+01
1.500000000000000000e+01
1.600000000000000000e+01
1.700000000000000000e+01
1.800000000000000000e+01
1.900000000000000000e+01
2.000000000000000000e+01
2.100000000000000000e+01
2.200000000000000000e+01
2.300000000000000000e+01
2.400000000000000000e+01
2.500000000000000000e+01
2.600000000000000000e+01
2.700000000000000000e+01
2.800000000000000000e+01
2.900000000000000000e+01
3.000000000000000000e+01
3.100000000000000000e+01
3.200000000000000000e+01
3.300000000000000000e+01
3.400000000000000000e+01
3.500000000000000000e+01
3.600000000000000000e+01
3.700000000000000000e+01
3.800000000000000000e+01
3.900000000000000000e+01
4.000000000000000000e+01
4.100000000000000000e+01
4.200000000000000000e+01
4.300000000000000000e+01
4.400000000000000000e+01
4.500000000000000000e+01
4.600000000000000000e+01
4.700000000000000000e+01
4.800000000000000000e+01
4.900000000000000000e+01
5.000000000000000000e+01
5.100000000000000000e+01
5.200000000000000000e+01
5.300000000000000000e+01
5.400000000000000000e+01
5.500000000000000000e+01
5.600000000000000000e+01
5.700000000000000000e+01
5.800000000000000000e+01
5.900000000000000000e+01
6.000000000000000000e+01
6.100000000000000000e+01
6.200000000000000000e+01
6.300000000000000000e+01
6.400000000000000000e+01
6.500000000000000000e+01
6.600000000000000000e+01
6.700000000000000000e+01
6.800000000000000000e+01
6.900000000000000000e+01
7.000000000000000000e+01
7.100000000000000000e+01
7.200000000000000000e+01
7.300000000000000000e+01
7.400000000000000000e+01
7.500000000000000000e+01
7.600000000000000000e+01
7.700000000000000000e+01
7.800000000000000000e+01
7.900000000000000000e+01
8.000000000000000000e+01
8.100000000000000000e+01
8.200000000000000000e+01
8.300000000000000000e+01
8.400000000000000000e+01
8.500000000000000000e+01
8.600000000000000000e+01
8.700000000000000000e+01
8.800000000000000000e+01
8.900000000000000000e+01
9.000000000000000000e+01
9.100000000000000000e+01
9.200000000000000000e+01
9.300000000000000000e+01
9.400000000000000000e+01
9.500000000000000000e+01
9.600000000000000000e+01
9.700000000000000000e+01
9.800000000000000000e+01
9.900000000000000000e+01
