single photon fraction:    0.0619
laser fraction:    0.3186
thermal source fraction:    0.3540
non-detected fraction:    0.2655
number of bins:  200.0000
bin width (ns):    1.0000
average detection events per bin: 5000.0000

# binary result
0.000000000000000000e+00

# g2 signal
9.867061154424253688e-01
9.910866087407268488e-01
9.711006080672260898e-01
1.004501869466775332e+00
1.005596992791350841e+00
9.990262528438984546e-01
9.943719787144530420e-01
9.971097870258914808e-01
9.730170738852329526e-01
9.787664713392537630e-01
9.938244170521653986e-01
1.034070199230310960e+00
9.730170738852329526e-01
1.005596992791350841e+00
1.026951897620570930e+00
1.006144554453638484e+00
9.957408828701722614e-01
9.968360061947476591e-01
1.002859184479912402e+00
9.867061154424253688e-01
9.987524720127546329e-01
1.000668937830761607e+00
1.009156143596220856e+00
9.804091563261168041e-01
9.880750195981445883e-01
1.015453102712529310e+00
9.919079512341584248e-01
1.005049431129063198e+00
9.798615946638291607e-01
1.016548226037104596e+00
1.009429924427364567e+00
1.026951897620570930e+00
9.853372112867061494e-01
1.026678116789426998e+00
9.932768553898776442e-01
1.018464691855111681e+00
9.880750195981445883e-01
1.016000664374816953e+00
9.867061154424253688e-01
1.015453102712529310e+00
1.006965896947070060e+00
1.009429924427364567e+00
1.016548226037104596e+00
9.760286630278153241e-01
1.010525047751940075e+00
9.721957313918014876e-01
9.982049103504668786e-01
9.795878138326853390e-01
9.834207454686991756e-01
9.683627997557875400e-01
1.020654938504262477e+00
9.943719787144530420e-01
1.044473870813777072e+00
9.689103614180752944e-01
9.809567179884045585e-01
1.006418335284782417e+00
1.021476280997693831e+00
9.853372112867061494e-01
9.908128279095830271e-01
9.935506362210214659e-01
9.940981978833092203e-01
9.776713480146783652e-01
9.954671020390284397e-01
1.017369568530536172e+00
9.930030745587338226e-01
9.853372112867061494e-01
9.993000336750422763e-01
9.864323346112814361e-01
1.018738472686255392e+00
1.026951897620570930e+00
1.000942718661905317e+00
1.006418335284782417e+00
1.016822006868248529e+00
9.831469646375553539e-01
9.973835678570354135e-01
9.982049103504668786e-01
9.919079512341584248e-01
9.930030745587338226e-01
9.932768553898776442e-01
1.001764061155336893e+00
1.046664117462927868e+00
1.008608581933933213e+00
1.008608581933933213e+00
1.003954307804487689e+00
1.010525047751940075e+00
1.025856774295995422e+00
1.006144554453638484e+00
9.752073205343837481e-01
9.724695122229453093e-01
1.003132965311056113e+00
1.010251266920796143e+00
9.951933212078846180e-01
1.003680526973343756e+00
9.938244170521653986e-01
9.921817320653022465e-01
1.023666527646844626e+00
9.801353754949729824e-01
9.853372112867061494e-01
1.020654938504262477e+00
1.013536636894522447e+00
1.404495663767936220e+00
9.973835678570354135e-01
9.804091563261168041e-01
9.845158687932745734e-01
1.029415925100865437e+00
1.035439103386030180e+00
9.653512106132052795e-01
1.013262856063378514e+00
9.880750195981445883e-01
1.008882362765076923e+00
1.002585403648768470e+00
1.001216499493049250e+00
1.028047020945146217e+00
9.746597588720961047e-01
9.973835678570354135e-01
1.000395156999617674e+00
9.735646355475207070e-01
1.010525047751940075e+00
9.924555128964461792e-01
9.894439237538638077e-01
1.016274445205960886e+00
9.752073205343837481e-01
1.022023842659981696e+00
1.008061020271645347e+00
1.007787239440501637e+00
9.806829371572607368e-01
9.960146637013161941e-01
9.645298681197737034e-01
1.004775650297919265e+00
9.867061154424253688e-01
9.815042796506922018e-01
1.009977486089652432e+00
1.002037841986480826e+00
1.005049431129063198e+00
1.012441513569946938e+00
9.919079512341584248e-01
9.576853473411774953e-01
1.003132965311056113e+00
9.965622253636038375e-01
9.921817320653022465e-01
1.023666527646844626e+00
9.812304988195483801e-01
1.002859184479912402e+00
9.825994029752675996e-01
9.765762246901029675e-01
1.016274445205960886e+00
1.005049431129063198e+00
1.001216499493049250e+00
9.965622253636038375e-01
9.899914854161514510e-01
9.812304988195483801e-01
1.005596992791350841e+00
9.979311295193230569e-01
9.834207454686991756e-01
1.002311622817624537e+00
9.973835678570354135e-01
1.006692116115926128e+00
1.016548226037104596e+00
1.032975075905735451e+00
9.957408828701722614e-01
9.798615946638291607e-01
1.003954307804487689e+00
1.003406746142200046e+00
9.804091563261168041e-01
9.872536771047130122e-01
9.995738145061862090e-01
9.894439237538638077e-01
1.029142144269721726e+00
1.011620171076515362e+00
1.003406746142200046e+00
9.727432930540891309e-01
1.006144554453638484e+00
1.008061020271645347e+00
1.000942718661905317e+00
9.459127716019920529e-01
9.828731838064114212e-01
1.022571404322269339e+00
9.721957313918014876e-01
9.930030745587338226e-01
1.029689705932009369e+00
9.615182789771914429e-01
1.011620171076515362e+00
9.864323346112814361e-01
1.007239677778213771e+00
1.004775650297919265e+00
1.007239677778213771e+00
1.023940308477988559e+00
1.018738472686255392e+00
1.011620171076515362e+00
9.962884445324600158e-01
9.724695122229453093e-01
1.003680526973343756e+00
9.760286630278153241e-01
1.004775650297919265e+00
9.968360061947476591e-01
1.009703705258508499e+00
9.940981978833092203e-01
1.034617760892598604e+00
1.016548226037104596e+00
9.982049103504668786e-01

# time bin value
-1.000000000000000000e+02
-9.900000000000000000e+01
-9.800000000000000000e+01
-9.700000000000000000e+01
-9.600000000000000000e+01
-9.500000000000000000e+01
-9.400000000000000000e+01
-9.300000000000000000e+01
-9.200000000000000000e+01
-9.100000000000000000e+01
-9.000000000000000000e+01
-8.900000000000000000e+01
-8.800000000000000000e+01
-8.700000000000000000e+01
-8.600000000000000000e+01
-8.500000000000000000e+01
-8.400000000000000000e+01
-8.300000000000000000e+01
-8.200000000000000000e+01
-8.100000000000000000e+01
-8.000000000000000000e+01
-7.900000000000000000e+01
-7.800000000000000000e+01
-7.700000000000000000e+01
-7.600000000000000000e+01
-7.500000000000000000e+01
-7.400000000000000000e+01
-7.300000000000000000e+01
-7.200000000000000000e+01
-7.100000000000000000e+01
-7.000000000000000000e+01
-6.900000000000000000e+01
-6.800000000000000000e+01
-6.700000000000000000e+01
-6.600000000000000000e+01
-6.500000000000000000e+01
-6.400000000000000000e+01
-6.300000000000000000e+01
-6.200000000000000000e+01
-6.100000000000000000e+01
-6.000000000000000000e+01
-5.900000000000000000e+01
-5.800000000000000000e+01
-5.700000000000000000e+01
-5.600000000000000000e+01
-5.500000000000000000e+01
-5.400000000000000000e+01
-5.300000000000000000e+01
-5.200000000000000000e+01
-5.100000000000000000e+01
-5.000000000000000000e+01
-4.900000000000000000e+01
-4.800000000000000000e+01
-4.700000000000000000e+01
-4.600000000000000000e+01
-4.500000000000000000e+01
-4.400000000000000000e+01
-4.300000000000000000e+01
-4.200000000000000000e+01
-4.100000000000000000e+01
-4.000000000000000000e+01
-3.900000000000000000e+01
-3.800000000000000000e+01
-3.700000000000000000e+01
-3.600000000000000000e+01
-3.500000000000000000e+01
-3.400000000000000000e+01
-3.300000000000000000e+01
-3.200000000000000000e+01
-3.100000000000000000e+01
-3.000000000000000000e+01
-2.900000000000000000e+01
-2.800000000000000000e+01
-2.700000000000000000e+01
-2.600000000000000000e+01
-2.500000000000000000e+01
-2.400000000000000000e+01
-2.300000000000000000e+01
-2.200000000000000000e+01
-2.100000000000000000e+01
-2.000000000000000000e+01
-1.900000000000000000e+01
-1.800000000000000000e+01
-1.700000000000000000e+01
-1.600000000000000000e+01
-1.500000000000000000e+01
-1.400000000000000000e+01
-1.300000000000000000e+01
-1.200000000000000000e+01
-1.100000000000000000e+01
-1.000000000000000000e+01
-9.000000000000000000e+00
-8.000000000000000000e+00
-7.000000000000000000e+00
-6.000000000000000000e+00
-5.000000000000000000e+00
-4.000000000000000000e+00
-3.000000000000000000e+00
-2.000000000000000000e+00
-1.000000000000000000e+00
0.000000000000000000e+00
1.000000000000000000e+00
2.000000000000000000e+00
3.000000000000000000e+00
4.000000000000000000e+00
5.000000000000000000e+00
6.000000000000000000e+00
7.000000000000000000e+00
8.000000000000000000e+00
9.000000000000000000e+00
1.000000000000000000e+01
1.100000000000000000e+01
1.200000000000000000e+01
1.300000000000000000e+01
1.400000000000000000e+01
1.500000000000000000e+01
1.600000000000000000e+01
1.700000000000000000e+01
1.800000000000000000e+01
1.900000000000000000e+01
2.000000000000000000e+01
2.100000000000000000e+01
2.200000000000000000e+01
2.300000000000000000e+01
2.400000000000000000e+01
2.500000000000000000e+01
2.600000000000000000e+01
2.700000000000000000e+01
2.800000000000000000e+01
2.900000000000000000e+01
3.000000000000000000e+01
3.100000000000000000e+01
3.200000000000000000e+01
3.300000000000000000e+01
3.400000000000000000e+01
3.500000000000000000e+01
3.600000000000000000e+01
3.700000000000000000e+01
3.800000000000000000e+01
3.900000000000000000e+01
4.000000000000000000e+01
4.100000000000000000e+01
4.200000000000000000e+01
4.300000000000000000e+01
4.400000000000000000e+01
4.500000000000000000e+01
4.600000000000000000e+01
4.700000000000000000e+01
4.800000000000000000e+01
4.900000000000000000e+01
5.000000000000000000e+01
5.100000000000000000e+01
5.200000000000000000e+01
5.300000000000000000e+01
5.400000000000000000e+01
5.500000000000000000e+01
5.600000000000000000e+01
5.700000000000000000e+01
5.800000000000000000e+01
5.900000000000000000e+01
6.000000000000000000e+01
6.100000000000000000e+01
6.200000000000000000e+01
6.300000000000000000e+01
6.400000000000000000e+01
6.500000000000000000e+01
6.600000000000000000e+01
6.700000000000000000e+01
6.800000000000000000e+01
6.900000000000000000e+01
7.000000000000000000e+01
7.100000000000000000e+01
7.200000000000000000e+01
7.300000000000000000e+01
7.400000000000000000e+01
7.500000000000000000e+01
7.600000000000000000e+01
7.700000000000000000e+01
7.800000000000000000e+01
7.900000000000000000e+01
8.000000000000000000e+01
8.100000000000000000e+01
8.200000000000000000e+01
8.300000000000000000e+01
8.400000000000000000e+01
8.500000000000000000e+01
8.600000000000000000e+01
8.700000000000000000e+01
8.800000000000000000e+01
8.900000000000000000e+01
9.000000000000000000e+01
9.100000000000000000e+01
9.200000000000000000e+01
9.300000000000000000e+01
9.400000000000000000e+01
9.500000000000000000e+01
9.600000000000000000e+01
9.700000000000000000e+01
9.800000000000000000e+01
9.900000000000000000e+01
