single photon fraction:    0.0610
laser fraction:    0.1646
thermal source fraction:    0.4573
non-detected fraction:    0.3171
number of bins:  200.0000
bin width (ns):    1.0000
average detection events per bin: 5000.0000

# binary result
0.000000000000000000e+00

# g2 signal
9.696155704002168418e-01
1.013207035898160857e+00
9.984801894461527993e-01
1.036180916363293569e+00
9.925894508653495540e-01
1.039715359511775628e+00
1.004665464955996290e+00
9.911167662201487705e-01
9.925894508653495540e-01
1.017919626762803453e+00
9.999528740913535829e-01
9.872877861426265778e-01
9.825751952779839815e-01
9.634302948903733510e-01
1.024988513059767570e+00
9.866987122845463087e-01
9.843424168522250106e-01
1.009378055820638886e+00
1.012323425111040454e+00
1.024693976130727213e+00
9.816915844908634670e-01
1.003192780310795396e+00
9.811025106327831979e-01
9.722664027615782745e-01
1.013501572827201214e+00
1.005549075743116694e+00
9.931785247234298231e-01
9.749172351229397071e-01
1.000541947949433963e+00
1.017330552904723184e+00
9.925894508653495540e-01
1.014679720543361752e+00
1.004960001885036425e+00
9.778626044133413853e-01
9.628412210322930820e-01
9.884659338587872268e-01
9.990692633042331794e-01
1.005254538814076559e+00
1.023221291485526541e+00
9.973020417299921503e-01
9.896440815749478759e-01
1.012323425111040454e+00
9.510597438706865914e-01
9.737390874067790580e-01
9.672592749678955437e-01
9.940621355105503376e-01
9.896440815749478759e-01
1.006138149601196963e+00
9.949457462976708522e-01
1.001425558736554366e+00
1.013501572827201214e+00
1.010850740465839559e+00
9.978911155880725303e-01
1.007610834246397857e+00
1.006727223459277454e+00
1.008199908104478126e+00
9.834588060651044961e-01
1.023810365343606810e+00
9.925894508653495540e-01
1.007021760388317588e+00
1.007316297317357723e+00
1.005254538814076559e+00
9.922949139363094195e-01
1.034708231718092897e+00
9.843424168522250106e-01
9.993638002332733139e-01
1.017036015975683050e+00
9.696155704002168418e-01
9.696155704002168418e-01
9.961238940138315012e-01
9.831642691360643616e-01
1.006727223459277454e+00
9.743281612648594381e-01
1.016741479046642915e+00
1.031468325498650973e+00
9.914113031491889050e-01
1.001131021807514232e+00
9.899386185039881214e-01
9.999528740913535829e-01
9.899386185039881214e-01
1.016152405188562646e+00
1.013796109756241348e+00
9.899386185039881214e-01
9.840478799231847651e-01
9.737390874067790580e-01
9.610739994580520529e-01
9.763899197681406017e-01
9.931785247234298231e-01
1.023515828414566675e+00
1.000247411020393828e+00
9.607794625290119184e-01
9.990692633042331794e-01
9.970075048009520158e-01
1.010556203536799424e+00
1.001425558736554366e+00
1.006432686530237097e+00
1.012323425111040454e+00
1.020864996053205243e+00
9.743281612648594381e-01
1.024693976130727213e+00
1.556627669977261874e+00
9.778626044133413853e-01
1.001720095665594501e+00
9.899386185039881214e-01
9.967129678719117702e-01
1.006432686530237097e+00
1.013796109756241348e+00
9.946512093686307177e-01
9.725609396906184090e-01
9.858151014974257942e-01
9.943566724395904721e-01
9.784516782714217653e-01
1.006138149601196963e+00
9.858151014974257942e-01
1.017330552904723184e+00
9.805134367747028179e-01
1.011439814323920050e+00
1.002603706452715127e+00
1.037064527150414195e+00
1.009967129678719155e+00
9.737390874067790580e-01
9.866987122845463087e-01
1.032646473214811733e+00
1.007021760388317588e+00
1.015857868259522512e+00
1.000247411020393828e+00
1.035886379434253435e+00
9.917058400782290395e-01
9.828697322070241160e-01
9.905276923620683904e-01
1.011145277394879916e+00
1.022632217627446272e+00
9.825751952779839815e-01
1.006432686530237097e+00
1.010556203536799424e+00
9.849314907103052796e-01
9.958293570847913667e-01
9.551832608772488076e-01
9.908222292911085249e-01
9.787462152004618998e-01
9.937675985815102031e-01
9.987747263751929339e-01
1.020275922195124974e+00
1.007610834246397857e+00
1.014385183614321617e+00
9.973020417299921503e-01
1.013207035898160857e+00
9.943566724395904721e-01
1.006138149601196963e+00
1.012323425111040454e+00
1.007021760388317588e+00
9.996583371623134484e-01
9.787462152004618998e-01
1.029112030066329675e+00
1.012323425111040454e+00
9.864041753555060632e-01
1.002014632594634858e+00
9.937675985815102031e-01
9.731500135486987890e-01
1.010850740465839559e+00
1.028522956208249406e+00
1.001425558736554366e+00
9.975965786590322848e-01
1.003192780310795396e+00
1.012028888182000319e+00
9.964184309428716357e-01
9.973020417299921503e-01
9.654920533936545146e-01
1.029701103924410166e+00
1.035591842505213300e+00
9.940621355105503376e-01
1.010261666607759290e+00
9.796298259875824144e-01
1.005549075743116694e+00
1.037359064079454329e+00
9.978911155880725303e-01
1.001425558736554366e+00
9.825751952779839815e-01
9.855205645683856597e-01
9.920003770072691740e-01
1.004076391097915799e+00
9.931785247234298231e-01
9.766844566971807362e-01
9.846369537812651451e-01
9.849314907103052796e-01
1.017036015975683050e+00
9.934730616524700686e-01
9.964184309428716357e-01
1.019392311408004348e+00
1.006727223459277454e+00
9.975965786590322848e-01
9.640193687484537310e-01
1.010261666607759290e+00
9.808079737037430634e-01
1.021748606840325646e+00
1.003487317239835530e+00
1.011439814323920050e+00
1.049140541241060820e+00
1.001425558736554366e+00
9.866987122845463087e-01

# time bin value
-1.000000000000000000e+02
-9.900000000000000000e+01
-9.800000000000000000e+01
-9.700000000000000000e+01
-9.600000000000000000e+01
-9.500000000000000000e+01
-9.400000000000000000e+01
-9.300000000000000000e+01
-9.200000000000000000e+01
-9.100000000000000000e+01
-9.000000000000000000e+01
-8.900000000000000000e+01
-8.800000000000000000e+01
-8.700000000000000000e+01
-8.600000000000000000e+01
-8.500000000000000000e+01
-8.400000000000000000e+01
-8.300000000000000000e+01
-8.200000000000000000e+01
-8.100000000000000000e+01
-8.000000000000000000e+01
-7.900000000000000000e+01
-7.800000000000000000e+01
-7.700000000000000000e+01
-7.600000000000000000e+01
-7.500000000000000000e+01
-7.400000000000000000e+01
-7.300000000000000000e+01
-7.200000000000000000e+01
-7.100000000000000000e+01
-7.000000000000000000e+01
-6.900000000000000000e+01
-6.800000000000000000e+01
-6.700000000000000000e+01
-6.600000000000000000e+01
-6.500000000000000000e+01
-6.400000000000000000e+01
-6.300000000000000000e+01
-6.200000000000000000e+01
-6.100000000000000000e+01
-6.000000000000000000e+01
-5.900000000000000000e+01
-5.800000000000000000e+01
-5.700000000000000000e+01
-5.600000000000000000e+01
-5.500000000000000000e+01
-5.400000000000000000e+01
-5.300000000000000000e+01
-5.200000000000000000e+01
-5.100000000000000000e+01
-5.000000000000000000e+01
-4.900000000000000000e+01
-4.800000000000000000e+01
-4.700000000000000000e+01
-4.600000000000000000e+01
-4.500000000000000000e+01
-4.400000000000000000e+01
-4.300000000000000000e+01
-4.200000000000000000e+01
-4.100000000000000000e+01
-4.000000000000000000e+01
-3.900000000000000000e+01
-3.800000000000000000e+01
-3.700000000000000000e+01
-3.600000000000000000e+01
-3.500000000000000000e+01
-3.400000000000000000e+01
-3.300000000000000000e+01
-3.200000000000000000e+01
-3.100000000000000000e+01
-3.000000000000000000e+01
-2.900000000000000000e+01
-2.800000000000000000e+01
-2.700000000000000000e+01
-2.600000000000000000e+01
-2.500000000000000000e+01
-2.400000000000000000e+01
-2.300000000000000000e+01
-2.200000000000000000e+01
-2.100000000000000000e+01
-2.000000000000000000e+01
-1.900000000000000000e+01
-1.800000000000000000e+01
-1.700000000000000000e+01
-1.600000000000000000e+01
-1.500000000000000000e+01
-1.400000000000000000e+01
-1.300000000000000000e+01
-1.200000000000000000e+01
-1.100000000000000000e+01
-1.000000000000000000e+01
-9.000000000000000000e+00
-8.000000000000000000e+00
-7.000000000000000000e+00
-6.000000000000000000e+00
-5.000000000000000000e+00
-4.000000000000000000e+00
-3.000000000000000000e+00
-2.000000000000000000e+00
-1.000000000000000000e+00
0.000000000000000000e+00
1.000000000000000000e+00
2.000000000000000000e+00
3.000000000000000000e+00
4.000000000000000000e+00
5.000000000000000000e+00
6.000000000000000000e+00
7.000000000000000000e+00
8.000000000000000000e+00
9.000000000000000000e+00
1.000000000000000000e+01
1.100000000000000000e+01
1.200000000000000000e+01
1.300000000000000000e+01
1.400000000000000000e+01
1.500000000000000000e+01
1.600000000000000000e+01
1.700000000000000000e+01
1.800000000000000000e+01
1.900000000000000000e+01
2.000000000000000000e+01
2.100000000000000000e+01
2.200000000000000000e+01
2.300000000000000000e+01
2.400000000000000000e+01
2.500000000000000000e+01
2.600000000000000000e+01
2.700000000000000000e+01
2.800000000000000000e+01
2.900000000000000000e+01
3.000000000000000000e+01
3.100000000000000000e+01
3.200000000000000000e+01
3.300000000000000000e+01
3.400000000000000000e+01
3.500000000000000000e+01
3.600000000000000000e+01
3.700000000000000000e+01
3.800000000000000000e+01
3.900000000000000000e+01
4.000000000000000000e+01
4.100000000000000000e+01
4.200000000000000000e+01
4.300000000000000000e+01
4.400000000000000000e+01
4.500000000000000000e+01
4.600000000000000000e+01
4.700000000000000000e+01
4.800000000000000000e+01
4.900000000000000000e+01
5.000000000000000000e+01
5.100000000000000000e+01
5.200000000000000000e+01
5.300000000000000000e+01
5.400000000000000000e+01
5.500000000000000000e+01
5.600000000000000000e+01
5.700000000000000000e+01
5.800000000000000000e+01
5.900000000000000000e+01
6.000000000000000000e+01
6.100000000000000000e+01
6.200000000000000000e+01
6.300000000000000000e+01
6.400000000000000000e+01
6.500000000000000000e+01
6.600000000000000000e+01
6.700000000000000000e+01
6.800000000000000000e+01
6.900000000000000000e+01
7.000000000000000000e+01
7.100000000000000000e+01
7.200000000000000000e+01
7.300000000000000000e+01
7.400000000000000000e+01
7.500000000000000000e+01
7.600000000000000000e+01
7.700000000000000000e+01
7.800000000000000000e+01
7.900000000000000000e+01
8.000000000000000000e+01
8.100000000000000000e+01
8.200000000000000000e+01
8.300000000000000000e+01
8.400000000000000000e+01
8.500000000000000000e+01
8.600000000000000000e+01
8.700000000000000000e+01
8.800000000000000000e+01
8.900000000000000000e+01
9.000000000000000000e+01
9.100000000000000000e+01
9.200000000000000000e+01
9.300000000000000000e+01
9.400000000000000000e+01
9.500000000000000000e+01
9.600000000000000000e+01
9.700000000000000000e+01
9.800000000000000000e+01
9.900000000000000000e+01
