single photon fraction:    0.5165
laser fraction:    0.2253
thermal source fraction:    0.0714
non-detected fraction:    0.1868
number of bins:  200.0000
bin width (ns):    1.0000
average detection events per bin: 5000.0000

# binary result
1.000000000000000000e+00

# g2 signal
1.006455246833519945e+00
1.009913855929167603e+00
1.012384290997487613e+00
1.003984811765199936e+00
9.585288065081141173e-01
1.002502550724208019e+00
1.009172725408671756e+00
1.021030813736607090e+00
1.000279159162720255e+00
9.745866344521934010e-01
1.010407942942831649e+00
9.985498546148962040e-01
1.008184551381343885e+00
9.936089844782565184e-01
9.970675935739042872e-01
1.002255507217375996e+00
1.023748292311759123e+00
9.768100260136812762e-01
9.975616805875683335e-01
1.007690464367679839e+00
9.911385494099366200e-01
9.923737669440965137e-01
1.039312033242174360e+00
1.023995335818591146e+00
1.021277857243439113e+00
9.849624617391369297e-01
1.012631334504319636e+00
1.000773246176384079e+00
9.941030714919204536e-01
1.021771944257103160e+00
9.834802006981450129e-01
1.020289683216111243e+00
1.004478898778863982e+00
9.899033318757766153e-01
9.899033318757766153e-01
9.926208104509285368e-01
9.931148974645924721e-01
9.933619409714244952e-01
9.987968981217282272e-01
9.822449831639850082e-01
9.891622013552806569e-01
1.019795596202447197e+00
9.780452435478412809e-01
1.002255507217375996e+00
1.021771944257103160e+00
1.003243681244704089e+00
9.800215916024971330e-01
1.007690464367679839e+00
9.901503753826086385e-01
9.913855929167686432e-01
1.009666812422335802e+00
1.001514376696880149e+00
1.021524900750271136e+00
9.921267234372646016e-01
1.002749594231040042e+00
1.042770642337822240e+00
9.815038526434890498e-01
1.013372465024815483e+00
1.036100467653358503e+00
1.009419768915503779e+00
9.718691558770414796e-01
1.010407942942831649e+00
9.978087240944002456e-01
9.903974188894406616e-01
1.001761420203712172e+00
9.849624617391369297e-01
1.006455246833519945e+00
1.020042639709279220e+00
9.886681143416167217e-01
9.983028111080642919e-01
9.874328968074568280e-01
9.800215916024971330e-01
9.748336779590254242e-01
1.019301509188783372e+00
1.005961159819855899e+00
9.973146370807363104e-01
9.913855929167686432e-01
1.012137247490655589e+00
9.891622013552806569e-01
1.041782468310494147e+00
1.014113595545311552e+00
1.014113595545311552e+00
9.980557676012322688e-01
9.928678539577605600e-01
9.938560279850884305e-01
9.842213312186409713e-01
9.965735065602403520e-01
1.000279159162720255e+00
1.001761420203712172e+00
9.884210708347846985e-01
1.003984811765199936e+00
9.995380286422241856e-01
1.048946730008621930e+00
9.822449831639850082e-01
9.884210708347846985e-01
9.963264630534083288e-01
1.019795596202447197e+00
1.006208203326687922e+00
9.859506357664649112e-01
1.003490724751536112e+00
4.703708370081055024e-01
1.003490724751536112e+00
9.926208104509285368e-01
9.755748084795213826e-01
9.921267234372646016e-01
1.009913855929167603e+00
1.010407942942831649e+00
1.007443420860847816e+00
1.029183249462062744e+00
1.025477596859583063e+00
9.765629825068492531e-01
1.011149073463327719e+00
1.021524900750271136e+00
1.029924379982558813e+00
1.001514376696880149e+00
9.857035922596328881e-01
1.000032115655888232e+00
9.834802006981450129e-01
9.963264630534083288e-01
9.943501149987524768e-01
1.031653684530382753e+00
1.002255507217375996e+00
1.024242379325422947e+00
1.000526202669552056e+00
1.012137247490655589e+00
1.023748292311759123e+00
9.861976792732968233e-01
1.007690464367679839e+00
9.973146370807363104e-01
1.006455246833519945e+00
1.031900728037214554e+00
9.948442020124164120e-01
1.017325161134127409e+00
9.975616805875683335e-01
1.003984811765199936e+00
9.792804610820011746e-01
9.773041130273453225e-01
9.810097656298251145e-01
9.965735065602403520e-01
1.000032115655888232e+00
9.973146370807363104e-01
9.807627221229930914e-01
9.978087240944002456e-01
1.013866552038479529e+00
1.014854726065807400e+00
9.805156786161610682e-01
9.931148974645924721e-01
1.002996637737872065e+00
1.011396116970159742e+00
9.926208104509285368e-01
1.001514376696880149e+00
9.978087240944002456e-01
1.020289683216111243e+00
9.921267234372646016e-01
1.002996637737872065e+00
9.931148974645924721e-01
1.005467072806191853e+00
9.876799403142887401e-01
9.896562883689447032e-01
9.844683747254728834e-01
1.044005859871982134e+00
1.004478898778863982e+00
9.822449831639850082e-01
9.891622013552806569e-01
1.023501248804927100e+00
1.004478898778863982e+00
9.990439416285602503e-01
9.931148974645924721e-01
1.032394815050878600e+00
9.896562883689447032e-01
1.016584030613631340e+00
1.000773246176384079e+00
1.036347511160190527e+00
1.021524900750271136e+00
1.013619508531647506e+00
1.009419768915503779e+00
1.030912554009886684e+00
1.009172725408671756e+00
9.955853325329123704e-01
9.983028111080642919e-01
9.913855929167686432e-01
1.006949333847183770e+00
1.011890203983823566e+00
1.003737768258367913e+00
1.024983509845919016e+00
9.894092448621126801e-01
1.012878378011151659e+00
9.906444623962726848e-01
1.005961159819855899e+00
1.015348813079471446e+00
9.983028111080642919e-01
1.007443420860847816e+00
1.019301509188783372e+00
9.950912455192484352e-01
9.936089844782565184e-01
1.006208203326687922e+00
9.861976792732968233e-01
1.014113595545311552e+00
9.963264630534083288e-01
1.000032115655888232e+00

# time bin value
-1.000000000000000000e+02
-9.900000000000000000e+01
-9.800000000000000000e+01
-9.700000000000000000e+01
-9.600000000000000000e+01
-9.500000000000000000e+01
-9.400000000000000000e+01
-9.300000000000000000e+01
-9.200000000000000000e+01
-9.100000000000000000e+01
-9.000000000000000000e+01
-8.900000000000000000e+01
-8.800000000000000000e+01
-8.700000000000000000e+01
-8.600000000000000000e+01
-8.500000000000000000e+01
-8.400000000000000000e+01
-8.300000000000000000e+01
-8.200000000000000000e+01
-8.100000000000000000e+01
-8.000000000000000000e+01
-7.900000000000000000e+01
-7.800000000000000000e+01
-7.700000000000000000e+01
-7.600000000000000000e+01
-7.500000000000000000e+01
-7.400000000000000000e+01
-7.300000000000000000e+01
-7.200000000000000000e+01
-7.100000000000000000e+01
-7.000000000000000000e+01
-6.900000000000000000e+01
-6.800000000000000000e+01
-6.700000000000000000e+01
-6.600000000000000000e+01
-6.500000000000000000e+01
-6.400000000000000000e+01
-6.300000000000000000e+01
-6.200000000000000000e+01
-6.100000000000000000e+01
-6.000000000000000000e+01
-5.900000000000000000e+01
-5.800000000000000000e+01
-5.700000000000000000e+01
-5.600000000000000000e+01
-5.500000000000000000e+01
-5.400000000000000000e+01
-5.300000000000000000e+01
-5.200000000000000000e+01
-5.100000000000000000e+01
-5.000000000000000000e+01
-4.900000000000000000e+01
-4.800000000000000000e+01
-4.700000000000000000e+01
-4.600000000000000000e+01
-4.500000000000000000e+01
-4.400000000000000000e+01
-4.300000000000000000e+01
-4.200000000000000000e+01
-4.100000000000000000e+01
-4.000000000000000000e+01
-3.900000000000000000e+01
-3.800000000000000000e+01
-3.700000000000000000e+01
-3.600000000000000000e+01
-3.500000000000000000e+01
-3.400000000000000000e+01
-3.300000000000000000e+01
-3.200000000000000000e+01
-3.100000000000000000e+01
-3.000000000000000000e+01
-2.900000000000000000e+01
-2.800000000000000000e+01
-2.700000000000000000e+01
-2.600000000000000000e+01
-2.500000000000000000e+01
-2.400000000000000000e+01
-2.300000000000000000e+01
-2.200000000000000000e+01
-2.100000000000000000e+01
-2.000000000000000000e+01
-1.900000000000000000e+01
-1.800000000000000000e+01
-1.700000000000000000e+01
-1.600000000000000000e+01
-1.500000000000000000e+01
-1.400000000000000000e+01
-1.300000000000000000e+01
-1.200000000000000000e+01
-1.100000000000000000e+01
-1.000000000000000000e+01
-9.000000000000000000e+00
-8.000000000000000000e+00
-7.000000000000000000e+00
-6.000000000000000000e+00
-5.000000000000000000e+00
-4.000000000000000000e+00
-3.000000000000000000e+00
-2.000000000000000000e+00
-1.000000000000000000e+00
0.000000000000000000e+00
1.000000000000000000e+00
2.000000000000000000e+00
3.000000000000000000e+00
4.000000000000000000e+00
5.000000000000000000e+00
6.000000000000000000e+00
7.000000000000000000e+00
8.000000000000000000e+00
9.000000000000000000e+00
1.000000000000000000e+01
1.100000000000000000e+01
1.200000000000000000e+01
1.300000000000000000e+01
1.400000000000000000e+01
1.500000000000000000e+01
1.600000000000000000e+01
1.700000000000000000e+01
1.800000000000000000e+01
1.900000000000000000e+01
2.000000000000000000e+01
2.100000000000000000e+01
2.200000000000000000e+01
2.300000000000000000e+01
2.400000000000000000e+01
2.500000000000000000e+01
2.600000000000000000e+01
2.700000000000000000e+01
2.800000000000000000e+01
2.900000000000000000e+01
3.000000000000000000e+01
3.100000000000000000e+01
3.200000000000000000e+01
3.300000000000000000e+01
3.400000000000000000e+01
3.500000000000000000e+01
3.600000000000000000e+01
3.700000000000000000e+01
3.800000000000000000e+01
3.900000000000000000e+01
4.000000000000000000e+01
4.100000000000000000e+01
4.200000000000000000e+01
4.300000000000000000e+01
4.400000000000000000e+01
4.500000000000000000e+01
4.600000000000000000e+01
4.700000000000000000e+01
4.800000000000000000e+01
4.900000000000000000e+01
5.000000000000000000e+01
5.100000000000000000e+01
5.200000000000000000e+01
5.300000000000000000e+01
5.400000000000000000e+01
5.500000000000000000e+01
5.600000000000000000e+01
5.700000000000000000e+01
5.800000000000000000e+01
5.900000000000000000e+01
6.000000000000000000e+01
6.100000000000000000e+01
6.200000000000000000e+01
6.300000000000000000e+01
6.400000000000000000e+01
6.500000000000000000e+01
6.600000000000000000e+01
6.700000000000000000e+01
6.800000000000000000e+01
6.900000000000000000e+01
7.000000000000000000e+01
7.100000000000000000e+01
7.200000000000000000e+01
7.300000000000000000e+01
7.400000000000000000e+01
7.500000000000000000e+01
7.600000000000000000e+01
7.700000000000000000e+01
7.800000000000000000e+01
7.900000000000000000e+01
8.000000000000000000e+01
8.100000000000000000e+01
8.200000000000000000e+01
8.300000000000000000e+01
8.400000000000000000e+01
8.500000000000000000e+01
8.600000000000000000e+01
8.700000000000000000e+01
8.800000000000000000e+01
8.900000000000000000e+01
9.000000000000000000e+01
9.100000000000000000e+01
9.200000000000000000e+01
9.300000000000000000e+01
9.400000000000000000e+01
9.500000000000000000e+01
9.600000000000000000e+01
9.700000000000000000e+01
9.800000000000000000e+01
9.900000000000000000e+01
