single photon fraction:    0.0468
laser fraction:    0.2807
thermal source fraction:    0.2281
non-detected fraction:    0.4444
number of bins:  200.0000
bin width (ns):    1.0000
average detection events per bin: 5000.0000

# binary result
0.000000000000000000e+00

# g2 signal
9.979539352083501846e-01
9.907197638766477299e-01
1.000124186607860954e+00
1.004826397973467511e+00
1.020379866336627694e+00
1.020018157770042455e+00
1.013507403571510368e+00
1.001932729440786485e+00
9.907197638766477299e-01
9.878260953439667036e-01
9.780599640461684618e-01
1.005188106540052528e+00
9.592511185837421239e-01
9.914431810098179865e-01
1.026167203401989525e+00
1.031231123334181321e+00
9.979539352083501846e-01
9.646767470825189372e-01
1.005549815106637768e+00
1.006273232239808024e+00
1.032677957600521834e+00
9.824004668451898903e-01
9.863792610776261904e-01
1.002656146573956741e+00
9.856558439444560449e-01
9.802302154456792316e-01
9.968688095085947998e-01
9.896346381768923450e-01
9.946985581090840300e-01
9.780599640461684618e-01
9.994007694746905868e-01
1.021464992036382968e+00
9.972305180751799281e-01
9.957836838088394149e-01
9.950602666756691583e-01
1.003379563707126998e+00
9.910814724432328582e-01
1.000485895174445972e+00
9.899963467434774733e-01
1.020379866336627694e+00
1.020379866336627694e+00
1.019294740636872199e+00
9.798685068790941033e-01
9.968688095085947998e-01
9.885495124771369602e-01
1.012783986438340111e+00
1.008443483639318572e+00
1.024358660569063995e+00
9.581659928839867391e-01
1.018933032070287181e+00
9.990390609081054585e-01
9.842090096781155317e-01
1.015315946404435898e+00
9.961453923754245432e-01
1.008443483639318572e+00
1.012422277871755094e+00
9.856558439444560449e-01
9.733577526805619051e-01
1.024358660569063995e+00
1.001209312307616228e+00
1.002656146573956741e+00
1.018209614937116925e+00
1.010252026472244324e+00
9.827621754117750186e-01
9.849324268112857883e-01
1.008443483639318572e+00
1.012060569305169855e+00
1.010975443605414581e+00
9.921665981429882430e-01
9.932517238427435169e-01
9.954219752422542866e-01
9.842090096781155317e-01
9.773365469129982053e-01
1.031592831900766338e+00
1.020379866336627694e+00
9.650384556491040655e-01
1.022911826302723481e+00
9.950602666756691583e-01
9.990390609081054585e-01
1.001209312307616228e+00
9.682938327483702201e-01
1.040273837498809417e+00
1.002294438007371502e+00
1.013145695004925129e+00
9.672087070486148352e-01
9.740811698137321617e-01
9.686555413149553484e-01
1.017486197803946668e+00
9.921665981429882430e-01
9.954219752422542866e-01
1.035209917566617621e+00
9.983156437749352019e-01
1.008443483639318572e+00
9.849324268112857883e-01
1.001571020874201245e+00
9.885495124771369602e-01
9.596128271503272522e-01
9.946985581090840300e-01
1.013507403571510368e+00
9.813153411454345054e-01
1.312640388137405800e+00
9.874643867773815753e-01
9.932517238427435169e-01
1.015677654971021138e+00
9.892729296103072167e-01
9.957836838088394149e-01
1.001571020874201245e+00
1.016401072104191394e+00
1.025443786268819268e+00
9.878260953439667036e-01
1.009890317905659085e+00
1.016401072104191394e+00
9.939751409759137735e-01
1.014592529271265642e+00
1.033401374733692091e+00
9.852941353778709166e-01
9.983156437749352019e-01
1.001571020874201245e+00
1.001571020874201245e+00
9.965071009420096715e-01
9.918048895764031148e-01
1.009166900772488829e+00
9.856558439444560449e-01
1.000485895174445972e+00
1.022550117736138464e+00
9.860175525110411732e-01
1.007720066506148315e+00
9.968688095085947998e-01
9.791450897459238467e-01
1.016039363537606155e+00
9.889112210437220885e-01
1.021103283469797951e+00
9.791450897459238467e-01
9.824004668451898903e-01
9.990390609081054585e-01
1.000847603741031211e+00
1.007720066506148315e+00
9.972305180751799281e-01
1.022911826302723481e+00
9.892729296103072167e-01
9.994007694746905868e-01
9.975922266417650563e-01
1.029422580501255791e+00
1.014230820704680625e+00
1.006996649372978059e+00
9.842090096781155317e-01
1.012783986438340111e+00
1.013507403571510368e+00
1.008805192205903811e+00
1.003017855140541759e+00
1.006634940806393042e+00
9.885495124771369602e-01
9.646767470825189372e-01
9.766131297798279487e-01
1.005549815106637768e+00
1.004102980840297255e+00
9.965071009420096715e-01
1.007720066506148315e+00
1.009528609339074068e+00
9.813153411454345054e-01
1.016039363537606155e+00
1.005188106540052528e+00
1.017847906370531907e+00
9.849324268112857883e-01
9.878260953439667036e-01
9.892729296103072167e-01
9.871026782107964470e-01
9.824004668451898903e-01
9.856558439444560449e-01
9.672087070486148352e-01
1.008081775072733555e+00
1.000124186607860954e+00
1.011337152171999598e+00
1.031954540467351578e+00
1.004102980840297255e+00
9.827621754117750186e-01
9.773365469129982053e-01
9.628682042495932958e-01
9.737194612471470334e-01
1.006273232239808024e+00
9.541871986515504389e-01
1.007358357939563298e+00
9.693789584481254940e-01
1.026167203401989525e+00
9.657618727822743221e-01
1.017847906370531907e+00
1.002294438007371502e+00
1.031592831900766338e+00
9.925283067095732603e-01
9.975922266417650563e-01
1.017486197803946668e+00
9.831238839783601469e-01
1.041720671765149930e+00
9.628682042495932958e-01
1.000485895174445972e+00
1.008443483639318572e+00
9.928900152761583886e-01
9.704640841478808788e-01
1.006273232239808024e+00
9.892729296103072167e-01

# time bin value
-1.000000000000000000e+02
-9.900000000000000000e+01
-9.800000000000000000e+01
-9.700000000000000000e+01
-9.600000000000000000e+01
-9.500000000000000000e+01
-9.400000000000000000e+01
-9.300000000000000000e+01
-9.200000000000000000e+01
-9.100000000000000000e+01
-9.000000000000000000e+01
-8.900000000000000000e+01
-8.800000000000000000e+01
-8.700000000000000000e+01
-8.600000000000000000e+01
-8.500000000000000000e+01
-8.400000000000000000e+01
-8.300000000000000000e+01
-8.200000000000000000e+01
-8.100000000000000000e+01
-8.000000000000000000e+01
-7.900000000000000000e+01
-7.800000000000000000e+01
-7.700000000000000000e+01
-7.600000000000000000e+01
-7.500000000000000000e+01
-7.400000000000000000e+01
-7.300000000000000000e+01
-7.200000000000000000e+01
-7.100000000000000000e+01
-7.000000000000000000e+01
-6.900000000000000000e+01
-6.800000000000000000e+01
-6.700000000000000000e+01
-6.600000000000000000e+01
-6.500000000000000000e+01
-6.400000000000000000e+01
-6.300000000000000000e+01
-6.200000000000000000e+01
-6.100000000000000000e+01
-6.000000000000000000e+01
-5.900000000000000000e+01
-5.800000000000000000e+01
-5.700000000000000000e+01
-5.600000000000000000e+01
-5.500000000000000000e+01
-5.400000000000000000e+01
-5.300000000000000000e+01
-5.200000000000000000e+01
-5.100000000000000000e+01
-5.000000000000000000e+01
-4.900000000000000000e+01
-4.800000000000000000e+01
-4.700000000000000000e+01
-4.600000000000000000e+01
-4.500000000000000000e+01
-4.400000000000000000e+01
-4.300000000000000000e+01
-4.200000000000000000e+01
-4.100000000000000000e+01
-4.000000000000000000e+01
-3.900000000000000000e+01
-3.800000000000000000e+01
-3.700000000000000000e+01
-3.600000000000000000e+01
-3.500000000000000000e+01
-3.400000000000000000e+01
-3.300000000000000000e+01
-3.200000000000000000e+01
-3.100000000000000000e+01
-3.000000000000000000e+01
-2.900000000000000000e+01
-2.800000000000000000e+01
-2.700000000000000000e+01
-2.600000000000000000e+01
-2.500000000000000000e+01
-2.400000000000000000e+01
-2.300000000000000000e+01
-2.200000000000000000e+01
-2.100000000000000000e+01
-2.000000000000000000e+01
-1.900000000000000000e+01
-1.800000000000000000e+01
-1.700000000000000000e+01
-1.600000000000000000e+01
-1.500000000000000000e+01
-1.400000000000000000e+01
-1.300000000000000000e+01
-1.200000000000000000e+01
-1.100000000000000000e+01
-1.000000000000000000e+01
-9.000000000000000000e+00
-8.000000000000000000e+00
-7.000000000000000000e+00
-6.000000000000000000e+00
-5.000000000000000000e+00
-4.000000000000000000e+00
-3.000000000000000000e+00
-2.000000000000000000e+00
-1.000000000000000000e+00
0.000000000000000000e+00
1.000000000000000000e+00
2.000000000000000000e+00
3.000000000000000000e+00
4.000000000000000000e+00
5.000000000000000000e+00
6.000000000000000000e+00
7.000000000000000000e+00
8.000000000000000000e+00
9.000000000000000000e+00
1.000000000000000000e+01
1.100000000000000000e+01
1.200000000000000000e+01
1.300000000000000000e+01
1.400000000000000000e+01
1.500000000000000000e+01
1.600000000000000000e+01
1.700000000000000000e+01
1.800000000000000000e+01
1.900000000000000000e+01
2.000000000000000000e+01
2.100000000000000000e+01
2.200000000000000000e+01
2.300000000000000000e+01
2.400000000000000000e+01
2.500000000000000000e+01
2.600000000000000000e+01
2.700000000000000000e+01
2.800000000000000000e+01
2.900000000000000000e+01
3.000000000000000000e+01
3.100000000000000000e+01
3.200000000000000000e+01
3.300000000000000000e+01
3.400000000000000000e+01
3.500000000000000000e+01
3.600000000000000000e+01
3.700000000000000000e+01
3.800000000000000000e+01
3.900000000000000000e+01
4.000000000000000000e+01
4.100000000000000000e+01
4.200000000000000000e+01
4.300000000000000000e+01
4.400000000000000000e+01
4.500000000000000000e+01
4.600000000000000000e+01
4.700000000000000000e+01
4.800000000000000000e+01
4.900000000000000000e+01
5.000000000000000000e+01
5.100000000000000000e+01
5.200000000000000000e+01
5.300000000000000000e+01
5.400000000000000000e+01
5.500000000000000000e+01
5.600000000000000000e+01
5.700000000000000000e+01
5.800000000000000000e+01
5.900000000000000000e+01
6.000000000000000000e+01
6.100000000000000000e+01
6.200000000000000000e+01
6.300000000000000000e+01
6.400000000000000000e+01
6.500000000000000000e+01
6.600000000000000000e+01
6.700000000000000000e+01
6.800000000000000000e+01
6.900000000000000000e+01
7.000000000000000000e+01
7.100000000000000000e+01
7.200000000000000000e+01
7.300000000000000000e+01
7.400000000000000000e+01
7.500000000000000000e+01
7.600000000000000000e+01
7.700000000000000000e+01
7.800000000000000000e+01
7.900000000000000000e+01
8.000000000000000000e+01
8.100000000000000000e+01
8.200000000000000000e+01
8.300000000000000000e+01
8.400000000000000000e+01
8.500000000000000000e+01
8.600000000000000000e+01
8.700000000000000000e+01
8.800000000000000000e+01
8.900000000000000000e+01
9.000000000000000000e+01
9.100000000000000000e+01
9.200000000000000000e+01
9.300000000000000000e+01
9.400000000000000000e+01
9.500000000000000000e+01
9.600000000000000000e+01
9.700000000000000000e+01
9.800000000000000000e+01
9.900000000000000000e+01
