single photon fraction:    0.1069
laser fraction:    0.1950
thermal source fraction:    0.5912
non-detected fraction:    0.1069
number of bins:  200.0000
bin width (ns):    1.0000
average detection events per bin: 5000.0000

# binary result
0.000000000000000000e+00

# g2 signal
1.006539010991487126e+00
1.012848187688993651e+00
9.959486072492441666e-01
9.900900860301309336e-01
9.968499182060307495e-01
9.898647582909342324e-01
1.019833347604090168e+00
9.662053456752848213e-01
1.010594910297027083e+00
9.603468244561715883e-01
9.898647582909342324e-01
1.003835078121127378e+00
1.004511061338717370e+00
9.698105895024313750e-01
1.012848187688993651e+00
9.963992627276374581e-01
9.873861531597709629e-01
9.858088589853943873e-01
9.858088589853943873e-01
1.003384422642733975e+00
9.700359172416280762e-01
9.982018846412107349e-01
1.017805397951320190e+00
9.921180356829009117e-01
1.020284003082483570e+00
1.023889246909630124e+00
9.822036151582477226e-01
1.021185314039270153e+00
9.858088589853943873e-01
9.734158333295779286e-01
9.991031955979974288e-01
9.817529596798544311e-01
1.003609750381930565e+00
1.012397532210600470e+00
9.934700021180808971e-01
9.950472962924574727e-01
1.015552120559353622e+00
1.003609750381930565e+00
9.736411610687746299e-01
9.675573121104648067e-01
1.015326792820157031e+00
1.011045565775420485e+00
9.968499182060307495e-01
9.986525401196040264e-01
9.939206575964741885e-01
9.991031955979974288e-01
9.867101699421809702e-01
1.032226373259906627e+00
1.018256053429713592e+00
1.028395801693563483e+00
9.635014128049248505e-01
9.738664888079713311e-01
9.966245904668341593e-01
1.003384422642733975e+00
1.013749498645780456e+00
1.012397532210600470e+00
1.013749498645780456e+00
1.008341632905060514e+00
1.010820238036223895e+00
1.009918927079437090e+00
1.010369582557830492e+00
1.000905817511570595e+00
1.001131145250767407e+00
9.936953298572774873e-01
1.004736389077913961e+00
1.010369582557830492e+00
1.020959986300073563e+00
9.707119004592180689e-01
1.034930306130266597e+00
9.991031955979974288e-01
9.954979517708507641e-01
9.808516487230678482e-01
9.869354976813776714e-01
1.001581800729160587e+00
9.828795983758377153e-01
9.977512291628174435e-01
1.022311952735253548e+00
1.007440321948273931e+00
9.770210771567245933e-01
1.012848187688993651e+00
9.973005736844240410e-01
1.013298843167387053e+00
1.001131145250767407e+00
1.005187044556307141e+00
9.851328757678043946e-01
1.017129414733730419e+00
9.871608254205743727e-01
1.013298843167387053e+00
1.015552120559353622e+00
1.000229834293980602e+00
9.797250100270844531e-01
9.801756655054778555e-01
1.007665649687470522e+00
9.905407415085242251e-01
9.916673802045075092e-01
9.912167247261142178e-01
9.792743545486911616e-01
1.005187044556307141e+00
9.727398501119879359e-01
9.963992627276374581e-01
1.520962239577465569e+00
1.007214994209077119e+00
9.968499182060307495e-01
9.808516487230678482e-01
1.013298843167387053e+00
9.912167247261142178e-01
9.896394305517376422e-01
1.005187044556307141e+00
9.885127918557542470e-01
9.905407415085242251e-01
1.008341632905060514e+00
9.858088589853943873e-01
1.002483111685947392e+00
9.959486072492441666e-01
1.001131145250767407e+00
1.002483111685947392e+00
9.853582035070009848e-01
1.003159094903537385e+00
1.004285733599520558e+00
9.914420524653109190e-01
1.018932036647303585e+00
9.792743545486911616e-01
1.017805397951320190e+00
9.991031955979974288e-01
9.966245904668341593e-01
9.973005736844240410e-01
9.736411610687746299e-01
9.779223881135111762e-01
9.808516487230678482e-01
1.001131145250767407e+00
1.011045565775420485e+00
9.948219685532607715e-01
9.943713130748674800e-01
9.968499182060307495e-01
9.804009932446744457e-01
9.905407415085242251e-01
9.948219685532607715e-01
9.988778678588007276e-01
1.012622859949797061e+00
9.918927079437042105e-01
9.954979517708507641e-01
1.000004506554784012e+00
1.009693599340240500e+00
9.950472962924574727e-01
1.012397532210600470e+00
1.022987935952843541e+00
9.905407415085242251e-01
9.975259014236207422e-01
1.035155633869463188e+00
1.018932036647303585e+00
9.871608254205743727e-01
1.001807128468357400e+00
9.934700021180808971e-01
9.867101699421809702e-01
9.889634473341476495e-01
1.017354742472927009e+00
1.026367852040793505e+00
9.867101699421809702e-01
1.028621129432760073e+00
9.871608254205743727e-01
9.907660692477209263e-01
1.014876137341763629e+00
1.012848187688993651e+00
1.001807128468357400e+00
9.891887750733442397e-01
9.882874641165576568e-01
1.001807128468357400e+00
9.887381195949509483e-01
9.835555815934277080e-01
1.006764338730683939e+00
9.858088589853943873e-01
9.869354976813776714e-01
9.855835312461976860e-01
9.767957494175278921e-01
9.973005736844240410e-01
1.008341632905060514e+00
9.749931275039546152e-01
1.000680489772374004e+00
1.013974826384977046e+00
9.957232795100474654e-01
1.004511061338717370e+00
1.007890977426667112e+00
1.013524170906583644e+00
1.011045565775420485e+00
1.000229834293980602e+00
1.007440321948273931e+00
1.000004506554784012e+00
9.991031955979974288e-01
9.966245904668341593e-01
9.963992627276374581e-01
9.792743545486911616e-01
1.025241213344810109e+00
1.013073515428190463e+00
9.889634473341476495e-01
9.887381195949509483e-01
1.002483111685947392e+00
9.718385391552013530e-01
9.806263209838711470e-01
9.943713130748674800e-01
1.009918927079437090e+00

# time bin value
-1.000000000000000000e+02
-9.900000000000000000e+01
-9.800000000000000000e+01
-9.700000000000000000e+01
-9.600000000000000000e+01
-9.500000000000000000e+01
-9.400000000000000000e+01
-9.300000000000000000e+01
-9.200000000000000000e+01
-9.100000000000000000e+01
-9.000000000000000000e+01
-8.900000000000000000e+01
-8.800000000000000000e+01
-8.700000000000000000e+01
-8.600000000000000000e+01
-8.500000000000000000e+01
-8.400000000000000000e+01
-8.300000000000000000e+01
-8.200000000000000000e+01
-8.100000000000000000e+01
-8.000000000000000000e+01
-7.900000000000000000e+01
-7.800000000000000000e+01
-7.700000000000000000e+01
-7.600000000000000000e+01
-7.500000000000000000e+01
-7.400000000000000000e+01
-7.300000000000000000e+01
-7.200000000000000000e+01
-7.100000000000000000e+01
-7.000000000000000000e+01
-6.900000000000000000e+01
-6.800000000000000000e+01
-6.700000000000000000e+01
-6.600000000000000000e+01
-6.500000000000000000e+01
-6.400000000000000000e+01
-6.300000000000000000e+01
-6.200000000000000000e+01
-6.100000000000000000e+01
-6.000000000000000000e+01
-5.900000000000000000e+01
-5.800000000000000000e+01
-5.700000000000000000e+01
-5.600000000000000000e+01
-5.500000000000000000e+01
-5.400000000000000000e+01
-5.300000000000000000e+01
-5.200000000000000000e+01
-5.100000000000000000e+01
-5.000000000000000000e+01
-4.900000000000000000e+01
-4.800000000000000000e+01
-4.700000000000000000e+01
-4.600000000000000000e+01
-4.500000000000000000e+01
-4.400000000000000000e+01
-4.300000000000000000e+01
-4.200000000000000000e+01
-4.100000000000000000e+01
-4.000000000000000000e+01
-3.900000000000000000e+01
-3.800000000000000000e+01
-3.700000000000000000e+01
-3.600000000000000000e+01
-3.500000000000000000e+01
-3.400000000000000000e+01
-3.300000000000000000e+01
-3.200000000000000000e+01
-3.100000000000000000e+01
-3.000000000000000000e+01
-2.900000000000000000e+01
-2.800000000000000000e+01
-2.700000000000000000e+01
-2.600000000000000000e+01
-2.500000000000000000e+01
-2.400000000000000000e+01
-2.300000000000000000e+01
-2.200000000000000000e+01
-2.100000000000000000e+01
-2.000000000000000000e+01
-1.900000000000000000e+01
-1.800000000000000000e+01
-1.700000000000000000e+01
-1.600000000000000000e+01
-1.500000000000000000e+01
-1.400000000000000000e+01
-1.300000000000000000e+01
-1.200000000000000000e+01
-1.100000000000000000e+01
-1.000000000000000000e+01
-9.000000000000000000e+00
-8.000000000000000000e+00
-7.000000000000000000e+00
-6.000000000000000000e+00
-5.000000000000000000e+00
-4.000000000000000000e+00
-3.000000000000000000e+00
-2.000000000000000000e+00
-1.000000000000000000e+00
0.000000000000000000e+00
1.000000000000000000e+00
2.000000000000000000e+00
3.000000000000000000e+00
4.000000000000000000e+00
5.000000000000000000e+00
6.000000000000000000e+00
7.000000000000000000e+00
8.000000000000000000e+00
9.000000000000000000e+00
1.000000000000000000e+01
1.100000000000000000e+01
1.200000000000000000e+01
1.300000000000000000e+01
1.400000000000000000e+01
1.500000000000000000e+01
1.600000000000000000e+01
1.700000000000000000e+01
1.800000000000000000e+01
1.900000000000000000e+01
2.000000000000000000e+01
2.100000000000000000e+01
2.200000000000000000e+01
2.300000000000000000e+01
2.400000000000000000e+01
2.500000000000000000e+01
2.600000000000000000e+01
2.700000000000000000e+01
2.800000000000000000e+01
2.900000000000000000e+01
3.000000000000000000e+01
3.100000000000000000e+01
3.200000000000000000e+01
3.300000000000000000e+01
3.400000000000000000e+01
3.500000000000000000e+01
3.600000000000000000e+01
3.700000000000000000e+01
3.800000000000000000e+01
3.900000000000000000e+01
4.000000000000000000e+01
4.100000000000000000e+01
4.200000000000000000e+01
4.300000000000000000e+01
4.400000000000000000e+01
4.500000000000000000e+01
4.600000000000000000e+01
4.700000000000000000e+01
4.800000000000000000e+01
4.900000000000000000e+01
5.000000000000000000e+01
5.100000000000000000e+01
5.200000000000000000e+01
5.300000000000000000e+01
5.400000000000000000e+01
5.500000000000000000e+01
5.600000000000000000e+01
5.700000000000000000e+01
5.800000000000000000e+01
5.900000000000000000e+01
6.000000000000000000e+01
6.100000000000000000e+01
6.200000000000000000e+01
6.300000000000000000e+01
6.400000000000000000e+01
6.500000000000000000e+01
6.600000000000000000e+01
6.700000000000000000e+01
6.800000000000000000e+01
6.900000000000000000e+01
7.000000000000000000e+01
7.100000000000000000e+01
7.200000000000000000e+01
7.300000000000000000e+01
7.400000000000000000e+01
7.500000000000000000e+01
7.600000000000000000e+01
7.700000000000000000e+01
7.800000000000000000e+01
7.900000000000000000e+01
8.000000000000000000e+01
8.100000000000000000e+01
8.200000000000000000e+01
8.300000000000000000e+01
8.400000000000000000e+01
8.500000000000000000e+01
8.600000000000000000e+01
8.700000000000000000e+01
8.800000000000000000e+01
8.900000000000000000e+01
9.000000000000000000e+01
9.100000000000000000e+01
9.200000000000000000e+01
9.300000000000000000e+01
9.400000000000000000e+01
9.500000000000000000e+01
9.600000000000000000e+01
9.700000000000000000e+01
9.800000000000000000e+01
9.900000000000000000e+01
