single photon fraction:    0.0712
laser fraction:    0.3446
thermal source fraction:    0.3670
non-detected fraction:    0.2172
number of bins:  200.0000
bin width (ns):    1.0000
average detection events per bin: 5000.0000

# binary result
0.000000000000000000e+00

# g2 signal
1.000969066010244823e+00
9.950674283485592131e-01
1.016108049577177486e+00
1.001482251893869746e+00
1.007897075439180279e+00
9.850603036178748884e-01
9.709476918181919602e-01
9.886526048032487912e-01
1.015851456635365135e+00
1.011745969566366421e+00
9.747965859453782134e-01
1.031760219027735070e+00
9.984031365921206547e-01
1.011489376624554071e+00
1.023292651947925291e+00
9.873696400941867068e-01
9.907053483377481484e-01
9.930146848140599669e-01
1.001995437777494669e+00
1.021239908413426045e+00
9.935278706976847785e-01
9.989163224757455772e-01
9.996861013011828501e-01
1.017134421344427331e+00
9.919883130468102328e-01
1.004304774253806265e+00
1.013028934275428616e+00
1.027654731958736356e+00
9.968635789412462200e-01
1.016364642518990058e+00
1.003534995428368992e+00
9.986597295339331160e-01
1.002508623661119369e+00
1.017134421344427331e+00
9.896789765704985253e-01
1.024062430773362564e+00
9.986597295339331160e-01
9.871130471523742456e-01
1.001482251893869746e+00
1.017904200169864604e+00
9.914751271631854213e-01
9.704345059345670377e-01
1.005074553079243538e+00
1.017904200169864604e+00
9.868564542105618953e-01
1.021239908413426045e+00
9.922449059886226941e-01
9.860866753851246225e-01
9.966069859994337587e-01
1.010976190740929148e+00
9.971201718830585703e-01
9.871130471523742456e-01
9.865998612687494340e-01
1.026884953133299083e+00
9.901921624541233369e-01
1.004048181311993915e+00
1.004048181311993915e+00
1.021496501355238395e+00
9.930146848140599669e-01
9.894223836286860640e-01
1.007897075439180279e+00
9.658158329819435117e-01
9.794152588980017393e-01
9.914751271631854213e-01
1.009180040148242252e+00
9.830075600833756422e-01
9.960938001158089472e-01
9.804416306652513624e-01
1.007127296613743006e+00
9.853168965596873496e-01
9.699213200509422261e-01
9.642762753310690771e-01
1.017647607228052031e+00
9.773625153635023821e-01
9.960938001158089472e-01
9.899355695123108756e-01
1.015081677809927863e+00
9.971201718830585703e-01
9.945542424649344015e-01
9.555521153094468367e-01
9.966069859994337587e-01
9.991729154175579275e-01
9.963503930576214085e-01
1.008410261322804979e+00
9.989163224757455772e-01
9.835207459670004537e-01
1.030733847260485447e+00
1.014055306042678239e+00
9.799284447816265509e-01
9.760795506544402977e-01
1.004561367195618837e+00
9.989163224757455772e-01
1.019700350762551500e+00
9.842905247924377266e-01
9.824943741997507196e-01
1.010976190740929148e+00
9.932712777558723172e-01
9.817245953743134468e-01
1.036378891980358707e+00
9.747965859453782134e-01
1.408438657608365618e+00
9.984031365921206547e-01
9.778757012471271937e-01
9.819811883161259081e-01
1.012259155449991344e+00
1.008153668380992629e+00
9.937844636394971287e-01
9.650460541565062389e-01
9.919883130468102328e-01
9.976333577666834929e-01
1.000199287184807551e+00
9.860866753851246225e-01
1.003021809544744292e+00
9.966069859994337587e-01
1.018160793111676954e+00
1.009693226031867175e+00
9.996861013011828501e-01
9.963503930576214085e-01
9.735136212363161290e-01
9.824943741997507196e-01
9.940410565813095900e-01
1.008153668380992629e+00
9.714608777018167718e-01
9.699213200509422261e-01
9.958372071739964859e-01
1.000199287184807551e+00
9.773625153635023821e-01
1.002252030719307019e+00
1.006357517788305733e+00
1.009949818973679525e+00
9.730004353526913174e-01
1.005844331904680811e+00
9.742834000617534018e-01
9.950674283485592131e-01
9.958372071739964859e-01
9.968635789412462200e-01
1.016621235460802408e+00
9.886526048032487912e-01
9.919883130468102328e-01
1.000712473068432473e+00
9.773625153635023821e-01
1.010463004857304448e+00
1.008923447206429902e+00
9.747965859453782134e-01
9.873696400941867068e-01
9.714608777018167718e-01
1.013028934275428616e+00
9.896789765704985253e-01
9.776191083053148434e-01
9.673553906328180574e-01
9.978899507084958431e-01
9.991729154175579275e-01
1.012259155449991344e+00
1.014311898984490590e+00
1.001225658952057396e+00
9.973767648248710316e-01
1.017904200169864604e+00
1.008666854264617552e+00
9.917317201049977715e-01
9.817245953743134468e-01
1.015594863693552785e+00
9.865998612687494340e-01
1.012259155449991344e+00
1.003278402486556642e+00
9.876262330359991681e-01
1.017904200169864604e+00
9.922449059886226941e-01
1.003534995428368992e+00
9.832641530251879924e-01
9.837773389088128040e-01
9.940410565813095900e-01
9.853168965596873496e-01
1.011745969566366421e+00
9.776191083053148434e-01
9.783888871307520052e-01
9.806982236070638237e-01
9.771059224216899208e-01
1.001225658952057396e+00
9.745399930035657521e-01
1.008153668380992629e+00
1.009180040148242252e+00
9.932712777558723172e-01
1.007640482497367707e+00
1.032273404911359993e+00
9.919883130468102328e-01
1.027398139016924006e+00
9.696647271091298759e-01
9.986597295339331160e-01
9.953240212903716744e-01
9.986597295339331160e-01
9.999426942429952003e-01
9.719740635854415833e-01
1.011745969566366421e+00
9.950674283485592131e-01
9.717174706436291221e-01
1.019187164878926577e+00
9.814680024325010965e-01
1.006614110730118083e+00
9.968635789412462200e-01
9.953240212903716744e-01

# time bin value
-1.000000000000000000e+02
-9.900000000000000000e+01
-9.800000000000000000e+01
-9.700000000000000000e+01
-9.600000000000000000e+01
-9.500000000000000000e+01
-9.400000000000000000e+01
-9.300000000000000000e+01
-9.200000000000000000e+01
-9.100000000000000000e+01
-9.000000000000000000e+01
-8.900000000000000000e+01
-8.800000000000000000e+01
-8.700000000000000000e+01
-8.600000000000000000e+01
-8.500000000000000000e+01
-8.400000000000000000e+01
-8.300000000000000000e+01
-8.200000000000000000e+01
-8.100000000000000000e+01
-8.000000000000000000e+01
-7.900000000000000000e+01
-7.800000000000000000e+01
-7.700000000000000000e+01
-7.600000000000000000e+01
-7.500000000000000000e+01
-7.400000000000000000e+01
-7.300000000000000000e+01
-7.200000000000000000e+01
-7.100000000000000000e+01
-7.000000000000000000e+01
-6.900000000000000000e+01
-6.800000000000000000e+01
-6.700000000000000000e+01
-6.600000000000000000e+01
-6.500000000000000000e+01
-6.400000000000000000e+01
-6.300000000000000000e+01
-6.200000000000000000e+01
-6.100000000000000000e+01
-6.000000000000000000e+01
-5.900000000000000000e+01
-5.800000000000000000e+01
-5.700000000000000000e+01
-5.600000000000000000e+01
-5.500000000000000000e+01
-5.400000000000000000e+01
-5.300000000000000000e+01
-5.200000000000000000e+01
-5.100000000000000000e+01
-5.000000000000000000e+01
-4.900000000000000000e+01
-4.800000000000000000e+01
-4.700000000000000000e+01
-4.600000000000000000e+01
-4.500000000000000000e+01
-4.400000000000000000e+01
-4.300000000000000000e+01
-4.200000000000000000e+01
-4.100000000000000000e+01
-4.000000000000000000e+01
-3.900000000000000000e+01
-3.800000000000000000e+01
-3.700000000000000000e+01
-3.600000000000000000e+01
-3.500000000000000000e+01
-3.400000000000000000e+01
-3.300000000000000000e+01
-3.200000000000000000e+01
-3.100000000000000000e+01
-3.000000000000000000e+01
-2.900000000000000000e+01
-2.800000000000000000e+01
-2.700000000000000000e+01
-2.600000000000000000e+01
-2.500000000000000000e+01
-2.400000000000000000e+01
-2.300000000000000000e+01
-2.200000000000000000e+01
-2.100000000000000000e+01
-2.000000000000000000e+01
-1.900000000000000000e+01
-1.800000000000000000e+01
-1.700000000000000000e+01
-1.600000000000000000e+01
-1.500000000000000000e+01
-1.400000000000000000e+01
-1.300000000000000000e+01
-1.200000000000000000e+01
-1.100000000000000000e+01
-1.000000000000000000e+01
-9.000000000000000000e+00
-8.000000000000000000e+00
-7.000000000000000000e+00
-6.000000000000000000e+00
-5.000000000000000000e+00
-4.000000000000000000e+00
-3.000000000000000000e+00
-2.000000000000000000e+00
-1.000000000000000000e+00
0.000000000000000000e+00
1.000000000000000000e+00
2.000000000000000000e+00
3.000000000000000000e+00
4.000000000000000000e+00
5.000000000000000000e+00
6.000000000000000000e+00
7.000000000000000000e+00
8.000000000000000000e+00
9.000000000000000000e+00
1.000000000000000000e+01
1.100000000000000000e+01
1.200000000000000000e+01
1.300000000000000000e+01
1.400000000000000000e+01
1.500000000000000000e+01
1.600000000000000000e+01
1.700000000000000000e+01
1.800000000000000000e+01
1.900000000000000000e+01
2.000000000000000000e+01
2.100000000000000000e+01
2.200000000000000000e+01
2.300000000000000000e+01
2.400000000000000000e+01
2.500000000000000000e+01
2.600000000000000000e+01
2.700000000000000000e+01
2.800000000000000000e+01
2.900000000000000000e+01
3.000000000000000000e+01
3.100000000000000000e+01
3.200000000000000000e+01
3.300000000000000000e+01
3.400000000000000000e+01
3.500000000000000000e+01
3.600000000000000000e+01
3.700000000000000000e+01
3.800000000000000000e+01
3.900000000000000000e+01
4.000000000000000000e+01
4.100000000000000000e+01
4.200000000000000000e+01
4.300000000000000000e+01
4.400000000000000000e+01
4.500000000000000000e+01
4.600000000000000000e+01
4.700000000000000000e+01
4.800000000000000000e+01
4.900000000000000000e+01
5.000000000000000000e+01
5.100000000000000000e+01
5.200000000000000000e+01
5.300000000000000000e+01
5.400000000000000000e+01
5.500000000000000000e+01
5.600000000000000000e+01
5.700000000000000000e+01
5.800000000000000000e+01
5.900000000000000000e+01
6.000000000000000000e+01
6.100000000000000000e+01
6.200000000000000000e+01
6.300000000000000000e+01
6.400000000000000000e+01
6.500000000000000000e+01
6.600000000000000000e+01
6.700000000000000000e+01
6.800000000000000000e+01
6.900000000000000000e+01
7.000000000000000000e+01
7.100000000000000000e+01
7.200000000000000000e+01
7.300000000000000000e+01
7.400000000000000000e+01
7.500000000000000000e+01
7.600000000000000000e+01
7.700000000000000000e+01
7.800000000000000000e+01
7.900000000000000000e+01
8.000000000000000000e+01
8.100000000000000000e+01
8.200000000000000000e+01
8.300000000000000000e+01
8.400000000000000000e+01
8.500000000000000000e+01
8.600000000000000000e+01
8.700000000000000000e+01
8.800000000000000000e+01
8.900000000000000000e+01
9.000000000000000000e+01
9.100000000000000000e+01
9.200000000000000000e+01
9.300000000000000000e+01
9.400000000000000000e+01
9.500000000000000000e+01
9.600000000000000000e+01
9.700000000000000000e+01
9.800000000000000000e+01
9.900000000000000000e+01
