single photon fraction:    0.0468
laser fraction:    0.2807
thermal source fraction:    0.2281
non-detected fraction:    0.4444
number of bins:  200.0000
bin width (ns):    1.0000
average detection events per bin: 5000.0000

# binary result
0.000000000000000000e+00

# g2 signal
1.005750766346616754e+00
1.024208229133114711e+00
1.005750766346616754e+00
9.663024635284155339e-01
9.858456594200014633e-01
9.793312607894728572e-01
1.016246186362468551e+00
1.002131655996323145e+00
1.020227207747791631e+00
1.017693830502585994e+00
9.739025952640323336e-01
1.009007965661881112e+00
9.880171256301777394e-01
9.974268125409413432e-01
9.561689545475932084e-01
1.031446449833701928e+00
9.717311290538560575e-01
9.912743249454419869e-01
1.022760584992997046e+00
1.003579300136440589e+00
1.019865296712762159e+00
9.822265490697078549e-01
9.948934352957357063e-01
9.956172573657944280e-01
1.023484407063055990e+00
9.941696132256769847e-01
9.724549511239147792e-01
1.004303122206499310e+00
1.017331919467556522e+00
9.999601897861468691e-01
1.015884275327439079e+00
9.760740614742084986e-01
1.000322100821176230e+00
1.015884275327439079e+00
9.916362359804713478e-01
1.011541342907086749e+00
9.626833531781218145e-01
1.006474588416675475e+00
1.011541342907086749e+00
1.002855478066381867e+00
9.923600580505301805e-01
1.006474588416675475e+00
1.017693830502585994e+00
1.017693830502585994e+00
1.005388855311587504e+00
1.007560321521763669e+00
9.804169938945609397e-01
1.005026944276558032e+00
1.010455609801998555e+00
9.818646380346783831e-01
9.905505028753832653e-01
1.005388855311587504e+00
9.999601897861468691e-01
1.040132314674406810e+00
1.003941211171469838e+00
9.945315242607063455e-01
1.016246186362468551e+00
1.010817520837028027e+00
1.019141474642703438e+00
9.930838801205889022e-01
1.029274983623525763e+00
9.948934352957357063e-01
9.796931718245022180e-01
9.956172573657944280e-01
9.731787731939736119e-01
9.891028587352658219e-01
9.992363677160881474e-01
9.916362359804713478e-01
9.677501076685330883e-01
1.000322100821176230e+00
9.887409477002364611e-01
1.043027602954641919e+00
1.014798542222351108e+00
9.793312607894728572e-01
9.757121504391791378e-01
1.014798542222351108e+00
1.000322100821176230e+00
1.008646054626851640e+00
9.919981470155008196e-01
1.012627076012174721e+00
9.655786414583568122e-01
1.038684670534289367e+00
9.927219690855595413e-01
9.659405524933861731e-01
1.005026944276558032e+00
1.012988987047204192e+00
9.887409477002364611e-01
9.905505028753832653e-01
9.934457911556182630e-01
1.003217389101411117e+00
1.012627076012174721e+00
1.019503385677732910e+00
1.015160453257380357e+00
1.002855478066381867e+00
1.011541342907086749e+00
1.001045922891234952e+00
1.006112677381646225e+00
1.003217389101411117e+00
1.035789382254054480e+00
9.615976200730337320e-01
1.311565590946433657e+00
1.020227207747791631e+00
9.985125456460294258e-01
9.634071752481806472e-01
1.005026944276558032e+00
1.005388855311587504e+00
9.995982787511175083e-01
9.898266808053245436e-01
9.688358407736211708e-01
9.728168621589442511e-01
1.037237026394171924e+00
9.995982787511175083e-01
1.026379695343290877e+00
1.010455609801998555e+00
9.912743249454419869e-01
9.735406842290029727e-01
9.992363677160881474e-01
9.818646380346783831e-01
1.031084538798672678e+00
9.981506346110000649e-01
9.938077021906476238e-01
9.891028587352658219e-01
1.020589118782820881e+00
9.818646380346783831e-01
1.008284143591822390e+00
1.018779563607674188e+00
9.644929083532687297e-01
9.970649015059119824e-01
1.003217389101411117e+00
1.011179431872057277e+00
9.720930400888854184e-01
9.840361042448546591e-01
1.029998805693584485e+00
1.032532182938790122e+00
9.862075704550308242e-01
1.007922232556792919e+00
1.006112677381646225e+00
1.009007965661881112e+00
1.014074720152292386e+00
1.026017784308261405e+00
1.003579300136440589e+00
1.009731787731939834e+00
1.012627076012174721e+00
9.807789049295903006e-01
9.688358407736211708e-01
9.677501076685330883e-01
9.941696132256769847e-01
9.695596628436798925e-01
1.014436631187321636e+00
9.927219690855595413e-01
9.930838801205889022e-01
1.004665033241528782e+00
1.006112677381646225e+00
9.963410794358531497e-01
9.941696132256769847e-01
1.007198410486734197e+00
1.014436631187321636e+00
9.673881966335036164e-01
9.858456594200014633e-01
9.710073069837973359e-01
9.923600580505301805e-01
1.009731787731939834e+00
1.012265164977145471e+00
1.006836499451704947e+00
9.786074387194141355e-01
9.898266808053245436e-01
9.731787731939736119e-01
9.992363677160881474e-01
1.026741606378320126e+00
9.825884601047372158e-01
9.923600580505301805e-01
1.016246186362468551e+00
9.916362359804713478e-01
9.749883283691204161e-01
9.974268125409413432e-01
9.731787731939736119e-01
9.880171256301777394e-01
9.905505028753832653e-01
9.724549511239147792e-01
1.011541342907086749e+00
9.927219690855595413e-01
1.024932051203173433e+00
9.503783779871233239e-01
9.988744566810587866e-01
9.974268125409413432e-01
1.006112677381646225e+00
9.901885918403539044e-01
9.815027269996490222e-01
1.054246845040552216e+00
9.612357090380043712e-01
9.992363677160881474e-01
1.003217389101411117e+00
9.847599263149133808e-01
1.004665033241528782e+00
9.843980152798840200e-01
9.503783779871233239e-01
1.026741606378320126e+00
9.840361042448546591e-01
1.013350898082233442e+00
9.872933035601190177e-01

# time bin value
-1.000000000000000000e+02
-9.900000000000000000e+01
-9.800000000000000000e+01
-9.700000000000000000e+01
-9.600000000000000000e+01
-9.500000000000000000e+01
-9.400000000000000000e+01
-9.300000000000000000e+01
-9.200000000000000000e+01
-9.100000000000000000e+01
-9.000000000000000000e+01
-8.900000000000000000e+01
-8.800000000000000000e+01
-8.700000000000000000e+01
-8.600000000000000000e+01
-8.500000000000000000e+01
-8.400000000000000000e+01
-8.300000000000000000e+01
-8.200000000000000000e+01
-8.100000000000000000e+01
-8.000000000000000000e+01
-7.900000000000000000e+01
-7.800000000000000000e+01
-7.700000000000000000e+01
-7.600000000000000000e+01
-7.500000000000000000e+01
-7.400000000000000000e+01
-7.300000000000000000e+01
-7.200000000000000000e+01
-7.100000000000000000e+01
-7.000000000000000000e+01
-6.900000000000000000e+01
-6.800000000000000000e+01
-6.700000000000000000e+01
-6.600000000000000000e+01
-6.500000000000000000e+01
-6.400000000000000000e+01
-6.300000000000000000e+01
-6.200000000000000000e+01
-6.100000000000000000e+01
-6.000000000000000000e+01
-5.900000000000000000e+01
-5.800000000000000000e+01
-5.700000000000000000e+01
-5.600000000000000000e+01
-5.500000000000000000e+01
-5.400000000000000000e+01
-5.300000000000000000e+01
-5.200000000000000000e+01
-5.100000000000000000e+01
-5.000000000000000000e+01
-4.900000000000000000e+01
-4.800000000000000000e+01
-4.700000000000000000e+01
-4.600000000000000000e+01
-4.500000000000000000e+01
-4.400000000000000000e+01
-4.300000000000000000e+01
-4.200000000000000000e+01
-4.100000000000000000e+01
-4.000000000000000000e+01
-3.900000000000000000e+01
-3.800000000000000000e+01
-3.700000000000000000e+01
-3.600000000000000000e+01
-3.500000000000000000e+01
-3.400000000000000000e+01
-3.300000000000000000e+01
-3.200000000000000000e+01
-3.100000000000000000e+01
-3.000000000000000000e+01
-2.900000000000000000e+01
-2.800000000000000000e+01
-2.700000000000000000e+01
-2.600000000000000000e+01
-2.500000000000000000e+01
-2.400000000000000000e+01
-2.300000000000000000e+01
-2.200000000000000000e+01
-2.100000000000000000e+01
-2.000000000000000000e+01
-1.900000000000000000e+01
-1.800000000000000000e+01
-1.700000000000000000e+01
-1.600000000000000000e+01
-1.500000000000000000e+01
-1.400000000000000000e+01
-1.300000000000000000e+01
-1.200000000000000000e+01
-1.100000000000000000e+01
-1.000000000000000000e+01
-9.000000000000000000e+00
-8.000000000000000000e+00
-7.000000000000000000e+00
-6.000000000000000000e+00
-5.000000000000000000e+00
-4.000000000000000000e+00
-3.000000000000000000e+00
-2.000000000000000000e+00
-1.000000000000000000e+00
0.000000000000000000e+00
1.000000000000000000e+00
2.000000000000000000e+00
3.000000000000000000e+00
4.000000000000000000e+00
5.000000000000000000e+00
6.000000000000000000e+00
7.000000000000000000e+00
8.000000000000000000e+00
9.000000000000000000e+00
1.000000000000000000e+01
1.100000000000000000e+01
1.200000000000000000e+01
1.300000000000000000e+01
1.400000000000000000e+01
1.500000000000000000e+01
1.600000000000000000e+01
1.700000000000000000e+01
1.800000000000000000e+01
1.900000000000000000e+01
2.000000000000000000e+01
2.100000000000000000e+01
2.200000000000000000e+01
2.300000000000000000e+01
2.400000000000000000e+01
2.500000000000000000e+01
2.600000000000000000e+01
2.700000000000000000e+01
2.800000000000000000e+01
2.900000000000000000e+01
3.000000000000000000e+01
3.100000000000000000e+01
3.200000000000000000e+01
3.300000000000000000e+01
3.400000000000000000e+01
3.500000000000000000e+01
3.600000000000000000e+01
3.700000000000000000e+01
3.800000000000000000e+01
3.900000000000000000e+01
4.000000000000000000e+01
4.100000000000000000e+01
4.200000000000000000e+01
4.300000000000000000e+01
4.400000000000000000e+01
4.500000000000000000e+01
4.600000000000000000e+01
4.700000000000000000e+01
4.800000000000000000e+01
4.900000000000000000e+01
5.000000000000000000e+01
5.100000000000000000e+01
5.200000000000000000e+01
5.300000000000000000e+01
5.400000000000000000e+01
5.500000000000000000e+01
5.600000000000000000e+01
5.700000000000000000e+01
5.800000000000000000e+01
5.900000000000000000e+01
6.000000000000000000e+01
6.100000000000000000e+01
6.200000000000000000e+01
6.300000000000000000e+01
6.400000000000000000e+01
6.500000000000000000e+01
6.600000000000000000e+01
6.700000000000000000e+01
6.800000000000000000e+01
6.900000000000000000e+01
7.000000000000000000e+01
7.100000000000000000e+01
7.200000000000000000e+01
7.300000000000000000e+01
7.400000000000000000e+01
7.500000000000000000e+01
7.600000000000000000e+01
7.700000000000000000e+01
7.800000000000000000e+01
7.900000000000000000e+01
8.000000000000000000e+01
8.100000000000000000e+01
8.200000000000000000e+01
8.300000000000000000e+01
8.400000000000000000e+01
8.500000000000000000e+01
8.600000000000000000e+01
8.700000000000000000e+01
8.800000000000000000e+01
8.900000000000000000e+01
9.000000000000000000e+01
9.100000000000000000e+01
9.200000000000000000e+01
9.300000000000000000e+01
9.400000000000000000e+01
9.500000000000000000e+01
9.600000000000000000e+01
9.700000000000000000e+01
9.800000000000000000e+01
9.900000000000000000e+01
