single photon fraction:    0.0712
laser fraction:    0.3446
thermal source fraction:    0.3670
non-detected fraction:    0.2172
number of bins:  200.0000
bin width (ns):    1.0000
average detection events per bin: 5000.0000

# binary result
0.000000000000000000e+00

# g2 signal
9.933698200379723620e-01
9.977413672656828547e-01
9.835981262348548748e-01
1.008284510579572801e+00
1.011627458459586570e+00
1.017799054545766024e+00
9.861696246040962954e-01
9.887411229733377160e-01
1.006227311884179576e+00
1.010084559438041873e+00
1.022170601773476628e+00
9.900268721579584819e-01
9.979985171026070079e-01
9.925983705271999025e-01
9.887411229733377160e-01
9.879696734625652565e-01
9.856553249302479891e-01
1.001341464982620888e+00
9.905411718318067882e-01
1.005713012210331270e+00
9.807694780286891900e-01
1.010856008948814111e+00
1.007513061068800342e+00
1.009055960090345261e+00
1.009055960090345261e+00
9.941412695487448214e-01
9.712549340624958560e-01
9.900268721579584819e-01
1.005455862373407117e+00
1.022942051284249088e+00
1.014713256502676408e+00
9.900268721579584819e-01
1.004941562699558810e+00
1.008284510579572801e+00
1.014456106665752255e+00
9.985128167764552032e-01
1.009827409601117720e+00
1.012141758133434877e+00
9.774265301486753099e-01
9.853981750933238359e-01
9.702263347147992434e-01
9.751121816163580425e-01
1.003398663678014113e+00
9.967127679179862421e-01
1.017799054545766024e+00
9.830838265610065685e-01
1.006741611558027882e+00
9.925983705271999025e-01
1.004684412862634657e+00
9.828266767240824153e-01
9.997985659610759690e-01
9.851410252563996828e-01
9.812837777025374963e-01
9.925983705271999025e-01
9.859124747671721423e-01
9.964556180810620889e-01
9.910554715056550945e-01
9.902840219948826350e-01
9.730549829209649282e-01
9.805123281917651479e-01
1.040942539868939143e+00
1.006227311884179576e+00
9.697120350409510481e-01
9.794837288440685352e-01
1.025256399816566244e+00
9.684262858563302823e-01
1.005455862373407117e+00
9.913126213425791367e-01
9.974842174287587016e-01
1.004427263025710504e+00
9.979985171026070079e-01
9.787122793332960757e-01
1.001855764656469194e+00
9.923412206902757493e-01
9.913126213425791367e-01
1.001855764656469194e+00
1.009570259764193567e+00
1.013684657154979796e+00
1.012141758133434877e+00
1.012656057807283183e+00
9.745978819425097361e-01
1.011884608296510724e+00
9.841124259087031811e-01
9.977413672656828547e-01
1.012141758133434877e+00
1.002627214167241654e+00
9.972270675918345484e-01
1.010341709274966027e+00
1.004684412862634657e+00
9.941412695487448214e-01
9.607117907486059094e-01
9.972270675918345484e-01
1.010084559438041873e+00
9.748550317794338893e-01
1.002370064330317501e+00
9.843695757456272233e-01
9.823123770502341090e-01
9.897697223210343287e-01
1.021142002425780015e+00
9.928555203641240556e-01
1.356722539611789236e+00
1.030913696228897614e+00
9.946555692225931278e-01
9.740835822686614298e-01
1.012141758133434877e+00
1.017541904708842093e+00
1.019084803730386790e+00
1.004427263025710504e+00
1.006484461721103729e+00
1.015741855850373021e+00
1.021399152262704169e+00
9.943984193856689746e-01
1.017284754871917940e+00
1.000055715798000122e+00
1.000312865634924275e+00
1.013427507318055643e+00
1.007770210905724495e+00
1.008798810253421108e+00
9.761407809640546551e-01
9.985128167764552032e-01
9.936269698748965151e-01
9.830838265610065685e-01
9.967127679179862421e-01
1.008284510579572801e+00
1.007770210905724495e+00
1.007513061068800342e+00
9.928555203641240556e-01
1.011370308622662417e+00
1.008027360742648648e+00
1.004170113188786351e+00
9.864267744410204486e-01
1.014713256502676408e+00
9.889982728102618692e-01
1.010856008948814111e+00
1.004170113188786351e+00
9.892554226471860224e-01
1.009827409601117720e+00
1.000827165308772582e+00
9.918269210164274430e-01
1.000827165308772582e+00
9.954270187333654762e-01
1.014970406339600562e+00
9.977413672656828547e-01
1.011627458459586570e+00
9.794837288440685352e-01
1.002112914493393347e+00
1.018313354219614331e+00
9.902840219948826350e-01
9.730549829209649282e-01
9.892554226471860224e-01
1.017541904708842093e+00
9.877125236256412144e-01
9.907983216687309413e-01
9.761407809640546551e-01
9.761407809640546551e-01
1.022942051284249088e+00
9.900268721579584819e-01
1.017799054545766024e+00
9.910554715056550945e-01
1.004427263025710504e+00
1.000055715798000122e+00
1.001598614819545041e+00
9.907983216687309413e-01
1.003912963351862198e+00
1.008798810253421108e+00
9.763979308009788083e-01
9.987699666133793563e-01
9.810266278656133432e-01
1.007513061068800342e+00
1.015227556176524715e+00
9.817980773763858027e-01
9.817980773763858027e-01
9.859124747671721423e-01
9.992842662872276627e-01
9.758836311271305020e-01
1.022684901447324934e+00
1.002112914493393347e+00
9.982556669395311610e-01
1.000827165308772582e+00
1.007255911231876189e+00
1.000570015471848428e+00
9.931126702010482088e-01
9.877125236256412144e-01
1.016770455198069634e+00
1.006998761394952036e+00
1.001855764656469194e+00
1.014456106665752255e+00
9.987699666133793563e-01
1.000055715798000122e+00
1.002112914493393347e+00
9.923412206902757493e-01
1.031427995902745920e+00
9.882268232994894097e-01
1.009827409601117720e+00
9.925983705271999025e-01
1.019084803730386790e+00
1.033999494271987230e+00
1.005713012210331270e+00
1.011884608296510724e+00
9.933698200379723620e-01

# time bin value
-1.000000000000000000e+02
-9.900000000000000000e+01
-9.800000000000000000e+01
-9.700000000000000000e+01
-9.600000000000000000e+01
-9.500000000000000000e+01
-9.400000000000000000e+01
-9.300000000000000000e+01
-9.200000000000000000e+01
-9.100000000000000000e+01
-9.000000000000000000e+01
-8.900000000000000000e+01
-8.800000000000000000e+01
-8.700000000000000000e+01
-8.600000000000000000e+01
-8.500000000000000000e+01
-8.400000000000000000e+01
-8.300000000000000000e+01
-8.200000000000000000e+01
-8.100000000000000000e+01
-8.000000000000000000e+01
-7.900000000000000000e+01
-7.800000000000000000e+01
-7.700000000000000000e+01
-7.600000000000000000e+01
-7.500000000000000000e+01
-7.400000000000000000e+01
-7.300000000000000000e+01
-7.200000000000000000e+01
-7.100000000000000000e+01
-7.000000000000000000e+01
-6.900000000000000000e+01
-6.800000000000000000e+01
-6.700000000000000000e+01
-6.600000000000000000e+01
-6.500000000000000000e+01
-6.400000000000000000e+01
-6.300000000000000000e+01
-6.200000000000000000e+01
-6.100000000000000000e+01
-6.000000000000000000e+01
-5.900000000000000000e+01
-5.800000000000000000e+01
-5.700000000000000000e+01
-5.600000000000000000e+01
-5.500000000000000000e+01
-5.400000000000000000e+01
-5.300000000000000000e+01
-5.200000000000000000e+01
-5.100000000000000000e+01
-5.000000000000000000e+01
-4.900000000000000000e+01
-4.800000000000000000e+01
-4.700000000000000000e+01
-4.600000000000000000e+01
-4.500000000000000000e+01
-4.400000000000000000e+01
-4.300000000000000000e+01
-4.200000000000000000e+01
-4.100000000000000000e+01
-4.000000000000000000e+01
-3.900000000000000000e+01
-3.800000000000000000e+01
-3.700000000000000000e+01
-3.600000000000000000e+01
-3.500000000000000000e+01
-3.400000000000000000e+01
-3.300000000000000000e+01
-3.200000000000000000e+01
-3.100000000000000000e+01
-3.000000000000000000e+01
-2.900000000000000000e+01
-2.800000000000000000e+01
-2.700000000000000000e+01
-2.600000000000000000e+01
-2.500000000000000000e+01
-2.400000000000000000e+01
-2.300000000000000000e+01
-2.200000000000000000e+01
-2.100000000000000000e+01
-2.000000000000000000e+01
-1.900000000000000000e+01
-1.800000000000000000e+01
-1.700000000000000000e+01
-1.600000000000000000e+01
-1.500000000000000000e+01
-1.400000000000000000e+01
-1.300000000000000000e+01
-1.200000000000000000e+01
-1.100000000000000000e+01
-1.000000000000000000e+01
-9.000000000000000000e+00
-8.000000000000000000e+00
-7.000000000000000000e+00
-6.000000000000000000e+00
-5.000000000000000000e+00
-4.000000000000000000e+00
-3.000000000000000000e+00
-2.000000000000000000e+00
-1.000000000000000000e+00
0.000000000000000000e+00
1.000000000000000000e+00
2.000000000000000000e+00
3.000000000000000000e+00
4.000000000000000000e+00
5.000000000000000000e+00
6.000000000000000000e+00
7.000000000000000000e+00
8.000000000000000000e+00
9.000000000000000000e+00
1.000000000000000000e+01
1.100000000000000000e+01
1.200000000000000000e+01
1.300000000000000000e+01
1.400000000000000000e+01
1.500000000000000000e+01
1.600000000000000000e+01
1.700000000000000000e+01
1.800000000000000000e+01
1.900000000000000000e+01
2.000000000000000000e+01
2.100000000000000000e+01
2.200000000000000000e+01
2.300000000000000000e+01
2.400000000000000000e+01
2.500000000000000000e+01
2.600000000000000000e+01
2.700000000000000000e+01
2.800000000000000000e+01
2.900000000000000000e+01
3.000000000000000000e+01
3.100000000000000000e+01
3.200000000000000000e+01
3.300000000000000000e+01
3.400000000000000000e+01
3.500000000000000000e+01
3.600000000000000000e+01
3.700000000000000000e+01
3.800000000000000000e+01
3.900000000000000000e+01
4.000000000000000000e+01
4.100000000000000000e+01
4.200000000000000000e+01
4.300000000000000000e+01
4.400000000000000000e+01
4.500000000000000000e+01
4.600000000000000000e+01
4.700000000000000000e+01
4.800000000000000000e+01
4.900000000000000000e+01
5.000000000000000000e+01
5.100000000000000000e+01
5.200000000000000000e+01
5.300000000000000000e+01
5.400000000000000000e+01
5.500000000000000000e+01
5.600000000000000000e+01
5.700000000000000000e+01
5.800000000000000000e+01
5.900000000000000000e+01
6.000000000000000000e+01
6.100000000000000000e+01
6.200000000000000000e+01
6.300000000000000000e+01
6.400000000000000000e+01
6.500000000000000000e+01
6.600000000000000000e+01
6.700000000000000000e+01
6.800000000000000000e+01
6.900000000000000000e+01
7.000000000000000000e+01
7.100000000000000000e+01
7.200000000000000000e+01
7.300000000000000000e+01
7.400000000000000000e+01
7.500000000000000000e+01
7.600000000000000000e+01
7.700000000000000000e+01
7.800000000000000000e+01
7.900000000000000000e+01
8.000000000000000000e+01
8.100000000000000000e+01
8.200000000000000000e+01
8.300000000000000000e+01
8.400000000000000000e+01
8.500000000000000000e+01
8.600000000000000000e+01
8.700000000000000000e+01
8.800000000000000000e+01
8.900000000000000000e+01
9.000000000000000000e+01
9.100000000000000000e+01
9.200000000000000000e+01
9.300000000000000000e+01
9.400000000000000000e+01
9.500000000000000000e+01
9.600000000000000000e+01
9.700000000000000000e+01
9.800000000000000000e+01
9.900000000000000000e+01
