single photon fraction:    0.1967
laser fraction:    0.2705
thermal source fraction:    0.5082
non-detected fraction:    0.0246
number of bins:  200.0000
bin width (ns):    1.0000
average detection events per bin: 5000.0000

# binary result
0.000000000000000000e+00

# g2 signal
9.948196786221005228e-01
9.834774144587059563e-01
1.004305935922394255e+00
9.876018741544857482e-01
1.008017949648596145e+00
9.847147523674398828e-01
1.007193057709440120e+00
9.991503613026693209e-01
9.741973801432012303e-01
1.010492625466063998e+00
1.009255287557329961e+00
1.007399280694229127e+00
1.019978882766357620e+00
1.009873956511696980e+00
1.009049064572540955e+00
9.882205431088527670e-01
9.830649684891279438e-01
1.002037483089715186e+00
1.006161942785495089e+00
9.977068004091463882e-01
9.795591777477150597e-01
1.007605503679018133e+00
9.937885636981556026e-01
1.028227802157917425e+00
1.023484673507770504e+00
1.000800145180981371e+00
1.018741544857623582e+00
9.741973801432012303e-01
9.979130233939353944e-01
9.754347180519352678e-01
9.991503613026693209e-01
1.006780611739862108e+00
9.871894281849078467e-01
9.711040353713663587e-01
9.981192463787244007e-01
9.939947866829446088e-01
1.010492625466063998e+00
1.004924604876761274e+00
1.007605503679018133e+00
1.018535321872834576e+00
1.025959349325238357e+00
9.931698947437885838e-01
1.000181476226614352e+00
9.911076648958986324e-01
9.727538192496782976e-01
9.944072326525225103e-01
9.939947866829446088e-01
1.021009997690302651e+00
9.896641040023756997e-01
9.902827729567427184e-01
1.000181476226614352e+00
9.927574487742105713e-01
1.001831260104926180e+00
1.009049064572540955e+00
1.011729963374797814e+00
1.017091760979311754e+00
9.570808724057148220e-01
1.010698848450853005e+00
9.923450028046326699e-01
9.818276305803940174e-01
9.816214075956050111e-01
9.890454350480086809e-01
1.016473092024944735e+00
1.007811726663807139e+00
1.016060646055366723e+00
9.849209753522288890e-01
1.025340680370871338e+00
1.008430395618173936e+00
9.886329890784307795e-01
1.025753126340449350e+00
9.917263338502656511e-01
1.003481043983238230e+00
1.009461510542118967e+00
1.009461510542118967e+00
9.981192463787244007e-01
1.001212591150559383e+00
9.684231365691094995e-01
9.801778467020820784e-01
9.970881314547794805e-01
9.970881314547794805e-01
1.013998416207476883e+00
9.783218398389811332e-01
1.001625037120137174e+00
1.000593922196192365e+00
1.015854423070577717e+00
1.005955719800706083e+00
1.012967301283531851e+00
1.008224172633385152e+00
9.857458672913848030e-01
1.013379747253109864e+00
1.007605503679018133e+00
1.000181476226614352e+00
9.993565842874583272e-01
1.006368165770284095e+00
1.022453558583825473e+00
9.876018741544857482e-01
1.021628666644669670e+00
9.983254693635134069e-01
9.678044676147424807e-01
9.805902926716599799e-01
1.318589764740818904e+00
9.993565842874583272e-01
9.805902926716599799e-01
1.002037483089715186e+00
9.977068004091463882e-01
1.008430395618173936e+00
1.003481043983238230e+00
9.906952189263206199e-01
9.884267660936417732e-01
9.909014419111096261e-01
1.002862375028871211e+00
1.014823308146632908e+00
1.001625037120137174e+00
1.001831260104926180e+00
9.832711914739169501e-01
1.004099712937605249e+00
1.001418814135348390e+00
9.915201108654766449e-01
9.970881314547794805e-01
9.867769822153298342e-01
9.975005774243573820e-01
1.005337050846339064e+00
1.002037483089715186e+00
9.958507935460454430e-01
1.009049064572540955e+00
1.001006368165770377e+00
9.999752532418253459e-01
9.995628072722473334e-01
9.975005774243573820e-01
1.018329098888045792e+00
1.005130827861550058e+00
1.007605503679018133e+00
9.812089616260269986e-01
1.017297983964100760e+00
9.838898604282839688e-01
1.006574388755073102e+00
1.015029531131421914e+00
9.999752532418253459e-01
9.944072326525225103e-01
1.002656152044082205e+00
9.857458672913848030e-01
1.012348632329164833e+00
9.892516580327976872e-01
1.006368165770284095e+00
9.750222720823572553e-01
9.958507935460454430e-01
1.009255287557329961e+00
9.886329890784307795e-01
9.789405087933480409e-01
9.954383475764675415e-01
9.847147523674398828e-01
9.942010096677335040e-01
9.952321245916785353e-01
1.000593922196192365e+00
1.007193057709440120e+00
1.024515788431715535e+00
1.026371795294816369e+00
9.733724882040453164e-01
1.005337050846339064e+00
9.983254693635134069e-01
9.616177780710727374e-01
9.935823407133665963e-01
9.880143201240637607e-01
9.818276305803940174e-01
1.016473092024944735e+00
9.906952189263206199e-01
1.014204639192265889e+00
1.010698848450853005e+00
9.964694625004124617e-01
1.007811726663807139e+00
1.002656152044082205e+00
9.711040353713663587e-01
9.944072326525225103e-01
9.911076648958986324e-01
9.950259016068895290e-01
9.972943544395684867e-01
9.913138878806876386e-01
1.001625037120137174e+00
1.024103342462137523e+00
1.020597551720724638e+00
1.000181476226614352e+00
9.869832052001188405e-01
9.810027386412379924e-01
1.025134457386082554e+00
9.752284950671462616e-01
9.952321245916785353e-01
9.999752532418253459e-01
9.721351502953113899e-01
9.876018741544857482e-01
9.987379153330914194e-01
9.919325568350546574e-01
9.853334213218069015e-01
9.880143201240637607e-01
1.013379747253109864e+00
9.919325568350546574e-01
1.000800145180981371e+00
9.960570165308344492e-01
1.006986834724651114e+00
1.018947767842412588e+00
1.007399280694229127e+00

# time bin value
-1.000000000000000000e+02
-9.900000000000000000e+01
-9.800000000000000000e+01
-9.700000000000000000e+01
-9.600000000000000000e+01
-9.500000000000000000e+01
-9.400000000000000000e+01
-9.300000000000000000e+01
-9.200000000000000000e+01
-9.100000000000000000e+01
-9.000000000000000000e+01
-8.900000000000000000e+01
-8.800000000000000000e+01
-8.700000000000000000e+01
-8.600000000000000000e+01
-8.500000000000000000e+01
-8.400000000000000000e+01
-8.300000000000000000e+01
-8.200000000000000000e+01
-8.100000000000000000e+01
-8.000000000000000000e+01
-7.900000000000000000e+01
-7.800000000000000000e+01
-7.700000000000000000e+01
-7.600000000000000000e+01
-7.500000000000000000e+01
-7.400000000000000000e+01
-7.300000000000000000e+01
-7.200000000000000000e+01
-7.100000000000000000e+01
-7.000000000000000000e+01
-6.900000000000000000e+01
-6.800000000000000000e+01
-6.700000000000000000e+01
-6.600000000000000000e+01
-6.500000000000000000e+01
-6.400000000000000000e+01
-6.300000000000000000e+01
-6.200000000000000000e+01
-6.100000000000000000e+01
-6.000000000000000000e+01
-5.900000000000000000e+01
-5.800000000000000000e+01
-5.700000000000000000e+01
-5.600000000000000000e+01
-5.500000000000000000e+01
-5.400000000000000000e+01
-5.300000000000000000e+01
-5.200000000000000000e+01
-5.100000000000000000e+01
-5.000000000000000000e+01
-4.900000000000000000e+01
-4.800000000000000000e+01
-4.700000000000000000e+01
-4.600000000000000000e+01
-4.500000000000000000e+01
-4.400000000000000000e+01
-4.300000000000000000e+01
-4.200000000000000000e+01
-4.100000000000000000e+01
-4.000000000000000000e+01
-3.900000000000000000e+01
-3.800000000000000000e+01
-3.700000000000000000e+01
-3.600000000000000000e+01
-3.500000000000000000e+01
-3.400000000000000000e+01
-3.300000000000000000e+01
-3.200000000000000000e+01
-3.100000000000000000e+01
-3.000000000000000000e+01
-2.900000000000000000e+01
-2.800000000000000000e+01
-2.700000000000000000e+01
-2.600000000000000000e+01
-2.500000000000000000e+01
-2.400000000000000000e+01
-2.300000000000000000e+01
-2.200000000000000000e+01
-2.100000000000000000e+01
-2.000000000000000000e+01
-1.900000000000000000e+01
-1.800000000000000000e+01
-1.700000000000000000e+01
-1.600000000000000000e+01
-1.500000000000000000e+01
-1.400000000000000000e+01
-1.300000000000000000e+01
-1.200000000000000000e+01
-1.100000000000000000e+01
-1.000000000000000000e+01
-9.000000000000000000e+00
-8.000000000000000000e+00
-7.000000000000000000e+00
-6.000000000000000000e+00
-5.000000000000000000e+00
-4.000000000000000000e+00
-3.000000000000000000e+00
-2.000000000000000000e+00
-1.000000000000000000e+00
0.000000000000000000e+00
1.000000000000000000e+00
2.000000000000000000e+00
3.000000000000000000e+00
4.000000000000000000e+00
5.000000000000000000e+00
6.000000000000000000e+00
7.000000000000000000e+00
8.000000000000000000e+00
9.000000000000000000e+00
1.000000000000000000e+01
1.100000000000000000e+01
1.200000000000000000e+01
1.300000000000000000e+01
1.400000000000000000e+01
1.500000000000000000e+01
1.600000000000000000e+01
1.700000000000000000e+01
1.800000000000000000e+01
1.900000000000000000e+01
2.000000000000000000e+01
2.100000000000000000e+01
2.200000000000000000e+01
2.300000000000000000e+01
2.400000000000000000e+01
2.500000000000000000e+01
2.600000000000000000e+01
2.700000000000000000e+01
2.800000000000000000e+01
2.900000000000000000e+01
3.000000000000000000e+01
3.100000000000000000e+01
3.200000000000000000e+01
3.300000000000000000e+01
3.400000000000000000e+01
3.500000000000000000e+01
3.600000000000000000e+01
3.700000000000000000e+01
3.800000000000000000e+01
3.900000000000000000e+01
4.000000000000000000e+01
4.100000000000000000e+01
4.200000000000000000e+01
4.300000000000000000e+01
4.400000000000000000e+01
4.500000000000000000e+01
4.600000000000000000e+01
4.700000000000000000e+01
4.800000000000000000e+01
4.900000000000000000e+01
5.000000000000000000e+01
5.100000000000000000e+01
5.200000000000000000e+01
5.300000000000000000e+01
5.400000000000000000e+01
5.500000000000000000e+01
5.600000000000000000e+01
5.700000000000000000e+01
5.800000000000000000e+01
5.900000000000000000e+01
6.000000000000000000e+01
6.100000000000000000e+01
6.200000000000000000e+01
6.300000000000000000e+01
6.400000000000000000e+01
6.500000000000000000e+01
6.600000000000000000e+01
6.700000000000000000e+01
6.800000000000000000e+01
6.900000000000000000e+01
7.000000000000000000e+01
7.100000000000000000e+01
7.200000000000000000e+01
7.300000000000000000e+01
7.400000000000000000e+01
7.500000000000000000e+01
7.600000000000000000e+01
7.700000000000000000e+01
7.800000000000000000e+01
7.900000000000000000e+01
8.000000000000000000e+01
8.100000000000000000e+01
8.200000000000000000e+01
8.300000000000000000e+01
8.400000000000000000e+01
8.500000000000000000e+01
8.600000000000000000e+01
8.700000000000000000e+01
8.800000000000000000e+01
8.900000000000000000e+01
9.000000000000000000e+01
9.100000000000000000e+01
9.200000000000000000e+01
9.300000000000000000e+01
9.400000000000000000e+01
9.500000000000000000e+01
9.600000000000000000e+01
9.700000000000000000e+01
9.800000000000000000e+01
9.900000000000000000e+01
