single photon fraction:    0.2717
laser fraction:    0.0815
thermal source fraction:    0.2663
non-detected fraction:    0.3804
number of bins:  200.0000
bin width (ns):    1.0000
average detection events per bin: 5000.0000

# binary result
0.000000000000000000e+00

# g2 signal
9.849761341041214369e-01
9.885519550530142974e-01
9.996044925314103713e-01
9.950534476873649226e-01
1.000904791058280452e+00
9.986292686362577831e-01
1.020734343593049820e+00
1.025285388437095380e+00
1.012932552431829114e+00
9.765241936794655242e-01
9.719731488354200755e-01
1.018133746539309659e+00
1.021384492856485027e+00
9.862764326309915175e-01
1.026910761595682953e+00
1.041864194654689380e+00
9.729483727305726637e-01
1.004805686638890805e+00
1.005455835902325790e+00
9.814003131552285764e-01
1.040888970759536791e+00
1.045765090235299954e+00
9.755489697843129360e-01
9.911525521067544586e-01
9.794498653649233999e-01
9.774994175746181124e-01
9.836758355772512452e-01
1.006431059797478600e+00
1.009681806114653746e+00
9.732734473622902671e-01
1.015533149485569275e+00
9.872516565261441057e-01
9.856262833675564217e-01
9.716480742037025831e-01
1.006756134429195981e+00
9.853012087358389293e-01
1.029836433281140717e+00
9.765241936794655242e-01
9.765241936794655242e-01
9.992794178996927679e-01
1.002205089585150644e+00
9.866015072627090099e-01
1.018133746539309659e+00
1.002855238848585628e+00
1.025610463068812761e+00
9.846510594724038334e-01
9.781495668380532083e-01
1.007406283692631188e+00
9.875767311578615981e-01
1.012282403168394129e+00
9.879018057895792015e-01
1.007731358324348570e+00
9.774994175746181124e-01
9.931029998970596351e-01
9.908274774750369662e-01
1.022034642119920012e+00
1.013257627063546717e+00
1.008706582219501158e+00
1.006431059797478600e+00
1.001880014953433040e+00
1.022034642119920012e+00
1.000254641794845467e+00
9.999295671631278637e-01
1.026910761595682953e+00
9.957035969507999074e-01
9.918027013701895545e-01
9.905024028433194738e-01
1.020734343593049820e+00
1.001229865689998055e+00
9.957035969507999074e-01
9.888770296847317898e-01
1.002530164216868025e+00
1.022359716751637615e+00
1.007731358324348570e+00
1.025285388437095380e+00
1.019759119697897232e+00
9.849761341041214369e-01
1.002855238848585628e+00
9.859513579992740251e-01
1.035037627388621262e+00
1.009681806114653746e+00
9.677471786230922302e-01
9.748988205208779512e-01
9.983041940045401796e-01
9.957035969507999074e-01
1.034712552756903658e+00
1.002205089585150644e+00
9.970038954776700990e-01
1.033737328861751070e+00
1.031786881071445894e+00
9.892021043164492822e-01
9.875767311578615981e-01
1.008056432956066173e+00
1.000579716426562848e+00
1.029511358649423336e+00
9.670970293596571343e-01
9.970038954776700990e-01
9.709979249402674872e-01
1.015208074853851894e+00
9.830256863138161494e-01
1.028536134754270748e+00
9.950534476873649226e-01
1.035687776652056247e+00
9.957035969507999074e-01
1.028861209385988129e+00
1.015533149485569275e+00
9.778244922063357158e-01
1.006756134429195981e+00
9.940782237922123343e-01
1.008706582219501158e+00
9.973289701093875914e-01
9.752238951525954436e-01
1.011307179273241541e+00
1.029836433281140717e+00
9.927779252653421427e-01
1.004155537375455820e+00
1.004480612007173201e+00
9.970038954776700990e-01
1.018458821171027262e+00
9.947283730556473191e-01
1.017483597275874674e+00
1.028861209385988129e+00
9.635212084107642738e-01
9.921277760019070469e-01
1.031461806439728512e+00
1.003505388112020613e+00
9.716480742037025831e-01
9.895271789481668856e-01
1.003505388112020613e+00
1.006431059797478600e+00
9.748988205208779512e-01
9.732734473622902671e-01
9.898522535798843780e-01
9.615707606204590974e-01
9.856262833675564217e-01
9.983041940045401796e-01
1.016508373380722086e+00
9.635212084107642738e-01
9.479176260883227512e-01
1.016508373380722086e+00
9.963537462142350032e-01
1.028211060122553144e+00
9.804250892600759881e-01
9.957035969507999074e-01
1.030161507912858321e+00
9.836758355772512452e-01
1.015858224117286879e+00
1.002205089585150644e+00
1.011307179273241541e+00
9.979791193728226872e-01
9.973289701093875914e-01
9.849761341041214369e-01
9.570197157764136486e-01
1.015858224117286879e+00
1.004805686638890805e+00
9.885519550530142974e-01
1.007081209060913585e+00
9.963537462142350032e-01
9.882268804212966939e-01
1.001554940321715437e+00
9.722982234671376789e-01
1.013582701695264099e+00
1.023334940646790203e+00
9.797749399966408923e-01
1.010657030009806334e+00
9.937531491604947309e-01
9.940782237922123343e-01
1.005130761270608408e+00
1.006756134429195981e+00
1.009031656851218761e+00
1.035362702020338865e+00
9.862764326309915175e-01
1.005780910534043393e+00
1.024960313805377776e+00
9.820504624186635612e-01
1.026260612332247968e+00
9.843259848406863410e-01
1.013582701695264099e+00
9.931029998970596351e-01
1.005130761270608408e+00
1.017808671907592055e+00
1.007406283692631188e+00
1.017808671907592055e+00
9.683973278865273260e-01
9.921277760019070469e-01
9.927779252653421427e-01
1.012282403168394129e+00
1.001554940321715437e+00
1.008056432956066173e+00
9.989543432679752755e-01
1.016183298749004482e+00
9.937531491604947309e-01
1.002855238848585628e+00
9.862764326309915175e-01
1.029186284017705733e+00
9.992794178996927679e-01
1.008381507587783776e+00
9.953785223190824150e-01
9.937531491604947309e-01
9.648215069376344655e-01

# time bin value
-1.000000000000000000e+02
-9.900000000000000000e+01
-9.800000000000000000e+01
-9.700000000000000000e+01
-9.600000000000000000e+01
-9.500000000000000000e+01
-9.400000000000000000e+01
-9.300000000000000000e+01
-9.200000000000000000e+01
-9.100000000000000000e+01
-9.000000000000000000e+01
-8.900000000000000000e+01
-8.800000000000000000e+01
-8.700000000000000000e+01
-8.600000000000000000e+01
-8.500000000000000000e+01
-8.400000000000000000e+01
-8.300000000000000000e+01
-8.200000000000000000e+01
-8.100000000000000000e+01
-8.000000000000000000e+01
-7.900000000000000000e+01
-7.800000000000000000e+01
-7.700000000000000000e+01
-7.600000000000000000e+01
-7.500000000000000000e+01
-7.400000000000000000e+01
-7.300000000000000000e+01
-7.200000000000000000e+01
-7.100000000000000000e+01
-7.000000000000000000e+01
-6.900000000000000000e+01
-6.800000000000000000e+01
-6.700000000000000000e+01
-6.600000000000000000e+01
-6.500000000000000000e+01
-6.400000000000000000e+01
-6.300000000000000000e+01
-6.200000000000000000e+01
-6.100000000000000000e+01
-6.000000000000000000e+01
-5.900000000000000000e+01
-5.800000000000000000e+01
-5.700000000000000000e+01
-5.600000000000000000e+01
-5.500000000000000000e+01
-5.400000000000000000e+01
-5.300000000000000000e+01
-5.200000000000000000e+01
-5.100000000000000000e+01
-5.000000000000000000e+01
-4.900000000000000000e+01
-4.800000000000000000e+01
-4.700000000000000000e+01
-4.600000000000000000e+01
-4.500000000000000000e+01
-4.400000000000000000e+01
-4.300000000000000000e+01
-4.200000000000000000e+01
-4.100000000000000000e+01
-4.000000000000000000e+01
-3.900000000000000000e+01
-3.800000000000000000e+01
-3.700000000000000000e+01
-3.600000000000000000e+01
-3.500000000000000000e+01
-3.400000000000000000e+01
-3.300000000000000000e+01
-3.200000000000000000e+01
-3.100000000000000000e+01
-3.000000000000000000e+01
-2.900000000000000000e+01
-2.800000000000000000e+01
-2.700000000000000000e+01
-2.600000000000000000e+01
-2.500000000000000000e+01
-2.400000000000000000e+01
-2.300000000000000000e+01
-2.200000000000000000e+01
-2.100000000000000000e+01
-2.000000000000000000e+01
-1.900000000000000000e+01
-1.800000000000000000e+01
-1.700000000000000000e+01
-1.600000000000000000e+01
-1.500000000000000000e+01
-1.400000000000000000e+01
-1.300000000000000000e+01
-1.200000000000000000e+01
-1.100000000000000000e+01
-1.000000000000000000e+01
-9.000000000000000000e+00
-8.000000000000000000e+00
-7.000000000000000000e+00
-6.000000000000000000e+00
-5.000000000000000000e+00
-4.000000000000000000e+00
-3.000000000000000000e+00
-2.000000000000000000e+00
-1.000000000000000000e+00
0.000000000000000000e+00
1.000000000000000000e+00
2.000000000000000000e+00
3.000000000000000000e+00
4.000000000000000000e+00
5.000000000000000000e+00
6.000000000000000000e+00
7.000000000000000000e+00
8.000000000000000000e+00
9.000000000000000000e+00
1.000000000000000000e+01
1.100000000000000000e+01
1.200000000000000000e+01
1.300000000000000000e+01
1.400000000000000000e+01
1.500000000000000000e+01
1.600000000000000000e+01
1.700000000000000000e+01
1.800000000000000000e+01
1.900000000000000000e+01
2.000000000000000000e+01
2.100000000000000000e+01
2.200000000000000000e+01
2.300000000000000000e+01
2.400000000000000000e+01
2.500000000000000000e+01
2.600000000000000000e+01
2.700000000000000000e+01
2.800000000000000000e+01
2.900000000000000000e+01
3.000000000000000000e+01
3.100000000000000000e+01
3.200000000000000000e+01
3.300000000000000000e+01
3.400000000000000000e+01
3.500000000000000000e+01
3.600000000000000000e+01
3.700000000000000000e+01
3.800000000000000000e+01
3.900000000000000000e+01
4.000000000000000000e+01
4.100000000000000000e+01
4.200000000000000000e+01
4.300000000000000000e+01
4.400000000000000000e+01
4.500000000000000000e+01
4.600000000000000000e+01
4.700000000000000000e+01
4.800000000000000000e+01
4.900000000000000000e+01
5.000000000000000000e+01
5.100000000000000000e+01
5.200000000000000000e+01
5.300000000000000000e+01
5.400000000000000000e+01
5.500000000000000000e+01
5.600000000000000000e+01
5.700000000000000000e+01
5.800000000000000000e+01
5.900000000000000000e+01
6.000000000000000000e+01
6.100000000000000000e+01
6.200000000000000000e+01
6.300000000000000000e+01
6.400000000000000000e+01
6.500000000000000000e+01
6.600000000000000000e+01
6.700000000000000000e+01
6.800000000000000000e+01
6.900000000000000000e+01
7.000000000000000000e+01
7.100000000000000000e+01
7.200000000000000000e+01
7.300000000000000000e+01
7.400000000000000000e+01
7.500000000000000000e+01
7.600000000000000000e+01
7.700000000000000000e+01
7.800000000000000000e+01
7.900000000000000000e+01
8.000000000000000000e+01
8.100000000000000000e+01
8.200000000000000000e+01
8.300000000000000000e+01
8.400000000000000000e+01
8.500000000000000000e+01
8.600000000000000000e+01
8.700000000000000000e+01
8.800000000000000000e+01
8.900000000000000000e+01
9.000000000000000000e+01
9.100000000000000000e+01
9.200000000000000000e+01
9.300000000000000000e+01
9.400000000000000000e+01
9.500000000000000000e+01
9.600000000000000000e+01
9.700000000000000000e+01
9.800000000000000000e+01
9.900000000000000000e+01
