single photon fraction:    0.4743
laser fraction:    0.0400
thermal source fraction:    0.0171
non-detected fraction:    0.4686
number of bins:  200.0000
bin width (ns):    1.0000
average detection events per bin: 5000.0000

# binary result
1.000000000000000000e+00

# g2 signal
1.020751245716962741e+00
9.572848470195348680e-01
9.780625370692880294e-01
9.841069559928525834e-01
9.671070277703273099e-01
9.980846747535956354e-01
1.019617917168794241e+00
9.856180607237436941e-01
9.980846747535956354e-01
9.890180463682487488e-01
1.009795736418001910e+00
9.829736274446841948e-01
1.007529079321665133e+00
1.001106884215377857e+00
1.008662407869833633e+00
1.015462379158843742e+00
9.916624796473082482e-01
1.040017831035824569e+00
1.002240212763546134e+00
9.924180320127538035e-01
9.995957794844867461e-01
1.040773383401270236e+00
1.002995765128991801e+00
1.040395607218547402e+00
9.924180320127538035e-01
9.859958369064665273e-01
1.007906855504387966e+00
9.999735556672094683e-01
1.001862436580823523e+00
9.712625657802779200e-01
9.920402558300310814e-01
1.017729036255180297e+00
9.980846747535956354e-01
1.022262350447853851e+00
9.875069416373576381e-01
1.026040112275081517e+00
1.002995765128991801e+00
9.916624796473082482e-01
1.009040184052556244e+00
1.012817945879784132e+00
1.018106812437903130e+00
1.004129093677160078e+00
1.001862436580823523e+00
9.950624652918133028e-01
1.019617917168794241e+00
1.000351331849932190e+00
1.011684617331615854e+00
9.946846891090905807e-01
1.005640198408051189e+00
1.018106812437903130e+00
1.001862436580823523e+00
9.999735556672094683e-01
9.920402558300310814e-01
1.002240212763546134e+00
9.901513749164171374e-01
1.003751317494437245e+00
1.024529007544190407e+00
9.621959373949311445e-01
9.893958225509715820e-01
9.810847465310703619e-01
1.012062393514338687e+00
9.893958225509715820e-01
1.006395750773496856e+00
1.015084602976120909e+00
1.019240140986071408e+00
1.001106884215377857e+00
9.739069990593374193e-01
1.001106884215377857e+00
1.026417888457804350e+00
9.833514036274070280e-01
9.659736992221589214e-01
9.886402701855260267e-01
1.001862436580823523e+00
9.844847321755754166e-01
9.625737135776538667e-01
1.031328978833200516e+00
1.002240212763546134e+00
1.036617845391319515e+00
1.043417816680329624e+00
9.909069272818626928e-01
1.018484588620625964e+00
1.012062393514338687e+00
9.893958225509715820e-01
1.020751245716962741e+00
1.004129093677160078e+00
9.814625227137930841e-01
9.980846747535956354e-01
1.009040184052556244e+00
1.020751245716962741e+00
1.010551288783447577e+00
1.014706826793398076e+00
9.841069559928525834e-01
9.421737997106235385e-01
1.028684545554141128e+00
9.969513462054272468e-01
9.875069416373576381e-01
9.859958369064665273e-01
9.931735843781993589e-01
1.017729036255180297e+00
1.007529079321665133e+00
1.367549781456478541e-01
9.822180750792386394e-01
1.016595707707012020e+00
9.867513892719120827e-01
9.875069416373576381e-01
9.693736848666639760e-01
9.803291941656246955e-01
1.009040184052556244e+00
9.757958799729513633e-01
9.969513462054272468e-01
1.016595707707012020e+00
1.002995765128991801e+00
9.856180607237436941e-01
1.012817945879784132e+00
1.000729108032655024e+00
1.030573426467755072e+00
9.799514179829019733e-01
9.886402701855260267e-01
1.073262135115429672e+00
1.009417960235279077e+00
9.973291223881500800e-01
9.909069272818626928e-01
1.002240212763546134e+00
9.995957794844867461e-01
1.031328978833200516e+00
1.004506869859882912e+00
1.007529079321665133e+00
9.841069559928525834e-01
1.001862436580823523e+00
9.841069559928525834e-01
1.036240069208596681e+00
1.020373469534239907e+00
1.018862364803348797e+00
1.001862436580823523e+00
1.025662336092358906e+00
9.897735987336943042e-01
1.004884646042605745e+00
9.799514179829019733e-01
1.016973483889734853e+00
1.006017974590774022e+00
9.773069847038424740e-01
1.013951274427952631e+00
1.040017831035824569e+00
9.599292802985943673e-01
9.924180320127538035e-01
9.924180320127538035e-01
1.002240212763546134e+00
9.999735556672094683e-01
1.032462307381369016e+00
9.882624940028031935e-01
1.018862364803348797e+00
1.016973483889734853e+00
1.045684473776666401e+00
1.021129021899685352e+00
1.031706755015923349e+00
1.032462307381369016e+00
9.954402414745361360e-01
1.024906783726913240e+00
1.002617988946268968e+00
9.984624509363183575e-01
1.022262350447853851e+00
9.954402414745361360e-01
9.621959373949311445e-01
9.791958656174564180e-01
1.013195722062506965e+00
9.803291941656246955e-01
1.013951274427952631e+00
1.050595564152062567e+00
9.848625083582981388e-01
9.890180463682487488e-01
1.027551217005972850e+00
9.814625227137930841e-01
1.011684617331615854e+00
1.003751317494437245e+00
1.020373469534239907e+00
9.844847321755754166e-01
9.591737279331488120e-01
1.028684545554141128e+00
1.041151159583993069e+00
1.015840155341566353e+00
1.001484660398100690e+00
1.023773455178744962e+00
9.984624509363183575e-01
1.004884646042605745e+00
1.024906783726913240e+00
1.026795664640527184e+00
1.000729108032655024e+00
1.043417816680329624e+00
1.016595707707012020e+00
1.009040184052556244e+00
9.893958225509715820e-01
9.773069847038424740e-01
1.013195722062506965e+00
9.841069559928525834e-01
1.014706826793398076e+00
9.814625227137930841e-01
9.901513749164171374e-01
9.886402701855260267e-01
1.003751317494437245e+00
1.035484516843151237e+00

# time bin value
-1.000000000000000000e+02
-9.900000000000000000e+01
-9.800000000000000000e+01
-9.700000000000000000e+01
-9.600000000000000000e+01
-9.500000000000000000e+01
-9.400000000000000000e+01
-9.300000000000000000e+01
-9.200000000000000000e+01
-9.100000000000000000e+01
-9.000000000000000000e+01
-8.900000000000000000e+01
-8.800000000000000000e+01
-8.700000000000000000e+01
-8.600000000000000000e+01
-8.500000000000000000e+01
-8.400000000000000000e+01
-8.300000000000000000e+01
-8.200000000000000000e+01
-8.100000000000000000e+01
-8.000000000000000000e+01
-7.900000000000000000e+01
-7.800000000000000000e+01
-7.700000000000000000e+01
-7.600000000000000000e+01
-7.500000000000000000e+01
-7.400000000000000000e+01
-7.300000000000000000e+01
-7.200000000000000000e+01
-7.100000000000000000e+01
-7.000000000000000000e+01
-6.900000000000000000e+01
-6.800000000000000000e+01
-6.700000000000000000e+01
-6.600000000000000000e+01
-6.500000000000000000e+01
-6.400000000000000000e+01
-6.300000000000000000e+01
-6.200000000000000000e+01
-6.100000000000000000e+01
-6.000000000000000000e+01
-5.900000000000000000e+01
-5.800000000000000000e+01
-5.700000000000000000e+01
-5.600000000000000000e+01
-5.500000000000000000e+01
-5.400000000000000000e+01
-5.300000000000000000e+01
-5.200000000000000000e+01
-5.100000000000000000e+01
-5.000000000000000000e+01
-4.900000000000000000e+01
-4.800000000000000000e+01
-4.700000000000000000e+01
-4.600000000000000000e+01
-4.500000000000000000e+01
-4.400000000000000000e+01
-4.300000000000000000e+01
-4.200000000000000000e+01
-4.100000000000000000e+01
-4.000000000000000000e+01
-3.900000000000000000e+01
-3.800000000000000000e+01
-3.700000000000000000e+01
-3.600000000000000000e+01
-3.500000000000000000e+01
-3.400000000000000000e+01
-3.300000000000000000e+01
-3.200000000000000000e+01
-3.100000000000000000e+01
-3.000000000000000000e+01
-2.900000000000000000e+01
-2.800000000000000000e+01
-2.700000000000000000e+01
-2.600000000000000000e+01
-2.500000000000000000e+01
-2.400000000000000000e+01
-2.300000000000000000e+01
-2.200000000000000000e+01
-2.100000000000000000e+01
-2.000000000000000000e+01
-1.900000000000000000e+01
-1.800000000000000000e+01
-1.700000000000000000e+01
-1.600000000000000000e+01
-1.500000000000000000e+01
-1.400000000000000000e+01
-1.300000000000000000e+01
-1.200000000000000000e+01
-1.100000000000000000e+01
-1.000000000000000000e+01
-9.000000000000000000e+00
-8.000000000000000000e+00
-7.000000000000000000e+00
-6.000000000000000000e+00
-5.000000000000000000e+00
-4.000000000000000000e+00
-3.000000000000000000e+00
-2.000000000000000000e+00
-1.000000000000000000e+00
0.000000000000000000e+00
1.000000000000000000e+00
2.000000000000000000e+00
3.000000000000000000e+00
4.000000000000000000e+00
5.000000000000000000e+00
6.000000000000000000e+00
7.000000000000000000e+00
8.000000000000000000e+00
9.000000000000000000e+00
1.000000000000000000e+01
1.100000000000000000e+01
1.200000000000000000e+01
1.300000000000000000e+01
1.400000000000000000e+01
1.500000000000000000e+01
1.600000000000000000e+01
1.700000000000000000e+01
1.800000000000000000e+01
1.900000000000000000e+01
2.000000000000000000e+01
2.100000000000000000e+01
2.200000000000000000e+01
2.300000000000000000e+01
2.400000000000000000e+01
2.500000000000000000e+01
2.600000000000000000e+01
2.700000000000000000e+01
2.800000000000000000e+01
2.900000000000000000e+01
3.000000000000000000e+01
3.100000000000000000e+01
3.200000000000000000e+01
3.300000000000000000e+01
3.400000000000000000e+01
3.500000000000000000e+01
3.600000000000000000e+01
3.700000000000000000e+01
3.800000000000000000e+01
3.900000000000000000e+01
4.000000000000000000e+01
4.100000000000000000e+01
4.200000000000000000e+01
4.300000000000000000e+01
4.400000000000000000e+01
4.500000000000000000e+01
4.600000000000000000e+01
4.700000000000000000e+01
4.800000000000000000e+01
4.900000000000000000e+01
5.000000000000000000e+01
5.100000000000000000e+01
5.200000000000000000e+01
5.300000000000000000e+01
5.400000000000000000e+01
5.500000000000000000e+01
5.600000000000000000e+01
5.700000000000000000e+01
5.800000000000000000e+01
5.900000000000000000e+01
6.000000000000000000e+01
6.100000000000000000e+01
6.200000000000000000e+01
6.300000000000000000e+01
6.400000000000000000e+01
6.500000000000000000e+01
6.600000000000000000e+01
6.700000000000000000e+01
6.800000000000000000e+01
6.900000000000000000e+01
7.000000000000000000e+01
7.100000000000000000e+01
7.200000000000000000e+01
7.300000000000000000e+01
7.400000000000000000e+01
7.500000000000000000e+01
7.600000000000000000e+01
7.700000000000000000e+01
7.800000000000000000e+01
7.900000000000000000e+01
8.000000000000000000e+01
8.100000000000000000e+01
8.200000000000000000e+01
8.300000000000000000e+01
8.400000000000000000e+01
8.500000000000000000e+01
8.600000000000000000e+01
8.700000000000000000e+01
8.800000000000000000e+01
8.900000000000000000e+01
9.000000000000000000e+01
9.100000000000000000e+01
9.200000000000000000e+01
9.300000000000000000e+01
9.400000000000000000e+01
9.500000000000000000e+01
9.600000000000000000e+01
9.700000000000000000e+01
9.800000000000000000e+01
9.900000000000000000e+01
