single photon fraction:    0.3672
laser fraction:    0.0859
thermal source fraction:    0.1250
non-detected fraction:    0.4219
number of bins:  200.0000
bin width (ns):    1.0000
average detection events per bin: 5000.0000

# binary result
0.000000000000000000e+00

# g2 signal
9.996166456844842729e-01
1.008650372757058600e+00
1.014904491499610151e+00
9.707782092604967383e-01
9.516684019915893078e-01
1.011777432128334375e+00
1.012819785252093041e+00
9.850237019518640613e-01
9.808542894568297310e-01
9.996166456844842729e-01
9.815491915393355082e-01
9.860660550756227272e-01
9.902354675706570575e-01
1.002396254014507271e+00
1.020811159200908813e+00
1.016294295664621705e+00
1.001006449849495716e+00
9.985742925607257181e-01
1.019073903994644592e+00
1.009692725880817266e+00
9.961421352719557198e-01
9.964895863132084974e-01
1.030887239397241917e+00
9.808542894568297310e-01
9.944048800656913878e-01
9.773797790443010669e-01
1.023243316489678811e+00
1.002396254014507271e+00
1.002396254014507271e+00
1.019768806077150369e+00
9.836338977868526179e-01
9.798119363330711762e-01
9.850237019518640613e-01
9.898880165294041689e-01
1.015599393582115928e+00
9.891931144468983916e-01
9.759899748792896235e-01
1.016641746705874594e+00
9.815491915393355082e-01
9.832864467455997293e-01
1.034709200851023470e+00
1.022200963365920368e+00
1.011429981087081709e+00
1.014209589417104596e+00
1.008997823798311488e+00
9.884982123643927254e-01
9.975319394369671633e-01
1.036446456057287691e+00
9.909303696531627237e-01
9.673036988479680742e-01
9.860660550756227272e-01
9.909303696531627237e-01
1.011082530045828820e+00
9.756425238380368459e-01
9.916252717356685009e-01
1.016989197747127482e+00
1.012819785252093041e+00
1.016294295664621705e+00
9.916252717356685009e-01
1.005870764427035713e+00
1.021853512324667479e+00
9.832864467455997293e-01
9.947523311069442764e-01
9.940574290244384992e-01
1.000311547766989939e+00
1.011082530045828820e+00
9.864135061168755048e-01
9.881507613231398368e-01
9.954472331894499426e-01
1.014209589417104596e+00
1.001701351932001494e+00
1.015599393582115928e+00
9.850237019518640613e-01
9.937099779831856106e-01
1.018379001912138815e+00
1.024285669613437477e+00
1.022895865448426145e+00
9.971844883957142747e-01
9.937099779831856106e-01
9.812017404980826196e-01
9.909303696531627237e-01
9.898880165294041689e-01
9.686935030129795177e-01
1.022200963365920368e+00
9.916252717356685009e-01
9.502785978265778644e-01
1.018379001912138815e+00
9.850237019518640613e-01
1.035751553974781913e+00
9.950997821481970540e-01
1.025675473778449032e+00
9.784221321680597327e-01
1.024285669613437477e+00
9.867609571581283934e-01
9.950997821481970540e-01
1.052081752913666568e+00
9.801593873743240648e-01
9.825915446630940631e-01
1.030192337314736140e+00
9.950997821481970540e-01
5.764212774384982474e-01
9.930150759006799444e-01
1.009692725880817266e+00
9.839813488281055065e-01
1.002048802973254382e+00
1.013514687334598818e+00
1.004480960262024380e+00
1.003786058179518603e+00
9.773797790443010669e-01
1.021853512324667479e+00
1.038531162304804800e+00
1.022548414407173256e+00
1.007608019633300156e+00
1.006913117550794379e+00
1.009345274839564377e+00
9.898880165294041689e-01
1.007260568592047267e+00
1.027412728984713253e+00
1.031929592521000583e+00
9.839813488281055065e-01
9.895405654881512802e-01
9.881507613231398368e-01
1.012819785252093041e+00
1.013167236293345930e+00
1.000311547766989939e+00
1.011777432128334375e+00
9.944048800656913878e-01
1.004133509220771492e+00
1.016294295664621705e+00
9.950997821481970540e-01
9.912778206944156123e-01
1.014904491499610151e+00
1.000311547766989939e+00
1.004480960262024380e+00
1.007608019633300156e+00
1.007608019633300156e+00
1.012472334210840152e+00
1.003786058179518603e+00
1.005870764427035713e+00
9.732103665492667366e-01
1.001006449849495716e+00
9.999640967257371615e-01
9.857186040343698386e-01
1.027760180025966141e+00
1.006218215468288601e+00
1.021506061283414590e+00
1.013167236293345930e+00
1.020116257118403258e+00
1.012472334210840152e+00
1.002048802973254382e+00
1.009345274839564377e+00
1.023590767530931700e+00
1.042353123758586353e+00
1.019073903994644592e+00
9.905829186119098351e-01
9.871084081993812820e-01
9.718205623842552932e-01
1.002048802973254382e+00
1.020116257118403258e+00
1.030887239397241917e+00
9.992691946432313843e-01
9.957946842307028312e-01
9.950997821481970540e-01
9.940574290244384992e-01
1.015599393582115928e+00
9.888456634056456140e-01
1.027065277943460364e+00
9.968370373544613861e-01
1.003786058179518603e+00
1.005523313385783046e+00
1.006565666509541490e+00
9.968370373544613861e-01
1.001006449849495716e+00
9.812017404980826196e-01
9.923201738181741671e-01
1.033666847727264804e+00
1.009692725880817266e+00
1.010040176922070154e+00
9.909303696531627237e-01
9.957946842307028312e-01
1.005523313385783046e+00
1.016989197747127482e+00
1.024980571695943254e+00
9.704307582192438497e-01
9.770323280030482893e-01
9.982268415194728295e-01
1.012472334210840152e+00
1.035404102933529025e+00
1.016989197747127482e+00
1.006565666509541490e+00
1.020463708159655924e+00
9.923201738181741671e-01
9.784221321680597327e-01
1.031582141479747694e+00
1.006913117550794379e+00
1.048954693542390793e+00
1.009345274839564377e+00
9.839813488281055065e-01
9.992691946432313843e-01
9.832864467455997293e-01

# time bin value
-1.000000000000000000e+02
-9.900000000000000000e+01
-9.800000000000000000e+01
-9.700000000000000000e+01
-9.600000000000000000e+01
-9.500000000000000000e+01
-9.400000000000000000e+01
-9.300000000000000000e+01
-9.200000000000000000e+01
-9.100000000000000000e+01
-9.000000000000000000e+01
-8.900000000000000000e+01
-8.800000000000000000e+01
-8.700000000000000000e+01
-8.600000000000000000e+01
-8.500000000000000000e+01
-8.400000000000000000e+01
-8.300000000000000000e+01
-8.200000000000000000e+01
-8.100000000000000000e+01
-8.000000000000000000e+01
-7.900000000000000000e+01
-7.800000000000000000e+01
-7.700000000000000000e+01
-7.600000000000000000e+01
-7.500000000000000000e+01
-7.400000000000000000e+01
-7.300000000000000000e+01
-7.200000000000000000e+01
-7.100000000000000000e+01
-7.000000000000000000e+01
-6.900000000000000000e+01
-6.800000000000000000e+01
-6.700000000000000000e+01
-6.600000000000000000e+01
-6.500000000000000000e+01
-6.400000000000000000e+01
-6.300000000000000000e+01
-6.200000000000000000e+01
-6.100000000000000000e+01
-6.000000000000000000e+01
-5.900000000000000000e+01
-5.800000000000000000e+01
-5.700000000000000000e+01
-5.600000000000000000e+01
-5.500000000000000000e+01
-5.400000000000000000e+01
-5.300000000000000000e+01
-5.200000000000000000e+01
-5.100000000000000000e+01
-5.000000000000000000e+01
-4.900000000000000000e+01
-4.800000000000000000e+01
-4.700000000000000000e+01
-4.600000000000000000e+01
-4.500000000000000000e+01
-4.400000000000000000e+01
-4.300000000000000000e+01
-4.200000000000000000e+01
-4.100000000000000000e+01
-4.000000000000000000e+01
-3.900000000000000000e+01
-3.800000000000000000e+01
-3.700000000000000000e+01
-3.600000000000000000e+01
-3.500000000000000000e+01
-3.400000000000000000e+01
-3.300000000000000000e+01
-3.200000000000000000e+01
-3.100000000000000000e+01
-3.000000000000000000e+01
-2.900000000000000000e+01
-2.800000000000000000e+01
-2.700000000000000000e+01
-2.600000000000000000e+01
-2.500000000000000000e+01
-2.400000000000000000e+01
-2.300000000000000000e+01
-2.200000000000000000e+01
-2.100000000000000000e+01
-2.000000000000000000e+01
-1.900000000000000000e+01
-1.800000000000000000e+01
-1.700000000000000000e+01
-1.600000000000000000e+01
-1.500000000000000000e+01
-1.400000000000000000e+01
-1.300000000000000000e+01
-1.200000000000000000e+01
-1.100000000000000000e+01
-1.000000000000000000e+01
-9.000000000000000000e+00
-8.000000000000000000e+00
-7.000000000000000000e+00
-6.000000000000000000e+00
-5.000000000000000000e+00
-4.000000000000000000e+00
-3.000000000000000000e+00
-2.000000000000000000e+00
-1.000000000000000000e+00
0.000000000000000000e+00
1.000000000000000000e+00
2.000000000000000000e+00
3.000000000000000000e+00
4.000000000000000000e+00
5.000000000000000000e+00
6.000000000000000000e+00
7.000000000000000000e+00
8.000000000000000000e+00
9.000000000000000000e+00
1.000000000000000000e+01
1.100000000000000000e+01
1.200000000000000000e+01
1.300000000000000000e+01
1.400000000000000000e+01
1.500000000000000000e+01
1.600000000000000000e+01
1.700000000000000000e+01
1.800000000000000000e+01
1.900000000000000000e+01
2.000000000000000000e+01
2.100000000000000000e+01
2.200000000000000000e+01
2.300000000000000000e+01
2.400000000000000000e+01
2.500000000000000000e+01
2.600000000000000000e+01
2.700000000000000000e+01
2.800000000000000000e+01
2.900000000000000000e+01
3.000000000000000000e+01
3.100000000000000000e+01
3.200000000000000000e+01
3.300000000000000000e+01
3.400000000000000000e+01
3.500000000000000000e+01
3.600000000000000000e+01
3.700000000000000000e+01
3.800000000000000000e+01
3.900000000000000000e+01
4.000000000000000000e+01
4.100000000000000000e+01
4.200000000000000000e+01
4.300000000000000000e+01
4.400000000000000000e+01
4.500000000000000000e+01
4.600000000000000000e+01
4.700000000000000000e+01
4.800000000000000000e+01
4.900000000000000000e+01
5.000000000000000000e+01
5.100000000000000000e+01
5.200000000000000000e+01
5.300000000000000000e+01
5.400000000000000000e+01
5.500000000000000000e+01
5.600000000000000000e+01
5.700000000000000000e+01
5.800000000000000000e+01
5.900000000000000000e+01
6.000000000000000000e+01
6.100000000000000000e+01
6.200000000000000000e+01
6.300000000000000000e+01
6.400000000000000000e+01
6.500000000000000000e+01
6.600000000000000000e+01
6.700000000000000000e+01
6.800000000000000000e+01
6.900000000000000000e+01
7.000000000000000000e+01
7.100000000000000000e+01
7.200000000000000000e+01
7.300000000000000000e+01
7.400000000000000000e+01
7.500000000000000000e+01
7.600000000000000000e+01
7.700000000000000000e+01
7.800000000000000000e+01
7.900000000000000000e+01
8.000000000000000000e+01
8.100000000000000000e+01
8.200000000000000000e+01
8.300000000000000000e+01
8.400000000000000000e+01
8.500000000000000000e+01
8.600000000000000000e+01
8.700000000000000000e+01
8.800000000000000000e+01
8.900000000000000000e+01
9.000000000000000000e+01
9.100000000000000000e+01
9.200000000000000000e+01
9.300000000000000000e+01
9.400000000000000000e+01
9.500000000000000000e+01
9.600000000000000000e+01
9.700000000000000000e+01
9.800000000000000000e+01
9.900000000000000000e+01
