single photon fraction:    0.1069
laser fraction:    0.1950
thermal source fraction:    0.5912
non-detected fraction:    0.1069
number of bins:  200.0000
bin width (ns):    1.0000
average detection events per bin: 5000.0000

# binary result
0.000000000000000000e+00

# g2 signal
1.001184269121215165e+00
9.865404848068859422e-01
9.795565261338982088e-01
9.991566682161541202e-01
9.926232875220688534e-01
9.998325351845078757e-01
9.883427967224956978e-01
9.746001683659712977e-01
9.932991544904224979e-01
1.011547562635971120e+00
9.962279113532883645e-01
9.847381728912761867e-01
1.005915337899690787e+00
9.966784893321907202e-01
9.804576820917030311e-01
1.007041782846946898e+00
1.001634847100117520e+00
9.849634618807273645e-01
1.003437159015727387e+00
9.921727095431663868e-01
1.026867213918654098e+00
9.960026223638370757e-01
1.002085425079020098e+00
1.006816493857495498e+00
9.957773333743858979e-01
1.005690048910239609e+00
1.001184269121215165e+00
1.005014181941885854e+00
9.680667876718860310e-01
9.887933747013981645e-01
1.009970539709812654e+00
1.014025741519934520e+00
9.872163517752395867e-01
9.863151958174347644e-01
1.004563603962983498e+00
1.006816493857495498e+00
9.932991544904224979e-01
9.831611499651176089e-01
1.003662448005178565e+00
9.960026223638370757e-01
1.001860136089568698e+00
1.007942938804751609e+00
9.680667876718860310e-01
1.024389035034690698e+00
1.025740768971397987e+00
9.962279113532883645e-01
9.845128839018250089e-01
1.005464759920788209e+00
9.910462645959102757e-01
1.008844094762556542e+00
1.002310714068471276e+00
1.027768369876459031e+00
1.003437159015727387e+00
1.007717649815300431e+00
9.782047921971908089e-01
1.004563603962983498e+00
1.021910856150727298e+00
9.960026223638370757e-01
9.863151958174347644e-01
9.883427967224956978e-01
9.948761774165809646e-01
9.908209756064590978e-01
1.002986581036824809e+00
1.029795970781519854e+00
9.885680857119468756e-01
9.942003104482273201e-01
1.007492360825849254e+00
1.005464759920788209e+00
9.960026223638370757e-01
9.982555122583492979e-01
9.646874528301176976e-01
9.820347050178616088e-01
1.000958980131763987e+00
9.930738655009713201e-01
9.856393288490810090e-01
9.948761774165809646e-01
1.002085425079020098e+00
9.989313792267029424e-01
1.002536003057922454e+00
9.969037783216420090e-01
9.914968425748127423e-01
9.863151958174347644e-01
9.982555122583492979e-01
9.969037783216420090e-01
1.010871695667617587e+00
9.860899068279834756e-01
9.905956866170078090e-01
1.026641924929202920e+00
9.914968425748127423e-01
9.930738655009713201e-01
9.660391867668250976e-01
9.973543563005443646e-01
1.000508402152861409e+00
9.971290673110931868e-01
9.863151958174347644e-01
9.955520443849347201e-01
9.910462645959102757e-01
9.919474205537152089e-01
9.957773333743858979e-01
1.001409558110666342e+00
1.541652554814688436e+00
1.001634847100117520e+00
9.905956866170078090e-01
9.845128839018250089e-01
1.002085425079020098e+00
9.987060902372517646e-01
9.890186636908493423e-01
9.867657737963371201e-01
1.027543080887007632e+00
9.804576820917030311e-01
9.991566682161541202e-01
9.637862968723128754e-01
9.984808012478004757e-01
1.004338314973532098e+00
1.004113025984080920e+00
1.000508402152861409e+00
1.000283113163410231e+00
9.856393288490810090e-01
1.013349874551580987e+00
1.000057824173959053e+00
9.926232875220688534e-01
9.876669297541420534e-01
9.993819572056054090e-01
1.012448718593776054e+00
9.910462645959102757e-01
9.946508884271297868e-01
9.982555122583492979e-01
9.930738655009713201e-01
9.948761774165809646e-01
1.011547562635971120e+00
9.932991544904224979e-01
1.009069383752007720e+00
1.018080943330056609e+00
1.001184269121215165e+00
9.845128839018250089e-01
1.037005218443958876e+00
1.013349874551580987e+00
1.007942938804751609e+00
9.971290673110931868e-01
9.919474205537152089e-01
9.955520443849347201e-01
1.019207388277312720e+00
1.003887736994629742e+00
9.991566682161541202e-01
9.829358609756664311e-01
9.856393288490810090e-01
9.937497324693249645e-01
9.984808012478004757e-01
1.000958980131763987e+00
1.000733691142312587e+00
9.723472784714591866e-01
9.896945306592029867e-01
9.942003104482273201e-01
1.001634847100117520e+00
1.009069383752007720e+00
1.016954498382800498e+00
1.000057824173959053e+00
9.788806591655444533e-01
1.006365915878593142e+00
1.015377475456641809e+00
1.008393516783654187e+00
1.007942938804751609e+00
1.039032819349019920e+00
1.003437159015727387e+00
9.935244434798736757e-01
9.960026223638370757e-01
9.815841270389591422e-01
9.964532003427395424e-01
1.008393516783654187e+00
1.015377475456641809e+00
1.031823571686580898e+00
9.964532003427395424e-01
1.007492360825849254e+00
1.007717649815300431e+00
9.736990124081664755e-01
1.003211870026276209e+00
9.973543563005443646e-01
9.926232875220688534e-01
9.865404848068859422e-01
9.962279113532883645e-01
9.937497324693249645e-01
1.018306232319507787e+00
1.002085425079020098e+00
9.919474205537152089e-01
9.944255994376786090e-01
1.008618805773105365e+00
1.005915337899690787e+00
1.006140626889141965e+00
9.851887508701786533e-01
1.011998140614873698e+00
9.987060902372517646e-01
9.930738655009713201e-01
1.015152186467190631e+00
1.007492360825849254e+00
9.887933747013981645e-01
1.003662448005178565e+00
1.000508402152861409e+00
1.001184269121215165e+00
1.003437159015727387e+00
9.919474205537152089e-01

# time bin value
-1.000000000000000000e+02
-9.900000000000000000e+01
-9.800000000000000000e+01
-9.700000000000000000e+01
-9.600000000000000000e+01
-9.500000000000000000e+01
-9.400000000000000000e+01
-9.300000000000000000e+01
-9.200000000000000000e+01
-9.100000000000000000e+01
-9.000000000000000000e+01
-8.900000000000000000e+01
-8.800000000000000000e+01
-8.700000000000000000e+01
-8.600000000000000000e+01
-8.500000000000000000e+01
-8.400000000000000000e+01
-8.300000000000000000e+01
-8.200000000000000000e+01
-8.100000000000000000e+01
-8.000000000000000000e+01
-7.900000000000000000e+01
-7.800000000000000000e+01
-7.700000000000000000e+01
-7.600000000000000000e+01
-7.500000000000000000e+01
-7.400000000000000000e+01
-7.300000000000000000e+01
-7.200000000000000000e+01
-7.100000000000000000e+01
-7.000000000000000000e+01
-6.900000000000000000e+01
-6.800000000000000000e+01
-6.700000000000000000e+01
-6.600000000000000000e+01
-6.500000000000000000e+01
-6.400000000000000000e+01
-6.300000000000000000e+01
-6.200000000000000000e+01
-6.100000000000000000e+01
-6.000000000000000000e+01
-5.900000000000000000e+01
-5.800000000000000000e+01
-5.700000000000000000e+01
-5.600000000000000000e+01
-5.500000000000000000e+01
-5.400000000000000000e+01
-5.300000000000000000e+01
-5.200000000000000000e+01
-5.100000000000000000e+01
-5.000000000000000000e+01
-4.900000000000000000e+01
-4.800000000000000000e+01
-4.700000000000000000e+01
-4.600000000000000000e+01
-4.500000000000000000e+01
-4.400000000000000000e+01
-4.300000000000000000e+01
-4.200000000000000000e+01
-4.100000000000000000e+01
-4.000000000000000000e+01
-3.900000000000000000e+01
-3.800000000000000000e+01
-3.700000000000000000e+01
-3.600000000000000000e+01
-3.500000000000000000e+01
-3.400000000000000000e+01
-3.300000000000000000e+01
-3.200000000000000000e+01
-3.100000000000000000e+01
-3.000000000000000000e+01
-2.900000000000000000e+01
-2.800000000000000000e+01
-2.700000000000000000e+01
-2.600000000000000000e+01
-2.500000000000000000e+01
-2.400000000000000000e+01
-2.300000000000000000e+01
-2.200000000000000000e+01
-2.100000000000000000e+01
-2.000000000000000000e+01
-1.900000000000000000e+01
-1.800000000000000000e+01
-1.700000000000000000e+01
-1.600000000000000000e+01
-1.500000000000000000e+01
-1.400000000000000000e+01
-1.300000000000000000e+01
-1.200000000000000000e+01
-1.100000000000000000e+01
-1.000000000000000000e+01
-9.000000000000000000e+00
-8.000000000000000000e+00
-7.000000000000000000e+00
-6.000000000000000000e+00
-5.000000000000000000e+00
-4.000000000000000000e+00
-3.000000000000000000e+00
-2.000000000000000000e+00
-1.000000000000000000e+00
0.000000000000000000e+00
1.000000000000000000e+00
2.000000000000000000e+00
3.000000000000000000e+00
4.000000000000000000e+00
5.000000000000000000e+00
6.000000000000000000e+00
7.000000000000000000e+00
8.000000000000000000e+00
9.000000000000000000e+00
1.000000000000000000e+01
1.100000000000000000e+01
1.200000000000000000e+01
1.300000000000000000e+01
1.400000000000000000e+01
1.500000000000000000e+01
1.600000000000000000e+01
1.700000000000000000e+01
1.800000000000000000e+01
1.900000000000000000e+01
2.000000000000000000e+01
2.100000000000000000e+01
2.200000000000000000e+01
2.300000000000000000e+01
2.400000000000000000e+01
2.500000000000000000e+01
2.600000000000000000e+01
2.700000000000000000e+01
2.800000000000000000e+01
2.900000000000000000e+01
3.000000000000000000e+01
3.100000000000000000e+01
3.200000000000000000e+01
3.300000000000000000e+01
3.400000000000000000e+01
3.500000000000000000e+01
3.600000000000000000e+01
3.700000000000000000e+01
3.800000000000000000e+01
3.900000000000000000e+01
4.000000000000000000e+01
4.100000000000000000e+01
4.200000000000000000e+01
4.300000000000000000e+01
4.400000000000000000e+01
4.500000000000000000e+01
4.600000000000000000e+01
4.700000000000000000e+01
4.800000000000000000e+01
4.900000000000000000e+01
5.000000000000000000e+01
5.100000000000000000e+01
5.200000000000000000e+01
5.300000000000000000e+01
5.400000000000000000e+01
5.500000000000000000e+01
5.600000000000000000e+01
5.700000000000000000e+01
5.800000000000000000e+01
5.900000000000000000e+01
6.000000000000000000e+01
6.100000000000000000e+01
6.200000000000000000e+01
6.300000000000000000e+01
6.400000000000000000e+01
6.500000000000000000e+01
6.600000000000000000e+01
6.700000000000000000e+01
6.800000000000000000e+01
6.900000000000000000e+01
7.000000000000000000e+01
7.100000000000000000e+01
7.200000000000000000e+01
7.300000000000000000e+01
7.400000000000000000e+01
7.500000000000000000e+01
7.600000000000000000e+01
7.700000000000000000e+01
7.800000000000000000e+01
7.900000000000000000e+01
8.000000000000000000e+01
8.100000000000000000e+01
8.200000000000000000e+01
8.300000000000000000e+01
8.400000000000000000e+01
8.500000000000000000e+01
8.600000000000000000e+01
8.700000000000000000e+01
8.800000000000000000e+01
8.900000000000000000e+01
9.000000000000000000e+01
9.100000000000000000e+01
9.200000000000000000e+01
9.300000000000000000e+01
9.400000000000000000e+01
9.500000000000000000e+01
9.600000000000000000e+01
9.700000000000000000e+01
9.800000000000000000e+01
9.900000000000000000e+01
