single photon fraction:    0.2928
laser fraction:    0.0497
thermal source fraction:    0.4586
non-detected fraction:    0.1989
number of bins:  200.0000
bin width (ns):    1.0000
average detection events per bin: 5000.0000

# binary result
0.000000000000000000e+00

# g2 signal
1.001322865465671175e+00
9.890073984958374087e-01
9.852373575867046096e-01
1.013135660314287367e+00
9.925261033443614211e-01
1.012632988193069572e+00
9.789539560714832778e-01
9.955421360716676382e-01
1.015900356980984798e+00
1.014895012738549429e+00
9.839806772836603432e-01
9.988095048595827530e-01
9.837293412230515566e-01
1.005846914556630667e+00
9.756865872835682740e-01
9.673924972834760938e-01
9.797079642533098598e-01
9.920234312231437368e-01
1.013386996374896265e+00
9.776972757684390114e-01
1.014141004556722736e+00
9.839806772836603432e-01
1.004841570314195298e+00
9.792052921320921754e-01
9.736758987986974256e-01
9.862427018291400893e-01
1.013135660314287367e+00
9.794566281927010731e-01
9.837293412230515566e-01
1.006349586677848240e+00
1.002579545768715441e+00
1.016654365162811269e+00
9.917720951625348391e-01
1.021429750314379437e+00
9.812159806169630238e-01
9.837293412230515566e-01
1.014141004556722736e+00
9.849860215260958229e-01
1.016151693041593695e+00
9.895100706170552041e-01
1.005595578496021769e+00
9.854886936473135073e-01
1.015649020920375900e+00
9.864940378897488760e-01
1.026959143647774297e+00
1.010370963647589937e+00
1.018162381526464433e+00
1.006852258799066036e+00
1.020173070011335170e+00
1.016151693041593695e+00
9.874993821321843557e-01
1.006600922738457138e+00
1.002830881829324339e+00
9.885047263746197244e-01
9.709112021319999952e-01
1.025199791223512236e+00
9.822213248593983925e-01
9.784512839502655934e-01
1.006098250617239565e+00
1.047317364557091457e+00
9.809646445563541262e-01
9.978041606171472733e-01
9.847346854654869253e-01
1.013638332435505163e+00
9.897614066776639907e-01
9.905154148594905728e-01
9.766919315260036427e-01
9.902640787988816751e-01
9.754352512229593763e-01
1.000568857283844704e+00
9.907667509200994704e-01
1.020675742132552966e+00
1.005595578496021769e+00
9.965474803141030069e-01
1.018413717587073331e+00
9.839806772836603432e-01
1.003082217889933236e+00
9.910180869807082571e-01
1.004087562132368605e+00
9.857400297079224050e-01
9.980554966777561710e-01
1.007606266980892507e+00
1.010370963647589937e+00
1.035755905769084162e+00
1.021429750314379437e+00
9.673924972834760938e-01
9.842320133442692409e-01
9.978041606171472733e-01
9.993121769808004373e-01
9.686491775865203602e-01
1.004338898192977503e+00
1.004590234253586400e+00
9.724192184956531593e-01
1.007354930920283831e+00
1.000317521223235806e+00
1.011124971829416630e+00
9.955421360716676382e-01
1.015146348799158105e+00
9.983068327383650686e-01
9.957934721322765359e-01
1.194600296073879298e+00
1.004841570314195298e+00
9.854886936473135073e-01
9.967988163747119046e-01
1.024194446981076867e+00
1.006600922738457138e+00
1.012381652132460896e+00
9.842320133442692409e-01
9.724192184956531593e-01
1.005846914556630667e+00
9.983068327383650686e-01
9.988095048595827530e-01
9.983068327383650686e-01
9.907667509200994704e-01
9.998148491020181217e-01
1.001322865465671175e+00
9.993121769808004373e-01
1.013889668496113838e+00
1.013386996374896265e+00
9.852373575867046096e-01
1.001825537586888970e+00
9.683978415259114625e-01
9.945367918292322695e-01
9.756865872835682740e-01
1.007606266980892507e+00
1.017157037284029064e+00
9.668898251622584095e-01
1.017659709405246637e+00
9.852373575867046096e-01
9.784512839502655934e-01
1.009114283344545671e+00
9.925261033443614211e-01
1.004338898192977503e+00
9.776972757684390114e-01
1.021932422435597232e+00
9.960448081928853226e-01
9.809646445563541262e-01
1.028215823950818564e+00
1.007103594859674933e+00
1.018413717587073331e+00
1.007354930920283831e+00
1.004590234253586400e+00
1.001574201526280072e+00
1.046060684254047191e+00
1.003333553950542134e+00
9.905154148594905728e-01
1.001574201526280072e+00
1.000568857283844704e+00
1.000568857283844704e+00
9.990608409201915396e-01
1.013638332435505163e+00
9.915207591019259414e-01
1.019419061829508699e+00
9.877507181927931423e-01
1.000317521223235806e+00
1.012381652132460896e+00
1.004590234253586400e+00
1.001825537586888970e+00
9.978041606171472733e-01
9.616117678894724463e-01
1.008611611223328097e+00
9.784512839502655934e-01
1.000820193344453601e+00
1.015649020920375900e+00
1.003836226071759707e+00
1.023691774859859294e+00
1.018916389708290904e+00
1.027461815768992093e+00
1.007354930920283831e+00
1.010119627586981039e+00
1.007857603041501404e+00
1.019921733950726495e+00
9.852373575867046096e-01
1.009868291526372364e+00
9.814673166775718105e-01
9.980554966777561710e-01
9.902640787988816751e-01
9.794566281927010731e-01
1.000317521223235806e+00
1.010119627586981039e+00
1.028718496072036359e+00
1.003333553950542134e+00
9.869967100109666713e-01
9.910180869807082571e-01
1.009616955465763466e+00
1.019670397890117597e+00
1.020173070011335170e+00
9.990608409201915396e-01
1.012130316071851999e+00
1.039274610617608063e+00
9.940341197080144742e-01
1.016403029102202371e+00
1.000820193344453601e+00
1.015649020920375900e+00
9.907667509200994704e-01
1.032237200920560261e+00
9.555797024348600122e-01
1.035504569708475264e+00
1.029723840314471728e+00
9.792052921320921754e-01

# time bin value
-1.000000000000000000e+02
-9.900000000000000000e+01
-9.800000000000000000e+01
-9.700000000000000000e+01
-9.600000000000000000e+01
-9.500000000000000000e+01
-9.400000000000000000e+01
-9.300000000000000000e+01
-9.200000000000000000e+01
-9.100000000000000000e+01
-9.000000000000000000e+01
-8.900000000000000000e+01
-8.800000000000000000e+01
-8.700000000000000000e+01
-8.600000000000000000e+01
-8.500000000000000000e+01
-8.400000000000000000e+01
-8.300000000000000000e+01
-8.200000000000000000e+01
-8.100000000000000000e+01
-8.000000000000000000e+01
-7.900000000000000000e+01
-7.800000000000000000e+01
-7.700000000000000000e+01
-7.600000000000000000e+01
-7.500000000000000000e+01
-7.400000000000000000e+01
-7.300000000000000000e+01
-7.200000000000000000e+01
-7.100000000000000000e+01
-7.000000000000000000e+01
-6.900000000000000000e+01
-6.800000000000000000e+01
-6.700000000000000000e+01
-6.600000000000000000e+01
-6.500000000000000000e+01
-6.400000000000000000e+01
-6.300000000000000000e+01
-6.200000000000000000e+01
-6.100000000000000000e+01
-6.000000000000000000e+01
-5.900000000000000000e+01
-5.800000000000000000e+01
-5.700000000000000000e+01
-5.600000000000000000e+01
-5.500000000000000000e+01
-5.400000000000000000e+01
-5.300000000000000000e+01
-5.200000000000000000e+01
-5.100000000000000000e+01
-5.000000000000000000e+01
-4.900000000000000000e+01
-4.800000000000000000e+01
-4.700000000000000000e+01
-4.600000000000000000e+01
-4.500000000000000000e+01
-4.400000000000000000e+01
-4.300000000000000000e+01
-4.200000000000000000e+01
-4.100000000000000000e+01
-4.000000000000000000e+01
-3.900000000000000000e+01
-3.800000000000000000e+01
-3.700000000000000000e+01
-3.600000000000000000e+01
-3.500000000000000000e+01
-3.400000000000000000e+01
-3.300000000000000000e+01
-3.200000000000000000e+01
-3.100000000000000000e+01
-3.000000000000000000e+01
-2.900000000000000000e+01
-2.800000000000000000e+01
-2.700000000000000000e+01
-2.600000000000000000e+01
-2.500000000000000000e+01
-2.400000000000000000e+01
-2.300000000000000000e+01
-2.200000000000000000e+01
-2.100000000000000000e+01
-2.000000000000000000e+01
-1.900000000000000000e+01
-1.800000000000000000e+01
-1.700000000000000000e+01
-1.600000000000000000e+01
-1.500000000000000000e+01
-1.400000000000000000e+01
-1.300000000000000000e+01
-1.200000000000000000e+01
-1.100000000000000000e+01
-1.000000000000000000e+01
-9.000000000000000000e+00
-8.000000000000000000e+00
-7.000000000000000000e+00
-6.000000000000000000e+00
-5.000000000000000000e+00
-4.000000000000000000e+00
-3.000000000000000000e+00
-2.000000000000000000e+00
-1.000000000000000000e+00
0.000000000000000000e+00
1.000000000000000000e+00
2.000000000000000000e+00
3.000000000000000000e+00
4.000000000000000000e+00
5.000000000000000000e+00
6.000000000000000000e+00
7.000000000000000000e+00
8.000000000000000000e+00
9.000000000000000000e+00
1.000000000000000000e+01
1.100000000000000000e+01
1.200000000000000000e+01
1.300000000000000000e+01
1.400000000000000000e+01
1.500000000000000000e+01
1.600000000000000000e+01
1.700000000000000000e+01
1.800000000000000000e+01
1.900000000000000000e+01
2.000000000000000000e+01
2.100000000000000000e+01
2.200000000000000000e+01
2.300000000000000000e+01
2.400000000000000000e+01
2.500000000000000000e+01
2.600000000000000000e+01
2.700000000000000000e+01
2.800000000000000000e+01
2.900000000000000000e+01
3.000000000000000000e+01
3.100000000000000000e+01
3.200000000000000000e+01
3.300000000000000000e+01
3.400000000000000000e+01
3.500000000000000000e+01
3.600000000000000000e+01
3.700000000000000000e+01
3.800000000000000000e+01
3.900000000000000000e+01
4.000000000000000000e+01
4.100000000000000000e+01
4.200000000000000000e+01
4.300000000000000000e+01
4.400000000000000000e+01
4.500000000000000000e+01
4.600000000000000000e+01
4.700000000000000000e+01
4.800000000000000000e+01
4.900000000000000000e+01
5.000000000000000000e+01
5.100000000000000000e+01
5.200000000000000000e+01
5.300000000000000000e+01
5.400000000000000000e+01
5.500000000000000000e+01
5.600000000000000000e+01
5.700000000000000000e+01
5.800000000000000000e+01
5.900000000000000000e+01
6.000000000000000000e+01
6.100000000000000000e+01
6.200000000000000000e+01
6.300000000000000000e+01
6.400000000000000000e+01
6.500000000000000000e+01
6.600000000000000000e+01
6.700000000000000000e+01
6.800000000000000000e+01
6.900000000000000000e+01
7.000000000000000000e+01
7.100000000000000000e+01
7.200000000000000000e+01
7.300000000000000000e+01
7.400000000000000000e+01
7.500000000000000000e+01
7.600000000000000000e+01
7.700000000000000000e+01
7.800000000000000000e+01
7.900000000000000000e+01
8.000000000000000000e+01
8.100000000000000000e+01
8.200000000000000000e+01
8.300000000000000000e+01
8.400000000000000000e+01
8.500000000000000000e+01
8.600000000000000000e+01
8.700000000000000000e+01
8.800000000000000000e+01
8.900000000000000000e+01
9.000000000000000000e+01
9.100000000000000000e+01
9.200000000000000000e+01
9.300000000000000000e+01
9.400000000000000000e+01
9.500000000000000000e+01
9.600000000000000000e+01
9.700000000000000000e+01
9.800000000000000000e+01
9.900000000000000000e+01
