single photon fraction:    0.1069
laser fraction:    0.1950
thermal source fraction:    0.5912
non-detected fraction:    0.1069
number of bins:  200.0000
bin width (ns):    1.0000
average detection events per bin: 5000.0000

# binary result
0.000000000000000000e+00

# g2 signal
1.003629413651734081e+00
1.002953265382936499e+00
1.025942306522051206e+00
1.024590009984456040e+00
1.000474055064012546e+00
9.993471412826833156e-01
9.959663999386959565e-01
9.921348930821768386e-01
9.916841275696451907e-01
1.011517810121038030e+00
1.002051734357873203e+00
9.795134587312904761e-01
9.858241759067336574e-01
1.018504675565278683e+00
9.734281243121131189e-01
9.727519760433155360e-01
9.711742967494547685e-01
9.955156344261643087e-01
9.871764724443286010e-01
9.844718793691387138e-01
1.000924820576544194e+00
9.943887206448350780e-01
9.892049172507210164e-01
9.979948447450883720e-01
9.772596311686321258e-01
1.001600968845341555e+00
1.016025465246354731e+00
9.930364241072401343e-01
9.905572137883160710e-01
9.961917826949617805e-01
9.878526207131260728e-01
9.844718793691387138e-01
9.930364241072401343e-01
9.581020968860367581e-01
1.030900727159899333e+00
9.984456102576200198e-01
1.013320872171164622e+00
9.853734103942020095e-01
1.025266158253253623e+00
9.997979067952149634e-01
9.754565691185055343e-01
9.975440792325567241e-01
1.005883241214392321e+00
9.993471412826833156e-01
1.018279292809012970e+00
9.939379551323034301e-01
1.013771637683696270e+00
9.946141034011009019e-01
1.016025465246354731e+00
9.844718793691387138e-01
1.007010154995721551e+00
1.010616279095974734e+00
1.008587834289582208e+00
9.977694619888225480e-01
9.986709930138858438e-01
1.004080179164265729e+00
9.941633378885692540e-01
1.017377761783949675e+00
1.016926996271418027e+00
1.001375586089075842e+00
1.012870106658632974e+00
1.009940130827177374e+00
9.680189381617332334e-01
1.003178648139202433e+00
9.732027415558472949e-01
1.000248672307746611e+00
9.957410171824301326e-01
9.986709930138858438e-01
9.959663999386959565e-01
9.991217585264174916e-01
1.010165513583443087e+00
1.000023289551480898e+00
1.003404030895468368e+00
9.855987931504678334e-01
9.993471412826833156e-01
1.022561565178063736e+00
1.026393072034582854e+00
1.008813217045848143e+00
9.943887206448350780e-01
9.855987931504678334e-01
9.984456102576200198e-01
1.010390896339709021e+00
9.860495586629994813e-01
9.824434345627461873e-01
1.016926996271418027e+00
9.948394861573667258e-01
1.000474055064012546e+00
1.017377761783949675e+00
1.006334006726923969e+00
1.030900727159899333e+00
9.948394861573667258e-01
9.781611621936954215e-01
1.006559389483189904e+00
1.010616279095974734e+00
9.952902516698984847e-01
1.011292427364772317e+00
9.684697036742648812e-01
9.831195828315436591e-01
1.013095489414898909e+00
1.007460920508253199e+00
1.536208866707886811e+00
9.698220002118598249e-01
9.853734103942020095e-01
9.736535070683789428e-01
9.968679309637592523e-01
9.770342484123663018e-01
9.973186964762909001e-01
9.842464966128728898e-01
9.790626932187588283e-01
9.968679309637592523e-01
1.003854796408000016e+00
9.959663999386959565e-01
9.761327173873030061e-01
1.022786947934329449e+00
9.984456102576200198e-01
9.759073346310371821e-01
9.993471412826833156e-01
1.000699437820278259e+00
1.003629413651734081e+00
9.869510896880627770e-01
1.001375586089075842e+00
1.007686303264518912e+00
1.016250848002620444e+00
9.756819518747713582e-01
9.842464966128728898e-01
1.001375586089075842e+00
9.977694619888225480e-01
9.921348930821768386e-01
1.002727882626670786e+00
9.970933137200250762e-01
1.014898551465025500e+00
9.901064482757844232e-01
9.833449655878094831e-01
9.946141034011009019e-01
9.896556827632527753e-01
1.009714748070911439e+00
9.831195828315436591e-01
1.029773813378570102e+00
1.027069220303380215e+00
9.894303000069868403e-01
1.005883241214392321e+00
9.804149897563537719e-01
1.020307737615405497e+00
1.003854796408000016e+00
1.005657858458126608e+00
1.032253023697494276e+00
1.016701613515152092e+00
9.849226448816703616e-01
1.003629413651734081e+00
9.977694619888225480e-01
9.878526207131260728e-01
1.008813217045848143e+00
9.808657552688854198e-01
1.010165513583443087e+00
9.968679309637592523e-01
9.937125723760376061e-01
9.982202275013541959e-01
1.001375586089075842e+00
9.950648689136326608e-01
1.005657858458126608e+00
9.878526207131260728e-01
9.934871896197717822e-01
9.930364241072401343e-01
9.961917826949617805e-01
9.997979067952149634e-01
1.012193958389835613e+00
1.005432475701860673e+00
9.959663999386959565e-01
9.844718793691387138e-01
1.005883241214392321e+00
9.923602758384426625e-01
1.000474055064012546e+00
9.919095103259110147e-01
1.006784772239455616e+00
9.779357794374295976e-01
1.022110799665532088e+00
9.871764724443286010e-01
9.973186964762909001e-01
1.012644723902367261e+00
1.026618454790848567e+00
1.035859147797747459e+00
1.003404030895468368e+00
1.033830702991355155e+00
9.932618068635059583e-01
1.022561565178063736e+00
1.006334006726923969e+00
9.759073346310371821e-01
9.883033862256577207e-01
9.835703483440753070e-01
9.878526207131260728e-01
9.982202275013541959e-01
9.718504450182522403e-01
1.002277117114139138e+00
9.883033862256577207e-01
1.009489365314645726e+00
9.941633378885692540e-01
1.013546254927430557e+00
9.914587448133793668e-01
1.002277117114139138e+00
1.011517810121038030e+00

# time bin value
-1.000000000000000000e+02
-9.900000000000000000e+01
-9.800000000000000000e+01
-9.700000000000000000e+01
-9.600000000000000000e+01
-9.500000000000000000e+01
-9.400000000000000000e+01
-9.300000000000000000e+01
-9.200000000000000000e+01
-9.100000000000000000e+01
-9.000000000000000000e+01
-8.900000000000000000e+01
-8.800000000000000000e+01
-8.700000000000000000e+01
-8.600000000000000000e+01
-8.500000000000000000e+01
-8.400000000000000000e+01
-8.300000000000000000e+01
-8.200000000000000000e+01
-8.100000000000000000e+01
-8.000000000000000000e+01
-7.900000000000000000e+01
-7.800000000000000000e+01
-7.700000000000000000e+01
-7.600000000000000000e+01
-7.500000000000000000e+01
-7.400000000000000000e+01
-7.300000000000000000e+01
-7.200000000000000000e+01
-7.100000000000000000e+01
-7.000000000000000000e+01
-6.900000000000000000e+01
-6.800000000000000000e+01
-6.700000000000000000e+01
-6.600000000000000000e+01
-6.500000000000000000e+01
-6.400000000000000000e+01
-6.300000000000000000e+01
-6.200000000000000000e+01
-6.100000000000000000e+01
-6.000000000000000000e+01
-5.900000000000000000e+01
-5.800000000000000000e+01
-5.700000000000000000e+01
-5.600000000000000000e+01
-5.500000000000000000e+01
-5.400000000000000000e+01
-5.300000000000000000e+01
-5.200000000000000000e+01
-5.100000000000000000e+01
-5.000000000000000000e+01
-4.900000000000000000e+01
-4.800000000000000000e+01
-4.700000000000000000e+01
-4.600000000000000000e+01
-4.500000000000000000e+01
-4.400000000000000000e+01
-4.300000000000000000e+01
-4.200000000000000000e+01
-4.100000000000000000e+01
-4.000000000000000000e+01
-3.900000000000000000e+01
-3.800000000000000000e+01
-3.700000000000000000e+01
-3.600000000000000000e+01
-3.500000000000000000e+01
-3.400000000000000000e+01
-3.300000000000000000e+01
-3.200000000000000000e+01
-3.100000000000000000e+01
-3.000000000000000000e+01
-2.900000000000000000e+01
-2.800000000000000000e+01
-2.700000000000000000e+01
-2.600000000000000000e+01
-2.500000000000000000e+01
-2.400000000000000000e+01
-2.300000000000000000e+01
-2.200000000000000000e+01
-2.100000000000000000e+01
-2.000000000000000000e+01
-1.900000000000000000e+01
-1.800000000000000000e+01
-1.700000000000000000e+01
-1.600000000000000000e+01
-1.500000000000000000e+01
-1.400000000000000000e+01
-1.300000000000000000e+01
-1.200000000000000000e+01
-1.100000000000000000e+01
-1.000000000000000000e+01
-9.000000000000000000e+00
-8.000000000000000000e+00
-7.000000000000000000e+00
-6.000000000000000000e+00
-5.000000000000000000e+00
-4.000000000000000000e+00
-3.000000000000000000e+00
-2.000000000000000000e+00
-1.000000000000000000e+00
0.000000000000000000e+00
1.000000000000000000e+00
2.000000000000000000e+00
3.000000000000000000e+00
4.000000000000000000e+00
5.000000000000000000e+00
6.000000000000000000e+00
7.000000000000000000e+00
8.000000000000000000e+00
9.000000000000000000e+00
1.000000000000000000e+01
1.100000000000000000e+01
1.200000000000000000e+01
1.300000000000000000e+01
1.400000000000000000e+01
1.500000000000000000e+01
1.600000000000000000e+01
1.700000000000000000e+01
1.800000000000000000e+01
1.900000000000000000e+01
2.000000000000000000e+01
2.100000000000000000e+01
2.200000000000000000e+01
2.300000000000000000e+01
2.400000000000000000e+01
2.500000000000000000e+01
2.600000000000000000e+01
2.700000000000000000e+01
2.800000000000000000e+01
2.900000000000000000e+01
3.000000000000000000e+01
3.100000000000000000e+01
3.200000000000000000e+01
3.300000000000000000e+01
3.400000000000000000e+01
3.500000000000000000e+01
3.600000000000000000e+01
3.700000000000000000e+01
3.800000000000000000e+01
3.900000000000000000e+01
4.000000000000000000e+01
4.100000000000000000e+01
4.200000000000000000e+01
4.300000000000000000e+01
4.400000000000000000e+01
4.500000000000000000e+01
4.600000000000000000e+01
4.700000000000000000e+01
4.800000000000000000e+01
4.900000000000000000e+01
5.000000000000000000e+01
5.100000000000000000e+01
5.200000000000000000e+01
5.300000000000000000e+01
5.400000000000000000e+01
5.500000000000000000e+01
5.600000000000000000e+01
5.700000000000000000e+01
5.800000000000000000e+01
5.900000000000000000e+01
6.000000000000000000e+01
6.100000000000000000e+01
6.200000000000000000e+01
6.300000000000000000e+01
6.400000000000000000e+01
6.500000000000000000e+01
6.600000000000000000e+01
6.700000000000000000e+01
6.800000000000000000e+01
6.900000000000000000e+01
7.000000000000000000e+01
7.100000000000000000e+01
7.200000000000000000e+01
7.300000000000000000e+01
7.400000000000000000e+01
7.500000000000000000e+01
7.600000000000000000e+01
7.700000000000000000e+01
7.800000000000000000e+01
7.900000000000000000e+01
8.000000000000000000e+01
8.100000000000000000e+01
8.200000000000000000e+01
8.300000000000000000e+01
8.400000000000000000e+01
8.500000000000000000e+01
8.600000000000000000e+01
8.700000000000000000e+01
8.800000000000000000e+01
8.900000000000000000e+01
9.000000000000000000e+01
9.100000000000000000e+01
9.200000000000000000e+01
9.300000000000000000e+01
9.400000000000000000e+01
9.500000000000000000e+01
9.600000000000000000e+01
9.700000000000000000e+01
9.800000000000000000e+01
9.900000000000000000e+01
