single photon fraction:    0.3631
laser fraction:    0.2570
thermal source fraction:    0.0670
non-detected fraction:    0.3128
number of bins:  200.0000
bin width (ns):    1.0000
average detection events per bin: 5000.0000

# binary result
0.000000000000000000e+00

# g2 signal
9.700166054681104155e-01
9.828799962579225502e-01
1.017377271557873497e+00
1.001590382861285766e+00
9.761559510723388788e-01
9.744018523282735877e-01
9.697242556774328115e-01
9.948663376757020949e-01
9.969127862104449900e-01
9.910657903968939086e-01
1.028194213812942737e+00
1.007437378674836737e+00
9.972051360011224830e-01
9.980821853731551840e-01
1.004513880768061362e+00
9.954510372570571919e-01
1.012699674907032721e+00
1.026147765278199842e+00
1.001005683279930558e+00
9.817105970952123561e-01
1.023808966952779453e+00
9.907734406062164156e-01
9.840493954206327443e-01
1.025563065696844856e+00
9.977898355824775800e-01
1.009483827209579632e+00
9.910657903968939086e-01
1.017377271557873497e+00
1.009483827209579632e+00
9.691395560960777145e-01
9.904810908155388116e-01
9.939892883036695048e-01
1.007437378674836737e+00
9.919428397689266097e-01
1.006852679093481751e+00
9.901887410248613186e-01
1.036672357742591810e+00
9.878499426994409305e-01
1.017669621348550990e+00
1.015038473232453109e+00
9.749865519096286848e-01
1.002759782023995960e+00
1.020008419673971378e+00
1.011237925953644812e+00
9.694319058867553185e-01
9.869728933274082294e-01
1.020593119255326586e+00
9.998362841172204751e-01
1.020593119255326586e+00
1.028194213812942737e+00
1.005098580349416348e+00
1.011237925953644812e+00
1.014453773651097901e+00
9.972051360011224830e-01
9.898963912341837146e-01
1.033748859835816214e+00
9.866805435367307364e-01
9.729401033748859007e-01
9.650466590265920352e-01
1.004806230558738855e+00
9.919428397689266097e-01
1.006560329302804035e+00
1.016207872395163303e+00
9.720630540028531996e-01
9.922351895596042137e-01
1.019131370301938677e+00
9.893116916528286175e-01
1.012407325116355006e+00
1.031410061510395826e+00
1.000713333489253065e+00
1.009483827209579632e+00
1.003636831396028661e+00
1.003636831396028661e+00
9.986668849545102811e-01
9.866805435367307364e-01
9.855111443740205424e-01
9.825876464672450572e-01
9.916504899782490057e-01
1.008314428046869438e+00
9.977898355824775800e-01
1.010068526790934618e+00
9.665084079799797223e-01
9.793717987697919680e-01
9.817105970952123561e-01
1.027609514231587751e+00
9.966204364197673859e-01
1.001005683279930558e+00
1.011822625535000020e+00
1.017377271557873497e+00
9.966204364197673859e-01
9.858034941646980354e-01
9.969127862104449900e-01
1.015915522604485588e+00
9.828799962579225502e-01
1.020885469046004079e+00
1.029655962766330646e+00
9.948663376757020949e-01
9.919428397689266097e-01
1.004513880768061362e+00
1.022054868208714273e+00
5.461094089856630696e-01
1.003344481605350946e+00
1.013284374488387707e+00
9.828799962579225502e-01
9.770330004443715799e-01
9.951586874663796989e-01
1.014453773651097901e+00
1.020300769464648871e+00
1.040472905021399885e+00
1.017961971139228483e+00
1.012699674907032721e+00
9.922351895596042137e-01
1.018839020511261184e+00
9.802488481418246691e-01
1.015915522604485588e+00
9.960357368384122889e-01
1.026147765278199842e+00
9.855111443740205424e-01
1.005975629721449049e+00
1.028486563603620230e+00
1.025563065696844856e+00
1.000713333489253065e+00
9.925275393502817067e-01
1.015915522604485588e+00
1.005390930140093841e+00
1.016207872395163303e+00
1.021177818836681572e+00
1.014453773651097901e+00
9.966204364197673859e-01
9.875575929087633265e-01
9.910657903968939086e-01
9.972051360011224830e-01
9.831723460486001542e-01
1.037257057323946796e+00
9.855111443740205424e-01
1.033748859835816214e+00
9.963280866290898929e-01
9.831723460486001542e-01
1.011237925953644812e+00
1.002467432233318467e+00
1.015915522604485588e+00
1.000128633907898079e+00
9.919428397689266097e-01
9.536450171901675876e-01
9.939892883036695048e-01
1.027024814650232543e+00
1.014746123441775394e+00
1.006560329302804035e+00
1.002759782023995960e+00
9.948663376757020949e-01
9.980821853731551840e-01
1.008899127628224424e+00
9.641696096545593342e-01
1.003052131814673453e+00
1.023224267371424467e+00
1.002175082442640752e+00
1.001298033070608273e+00
1.038426456486656990e+00
9.863881937460531324e-01
9.641696096545593342e-01
1.027024814650232543e+00
9.855111443740205424e-01
9.910657903968939086e-01
1.005683279930771556e+00
1.006560329302804035e+00
1.014161423860420408e+00
1.007145028884159244e+00
1.010945576162967319e+00
1.008606777837546931e+00
1.037549407114624289e+00
1.038134106695979497e+00
1.013869074069742915e+00
1.010653226372289826e+00
9.808335477231797661e-01
1.008314428046869438e+00
9.896040414435062216e-01
1.030533012138363125e+00
9.808335477231797661e-01
1.002175082442640752e+00
9.703089552587879085e-01
9.878499426994409305e-01
9.928198891409593108e-01
9.992515845358653781e-01
9.980821853731551840e-01
1.014161423860420408e+00
1.010653226372289826e+00
9.916504899782490057e-01
9.910657903968939086e-01
1.016792571976518289e+00
1.013869074069742915e+00
1.004221530977383647e+00
1.017961971139228483e+00
9.802488481418246691e-01
9.957433870477347959e-01
1.033164160254461228e+00
9.995439343265428711e-01
1.021177818836681572e+00
9.852187945833429383e-01
9.872652431180858335e-01
1.006560329302804035e+00

# time bin value
-1.000000000000000000e+02
-9.900000000000000000e+01
-9.800000000000000000e+01
-9.700000000000000000e+01
-9.600000000000000000e+01
-9.500000000000000000e+01
-9.400000000000000000e+01
-9.300000000000000000e+01
-9.200000000000000000e+01
-9.100000000000000000e+01
-9.000000000000000000e+01
-8.900000000000000000e+01
-8.800000000000000000e+01
-8.700000000000000000e+01
-8.600000000000000000e+01
-8.500000000000000000e+01
-8.400000000000000000e+01
-8.300000000000000000e+01
-8.200000000000000000e+01
-8.100000000000000000e+01
-8.000000000000000000e+01
-7.900000000000000000e+01
-7.800000000000000000e+01
-7.700000000000000000e+01
-7.600000000000000000e+01
-7.500000000000000000e+01
-7.400000000000000000e+01
-7.300000000000000000e+01
-7.200000000000000000e+01
-7.100000000000000000e+01
-7.000000000000000000e+01
-6.900000000000000000e+01
-6.800000000000000000e+01
-6.700000000000000000e+01
-6.600000000000000000e+01
-6.500000000000000000e+01
-6.400000000000000000e+01
-6.300000000000000000e+01
-6.200000000000000000e+01
-6.100000000000000000e+01
-6.000000000000000000e+01
-5.900000000000000000e+01
-5.800000000000000000e+01
-5.700000000000000000e+01
-5.600000000000000000e+01
-5.500000000000000000e+01
-5.400000000000000000e+01
-5.300000000000000000e+01
-5.200000000000000000e+01
-5.100000000000000000e+01
-5.000000000000000000e+01
-4.900000000000000000e+01
-4.800000000000000000e+01
-4.700000000000000000e+01
-4.600000000000000000e+01
-4.500000000000000000e+01
-4.400000000000000000e+01
-4.300000000000000000e+01
-4.200000000000000000e+01
-4.100000000000000000e+01
-4.000000000000000000e+01
-3.900000000000000000e+01
-3.800000000000000000e+01
-3.700000000000000000e+01
-3.600000000000000000e+01
-3.500000000000000000e+01
-3.400000000000000000e+01
-3.300000000000000000e+01
-3.200000000000000000e+01
-3.100000000000000000e+01
-3.000000000000000000e+01
-2.900000000000000000e+01
-2.800000000000000000e+01
-2.700000000000000000e+01
-2.600000000000000000e+01
-2.500000000000000000e+01
-2.400000000000000000e+01
-2.300000000000000000e+01
-2.200000000000000000e+01
-2.100000000000000000e+01
-2.000000000000000000e+01
-1.900000000000000000e+01
-1.800000000000000000e+01
-1.700000000000000000e+01
-1.600000000000000000e+01
-1.500000000000000000e+01
-1.400000000000000000e+01
-1.300000000000000000e+01
-1.200000000000000000e+01
-1.100000000000000000e+01
-1.000000000000000000e+01
-9.000000000000000000e+00
-8.000000000000000000e+00
-7.000000000000000000e+00
-6.000000000000000000e+00
-5.000000000000000000e+00
-4.000000000000000000e+00
-3.000000000000000000e+00
-2.000000000000000000e+00
-1.000000000000000000e+00
0.000000000000000000e+00
1.000000000000000000e+00
2.000000000000000000e+00
3.000000000000000000e+00
4.000000000000000000e+00
5.000000000000000000e+00
6.000000000000000000e+00
7.000000000000000000e+00
8.000000000000000000e+00
9.000000000000000000e+00
1.000000000000000000e+01
1.100000000000000000e+01
1.200000000000000000e+01
1.300000000000000000e+01
1.400000000000000000e+01
1.500000000000000000e+01
1.600000000000000000e+01
1.700000000000000000e+01
1.800000000000000000e+01
1.900000000000000000e+01
2.000000000000000000e+01
2.100000000000000000e+01
2.200000000000000000e+01
2.300000000000000000e+01
2.400000000000000000e+01
2.500000000000000000e+01
2.600000000000000000e+01
2.700000000000000000e+01
2.800000000000000000e+01
2.900000000000000000e+01
3.000000000000000000e+01
3.100000000000000000e+01
3.200000000000000000e+01
3.300000000000000000e+01
3.400000000000000000e+01
3.500000000000000000e+01
3.600000000000000000e+01
3.700000000000000000e+01
3.800000000000000000e+01
3.900000000000000000e+01
4.000000000000000000e+01
4.100000000000000000e+01
4.200000000000000000e+01
4.300000000000000000e+01
4.400000000000000000e+01
4.500000000000000000e+01
4.600000000000000000e+01
4.700000000000000000e+01
4.800000000000000000e+01
4.900000000000000000e+01
5.000000000000000000e+01
5.100000000000000000e+01
5.200000000000000000e+01
5.300000000000000000e+01
5.400000000000000000e+01
5.500000000000000000e+01
5.600000000000000000e+01
5.700000000000000000e+01
5.800000000000000000e+01
5.900000000000000000e+01
6.000000000000000000e+01
6.100000000000000000e+01
6.200000000000000000e+01
6.300000000000000000e+01
6.400000000000000000e+01
6.500000000000000000e+01
6.600000000000000000e+01
6.700000000000000000e+01
6.800000000000000000e+01
6.900000000000000000e+01
7.000000000000000000e+01
7.100000000000000000e+01
7.200000000000000000e+01
7.300000000000000000e+01
7.400000000000000000e+01
7.500000000000000000e+01
7.600000000000000000e+01
7.700000000000000000e+01
7.800000000000000000e+01
7.900000000000000000e+01
8.000000000000000000e+01
8.100000000000000000e+01
8.200000000000000000e+01
8.300000000000000000e+01
8.400000000000000000e+01
8.500000000000000000e+01
8.600000000000000000e+01
8.700000000000000000e+01
8.800000000000000000e+01
8.900000000000000000e+01
9.000000000000000000e+01
9.100000000000000000e+01
9.200000000000000000e+01
9.300000000000000000e+01
9.400000000000000000e+01
9.500000000000000000e+01
9.600000000000000000e+01
9.700000000000000000e+01
9.800000000000000000e+01
9.900000000000000000e+01
