single photon fraction:    0.1143
laser fraction:    0.2971
thermal source fraction:    0.2171
non-detected fraction:    0.3714
number of bins:  200.0000
bin width (ns):    1.0000
average detection events per bin: 5000.0000

# binary result
0.000000000000000000e+00

# g2 signal
9.801110472745024893e-01
1.007291940918330519e+00
1.016565422279165798e+00
1.022321376227270706e+00
1.014326995743791704e+00
1.005693064821634675e+00
1.007291940918330519e+00
1.011449018769739361e+00
9.989777852155125037e-01
9.865065516612855356e-01
9.967393586801384098e-01
1.011768793989078485e+00
1.002175537408904082e+00
9.935416064867469421e-01
9.813901481518590986e-01
9.884252029773205050e-01
1.048542944213081141e+00
1.001216211750886487e+00
9.711573411330062244e-01
1.016565422279165798e+00
9.919427303900510973e-01
9.829890242485548324e-01
9.679595889396146458e-01
9.817099233711982231e-01
1.022641151446609831e+00
9.810703729325199740e-01
9.721166667910237091e-01
1.000256886092869113e+00
9.852274507839289264e-01
9.948207073641035514e-01
9.945009321447643158e-01
9.925822808287294574e-01
9.986580099961733792e-01
9.654013871849014272e-01
9.986580099961733792e-01
1.012088569208417832e+00
1.006332615260312924e+00
9.893845286353378787e-01
9.938613817060860667e-01
1.012408344427756957e+00
9.689189145976321305e-01
1.022321376227270706e+00
1.008890817015026142e+00
1.015286321401809300e+00
1.004094188724938830e+00
1.017844523156522518e+00
1.011768793989078485e+00
9.884252029773205050e-01
9.903438542933553634e-01
1.004413963944278176e+00
1.014646770963131051e+00
9.638025110882056934e-01
9.756341942037544124e-01
1.001855762189564958e+00
1.007611716137669644e+00
9.900240790740162389e-01
9.970591338994775343e-01
1.023600477104627204e+00
1.005693064821634675e+00
9.935416064867469421e-01
9.733957676683803184e-01
9.705177906943278643e-01
9.906636295126944880e-01
1.012088569208417832e+00
9.951404825834426759e-01
9.957800330221209251e-01
9.893845286353378787e-01
9.973789091188167699e-01
1.009530367453704613e+00
9.877856525386421449e-01
9.826692490292157078e-01
9.746748685457369277e-01
9.820296985905374587e-01
1.011129243550400236e+00
9.919427303900510973e-01
9.957800330221209251e-01
1.015925871840487549e+00
1.015606096621148424e+00
1.007611716137669644e+00
9.772330703004501462e-01
9.900240790740162389e-01
1.011768793989078485e+00
9.954602578027818005e-01
9.906636295126944880e-01
1.022641151446609831e+00
9.842681251259114417e-01
1.045984742458367922e+00
1.006012840040973799e+00
1.005693064821634675e+00
9.797912720551633647e-01
1.013367670085774330e+00
9.804308224938416139e-01
1.001216211750886487e+00
9.986580099961733792e-01
1.043426540703654704e+00
9.989777852155125037e-01
9.817099233711982231e-01
9.960998082414601607e-01
1.013047894866435206e+00
1.012728119647096081e+00
1.137120679970026416e+00
1.013687445305113455e+00
9.817099233711982231e-01
9.602849836754749902e-01
9.964195834607992852e-01
1.010169917892382863e+00
1.014326995743791704e+00
1.012728119647096081e+00
9.897043038546771143e-01
1.031594857588105985e+00
9.967393586801384098e-01
9.967393586801384098e-01
1.006972165698991395e+00
9.976986843381558945e-01
9.861867764419464111e-01
9.980184595574950190e-01
1.002815087847582332e+00
9.893845286353378787e-01
1.018803848814539892e+00
1.034153059342819203e+00
9.740353181070585675e-01
9.868263268806246602e-01
9.865065516612855356e-01
1.010169917892382863e+00
9.865065516612855356e-01
1.020082949691896612e+00
9.948207073641035514e-01
9.810703729325199740e-01
1.008890817015026142e+00
1.003454638286260581e+00
9.797912720551633647e-01
9.884252029773205050e-01
1.006012840040973799e+00
1.008571041795687018e+00
1.015286321401809300e+00
1.044066091142332953e+00
1.012728119647096081e+00
9.596454332367967410e-01
9.903438542933553634e-01
9.868263268806246602e-01
1.018164298375861643e+00
9.925822808287294574e-01
1.018164298375861643e+00
1.003454638286260581e+00
1.001216211750886487e+00
9.999371108735299885e-01
1.007611716137669644e+00
1.005053514382956426e+00
1.001216211750886487e+00
9.833087994678940680e-01
1.003774413505599705e+00
1.006012840040973799e+00
9.983382347768341436e-01
1.018164298375861643e+00
9.925822808287294574e-01
1.027118004517358019e+00
9.884252029773205050e-01
9.810703729325199740e-01
1.012728119647096081e+00
1.009210592234365267e+00
1.008571041795687018e+00
1.021042275349913986e+00
1.003454638286260581e+00
9.983382347768341436e-01
1.004733739163617301e+00
1.022641151446609831e+00
1.020402724911235737e+00
1.018484073595200767e+00
9.865065516612855356e-01
9.813901481518590986e-01
1.019123624033879016e+00
1.018803848814539892e+00
9.823494738098765833e-01
9.775528455197892708e-01
1.024559802762644800e+00
1.006652390479652048e+00
1.008571041795687018e+00
1.015286321401809300e+00
9.916229551707119727e-01
9.855472260032680509e-01
9.797912720551633647e-01
9.874658773193030203e-01
9.689189145976321305e-01
1.022321376227270706e+00
1.005373289602295550e+00
1.013367670085774330e+00
1.015286321401809300e+00
9.903438542933553634e-01
1.025838903640001298e+00
1.009210592234365267e+00
1.001535986970225611e+00
9.839483499065723171e-01
9.606047588948142257e-01
1.007291940918330519e+00
1.000896436531547362e+00
1.026158678859340423e+00
9.801110472745024893e-01
1.003454638286260581e+00
1.008251266576347893e+00
9.881054277579812695e-01

# time bin value
-1.000000000000000000e+02
-9.900000000000000000e+01
-9.800000000000000000e+01
-9.700000000000000000e+01
-9.600000000000000000e+01
-9.500000000000000000e+01
-9.400000000000000000e+01
-9.300000000000000000e+01
-9.200000000000000000e+01
-9.100000000000000000e+01
-9.000000000000000000e+01
-8.900000000000000000e+01
-8.800000000000000000e+01
-8.700000000000000000e+01
-8.600000000000000000e+01
-8.500000000000000000e+01
-8.400000000000000000e+01
-8.300000000000000000e+01
-8.200000000000000000e+01
-8.100000000000000000e+01
-8.000000000000000000e+01
-7.900000000000000000e+01
-7.800000000000000000e+01
-7.700000000000000000e+01
-7.600000000000000000e+01
-7.500000000000000000e+01
-7.400000000000000000e+01
-7.300000000000000000e+01
-7.200000000000000000e+01
-7.100000000000000000e+01
-7.000000000000000000e+01
-6.900000000000000000e+01
-6.800000000000000000e+01
-6.700000000000000000e+01
-6.600000000000000000e+01
-6.500000000000000000e+01
-6.400000000000000000e+01
-6.300000000000000000e+01
-6.200000000000000000e+01
-6.100000000000000000e+01
-6.000000000000000000e+01
-5.900000000000000000e+01
-5.800000000000000000e+01
-5.700000000000000000e+01
-5.600000000000000000e+01
-5.500000000000000000e+01
-5.400000000000000000e+01
-5.300000000000000000e+01
-5.200000000000000000e+01
-5.100000000000000000e+01
-5.000000000000000000e+01
-4.900000000000000000e+01
-4.800000000000000000e+01
-4.700000000000000000e+01
-4.600000000000000000e+01
-4.500000000000000000e+01
-4.400000000000000000e+01
-4.300000000000000000e+01
-4.200000000000000000e+01
-4.100000000000000000e+01
-4.000000000000000000e+01
-3.900000000000000000e+01
-3.800000000000000000e+01
-3.700000000000000000e+01
-3.600000000000000000e+01
-3.500000000000000000e+01
-3.400000000000000000e+01
-3.300000000000000000e+01
-3.200000000000000000e+01
-3.100000000000000000e+01
-3.000000000000000000e+01
-2.900000000000000000e+01
-2.800000000000000000e+01
-2.700000000000000000e+01
-2.600000000000000000e+01
-2.500000000000000000e+01
-2.400000000000000000e+01
-2.300000000000000000e+01
-2.200000000000000000e+01
-2.100000000000000000e+01
-2.000000000000000000e+01
-1.900000000000000000e+01
-1.800000000000000000e+01
-1.700000000000000000e+01
-1.600000000000000000e+01
-1.500000000000000000e+01
-1.400000000000000000e+01
-1.300000000000000000e+01
-1.200000000000000000e+01
-1.100000000000000000e+01
-1.000000000000000000e+01
-9.000000000000000000e+00
-8.000000000000000000e+00
-7.000000000000000000e+00
-6.000000000000000000e+00
-5.000000000000000000e+00
-4.000000000000000000e+00
-3.000000000000000000e+00
-2.000000000000000000e+00
-1.000000000000000000e+00
0.000000000000000000e+00
1.000000000000000000e+00
2.000000000000000000e+00
3.000000000000000000e+00
4.000000000000000000e+00
5.000000000000000000e+00
6.000000000000000000e+00
7.000000000000000000e+00
8.000000000000000000e+00
9.000000000000000000e+00
1.000000000000000000e+01
1.100000000000000000e+01
1.200000000000000000e+01
1.300000000000000000e+01
1.400000000000000000e+01
1.500000000000000000e+01
1.600000000000000000e+01
1.700000000000000000e+01
1.800000000000000000e+01
1.900000000000000000e+01
2.000000000000000000e+01
2.100000000000000000e+01
2.200000000000000000e+01
2.300000000000000000e+01
2.400000000000000000e+01
2.500000000000000000e+01
2.600000000000000000e+01
2.700000000000000000e+01
2.800000000000000000e+01
2.900000000000000000e+01
3.000000000000000000e+01
3.100000000000000000e+01
3.200000000000000000e+01
3.300000000000000000e+01
3.400000000000000000e+01
3.500000000000000000e+01
3.600000000000000000e+01
3.700000000000000000e+01
3.800000000000000000e+01
3.900000000000000000e+01
4.000000000000000000e+01
4.100000000000000000e+01
4.200000000000000000e+01
4.300000000000000000e+01
4.400000000000000000e+01
4.500000000000000000e+01
4.600000000000000000e+01
4.700000000000000000e+01
4.800000000000000000e+01
4.900000000000000000e+01
5.000000000000000000e+01
5.100000000000000000e+01
5.200000000000000000e+01
5.300000000000000000e+01
5.400000000000000000e+01
5.500000000000000000e+01
5.600000000000000000e+01
5.700000000000000000e+01
5.800000000000000000e+01
5.900000000000000000e+01
6.000000000000000000e+01
6.100000000000000000e+01
6.200000000000000000e+01
6.300000000000000000e+01
6.400000000000000000e+01
6.500000000000000000e+01
6.600000000000000000e+01
6.700000000000000000e+01
6.800000000000000000e+01
6.900000000000000000e+01
7.000000000000000000e+01
7.100000000000000000e+01
7.200000000000000000e+01
7.300000000000000000e+01
7.400000000000000000e+01
7.500000000000000000e+01
7.600000000000000000e+01
7.700000000000000000e+01
7.800000000000000000e+01
7.900000000000000000e+01
8.000000000000000000e+01
8.100000000000000000e+01
8.200000000000000000e+01
8.300000000000000000e+01
8.400000000000000000e+01
8.500000000000000000e+01
8.600000000000000000e+01
8.700000000000000000e+01
8.800000000000000000e+01
8.900000000000000000e+01
9.000000000000000000e+01
9.100000000000000000e+01
9.200000000000000000e+01
9.300000000000000000e+01
9.400000000000000000e+01
9.500000000000000000e+01
9.600000000000000000e+01
9.700000000000000000e+01
9.800000000000000000e+01
9.900000000000000000e+01
