single photon fraction:    0.4231
laser fraction:    0.0342
thermal source fraction:    0.2265
non-detected fraction:    0.3162
number of bins:  200.0000
bin width (ns):    1.0000
average detection events per bin: 5000.0000

# binary result
0.000000000000000000e+00

# g2 signal
1.022120952450050968e+00
1.025062307708900056e+00
1.015355835354698089e+00
1.017708919561777448e+00
9.562345946518318041e-01
1.008884853785230185e+00
9.915308577580206340e-01
9.865305538179772737e-01
9.974135682757188093e-01
9.865305538179772737e-01
9.991783814310282175e-01
1.018297190613547176e+00
9.950604840686395614e-01
9.871188248697471135e-01
9.750592683084658985e-01
9.835891985591281861e-01
1.013885157725273656e+00
9.788830301449696902e-01
1.001237330112222601e+00
1.009767260362884889e+00
1.019179597191201880e+00
1.011532073518194297e+00
1.009473124836999913e+00
1.028297798493633897e+00
9.956487551204094011e-01
1.028591934019518872e+00
1.000943194586337626e+00
9.732944551531564903e-01
1.011532073518194297e+00
9.900601801285960901e-01
9.706472354201922670e-01
1.023297494553590647e+00
1.007120040629920776e+00
9.835891985591281861e-01
9.894719090768263614e-01
9.921191288097904737e-01
1.006237634052266072e+00
9.824126564555885066e-01
1.002119736689877305e+00
9.694706933166526985e-01
1.000943194586337626e+00
9.868246893438621381e-01
9.806478433002790984e-01
9.753534038343507628e-01
1.005355227474611368e+00
1.014767564302928360e+00
9.841774696108980258e-01
9.882953669732866819e-01
1.016238241932352793e+00
9.897660446027112258e-01
1.008590718259345209e+00
1.017414784035892472e+00
1.025356443234785031e+00
1.004472820896956664e+00
1.014179293251158409e+00
1.005061091948726393e+00
1.020650274820626535e+00
1.020356139294741560e+00
1.019473732717086856e+00
9.959428906462942654e-01
1.037121864270181160e+00
1.025944714286554760e+00
1.004178685371071689e+00
9.782947590931998505e-01
9.977077038016036736e-01
1.016238241932352793e+00
1.022415087975935943e+00
9.830009275073583463e-01
9.882953669732866819e-01
1.029180205071288823e+00
1.034180509011332072e+00
1.028591934019518872e+00
1.002119736689877305e+00
1.020356139294741560e+00
1.025062307708900056e+00
9.774123525155451464e-01
1.030945018226598231e+00
9.700589643684224272e-01
1.025062307708900056e+00
1.042416303736109606e+00
1.010943802466424568e+00
9.962370261721791298e-01
9.888836380250565217e-01
1.004178685371071689e+00
1.003296278793416985e+00
9.838833340850130504e-01
1.012120344569964026e+00
1.018003055087662201e+00
9.850598761885527299e-01
1.020650274820626535e+00
1.010649666940539593e+00
1.017708919561777448e+00
9.971194327498339449e-01
9.918249932839056093e-01
1.045357658994958694e+00
1.016532377458237768e+00
1.020650274820626535e+00
1.015944106406467817e+00
9.753534038343507628e-01
1.031827424804252935e+00
6.862181818894874663e-01
9.915308577580206340e-01
9.838833340850130504e-01
9.906484511803659299e-01
9.859422827662074340e-01
1.023297494553590647e+00
1.011532073518194297e+00
9.971194327498339449e-01
1.004178685371071689e+00
9.653527959542639314e-01
9.768240814637753067e-01
9.912367222321357696e-01
9.880012314474018176e-01
1.016826512984122743e+00
1.020356139294741560e+00
9.915308577580206340e-01
9.797654367226243943e-01
1.006237634052266072e+00
1.009473124836999913e+00
1.000649059060452872e+00
1.009473124836999913e+00
1.011532073518194297e+00
1.027415391915979193e+00
1.013885157725273656e+00
1.001531465638107576e+00
9.782947590931998505e-01
1.009473124836999913e+00
9.694706933166526985e-01
9.821185209297036423e-01
1.015944106406467817e+00
9.909425867062509052e-01
1.016238241932352793e+00
9.730003196272715149e-01
1.017708919561777448e+00
1.001531465638107576e+00
1.008884853785230185e+00
1.032709831381907639e+00
9.753534038343507628e-01
1.004766956422841417e+00
1.025356443234785031e+00
1.003884549845186713e+00
1.020650274820626535e+00
9.944722130168697216e-01
1.001237330112222601e+00
1.011532073518194297e+00
9.988842459051433531e-01
1.013885157725273656e+00
1.003002143267532009e+00
9.906484511803659299e-01
1.020650274820626535e+00
1.029768476123058552e+00
9.812361143520489382e-01
9.924132643356753380e-01
9.827067919814734820e-01
1.011237937992309321e+00
9.971194327498339449e-01
1.013885157725273656e+00
1.017708919561777448e+00
1.003884549845186713e+00
9.865305538179772737e-01
1.003296278793416985e+00
1.022120952450050968e+00
9.921191288097904737e-01
1.014767564302928360e+00
1.006825905104035801e+00
9.806478433002790984e-01
9.935898064392150175e-01
1.011237937992309321e+00
1.001531465638107576e+00
1.011826209044079272e+00
9.924132643356753380e-01
9.750592683084658985e-01
9.988842459051433531e-01
9.894719090768263614e-01
9.988842459051433531e-01
9.921191288097904737e-01
9.603524920142205712e-01
1.007120040629920776e+00
9.906484511803659299e-01
9.897660446027112258e-01
9.988842459051433531e-01
9.918249932839056093e-01
1.007414176155805530e+00
1.021826816924165993e+00
9.921191288097904737e-01
1.022415087975935943e+00
1.016238241932352793e+00
9.994725169569131928e-01
1.020944410346511289e+00
9.950604840686395614e-01
9.868246893438621381e-01
9.803537077743942341e-01
1.011237937992309321e+00
1.018297190613547176e+00
1.003002143267532009e+00
9.859422827662074340e-01
1.019473732717086856e+00
1.010943802466424568e+00
9.780006235673149861e-01
1.008590718259345209e+00

# time bin value
-1.000000000000000000e+02
-9.900000000000000000e+01
-9.800000000000000000e+01
-9.700000000000000000e+01
-9.600000000000000000e+01
-9.500000000000000000e+01
-9.400000000000000000e+01
-9.300000000000000000e+01
-9.200000000000000000e+01
-9.100000000000000000e+01
-9.000000000000000000e+01
-8.900000000000000000e+01
-8.800000000000000000e+01
-8.700000000000000000e+01
-8.600000000000000000e+01
-8.500000000000000000e+01
-8.400000000000000000e+01
-8.300000000000000000e+01
-8.200000000000000000e+01
-8.100000000000000000e+01
-8.000000000000000000e+01
-7.900000000000000000e+01
-7.800000000000000000e+01
-7.700000000000000000e+01
-7.600000000000000000e+01
-7.500000000000000000e+01
-7.400000000000000000e+01
-7.300000000000000000e+01
-7.200000000000000000e+01
-7.100000000000000000e+01
-7.000000000000000000e+01
-6.900000000000000000e+01
-6.800000000000000000e+01
-6.700000000000000000e+01
-6.600000000000000000e+01
-6.500000000000000000e+01
-6.400000000000000000e+01
-6.300000000000000000e+01
-6.200000000000000000e+01
-6.100000000000000000e+01
-6.000000000000000000e+01
-5.900000000000000000e+01
-5.800000000000000000e+01
-5.700000000000000000e+01
-5.600000000000000000e+01
-5.500000000000000000e+01
-5.400000000000000000e+01
-5.300000000000000000e+01
-5.200000000000000000e+01
-5.100000000000000000e+01
-5.000000000000000000e+01
-4.900000000000000000e+01
-4.800000000000000000e+01
-4.700000000000000000e+01
-4.600000000000000000e+01
-4.500000000000000000e+01
-4.400000000000000000e+01
-4.300000000000000000e+01
-4.200000000000000000e+01
-4.100000000000000000e+01
-4.000000000000000000e+01
-3.900000000000000000e+01
-3.800000000000000000e+01
-3.700000000000000000e+01
-3.600000000000000000e+01
-3.500000000000000000e+01
-3.400000000000000000e+01
-3.300000000000000000e+01
-3.200000000000000000e+01
-3.100000000000000000e+01
-3.000000000000000000e+01
-2.900000000000000000e+01
-2.800000000000000000e+01
-2.700000000000000000e+01
-2.600000000000000000e+01
-2.500000000000000000e+01
-2.400000000000000000e+01
-2.300000000000000000e+01
-2.200000000000000000e+01
-2.100000000000000000e+01
-2.000000000000000000e+01
-1.900000000000000000e+01
-1.800000000000000000e+01
-1.700000000000000000e+01
-1.600000000000000000e+01
-1.500000000000000000e+01
-1.400000000000000000e+01
-1.300000000000000000e+01
-1.200000000000000000e+01
-1.100000000000000000e+01
-1.000000000000000000e+01
-9.000000000000000000e+00
-8.000000000000000000e+00
-7.000000000000000000e+00
-6.000000000000000000e+00
-5.000000000000000000e+00
-4.000000000000000000e+00
-3.000000000000000000e+00
-2.000000000000000000e+00
-1.000000000000000000e+00
0.000000000000000000e+00
1.000000000000000000e+00
2.000000000000000000e+00
3.000000000000000000e+00
4.000000000000000000e+00
5.000000000000000000e+00
6.000000000000000000e+00
7.000000000000000000e+00
8.000000000000000000e+00
9.000000000000000000e+00
1.000000000000000000e+01
1.100000000000000000e+01
1.200000000000000000e+01
1.300000000000000000e+01
1.400000000000000000e+01
1.500000000000000000e+01
1.600000000000000000e+01
1.700000000000000000e+01
1.800000000000000000e+01
1.900000000000000000e+01
2.000000000000000000e+01
2.100000000000000000e+01
2.200000000000000000e+01
2.300000000000000000e+01
2.400000000000000000e+01
2.500000000000000000e+01
2.600000000000000000e+01
2.700000000000000000e+01
2.800000000000000000e+01
2.900000000000000000e+01
3.000000000000000000e+01
3.100000000000000000e+01
3.200000000000000000e+01
3.300000000000000000e+01
3.400000000000000000e+01
3.500000000000000000e+01
3.600000000000000000e+01
3.700000000000000000e+01
3.800000000000000000e+01
3.900000000000000000e+01
4.000000000000000000e+01
4.100000000000000000e+01
4.200000000000000000e+01
4.300000000000000000e+01
4.400000000000000000e+01
4.500000000000000000e+01
4.600000000000000000e+01
4.700000000000000000e+01
4.800000000000000000e+01
4.900000000000000000e+01
5.000000000000000000e+01
5.100000000000000000e+01
5.200000000000000000e+01
5.300000000000000000e+01
5.400000000000000000e+01
5.500000000000000000e+01
5.600000000000000000e+01
5.700000000000000000e+01
5.800000000000000000e+01
5.900000000000000000e+01
6.000000000000000000e+01
6.100000000000000000e+01
6.200000000000000000e+01
6.300000000000000000e+01
6.400000000000000000e+01
6.500000000000000000e+01
6.600000000000000000e+01
6.700000000000000000e+01
6.800000000000000000e+01
6.900000000000000000e+01
7.000000000000000000e+01
7.100000000000000000e+01
7.200000000000000000e+01
7.300000000000000000e+01
7.400000000000000000e+01
7.500000000000000000e+01
7.600000000000000000e+01
7.700000000000000000e+01
7.800000000000000000e+01
7.900000000000000000e+01
8.000000000000000000e+01
8.100000000000000000e+01
8.200000000000000000e+01
8.300000000000000000e+01
8.400000000000000000e+01
8.500000000000000000e+01
8.600000000000000000e+01
8.700000000000000000e+01
8.800000000000000000e+01
8.900000000000000000e+01
9.000000000000000000e+01
9.100000000000000000e+01
9.200000000000000000e+01
9.300000000000000000e+01
9.400000000000000000e+01
9.500000000000000000e+01
9.600000000000000000e+01
9.700000000000000000e+01
9.800000000000000000e+01
9.900000000000000000e+01
