single photon fraction:    0.1967
laser fraction:    0.2705
thermal source fraction:    0.5082
non-detected fraction:    0.0246
number of bins:  200.0000
bin width (ns):    1.0000
average detection events per bin: 5000.0000

# binary result
0.000000000000000000e+00

# g2 signal
9.979320458739784350e-01
1.001845504877405757e+00
1.013997824940680248e+00
9.969021882414974556e-01
1.010084365937252926e+00
1.017499340891115267e+00
1.011732138149222360e+00
1.009672422884260401e+00
1.005141049301344625e+00
1.015439625626153530e+00
9.878394410756656807e-01
1.012144081202214663e+00
1.004729106248352322e+00
1.003081334036382888e+00
1.018529198523596024e+00
1.004935077774848473e+00
9.861916688636962469e-01
1.003287305562879039e+00
9.787766939098339058e-01
1.003081334036382888e+00
1.005964935407329230e+00
1.005758963880833079e+00
1.013379910361191572e+00
9.929887292380701336e-01
1.000197732665436323e+00
1.023266543633008174e+00
1.036448721328763423e+00
9.833080674927497933e-01
9.868095834431848123e-01
9.789826654363300573e-01
9.983439889269707379e-01
9.828961244397574903e-01
1.004523134721855948e+00
1.003905220142367494e+00
1.001433561824413454e+00
9.989619035064593033e-01
9.808364091747956426e-01
1.008230622198787341e+00
9.966962167150013041e-01
1.006376878460321755e+00
1.010702280516741380e+00
1.004935077774848473e+00
9.917529000790931137e-01
9.952544160295281328e-01
9.888692987081465491e-01
9.767169786448721691e-01
1.010702280516741380e+00
9.876334695491695292e-01
1.015233654099657379e+00
9.779528078038491890e-01
9.962842736620090012e-01
9.991678750329554548e-01
9.878394410756656807e-01
9.888692987081465491e-01
9.810423807012919051e-01
1.009466451357764250e+00
9.997857896124440202e-01
1.015645597152649682e+00
9.728035196414447361e-01
1.005141049301344625e+00
1.002257447930398060e+00
9.839259820722383587e-01
9.824841813867650764e-01
1.001845504877405757e+00
1.016057540205641985e+00
9.981380174004745864e-01
9.744512918534141699e-01
9.890752702346428116e-01
1.004935077774848473e+00
9.680661745320326972e-01
1.004317163195359797e+00
9.847498681782230756e-01
9.966962167150013041e-01
9.882513841286580947e-01
1.030475547060374364e+00
1.037684550487740553e+00
9.828961244397574903e-01
1.009878394410756774e+00
9.934006722910624365e-01
1.000403704191932475e+00
1.005964935407329230e+00
9.909290139731083968e-01
9.919588716055892652e-01
9.958723306090165872e-01
1.001021618771421151e+00
1.011938109675718511e+00
1.012967967308199269e+00
9.936066438175586990e-01
9.890752702346428116e-01
9.931947007645662850e-01
9.934006722910624365e-01
1.002669390983390363e+00
9.890752702346428116e-01
1.008642565251779644e+00
1.001433561824413454e+00
1.004935077774848473e+00
9.948424729765357188e-01
9.894872132876351145e-01
9.868095834431848123e-01
9.925767861850778306e-01
1.286292182968626463e+00
1.019147113103084701e+00
1.012761995781703117e+00
9.946365014500395674e-01
9.907230424466121343e-01
9.793946084893224713e-01
9.876334695491695292e-01
1.016057540205641985e+00
1.012350052728710814e+00
1.022030714474031043e+00
1.025532230424466063e+00
9.758930925388874522e-01
9.849558397047192271e-01
9.931947007645662850e-01
9.950484445030318703e-01
9.581795412602162054e-01
1.020588913788557983e+00
1.011526166622725986e+00
9.868095834431848123e-01
9.822782098602689249e-01
9.783647508568416029e-01
9.831020959662536418e-01
9.936066438175586990e-01
9.806304376482994911e-01
9.942245583970471534e-01
9.826901529132612279e-01
9.798065515423147742e-01
1.004523134721855948e+00
1.002875362509886736e+00
1.007818679145794816e+00
1.021206828368046438e+00
9.944305299235434159e-01
1.011938109675718511e+00
1.011320195096229835e+00
9.944305299235434159e-01
9.824841813867650764e-01
9.991678750329554548e-01
1.006170906933825382e+00
1.006376878460321755e+00
1.004935077774848473e+00
1.028827774848404930e+00
9.979320458739784350e-01
9.647706301080938296e-01
1.000197732665436323e+00
9.989619035064593033e-01
1.010084365937252926e+00
9.973141312944898695e-01
9.806304376482994911e-01
1.025532230424466063e+00
9.783647508568416029e-01
9.824841813867650764e-01
9.635348009491168098e-01
1.010702280516741380e+00
1.008024650672290967e+00
9.907230424466121343e-01
9.997857896124440202e-01
9.868095834431848123e-01
9.995798180859477577e-01
1.004729106248352322e+00
9.824841813867650764e-01
1.000815647244924778e+00
1.004729106248352322e+00
1.020382942262061610e+00
9.818662668072766220e-01
9.946365014500395674e-01
9.868095834431848123e-01
9.705378328499868479e-01
1.016675454785130439e+00
1.014821711046664854e+00
1.022648629053519720e+00
9.915469285525968512e-01
9.991678750329554548e-01
1.019970999209069307e+00
9.890752702346428116e-01
9.925767861850778306e-01
9.824841813867650764e-01
9.987559319799631519e-01
9.802184945953071882e-01
9.775408647508568860e-01
9.826901529132612279e-01
1.026356116530450890e+00
9.746572633799103214e-01
1.009878394410756774e+00
1.008024650672290967e+00
9.964902451885051526e-01
9.791886369628263198e-01
9.610631426311626591e-01
9.680661745320326972e-01
9.721856050619562817e-01
1.003905220142367494e+00
1.002051476403901908e+00
1.031917347745847646e+00
1.003699248615871342e+00
9.742453203269180184e-01
1.011526166622725986e+00
9.927827577115739821e-01
1.032535262325336101e+00
1.006376878460321755e+00
9.971081597679937181e-01
1.001227590297917303e+00

# time bin value
-1.000000000000000000e+02
-9.900000000000000000e+01
-9.800000000000000000e+01
-9.700000000000000000e+01
-9.600000000000000000e+01
-9.500000000000000000e+01
-9.400000000000000000e+01
-9.300000000000000000e+01
-9.200000000000000000e+01
-9.100000000000000000e+01
-9.000000000000000000e+01
-8.900000000000000000e+01
-8.800000000000000000e+01
-8.700000000000000000e+01
-8.600000000000000000e+01
-8.500000000000000000e+01
-8.400000000000000000e+01
-8.300000000000000000e+01
-8.200000000000000000e+01
-8.100000000000000000e+01
-8.000000000000000000e+01
-7.900000000000000000e+01
-7.800000000000000000e+01
-7.700000000000000000e+01
-7.600000000000000000e+01
-7.500000000000000000e+01
-7.400000000000000000e+01
-7.300000000000000000e+01
-7.200000000000000000e+01
-7.100000000000000000e+01
-7.000000000000000000e+01
-6.900000000000000000e+01
-6.800000000000000000e+01
-6.700000000000000000e+01
-6.600000000000000000e+01
-6.500000000000000000e+01
-6.400000000000000000e+01
-6.300000000000000000e+01
-6.200000000000000000e+01
-6.100000000000000000e+01
-6.000000000000000000e+01
-5.900000000000000000e+01
-5.800000000000000000e+01
-5.700000000000000000e+01
-5.600000000000000000e+01
-5.500000000000000000e+01
-5.400000000000000000e+01
-5.300000000000000000e+01
-5.200000000000000000e+01
-5.100000000000000000e+01
-5.000000000000000000e+01
-4.900000000000000000e+01
-4.800000000000000000e+01
-4.700000000000000000e+01
-4.600000000000000000e+01
-4.500000000000000000e+01
-4.400000000000000000e+01
-4.300000000000000000e+01
-4.200000000000000000e+01
-4.100000000000000000e+01
-4.000000000000000000e+01
-3.900000000000000000e+01
-3.800000000000000000e+01
-3.700000000000000000e+01
-3.600000000000000000e+01
-3.500000000000000000e+01
-3.400000000000000000e+01
-3.300000000000000000e+01
-3.200000000000000000e+01
-3.100000000000000000e+01
-3.000000000000000000e+01
-2.900000000000000000e+01
-2.800000000000000000e+01
-2.700000000000000000e+01
-2.600000000000000000e+01
-2.500000000000000000e+01
-2.400000000000000000e+01
-2.300000000000000000e+01
-2.200000000000000000e+01
-2.100000000000000000e+01
-2.000000000000000000e+01
-1.900000000000000000e+01
-1.800000000000000000e+01
-1.700000000000000000e+01
-1.600000000000000000e+01
-1.500000000000000000e+01
-1.400000000000000000e+01
-1.300000000000000000e+01
-1.200000000000000000e+01
-1.100000000000000000e+01
-1.000000000000000000e+01
-9.000000000000000000e+00
-8.000000000000000000e+00
-7.000000000000000000e+00
-6.000000000000000000e+00
-5.000000000000000000e+00
-4.000000000000000000e+00
-3.000000000000000000e+00
-2.000000000000000000e+00
-1.000000000000000000e+00
0.000000000000000000e+00
1.000000000000000000e+00
2.000000000000000000e+00
3.000000000000000000e+00
4.000000000000000000e+00
5.000000000000000000e+00
6.000000000000000000e+00
7.000000000000000000e+00
8.000000000000000000e+00
9.000000000000000000e+00
1.000000000000000000e+01
1.100000000000000000e+01
1.200000000000000000e+01
1.300000000000000000e+01
1.400000000000000000e+01
1.500000000000000000e+01
1.600000000000000000e+01
1.700000000000000000e+01
1.800000000000000000e+01
1.900000000000000000e+01
2.000000000000000000e+01
2.100000000000000000e+01
2.200000000000000000e+01
2.300000000000000000e+01
2.400000000000000000e+01
2.500000000000000000e+01
2.600000000000000000e+01
2.700000000000000000e+01
2.800000000000000000e+01
2.900000000000000000e+01
3.000000000000000000e+01
3.100000000000000000e+01
3.200000000000000000e+01
3.300000000000000000e+01
3.400000000000000000e+01
3.500000000000000000e+01
3.600000000000000000e+01
3.700000000000000000e+01
3.800000000000000000e+01
3.900000000000000000e+01
4.000000000000000000e+01
4.100000000000000000e+01
4.200000000000000000e+01
4.300000000000000000e+01
4.400000000000000000e+01
4.500000000000000000e+01
4.600000000000000000e+01
4.700000000000000000e+01
4.800000000000000000e+01
4.900000000000000000e+01
5.000000000000000000e+01
5.100000000000000000e+01
5.200000000000000000e+01
5.300000000000000000e+01
5.400000000000000000e+01
5.500000000000000000e+01
5.600000000000000000e+01
5.700000000000000000e+01
5.800000000000000000e+01
5.900000000000000000e+01
6.000000000000000000e+01
6.100000000000000000e+01
6.200000000000000000e+01
6.300000000000000000e+01
6.400000000000000000e+01
6.500000000000000000e+01
6.600000000000000000e+01
6.700000000000000000e+01
6.800000000000000000e+01
6.900000000000000000e+01
7.000000000000000000e+01
7.100000000000000000e+01
7.200000000000000000e+01
7.300000000000000000e+01
7.400000000000000000e+01
7.500000000000000000e+01
7.600000000000000000e+01
7.700000000000000000e+01
7.800000000000000000e+01
7.900000000000000000e+01
8.000000000000000000e+01
8.100000000000000000e+01
8.200000000000000000e+01
8.300000000000000000e+01
8.400000000000000000e+01
8.500000000000000000e+01
8.600000000000000000e+01
8.700000000000000000e+01
8.800000000000000000e+01
8.900000000000000000e+01
9.000000000000000000e+01
9.100000000000000000e+01
9.200000000000000000e+01
9.300000000000000000e+01
9.400000000000000000e+01
9.500000000000000000e+01
9.600000000000000000e+01
9.700000000000000000e+01
9.800000000000000000e+01
9.900000000000000000e+01
