single photon fraction:    0.3837
laser fraction:    0.2204
thermal source fraction:    0.1592
non-detected fraction:    0.2367
number of bins:  200.0000
bin width (ns):    1.0000
average detection events per bin: 5000.0000

# binary result
0.000000000000000000e+00

# g2 signal
1.009129213483146215e+00
9.859550561797754131e-01
1.015186095505618002e+00
9.775280898876405056e-01
9.796348314606742047e-01
1.001492275280899014e+00
9.893785112359551048e-01
9.849016853932585080e-01
1.009129213483146215e+00
9.933286516853933046e-01
9.864817415730338102e-01
1.003072331460674205e+00
9.877984550561798027e-01
1.027826544943820197e+00
1.016766151685393416e+00
1.018346207865168607e+00
1.042047050561797805e+00
1.007285814606741603e+00
9.930653089887641061e-01
9.854283707865169051e-01
9.838483146067416030e-01
1.008339185393258397e+00
1.002545646067415808e+00
9.701544943820225031e-01
9.822682584269664119e-01
1.001755617977528212e+00
9.999122191011237115e-01
1.002808988764045006e+00
9.725245786516855118e-01
9.946453651685394082e-01
1.013869382022472010e+00
9.872717696629214057e-01
1.016502808988764217e+00
9.877984550561798027e-01
1.014659410112359605e+00
1.003072331460674205e+00
1.027299859550561800e+00
9.704178370786518126e-01
1.020716292134831615e+00
9.880617977528091123e-01
9.759480337078652035e-01
9.964887640449439088e-01
1.008602528089887818e+00
1.013079353932584414e+00
1.006232443820224809e+00
9.978054775280900124e-01
9.817415730337079038e-01
1.040466994382022614e+00
1.009655898876404612e+00
1.015449438202247201e+00
1.008602528089887818e+00
9.630442415730338102e-01
9.906952247191012084e-01
9.928019662921349076e-01
1.006232443820224809e+00
9.975421348314607028e-01
1.021769662921348409e+00
9.935919943820225031e-01
9.970154494382023058e-01
9.751580056179776079e-01
1.005442415730337213e+00
1.037833567415730407e+00
1.016502808988764217e+00
1.003072331460674205e+00
1.034936797752809001e+00
1.003335674157303403e+00
9.669943820224720099e-01
9.772647471910113071e-01
1.004915730337078816e+00
1.027826544943820197e+00
9.956987359550563133e-01
1.022033005617977608e+00
9.972787921348315043e-01
9.951720505617978052e-01
1.022033005617977608e+00
9.988588483146068064e-01
1.000175561797752799e+00
9.946453651685394082e-01
1.031776685393258619e+00
1.017556179775281011e+00
9.856917134831461036e-01
1.019136235955056202e+00
1.010709269662921406e+00
9.796348314606742047e-01
1.023349719101123600e+00
1.040466994382022614e+00
1.022296348314606806e+00
1.007812500000000000e+00
9.949087078651686067e-01
1.017292837078651813e+00
9.993855337078652035e-01
1.009919241573033810e+00
1.004125702247190999e+00
1.016766151685393416e+00
1.000438904494381998e+00
9.859550561797754131e-01
1.001755617977528212e+00
1.002282303370786609e+00
1.003072331460674205e+00
1.028616573033708015e+00
7.081285112359551048e-01
9.733146067415731073e-01
1.012025983146067398e+00
9.830582865168540074e-01
1.041257022471910210e+00
9.996488764044945130e-01
9.928019662921349076e-01
9.983321629213484094e-01
9.930653089887641061e-01
9.614641853932585080e-01
9.804248595505619113e-01
1.007285814606741603e+00
9.959620786516855118e-01
1.006759129213483206e+00
9.933286516853933046e-01
1.028879915730337213e+00
1.034936797752809001e+00
1.009655898876404612e+00
9.635709269662922072e-01
1.029669943820224809e+00
9.993855337078652035e-01
1.004125702247190999e+00
9.991221910112360050e-01
1.003599016853932602e+00
1.010445926966292207e+00
9.743679775280900124e-01
9.812148876404495068e-01
9.767380617977529100e-01
9.854283707865169051e-01
9.899051966292136129e-01
9.664676966292136129e-01
1.003862359550561800e+00
1.021506320224719211e+00
9.885884831460675093e-01
1.002018960674157411e+00
1.017029494382022614e+00
1.001492275280899014e+00
9.975421348314607028e-01
9.835849719101124045e-01
1.012552668539326017e+00
1.018609550561797805e+00
9.899051966292136129e-01
1.018346207865168607e+00
9.946453651685394082e-01
1.013869382022472010e+00
1.011762640449438200e+00
1.008865870786517016e+00
1.037043539325842811e+00
9.991221910112360050e-01
1.017556179775281011e+00
1.010182584269663009e+00
1.005705758426966412e+00
9.922752808988765105e-01
9.772647471910113071e-01
1.013079353932584414e+00
1.024666432584269815e+00
1.025719803370786609e+00
9.962254213483147103e-01
9.943820224719102097e-01
9.746313202247192109e-01
1.001492275280899014e+00
1.009392556179775413e+00
1.003335674157303403e+00
1.004389044943820197e+00
1.009392556179775413e+00
9.904318820224720099e-01
9.993855337078652035e-01
1.002545646067415808e+00
1.006759129213483206e+00
9.964887640449439088e-01
9.912219101123596054e-01
1.005969101123595610e+00
1.000702247191011418e+00
1.020979634831460814e+00
1.023349719101123600e+00
1.028616573033708015e+00
9.920119382022473120e-01
9.717345505617978052e-01
1.007285814606741603e+00
9.980688202247192109e-01
9.864817415730338102e-01
9.883251404494383108e-01
9.551439606741574107e-01
1.041520365168539408e+00
9.777914325842697041e-01
9.912219101123596054e-01
9.993855337078652035e-01
1.003072331460674205e+00
1.017029494382022614e+00
9.909585674157304069e-01
1.009919241573033810e+00
1.028353230337078816e+00
9.833216292134832059e-01
9.612008426966293095e-01
9.767380617977529100e-01
1.008602528089887818e+00
9.983321629213484094e-01
9.938553370786518126e-01
9.980688202247192109e-01
9.941186797752810111e-01

# time bin value
-1.000000000000000000e+02
-9.900000000000000000e+01
-9.800000000000000000e+01
-9.700000000000000000e+01
-9.600000000000000000e+01
-9.500000000000000000e+01
-9.400000000000000000e+01
-9.300000000000000000e+01
-9.200000000000000000e+01
-9.100000000000000000e+01
-9.000000000000000000e+01
-8.900000000000000000e+01
-8.800000000000000000e+01
-8.700000000000000000e+01
-8.600000000000000000e+01
-8.500000000000000000e+01
-8.400000000000000000e+01
-8.300000000000000000e+01
-8.200000000000000000e+01
-8.100000000000000000e+01
-8.000000000000000000e+01
-7.900000000000000000e+01
-7.800000000000000000e+01
-7.700000000000000000e+01
-7.600000000000000000e+01
-7.500000000000000000e+01
-7.400000000000000000e+01
-7.300000000000000000e+01
-7.200000000000000000e+01
-7.100000000000000000e+01
-7.000000000000000000e+01
-6.900000000000000000e+01
-6.800000000000000000e+01
-6.700000000000000000e+01
-6.600000000000000000e+01
-6.500000000000000000e+01
-6.400000000000000000e+01
-6.300000000000000000e+01
-6.200000000000000000e+01
-6.100000000000000000e+01
-6.000000000000000000e+01
-5.900000000000000000e+01
-5.800000000000000000e+01
-5.700000000000000000e+01
-5.600000000000000000e+01
-5.500000000000000000e+01
-5.400000000000000000e+01
-5.300000000000000000e+01
-5.200000000000000000e+01
-5.100000000000000000e+01
-5.000000000000000000e+01
-4.900000000000000000e+01
-4.800000000000000000e+01
-4.700000000000000000e+01
-4.600000000000000000e+01
-4.500000000000000000e+01
-4.400000000000000000e+01
-4.300000000000000000e+01
-4.200000000000000000e+01
-4.100000000000000000e+01
-4.000000000000000000e+01
-3.900000000000000000e+01
-3.800000000000000000e+01
-3.700000000000000000e+01
-3.600000000000000000e+01
-3.500000000000000000e+01
-3.400000000000000000e+01
-3.300000000000000000e+01
-3.200000000000000000e+01
-3.100000000000000000e+01
-3.000000000000000000e+01
-2.900000000000000000e+01
-2.800000000000000000e+01
-2.700000000000000000e+01
-2.600000000000000000e+01
-2.500000000000000000e+01
-2.400000000000000000e+01
-2.300000000000000000e+01
-2.200000000000000000e+01
-2.100000000000000000e+01
-2.000000000000000000e+01
-1.900000000000000000e+01
-1.800000000000000000e+01
-1.700000000000000000e+01
-1.600000000000000000e+01
-1.500000000000000000e+01
-1.400000000000000000e+01
-1.300000000000000000e+01
-1.200000000000000000e+01
-1.100000000000000000e+01
-1.000000000000000000e+01
-9.000000000000000000e+00
-8.000000000000000000e+00
-7.000000000000000000e+00
-6.000000000000000000e+00
-5.000000000000000000e+00
-4.000000000000000000e+00
-3.000000000000000000e+00
-2.000000000000000000e+00
-1.000000000000000000e+00
0.000000000000000000e+00
1.000000000000000000e+00
2.000000000000000000e+00
3.000000000000000000e+00
4.000000000000000000e+00
5.000000000000000000e+00
6.000000000000000000e+00
7.000000000000000000e+00
8.000000000000000000e+00
9.000000000000000000e+00
1.000000000000000000e+01
1.100000000000000000e+01
1.200000000000000000e+01
1.300000000000000000e+01
1.400000000000000000e+01
1.500000000000000000e+01
1.600000000000000000e+01
1.700000000000000000e+01
1.800000000000000000e+01
1.900000000000000000e+01
2.000000000000000000e+01
2.100000000000000000e+01
2.200000000000000000e+01
2.300000000000000000e+01
2.400000000000000000e+01
2.500000000000000000e+01
2.600000000000000000e+01
2.700000000000000000e+01
2.800000000000000000e+01
2.900000000000000000e+01
3.000000000000000000e+01
3.100000000000000000e+01
3.200000000000000000e+01
3.300000000000000000e+01
3.400000000000000000e+01
3.500000000000000000e+01
3.600000000000000000e+01
3.700000000000000000e+01
3.800000000000000000e+01
3.900000000000000000e+01
4.000000000000000000e+01
4.100000000000000000e+01
4.200000000000000000e+01
4.300000000000000000e+01
4.400000000000000000e+01
4.500000000000000000e+01
4.600000000000000000e+01
4.700000000000000000e+01
4.800000000000000000e+01
4.900000000000000000e+01
5.000000000000000000e+01
5.100000000000000000e+01
5.200000000000000000e+01
5.300000000000000000e+01
5.400000000000000000e+01
5.500000000000000000e+01
5.600000000000000000e+01
5.700000000000000000e+01
5.800000000000000000e+01
5.900000000000000000e+01
6.000000000000000000e+01
6.100000000000000000e+01
6.200000000000000000e+01
6.300000000000000000e+01
6.400000000000000000e+01
6.500000000000000000e+01
6.600000000000000000e+01
6.700000000000000000e+01
6.800000000000000000e+01
6.900000000000000000e+01
7.000000000000000000e+01
7.100000000000000000e+01
7.200000000000000000e+01
7.300000000000000000e+01
7.400000000000000000e+01
7.500000000000000000e+01
7.600000000000000000e+01
7.700000000000000000e+01
7.800000000000000000e+01
7.900000000000000000e+01
8.000000000000000000e+01
8.100000000000000000e+01
8.200000000000000000e+01
8.300000000000000000e+01
8.400000000000000000e+01
8.500000000000000000e+01
8.600000000000000000e+01
8.700000000000000000e+01
8.800000000000000000e+01
8.900000000000000000e+01
9.000000000000000000e+01
9.100000000000000000e+01
9.200000000000000000e+01
9.300000000000000000e+01
9.400000000000000000e+01
9.500000000000000000e+01
9.600000000000000000e+01
9.700000000000000000e+01
9.800000000000000000e+01
9.900000000000000000e+01
