single photon fraction:    0.1069
laser fraction:    0.1950
thermal source fraction:    0.5912
non-detected fraction:    0.1069
number of bins:  200.0000
bin width (ns):    1.0000
average detection events per bin: 5000.0000

# binary result
0.000000000000000000e+00

# g2 signal
1.004262692357933862e+00
1.004938356873985583e+00
9.830918708549858387e-01
9.862449719298929107e-01
9.711551310714086060e-01
1.017100318162913242e+00
9.810648773068312289e-01
1.012145445045201875e+00
1.021154305259222461e+00
9.817405418228827285e-01
1.017100318162913242e+00
1.010118451497047154e+00
9.761100041891198620e-01
9.911998450476042777e-01
1.022055191280624387e+00
1.009217565475645229e+00
9.598940558038829840e-01
9.821909848335836912e-01
9.975060471974185328e-01
9.905241805315526671e-01
1.010568894507748228e+00
1.011469780529150375e+00
9.790378837586766192e-01
1.008541900959593729e+00
1.012370666550552301e+00
1.001109591283026790e+00
9.918755095636557773e-01
9.869206364459445213e-01
9.993078192402227167e-01
9.945781676278618866e-01
9.959294966599649968e-01
1.006740128916789656e+00
9.765604471998209357e-01
1.004262692357933862e+00
9.817405418228827285e-01
1.006740128916789656e+00
1.010568894507748228e+00
9.970556041867175701e-01
9.981817117134701434e-01
1.009893229991696728e+00
1.001560034293727863e+00
9.959294966599649968e-01
9.580922837610789111e-01
1.008091457948892655e+00
1.009668008486346302e+00
9.977312687027690696e-01
1.011695002034500801e+00
1.003812249347233010e+00
1.013496774077304874e+00
9.988573762295216429e-01
9.918755095636557773e-01
1.001334812788377215e+00
9.966051611760164963e-01
1.009668008486346302e+00
9.857945289191919480e-01
9.923259525743567400e-01
9.713803525767591429e-01
9.779117762319240459e-01
1.004713135368634935e+00
1.020253419237820314e+00
1.014622881604057447e+00
9.898485160155011675e-01
9.878215224673465578e-01
1.014848103109408095e+00
1.007415793432841156e+00
9.828666493496353018e-01
1.007866236443542229e+00
1.001334812788377215e+00
9.961547181653155336e-01
9.923259525743567400e-01
9.725064601035117162e-01
1.009893229991696728e+00
1.023631741818078034e+00
9.997582622509236794e-01
9.643984859108932772e-01
1.003136584831181288e+00
1.003361806336531936e+00
9.925511740797072768e-01
1.030613608483943899e+00
9.808396558014806921e-01
1.004037470852583436e+00
9.725064601035117162e-01
9.720560170928106425e-01
1.006514907411439008e+00
1.003812249347233010e+00
1.002911363325830862e+00
9.957042751546144599e-01
1.011695002034500801e+00
1.011469780529150375e+00
1.013271552571954448e+00
9.952538321439134972e-01
1.013496774077304874e+00
9.916502880583052404e-01
1.006289685906088582e+00
1.031289272999995399e+00
9.963799396706659595e-01
1.029937943967892400e+00
9.896232945101506306e-01
9.821909848335836912e-01
9.848936428977899116e-01
1.527677470792524250e+00
1.014848103109408095e+00
9.839927568763878751e-01
1.012145445045201875e+00
9.990825977348721798e-01
1.040748576224716837e+00
9.968303826813670332e-01
9.927763955850578137e-01
9.959294966599649968e-01
9.844431998870888378e-01
9.700290235446560327e-01
1.007190571927490508e+00
1.016875096657562594e+00
9.826414278442847650e-01
1.006514907411439008e+00
9.972808256920681069e-01
9.810648773068312289e-01
1.026109178376933606e+00
1.009668008486346302e+00
1.001560034293727863e+00
1.011695002034500801e+00
9.869206364459445213e-01
9.857945289191919480e-01
1.002010477304428715e+00
9.914250665529547035e-01
1.014397660098707021e+00
9.900737375208517044e-01
1.002010477304428715e+00
1.011695002034500801e+00
9.936772816064598501e-01
9.945781676278618866e-01
9.851188644031404484e-01
9.844431998870888378e-01
9.943529461225113497e-01
9.993078192402227167e-01
1.004487913863284509e+00
9.846684213924393747e-01
1.013947217088005948e+00
9.860197504245424849e-01
1.013947217088005948e+00
9.914250665529547035e-01
9.981817117134701434e-01
1.022055191280624387e+00
1.011019337518449301e+00
9.873710794566454840e-01
9.860197504245424849e-01
9.853440859084908743e-01
1.032415380526747972e+00
9.988573762295216429e-01
9.887224084887485942e-01
9.921007310690063141e-01
9.916502880583052404e-01
9.927763955850578137e-01
1.015298546120108947e+00
9.941277246171609239e-01
1.020253419237820314e+00
9.765604471998209357e-01
9.927763955850578137e-01
9.981817117134701434e-01
9.765604471998209357e-01
9.632723783841407039e-01
9.891728514994496679e-01
9.704794665553571065e-01
9.887224084887485942e-01
1.012821109561253374e+00
9.835423138656868014e-01
9.918755095636557773e-01
9.911998450476042777e-01
1.002460920315129789e+00
1.023181298807376960e+00
1.004037470852583436e+00
9.954790536492639230e-01
1.017100318162913242e+00
1.020929083753871813e+00
9.779117762319240459e-01
9.963799396706659595e-01
1.013496774077304874e+00
9.984069332188205692e-01
9.907494020369032039e-01
1.008767122464944155e+00
9.716055740821096798e-01
9.997582622509236794e-01
9.909746235422537408e-01
9.731821246195632158e-01
1.012145445045201875e+00
9.932268385957588874e-01
1.003361806336531936e+00
9.966051611760164963e-01
9.893980730048000938e-01
1.004938356873985583e+00
1.015298546120108947e+00
9.824162063389342281e-01
9.722812385981611794e-01
1.013947217088005948e+00
1.004487913863284509e+00
9.984069332188205692e-01
1.006740128916789656e+00
1.025433513860882107e+00
1.004037470852583436e+00
1.005839242895387509e+00

# time bin value
-1.000000000000000000e+02
-9.900000000000000000e+01
-9.800000000000000000e+01
-9.700000000000000000e+01
-9.600000000000000000e+01
-9.500000000000000000e+01
-9.400000000000000000e+01
-9.300000000000000000e+01
-9.200000000000000000e+01
-9.100000000000000000e+01
-9.000000000000000000e+01
-8.900000000000000000e+01
-8.800000000000000000e+01
-8.700000000000000000e+01
-8.600000000000000000e+01
-8.500000000000000000e+01
-8.400000000000000000e+01
-8.300000000000000000e+01
-8.200000000000000000e+01
-8.100000000000000000e+01
-8.000000000000000000e+01
-7.900000000000000000e+01
-7.800000000000000000e+01
-7.700000000000000000e+01
-7.600000000000000000e+01
-7.500000000000000000e+01
-7.400000000000000000e+01
-7.300000000000000000e+01
-7.200000000000000000e+01
-7.100000000000000000e+01
-7.000000000000000000e+01
-6.900000000000000000e+01
-6.800000000000000000e+01
-6.700000000000000000e+01
-6.600000000000000000e+01
-6.500000000000000000e+01
-6.400000000000000000e+01
-6.300000000000000000e+01
-6.200000000000000000e+01
-6.100000000000000000e+01
-6.000000000000000000e+01
-5.900000000000000000e+01
-5.800000000000000000e+01
-5.700000000000000000e+01
-5.600000000000000000e+01
-5.500000000000000000e+01
-5.400000000000000000e+01
-5.300000000000000000e+01
-5.200000000000000000e+01
-5.100000000000000000e+01
-5.000000000000000000e+01
-4.900000000000000000e+01
-4.800000000000000000e+01
-4.700000000000000000e+01
-4.600000000000000000e+01
-4.500000000000000000e+01
-4.400000000000000000e+01
-4.300000000000000000e+01
-4.200000000000000000e+01
-4.100000000000000000e+01
-4.000000000000000000e+01
-3.900000000000000000e+01
-3.800000000000000000e+01
-3.700000000000000000e+01
-3.600000000000000000e+01
-3.500000000000000000e+01
-3.400000000000000000e+01
-3.300000000000000000e+01
-3.200000000000000000e+01
-3.100000000000000000e+01
-3.000000000000000000e+01
-2.900000000000000000e+01
-2.800000000000000000e+01
-2.700000000000000000e+01
-2.600000000000000000e+01
-2.500000000000000000e+01
-2.400000000000000000e+01
-2.300000000000000000e+01
-2.200000000000000000e+01
-2.100000000000000000e+01
-2.000000000000000000e+01
-1.900000000000000000e+01
-1.800000000000000000e+01
-1.700000000000000000e+01
-1.600000000000000000e+01
-1.500000000000000000e+01
-1.400000000000000000e+01
-1.300000000000000000e+01
-1.200000000000000000e+01
-1.100000000000000000e+01
-1.000000000000000000e+01
-9.000000000000000000e+00
-8.000000000000000000e+00
-7.000000000000000000e+00
-6.000000000000000000e+00
-5.000000000000000000e+00
-4.000000000000000000e+00
-3.000000000000000000e+00
-2.000000000000000000e+00
-1.000000000000000000e+00
0.000000000000000000e+00
1.000000000000000000e+00
2.000000000000000000e+00
3.000000000000000000e+00
4.000000000000000000e+00
5.000000000000000000e+00
6.000000000000000000e+00
7.000000000000000000e+00
8.000000000000000000e+00
9.000000000000000000e+00
1.000000000000000000e+01
1.100000000000000000e+01
1.200000000000000000e+01
1.300000000000000000e+01
1.400000000000000000e+01
1.500000000000000000e+01
1.600000000000000000e+01
1.700000000000000000e+01
1.800000000000000000e+01
1.900000000000000000e+01
2.000000000000000000e+01
2.100000000000000000e+01
2.200000000000000000e+01
2.300000000000000000e+01
2.400000000000000000e+01
2.500000000000000000e+01
2.600000000000000000e+01
2.700000000000000000e+01
2.800000000000000000e+01
2.900000000000000000e+01
3.000000000000000000e+01
3.100000000000000000e+01
3.200000000000000000e+01
3.300000000000000000e+01
3.400000000000000000e+01
3.500000000000000000e+01
3.600000000000000000e+01
3.700000000000000000e+01
3.800000000000000000e+01
3.900000000000000000e+01
4.000000000000000000e+01
4.100000000000000000e+01
4.200000000000000000e+01
4.300000000000000000e+01
4.400000000000000000e+01
4.500000000000000000e+01
4.600000000000000000e+01
4.700000000000000000e+01
4.800000000000000000e+01
4.900000000000000000e+01
5.000000000000000000e+01
5.100000000000000000e+01
5.200000000000000000e+01
5.300000000000000000e+01
5.400000000000000000e+01
5.500000000000000000e+01
5.600000000000000000e+01
5.700000000000000000e+01
5.800000000000000000e+01
5.900000000000000000e+01
6.000000000000000000e+01
6.100000000000000000e+01
6.200000000000000000e+01
6.300000000000000000e+01
6.400000000000000000e+01
6.500000000000000000e+01
6.600000000000000000e+01
6.700000000000000000e+01
6.800000000000000000e+01
6.900000000000000000e+01
7.000000000000000000e+01
7.100000000000000000e+01
7.200000000000000000e+01
7.300000000000000000e+01
7.400000000000000000e+01
7.500000000000000000e+01
7.600000000000000000e+01
7.700000000000000000e+01
7.800000000000000000e+01
7.900000000000000000e+01
8.000000000000000000e+01
8.100000000000000000e+01
8.200000000000000000e+01
8.300000000000000000e+01
8.400000000000000000e+01
8.500000000000000000e+01
8.600000000000000000e+01
8.700000000000000000e+01
8.800000000000000000e+01
8.900000000000000000e+01
9.000000000000000000e+01
9.100000000000000000e+01
9.200000000000000000e+01
9.300000000000000000e+01
9.400000000000000000e+01
9.500000000000000000e+01
9.600000000000000000e+01
9.700000000000000000e+01
9.800000000000000000e+01
9.900000000000000000e+01
