single photon fraction:    0.1510
laser fraction:    0.5104
thermal source fraction:    0.1823
non-detected fraction:    0.1562
number of bins:  200.0000
bin width (ns):    1.0000
average detection events per bin: 5000.0000

# binary result
0.000000000000000000e+00

# g2 signal
1.014711732147862033e+00
1.001372798579721168e+00
1.007327679636926820e+00
9.782678600777627853e-01
9.846991316195450317e-01
9.811262029852215738e-01
9.854137173464097010e-01
1.004707531971756440e+00
1.026145103777697187e+00
9.970852842185330411e-01
1.003754751002603474e+00
1.021857589416508949e+00
9.689782456285218615e-01
1.014235341663285661e+00
9.927977698573449139e-01
9.925595746150566168e-01
9.947033317956507359e-01
9.673108789325042256e-01
1.005660312940909407e+00
9.827935696812392097e-01
9.951797222802272191e-01
9.968470889762447440e-01
9.925595746150566168e-01
1.003040165275738804e+00
9.885102554961566756e-01
1.015902708359303297e+00
9.775532743508981159e-01
1.012567974967268025e+00
1.021143003689644280e+00
9.646907312673336232e-01
9.977998699453977105e-01
9.992290413991270492e-01
9.873192792847155230e-01
9.951797222802272191e-01
1.016379098843879669e+00
1.014235341663285661e+00
1.022572175143373618e+00
1.012567974967268025e+00
9.839845458926803623e-01
1.021857589416508949e+00
9.947033317956507359e-01
1.005422117698621109e+00
9.658817074787747758e-01
9.866046935578508537e-01
9.989908461568388631e-01
1.050441018491096612e+00
1.004469336729468143e+00
9.982762604299741938e-01
1.009233241575232753e+00
1.025192322808544221e+00
9.956561127648035914e-01
1.003992946244891771e+00
9.839845458926803623e-01
1.024715932323967849e+00
1.014473536905573736e+00
1.007804070121503415e+00
9.987526509145506770e-01
1.012329779724979728e+00
1.015664513117015000e+00
1.031147203865749873e+00
1.004945727214044515e+00
1.014949927390150330e+00
1.034243742015497070e+00
9.818407887120862432e-01
9.954179175225154053e-01
1.009471436817521051e+00
9.856519125886979982e-01
9.923213793727684306e-01
9.842227411349685484e-01
1.006136703425485779e+00
1.006374898667774076e+00
9.920831841304801335e-01
1.008995046332944456e+00
9.961325032493800746e-01
9.958943080070918885e-01
9.942269413110742526e-01
1.014949927390150330e+00
9.866046935578508537e-01
9.875574745270038202e-01
1.012091584482691431e+00
9.954179175225154053e-01
9.989908461568388631e-01
9.877956697692920063e-01
9.963706984916683718e-01
9.994672366414153464e-01
1.019475636993626644e+00
9.987526509145506770e-01
1.011138803513538686e+00
9.968470889762447440e-01
1.018522856024473677e+00
9.842227411349685484e-01
9.918449888881919474e-01
1.020428417962779610e+00
9.963706984916683718e-01
9.634997550558924706e-01
9.947033317956507359e-01
9.832699601658156929e-01
1.017331879813032636e+00
1.042104185011008655e+00
1.004707531971756440e+00
1.031861789592614764e+00
9.961325032493800746e-01
1.003040165275738804e+00
1.005422117698621109e+00
9.718365885359805389e-01
9.977998699453977105e-01
9.863664983155626675e-01
9.977998699453977105e-01
1.005422117698621109e+00
1.003040165275738804e+00
9.827935696812392097e-01
9.777914695931863021e-01
9.777914695931863021e-01
1.001134603337432871e+00
9.999436271259918296e-01
1.003992946244891771e+00
9.863664983155626675e-01
9.446823309151223258e-01
9.949415270379389220e-01
9.961325032493800746e-01
9.968470889762447440e-01
1.002325579548874135e+00
1.025192322808544221e+00
1.012806170209556322e+00
1.003754751002603474e+00
9.906540126767507948e-01
9.942269413110742526e-01
9.844609363772568456e-01
1.010186022544385720e+00
9.908922079190389809e-01
9.999436271259918296e-01
1.009709632059809126e+00
1.029718032412020534e+00
1.003754751002603474e+00
9.966088937339565579e-01
1.006613093910062151e+00
1.010900608271250389e+00
9.908922079190389809e-01
1.017808270297609008e+00
1.008756851090656381e+00
1.013520755936420992e+00
1.019475636993626644e+00
1.003516555760315176e+00
1.004707531971756440e+00
9.954179175225154053e-01
9.789824458046274547e-01
9.682636599016570811e-01
1.003992946244891771e+00
1.008280460606079787e+00
9.849373268618332178e-01
1.006374898667774076e+00
1.027097884746850154e+00
1.018522856024473677e+00
1.004945727214044515e+00
9.975616747031095244e-01
1.031147203865749873e+00
9.954179175225154053e-01
1.004231141487179846e+00
1.017808270297609008e+00
9.758859076548804801e-01
9.949415270379389220e-01
1.001849189064297541e+00
9.963706984916683718e-01
1.023048565627950213e+00
9.930359650996331000e-01
1.013758951178709067e+00
9.813643982275097599e-01
9.804116172583569044e-01
1.007565874879215118e+00
9.842227411349685484e-01
9.966088937339565579e-01
1.021381198931932577e+00
9.913685984036154641e-01
1.002563774791162210e+00
9.842227411349685484e-01
1.009471436817521051e+00
9.904158174344626087e-01
9.992290413991270492e-01
9.925595746150566168e-01
1.005660312940909407e+00
9.823171791966627264e-01
1.001134603337432871e+00
9.989908461568388631e-01
1.004707531971756440e+00
1.003516555760315176e+00
9.868428888001391508e-01
9.777914695931863021e-01
9.854137173464097010e-01
1.015188122632438628e+00
9.763622981394569633e-01
1.023763151354814882e+00
1.008280460606079787e+00
9.811262029852215738e-01
9.835081554081038790e-01
9.901776221921743115e-01
1.006374898667774076e+00
1.014473536905573736e+00
9.975616747031095244e-01
1.027574275231426526e+00
9.889866459807331589e-01

# time bin value
-1.000000000000000000e+02
-9.900000000000000000e+01
-9.800000000000000000e+01
-9.700000000000000000e+01
-9.600000000000000000e+01
-9.500000000000000000e+01
-9.400000000000000000e+01
-9.300000000000000000e+01
-9.200000000000000000e+01
-9.100000000000000000e+01
-9.000000000000000000e+01
-8.900000000000000000e+01
-8.800000000000000000e+01
-8.700000000000000000e+01
-8.600000000000000000e+01
-8.500000000000000000e+01
-8.400000000000000000e+01
-8.300000000000000000e+01
-8.200000000000000000e+01
-8.100000000000000000e+01
-8.000000000000000000e+01
-7.900000000000000000e+01
-7.800000000000000000e+01
-7.700000000000000000e+01
-7.600000000000000000e+01
-7.500000000000000000e+01
-7.400000000000000000e+01
-7.300000000000000000e+01
-7.200000000000000000e+01
-7.100000000000000000e+01
-7.000000000000000000e+01
-6.900000000000000000e+01
-6.800000000000000000e+01
-6.700000000000000000e+01
-6.600000000000000000e+01
-6.500000000000000000e+01
-6.400000000000000000e+01
-6.300000000000000000e+01
-6.200000000000000000e+01
-6.100000000000000000e+01
-6.000000000000000000e+01
-5.900000000000000000e+01
-5.800000000000000000e+01
-5.700000000000000000e+01
-5.600000000000000000e+01
-5.500000000000000000e+01
-5.400000000000000000e+01
-5.300000000000000000e+01
-5.200000000000000000e+01
-5.100000000000000000e+01
-5.000000000000000000e+01
-4.900000000000000000e+01
-4.800000000000000000e+01
-4.700000000000000000e+01
-4.600000000000000000e+01
-4.500000000000000000e+01
-4.400000000000000000e+01
-4.300000000000000000e+01
-4.200000000000000000e+01
-4.100000000000000000e+01
-4.000000000000000000e+01
-3.900000000000000000e+01
-3.800000000000000000e+01
-3.700000000000000000e+01
-3.600000000000000000e+01
-3.500000000000000000e+01
-3.400000000000000000e+01
-3.300000000000000000e+01
-3.200000000000000000e+01
-3.100000000000000000e+01
-3.000000000000000000e+01
-2.900000000000000000e+01
-2.800000000000000000e+01
-2.700000000000000000e+01
-2.600000000000000000e+01
-2.500000000000000000e+01
-2.400000000000000000e+01
-2.300000000000000000e+01
-2.200000000000000000e+01
-2.100000000000000000e+01
-2.000000000000000000e+01
-1.900000000000000000e+01
-1.800000000000000000e+01
-1.700000000000000000e+01
-1.600000000000000000e+01
-1.500000000000000000e+01
-1.400000000000000000e+01
-1.300000000000000000e+01
-1.200000000000000000e+01
-1.100000000000000000e+01
-1.000000000000000000e+01
-9.000000000000000000e+00
-8.000000000000000000e+00
-7.000000000000000000e+00
-6.000000000000000000e+00
-5.000000000000000000e+00
-4.000000000000000000e+00
-3.000000000000000000e+00
-2.000000000000000000e+00
-1.000000000000000000e+00
0.000000000000000000e+00
1.000000000000000000e+00
2.000000000000000000e+00
3.000000000000000000e+00
4.000000000000000000e+00
5.000000000000000000e+00
6.000000000000000000e+00
7.000000000000000000e+00
8.000000000000000000e+00
9.000000000000000000e+00
1.000000000000000000e+01
1.100000000000000000e+01
1.200000000000000000e+01
1.300000000000000000e+01
1.400000000000000000e+01
1.500000000000000000e+01
1.600000000000000000e+01
1.700000000000000000e+01
1.800000000000000000e+01
1.900000000000000000e+01
2.000000000000000000e+01
2.100000000000000000e+01
2.200000000000000000e+01
2.300000000000000000e+01
2.400000000000000000e+01
2.500000000000000000e+01
2.600000000000000000e+01
2.700000000000000000e+01
2.800000000000000000e+01
2.900000000000000000e+01
3.000000000000000000e+01
3.100000000000000000e+01
3.200000000000000000e+01
3.300000000000000000e+01
3.400000000000000000e+01
3.500000000000000000e+01
3.600000000000000000e+01
3.700000000000000000e+01
3.800000000000000000e+01
3.900000000000000000e+01
4.000000000000000000e+01
4.100000000000000000e+01
4.200000000000000000e+01
4.300000000000000000e+01
4.400000000000000000e+01
4.500000000000000000e+01
4.600000000000000000e+01
4.700000000000000000e+01
4.800000000000000000e+01
4.900000000000000000e+01
5.000000000000000000e+01
5.100000000000000000e+01
5.200000000000000000e+01
5.300000000000000000e+01
5.400000000000000000e+01
5.500000000000000000e+01
5.600000000000000000e+01
5.700000000000000000e+01
5.800000000000000000e+01
5.900000000000000000e+01
6.000000000000000000e+01
6.100000000000000000e+01
6.200000000000000000e+01
6.300000000000000000e+01
6.400000000000000000e+01
6.500000000000000000e+01
6.600000000000000000e+01
6.700000000000000000e+01
6.800000000000000000e+01
6.900000000000000000e+01
7.000000000000000000e+01
7.100000000000000000e+01
7.200000000000000000e+01
7.300000000000000000e+01
7.400000000000000000e+01
7.500000000000000000e+01
7.600000000000000000e+01
7.700000000000000000e+01
7.800000000000000000e+01
7.900000000000000000e+01
8.000000000000000000e+01
8.100000000000000000e+01
8.200000000000000000e+01
8.300000000000000000e+01
8.400000000000000000e+01
8.500000000000000000e+01
8.600000000000000000e+01
8.700000000000000000e+01
8.800000000000000000e+01
8.900000000000000000e+01
9.000000000000000000e+01
9.100000000000000000e+01
9.200000000000000000e+01
9.300000000000000000e+01
9.400000000000000000e+01
9.500000000000000000e+01
9.600000000000000000e+01
9.700000000000000000e+01
9.800000000000000000e+01
9.900000000000000000e+01
