single photon fraction:    0.0712
laser fraction:    0.3446
thermal source fraction:    0.3670
non-detected fraction:    0.2172
number of bins:  200.0000
bin width (ns):    1.0000
average detection events per bin: 5000.0000

# binary result
0.000000000000000000e+00

# g2 signal
1.008113920471584102e+00
9.844661691499660972e-01
9.988604525631249453e-01
1.014539939852458605e+00
9.896069846546656779e-01
9.980893302374199694e-01
9.965470855860101285e-01
1.005286471943999338e+00
9.926914739574854707e-01
1.024821570861857767e+00
1.011455450549638924e+00
9.824098429480863093e-01
9.888358623289608129e-01
1.002973104966884632e+00
1.025335652412327603e+00
9.944907593841303406e-01
9.831809652737912852e-01
9.818957613976163623e-01
9.793253536452666275e-01
1.008370961246819020e+00
9.793253536452666275e-01
9.687866818606324371e-01
9.960330040355401815e-01
9.901210662051356248e-01
1.014025858301988547e+00
9.898640254299007069e-01
1.000659737989769704e+00
1.038187691174076610e+00
9.764979051176818636e-01
9.978322894621850514e-01
9.816387206223813333e-01
9.878076992280208080e-01
1.001430860315474680e+00
9.896069846546656779e-01
1.011198409774403784e+00
1.017110347604808451e+00
1.006828716595409290e+00
9.908921885308406008e-01
9.890929031041957309e-01
9.932055555079554177e-01
1.008370961246819020e+00
1.015054021402928441e+00
1.011969532100108760e+00
1.005543512719234256e+00
9.883217807784908659e-01
9.962900448107750995e-01
1.020451877682863051e+00
9.983463710126549984e-01
9.836950468242612322e-01
1.005800553494469396e+00
9.908921885308406008e-01
1.001430860315474680e+00
9.854943322509061021e-01
9.937196370584253646e-01
9.875506584527858900e-01
9.806105575214414394e-01
9.960330040355401815e-01
1.019423714581923157e+00
9.898640254299007069e-01
9.970611671364800754e-01
1.000145656439299868e+00
9.970611671364800754e-01
9.980893302374199694e-01
9.988604525631249453e-01
9.878076992280208080e-01
1.007342798145879126e+00
9.916633108565455768e-01
9.919203516317804947e-01
9.867795361270809140e-01
9.947478001593652586e-01
1.008628002022054160e+00
9.950048409346002876e-01
9.862654545766109671e-01
1.022765244659977979e+00
9.947478001593652586e-01
1.003230145742119550e+00
9.821528021728513913e-01
1.006828716595409290e+00
1.003744227292589608e+00
1.009142083572523996e+00
9.939766778336602826e-01
1.007342798145879126e+00
1.036388405747431740e+00
1.066462176449924248e+00
1.009399124347758914e+00
1.008628002022054160e+00
1.028420141715147507e+00
9.926914739574854707e-01
9.798394351957365744e-01
1.029962386366557237e+00
9.978322894621850514e-01
9.554205615484135938e-01
9.816387206223813333e-01
1.007342798145879126e+00
1.036388405747431740e+00
1.003744227292589608e+00
9.808675982966764684e-01
1.006314635044939232e+00
1.016082184503868557e+00
1.005286471943999338e+00
1.400358143480160633e+00
9.965470855860101285e-01
1.007599838921114266e+00
9.973182079117149934e-01
9.893499438794307599e-01
1.007342798145879126e+00
9.991174933383598633e-01
9.957759632603051525e-01
1.016082184503868557e+00
9.865224953518459960e-01
1.037673609623606552e+00
9.597902547274081986e-01
9.857513730261410201e-01
1.001430860315474680e+00
9.777831089938566755e-01
9.921773924070155237e-01
1.007599838921114266e+00
9.749556604662719117e-01
9.998886156640648393e-01
9.865224953518459960e-01
9.821528021728513913e-01
9.785542313195616515e-01
9.903781069803706538e-01
1.012226572875343678e+00
1.020194836907628133e+00
1.000659737989769704e+00
9.816387206223813333e-01
9.962900448107750995e-01
1.015568102953398499e+00
1.005029431168764420e+00
9.965470855860101285e-01
1.027391978614207391e+00
9.795823944205015454e-01
1.012997695201048654e+00
1.007599838921114266e+00
9.914062700813105478e-01
9.916633108565455768e-01
9.862654545766109671e-01
1.012997695201048654e+00
1.020194836907628133e+00
9.603043362778781455e-01
9.875506584527858900e-01
1.001173819540239762e+00
9.785542313195616515e-01
1.018138510705748345e+00
9.950048409346002876e-01
9.726422934891570948e-01
1.008885042797289078e+00
1.016596266054338393e+00
9.934625962831903356e-01
9.723852527139221769e-01
9.777831089938566755e-01
9.934625962831903356e-01
9.854943322509061021e-01
1.014796980627693523e+00
1.026620856288502637e+00
1.023793407760917873e+00
1.032018712568437024e+00
9.973182079117149934e-01
9.929485147327203887e-01
1.036645446522666658e+00
9.965470855860101285e-01
9.929485147327203887e-01
1.006571675820174150e+00
9.952618817098352055e-01
1.018395551480983263e+00
1.017110347604808451e+00
9.844661691499660972e-01
1.005029431168764420e+00
1.018909633031453099e+00
9.885788215537257839e-01
1.012226572875343678e+00
9.803535167462065214e-01
1.008885042797289078e+00
1.016596266054338393e+00
9.731563750396271528e-01
9.854943322509061021e-01
1.005543512719234256e+00
9.775260682186217576e-01
9.790683128700315985e-01
9.955189224850702345e-01
9.834380060490262032e-01
9.641599479064029143e-01
1.001687901090709598e+00
9.924344331822504417e-01
9.968041263612450464e-01
1.021737081559037863e+00
9.795823944205015454e-01
9.872936176775508610e-01
9.770119866681518106e-01
9.973182079117149934e-01
9.944907593841303406e-01
9.934625962831903356e-01
1.015568102953398499e+00
1.005543512719234256e+00
1.002973104966884632e+00
1.004001268067824526e+00
9.919203516317804947e-01
1.005286471943999338e+00
9.836950468242612322e-01

# time bin value
-1.000000000000000000e+02
-9.900000000000000000e+01
-9.800000000000000000e+01
-9.700000000000000000e+01
-9.600000000000000000e+01
-9.500000000000000000e+01
-9.400000000000000000e+01
-9.300000000000000000e+01
-9.200000000000000000e+01
-9.100000000000000000e+01
-9.000000000000000000e+01
-8.900000000000000000e+01
-8.800000000000000000e+01
-8.700000000000000000e+01
-8.600000000000000000e+01
-8.500000000000000000e+01
-8.400000000000000000e+01
-8.300000000000000000e+01
-8.200000000000000000e+01
-8.100000000000000000e+01
-8.000000000000000000e+01
-7.900000000000000000e+01
-7.800000000000000000e+01
-7.700000000000000000e+01
-7.600000000000000000e+01
-7.500000000000000000e+01
-7.400000000000000000e+01
-7.300000000000000000e+01
-7.200000000000000000e+01
-7.100000000000000000e+01
-7.000000000000000000e+01
-6.900000000000000000e+01
-6.800000000000000000e+01
-6.700000000000000000e+01
-6.600000000000000000e+01
-6.500000000000000000e+01
-6.400000000000000000e+01
-6.300000000000000000e+01
-6.200000000000000000e+01
-6.100000000000000000e+01
-6.000000000000000000e+01
-5.900000000000000000e+01
-5.800000000000000000e+01
-5.700000000000000000e+01
-5.600000000000000000e+01
-5.500000000000000000e+01
-5.400000000000000000e+01
-5.300000000000000000e+01
-5.200000000000000000e+01
-5.100000000000000000e+01
-5.000000000000000000e+01
-4.900000000000000000e+01
-4.800000000000000000e+01
-4.700000000000000000e+01
-4.600000000000000000e+01
-4.500000000000000000e+01
-4.400000000000000000e+01
-4.300000000000000000e+01
-4.200000000000000000e+01
-4.100000000000000000e+01
-4.000000000000000000e+01
-3.900000000000000000e+01
-3.800000000000000000e+01
-3.700000000000000000e+01
-3.600000000000000000e+01
-3.500000000000000000e+01
-3.400000000000000000e+01
-3.300000000000000000e+01
-3.200000000000000000e+01
-3.100000000000000000e+01
-3.000000000000000000e+01
-2.900000000000000000e+01
-2.800000000000000000e+01
-2.700000000000000000e+01
-2.600000000000000000e+01
-2.500000000000000000e+01
-2.400000000000000000e+01
-2.300000000000000000e+01
-2.200000000000000000e+01
-2.100000000000000000e+01
-2.000000000000000000e+01
-1.900000000000000000e+01
-1.800000000000000000e+01
-1.700000000000000000e+01
-1.600000000000000000e+01
-1.500000000000000000e+01
-1.400000000000000000e+01
-1.300000000000000000e+01
-1.200000000000000000e+01
-1.100000000000000000e+01
-1.000000000000000000e+01
-9.000000000000000000e+00
-8.000000000000000000e+00
-7.000000000000000000e+00
-6.000000000000000000e+00
-5.000000000000000000e+00
-4.000000000000000000e+00
-3.000000000000000000e+00
-2.000000000000000000e+00
-1.000000000000000000e+00
0.000000000000000000e+00
1.000000000000000000e+00
2.000000000000000000e+00
3.000000000000000000e+00
4.000000000000000000e+00
5.000000000000000000e+00
6.000000000000000000e+00
7.000000000000000000e+00
8.000000000000000000e+00
9.000000000000000000e+00
1.000000000000000000e+01
1.100000000000000000e+01
1.200000000000000000e+01
1.300000000000000000e+01
1.400000000000000000e+01
1.500000000000000000e+01
1.600000000000000000e+01
1.700000000000000000e+01
1.800000000000000000e+01
1.900000000000000000e+01
2.000000000000000000e+01
2.100000000000000000e+01
2.200000000000000000e+01
2.300000000000000000e+01
2.400000000000000000e+01
2.500000000000000000e+01
2.600000000000000000e+01
2.700000000000000000e+01
2.800000000000000000e+01
2.900000000000000000e+01
3.000000000000000000e+01
3.100000000000000000e+01
3.200000000000000000e+01
3.300000000000000000e+01
3.400000000000000000e+01
3.500000000000000000e+01
3.600000000000000000e+01
3.700000000000000000e+01
3.800000000000000000e+01
3.900000000000000000e+01
4.000000000000000000e+01
4.100000000000000000e+01
4.200000000000000000e+01
4.300000000000000000e+01
4.400000000000000000e+01
4.500000000000000000e+01
4.600000000000000000e+01
4.700000000000000000e+01
4.800000000000000000e+01
4.900000000000000000e+01
5.000000000000000000e+01
5.100000000000000000e+01
5.200000000000000000e+01
5.300000000000000000e+01
5.400000000000000000e+01
5.500000000000000000e+01
5.600000000000000000e+01
5.700000000000000000e+01
5.800000000000000000e+01
5.900000000000000000e+01
6.000000000000000000e+01
6.100000000000000000e+01
6.200000000000000000e+01
6.300000000000000000e+01
6.400000000000000000e+01
6.500000000000000000e+01
6.600000000000000000e+01
6.700000000000000000e+01
6.800000000000000000e+01
6.900000000000000000e+01
7.000000000000000000e+01
7.100000000000000000e+01
7.200000000000000000e+01
7.300000000000000000e+01
7.400000000000000000e+01
7.500000000000000000e+01
7.600000000000000000e+01
7.700000000000000000e+01
7.800000000000000000e+01
7.900000000000000000e+01
8.000000000000000000e+01
8.100000000000000000e+01
8.200000000000000000e+01
8.300000000000000000e+01
8.400000000000000000e+01
8.500000000000000000e+01
8.600000000000000000e+01
8.700000000000000000e+01
8.800000000000000000e+01
8.900000000000000000e+01
9.000000000000000000e+01
9.100000000000000000e+01
9.200000000000000000e+01
9.300000000000000000e+01
9.400000000000000000e+01
9.500000000000000000e+01
9.600000000000000000e+01
9.700000000000000000e+01
9.800000000000000000e+01
9.900000000000000000e+01
