single photon fraction:    0.3614
laser fraction:    0.2169
thermal source fraction:    0.3253
non-detected fraction:    0.0964
number of bins:  200.0000
bin width (ns):    1.0000
average detection events per bin: 5000.0000

# binary result
0.000000000000000000e+00

# g2 signal
1.016117677462282654e+00
9.786899708598569836e-01
9.782444029241137429e-01
9.809178105385727431e-01
9.940620646429960683e-01
1.006092398908061458e+00
1.003641775261474134e+00
9.887152494140780679e-01
1.006315182875932912e+00
9.731203716630674183e-01
1.002082287486373069e+00
1.012553133976337394e+00
1.003641775261474134e+00
9.918342249642801978e-01
9.958443363859686981e-01
9.735659395988105480e-01
1.042406185671129304e+00
9.673279884984062882e-01
1.003864559229345588e+00
9.882696814783349382e-01
1.004310127165088717e+00
9.911658730606655032e-01
9.726748037273242886e-01
9.936164967072529386e-01
9.793583227634716781e-01
1.007874670651034199e+00
9.936164967072529386e-01
1.008543022554648783e+00
9.771304830847559186e-01
1.007429102715290847e+00
9.976266081289413279e-01
1.008765806522520458e+00
9.878241135425918085e-01
9.869329776711054381e-01
1.007874670651034199e+00
1.049758056610891499e+00
9.956215524180971332e-01
9.864874097353623084e-01
9.974038241610697630e-01
9.989633119361708280e-01
1.007206318747419393e+00
9.927253608357665682e-01
9.927253608357665682e-01
9.971810401931981982e-01
1.002082287486373069e+00
1.006760750811676264e+00
1.024806252209274238e+00
1.001413935582758263e+00
1.003196207325730782e+00
9.827000822815453729e-01
1.000077231775528652e+00
9.991860959040423928e-01
9.940620646429960683e-01
1.014558189687181589e+00
9.994088798719139577e-01
9.773532670526274835e-01
1.019013869044613108e+00
9.971810401931981982e-01
1.004532911132960393e+00
1.001191151614886587e+00
1.001636719550629717e+00
1.004087343197217264e+00
9.942848486108676331e-01
9.617583893016167229e-01
9.751254273739116130e-01
1.003196207325730782e+00
1.021910060626943784e+00
1.006537966843804588e+00
9.891608173498213086e-01
1.009211374458263588e+00
1.011884782072722588e+00
1.026588523952246979e+00
1.017677165237383718e+00
9.962899043217118278e-01
1.000522799711272004e+00
1.010993646201236329e+00
1.011216430169107783e+00
1.000077231775528652e+00
1.017008813333768913e+00
9.860418417996190676e-01
9.760165632453979834e-01
9.900519532213075680e-01
1.023246764434173173e+00
9.869329776711054381e-01
9.760165632453979834e-01
9.869329776711054381e-01
9.873785456068485678e-01
9.659912846911767881e-01
9.822545143458022432e-01
1.007206318747419393e+00
1.011661998104850912e+00
1.006315182875932912e+00
1.023915116337787978e+00
1.022801196498430043e+00
1.010548078265492977e+00
1.023023980466301719e+00
9.936164967072529386e-01
9.931709287715096979e-01
9.882696814783349382e-01
1.019682220948227913e+00
9.746798594381684833e-01
9.786899708598569836e-01
1.019682220948227913e+00
9.864874097353623084e-01
1.004532911132960393e+00
1.011884782072722588e+00
1.012553133976337394e+00
9.996316638397856336e-01
9.884924654462065030e-01
1.028370795695219497e+00
1.021464492691200654e+00
1.003641775261474134e+00
9.575254939120566577e-01
9.847051379923896786e-01
1.009656942394006718e+00
1.001636719550629717e+00
9.965126882895833926e-01
9.831456502172886136e-01
1.014780973655053042e+00
1.003641775261474134e+00
9.789127548277285484e-01
9.927253608357665682e-01
1.007874670651034199e+00
9.971810401931981982e-01
1.011216430169107783e+00
1.010102510329749848e+00
1.005201263036575199e+00
9.989633119361708280e-01
9.815861624421874376e-01
9.833684341851601785e-01
9.871557616389770029e-01
9.909430890927939384e-01
9.904975211570506977e-01
1.016786029365897237e+00
1.003641775261474134e+00
9.942848486108676331e-01
1.016117677462282654e+00
1.004532911132960393e+00
9.929481448036381330e-01
9.789127548277285484e-01
9.887152494140780679e-01
1.020127788883971043e+00
9.913886570285370681e-01
1.012775917944208848e+00
1.024583468241402784e+00
9.864874097353623084e-01
9.867101937032338732e-01
9.896063852855644383e-01
1.015672109526539524e+00
1.008097454618905653e+00
1.000300015743400328e+00
1.015672109526539524e+00
9.920570089321517626e-01
1.002527855422116199e+00
1.018568301108869978e+00
9.704469640486084181e-01
1.049535272643019823e+00
1.000077231775528652e+00
1.014335405719309913e+00
9.726748037273242886e-01
1.023692332369916302e+00
1.021018924755457302e+00
1.014780973655053042e+00
1.010993646201236329e+00
1.017454381269512043e+00
1.019236653012484783e+00
1.028148011727348043e+00
1.017677165237383718e+00
1.013444269847823653e+00
1.017454381269512043e+00
9.965126882895833926e-01
9.820317303779306783e-01
1.023692332369916302e+00
1.005646830972318329e+00
1.007874670651034199e+00
1.003864559229345588e+00
1.012330350008465718e+00
1.029707499502449108e+00
9.916114409964086329e-01
9.916114409964086329e-01
1.012998701912080524e+00
1.011661998104850912e+00
9.942848486108676331e-01
9.878241135425918085e-01
9.989633119361708280e-01
1.016340461430154107e+00
1.029484715534577433e+00
1.015003757622924718e+00
9.994088798719139577e-01
9.922797929000234385e-01
1.011661998104850912e+00
1.010993646201236329e+00
1.000522799711272004e+00
1.003641775261474134e+00
1.017231597301640589e+00
1.010993646201236329e+00
9.804722426028296134e-01
1.016340461430154107e+00
1.011216430169107783e+00
1.024806252209274238e+00

# time bin value
-1.000000000000000000e+02
-9.900000000000000000e+01
-9.800000000000000000e+01
-9.700000000000000000e+01
-9.600000000000000000e+01
-9.500000000000000000e+01
-9.400000000000000000e+01
-9.300000000000000000e+01
-9.200000000000000000e+01
-9.100000000000000000e+01
-9.000000000000000000e+01
-8.900000000000000000e+01
-8.800000000000000000e+01
-8.700000000000000000e+01
-8.600000000000000000e+01
-8.500000000000000000e+01
-8.400000000000000000e+01
-8.300000000000000000e+01
-8.200000000000000000e+01
-8.100000000000000000e+01
-8.000000000000000000e+01
-7.900000000000000000e+01
-7.800000000000000000e+01
-7.700000000000000000e+01
-7.600000000000000000e+01
-7.500000000000000000e+01
-7.400000000000000000e+01
-7.300000000000000000e+01
-7.200000000000000000e+01
-7.100000000000000000e+01
-7.000000000000000000e+01
-6.900000000000000000e+01
-6.800000000000000000e+01
-6.700000000000000000e+01
-6.600000000000000000e+01
-6.500000000000000000e+01
-6.400000000000000000e+01
-6.300000000000000000e+01
-6.200000000000000000e+01
-6.100000000000000000e+01
-6.000000000000000000e+01
-5.900000000000000000e+01
-5.800000000000000000e+01
-5.700000000000000000e+01
-5.600000000000000000e+01
-5.500000000000000000e+01
-5.400000000000000000e+01
-5.300000000000000000e+01
-5.200000000000000000e+01
-5.100000000000000000e+01
-5.000000000000000000e+01
-4.900000000000000000e+01
-4.800000000000000000e+01
-4.700000000000000000e+01
-4.600000000000000000e+01
-4.500000000000000000e+01
-4.400000000000000000e+01
-4.300000000000000000e+01
-4.200000000000000000e+01
-4.100000000000000000e+01
-4.000000000000000000e+01
-3.900000000000000000e+01
-3.800000000000000000e+01
-3.700000000000000000e+01
-3.600000000000000000e+01
-3.500000000000000000e+01
-3.400000000000000000e+01
-3.300000000000000000e+01
-3.200000000000000000e+01
-3.100000000000000000e+01
-3.000000000000000000e+01
-2.900000000000000000e+01
-2.800000000000000000e+01
-2.700000000000000000e+01
-2.600000000000000000e+01
-2.500000000000000000e+01
-2.400000000000000000e+01
-2.300000000000000000e+01
-2.200000000000000000e+01
-2.100000000000000000e+01
-2.000000000000000000e+01
-1.900000000000000000e+01
-1.800000000000000000e+01
-1.700000000000000000e+01
-1.600000000000000000e+01
-1.500000000000000000e+01
-1.400000000000000000e+01
-1.300000000000000000e+01
-1.200000000000000000e+01
-1.100000000000000000e+01
-1.000000000000000000e+01
-9.000000000000000000e+00
-8.000000000000000000e+00
-7.000000000000000000e+00
-6.000000000000000000e+00
-5.000000000000000000e+00
-4.000000000000000000e+00
-3.000000000000000000e+00
-2.000000000000000000e+00
-1.000000000000000000e+00
0.000000000000000000e+00
1.000000000000000000e+00
2.000000000000000000e+00
3.000000000000000000e+00
4.000000000000000000e+00
5.000000000000000000e+00
6.000000000000000000e+00
7.000000000000000000e+00
8.000000000000000000e+00
9.000000000000000000e+00
1.000000000000000000e+01
1.100000000000000000e+01
1.200000000000000000e+01
1.300000000000000000e+01
1.400000000000000000e+01
1.500000000000000000e+01
1.600000000000000000e+01
1.700000000000000000e+01
1.800000000000000000e+01
1.900000000000000000e+01
2.000000000000000000e+01
2.100000000000000000e+01
2.200000000000000000e+01
2.300000000000000000e+01
2.400000000000000000e+01
2.500000000000000000e+01
2.600000000000000000e+01
2.700000000000000000e+01
2.800000000000000000e+01
2.900000000000000000e+01
3.000000000000000000e+01
3.100000000000000000e+01
3.200000000000000000e+01
3.300000000000000000e+01
3.400000000000000000e+01
3.500000000000000000e+01
3.600000000000000000e+01
3.700000000000000000e+01
3.800000000000000000e+01
3.900000000000000000e+01
4.000000000000000000e+01
4.100000000000000000e+01
4.200000000000000000e+01
4.300000000000000000e+01
4.400000000000000000e+01
4.500000000000000000e+01
4.600000000000000000e+01
4.700000000000000000e+01
4.800000000000000000e+01
4.900000000000000000e+01
5.000000000000000000e+01
5.100000000000000000e+01
5.200000000000000000e+01
5.300000000000000000e+01
5.400000000000000000e+01
5.500000000000000000e+01
5.600000000000000000e+01
5.700000000000000000e+01
5.800000000000000000e+01
5.900000000000000000e+01
6.000000000000000000e+01
6.100000000000000000e+01
6.200000000000000000e+01
6.300000000000000000e+01
6.400000000000000000e+01
6.500000000000000000e+01
6.600000000000000000e+01
6.700000000000000000e+01
6.800000000000000000e+01
6.900000000000000000e+01
7.000000000000000000e+01
7.100000000000000000e+01
7.200000000000000000e+01
7.300000000000000000e+01
7.400000000000000000e+01
7.500000000000000000e+01
7.600000000000000000e+01
7.700000000000000000e+01
7.800000000000000000e+01
7.900000000000000000e+01
8.000000000000000000e+01
8.100000000000000000e+01
8.200000000000000000e+01
8.300000000000000000e+01
8.400000000000000000e+01
8.500000000000000000e+01
8.600000000000000000e+01
8.700000000000000000e+01
8.800000000000000000e+01
8.900000000000000000e+01
9.000000000000000000e+01
9.100000000000000000e+01
9.200000000000000000e+01
9.300000000000000000e+01
9.400000000000000000e+01
9.500000000000000000e+01
9.600000000000000000e+01
9.700000000000000000e+01
9.800000000000000000e+01
9.900000000000000000e+01
