single photon fraction:    0.1176
laser fraction:    0.2418
thermal source fraction:    0.2941
non-detected fraction:    0.3464
number of bins:  200.0000
bin width (ns):    1.0000
average detection events per bin: 5000.0000

# binary result
0.000000000000000000e+00

# g2 signal
9.987642252430050105e-01
1.005527171674321041e+00
9.907716521878131566e-01
1.006449391642227909e+00
9.729420661416161575e-01
1.024893791000362819e+00
9.923086854676577140e-01
9.990716318989738554e-01
1.007064204954165598e+00
9.643346797744865029e-01
9.732494727975850024e-01
9.870827723161862410e-01
9.818568591647146571e-01
1.011060491481761581e+00
1.000301258522849457e+00
9.754013193893674716e-01
9.938457187475022714e-01
1.015978997977264209e+00
1.001223478490756325e+00
1.006141984986258953e+00
1.011675304793699492e+00
1.031964144087647695e+00
9.981494119310670987e-01
1.018130844569046678e+00
1.012597524761606138e+00
1.007064204954165598e+00
1.010445678169823669e+00
1.029504890839896492e+00
1.020282691160828925e+00
9.671013396782067728e-01
1.012290118105637182e+00
1.007371611610134554e+00
9.821642658206835019e-01
1.023049351064549306e+00
9.867753656602172851e-01
1.006449391642227909e+00
1.024586384344393863e+00
1.005219765018352085e+00
1.002453105114631926e+00
9.698679995819269317e-01
1.014749371353388607e+00
1.025201197656331553e+00
9.861605523482794844e-01
9.824716724766524578e-01
1.002453105114631926e+00
9.846235190684349270e-01
1.003375325082538794e+00
1.007986424922072466e+00
1.001530885146725280e+00
1.020282691160828925e+00
9.904642455318443117e-01
9.993790385549428112e-01
9.969197853071914972e-01
1.013212338073544050e+00
9.944605320594401832e-01
9.671013396782067728e-01
1.045797443606248933e+00
1.009830864857885979e+00
1.008601238234010156e+00
9.972271919631603421e-01
1.016901217945170854e+00
9.498865669439474635e-01
9.901568388758753558e-01
9.809346391968079004e-01
1.025201197656331553e+00
9.907716521878131566e-01
9.926160921236266699e-01
1.005834578330289997e+00
1.008293831578041422e+00
1.003682731738507528e+00
1.023971571032455952e+00
1.014441964697419651e+00
9.901568388758753558e-01
9.858531456923105285e-01
9.926160921236266699e-01
1.000608665178818413e+00
1.004297545050445439e+00
9.787827926050255423e-01
1.019667877848891235e+00
1.003067918426569838e+00
1.000916071834787369e+00
9.975345986191292980e-01
1.007064204954165598e+00
1.003067918426569838e+00
1.001223478490756325e+00
1.008908644889979112e+00
9.803198258848700997e-01
9.729420661416161575e-01
9.873901789721550859e-01
9.923086854676577140e-01
9.784753859490565864e-01
9.870827723161862410e-01
1.004912358362383351e+00
9.858531456923105285e-01
9.864679590042483293e-01
1.004297545050445439e+00
1.003990138394476483e+00
1.016901217945170854e+00
9.858531456923105285e-01
1.013212338073544050e+00
1.257293222912862607e+00
9.913864654997509573e-01
1.023356757720518262e+00
9.793976059169633430e-01
1.000916071834787369e+00
9.726346594856472016e-01
9.956901586833157847e-01
1.014134558041450695e+00
9.975345986191292980e-01
1.023664164376486996e+00
1.003682731738507528e+00
9.747865060774295598e-01
1.026123417624238421e+00
9.883123989400618425e-01
9.840087057564970152e-01
9.880049922840928867e-01
9.926160921236266699e-01
9.913864654997509573e-01
9.720198461737094009e-01
1.022127131096642438e+00
9.926160921236266699e-01
9.947679387154090280e-01
9.701754062378958876e-01
1.015671591321295253e+00
1.002145698458662970e+00
9.895420255639375551e-01
1.011060491481761581e+00
1.002145698458662970e+00
9.886198055960307984e-01
1.013212338073544050e+00
9.935383120915334265e-01
9.849309257244037719e-01
9.677161529901445736e-01
1.023356757720518262e+00
1.034730803991368076e+00
1.006141984986258953e+00
9.916938721557199132e-01
1.038727090518963836e+00
1.003067918426569838e+00
9.729420661416161575e-01
9.932309054355644706e-01
9.944605320594401832e-01
1.005527171674321041e+00
1.025816010968269465e+00
9.704828128938647325e-01
9.787827926050255423e-01
9.963049719952536964e-01
1.024278977688424908e+00
9.984568185870360546e-01
9.910790588437821125e-01
9.910790588437821125e-01
9.996864452109117671e-01
1.019360471192922279e+00
9.987642252430050105e-01
9.926160921236266699e-01
1.002145698458662970e+00
1.010753084825792625e+00
9.683309663020823743e-01
1.001530885146725280e+00
9.876975856281240418e-01
9.846235190684349270e-01
9.883123989400618425e-01
9.895420255639375551e-01
1.007371611610134554e+00
9.929234987795956258e-01
1.002760511770600882e+00
9.892346189079685992e-01
9.695605929259580869e-01
9.886198055960307984e-01
9.984568185870360546e-01
1.001838291802694014e+00
9.800124192289011438e-01
9.812420458527768563e-01
9.926160921236266699e-01
1.009216051545948067e+00
9.827790791326214137e-01
9.913864654997509573e-01
1.001838291802694014e+00
9.923086854676577140e-01
1.033808584023461208e+00
9.867753656602172851e-01
9.735568794535539583e-01
9.932309054355644706e-01
1.007064204954165598e+00
1.028275264216020890e+00
9.812420458527768563e-01
1.003375325082538794e+00
1.018130844569046678e+00
9.938457187475022714e-01
9.849309257244037719e-01
9.812420458527768563e-01
9.870827723161862410e-01
9.809346391968079004e-01
1.008601238234010156e+00
9.732494727975850024e-01
9.824716724766524578e-01
1.000608665178818413e+00
9.886198055960307984e-01
9.760161327013052723e-01
1.013827151385481740e+00

# time bin value
-1.000000000000000000e+02
-9.900000000000000000e+01
-9.800000000000000000e+01
-9.700000000000000000e+01
-9.600000000000000000e+01
-9.500000000000000000e+01
-9.400000000000000000e+01
-9.300000000000000000e+01
-9.200000000000000000e+01
-9.100000000000000000e+01
-9.000000000000000000e+01
-8.900000000000000000e+01
-8.800000000000000000e+01
-8.700000000000000000e+01
-8.600000000000000000e+01
-8.500000000000000000e+01
-8.400000000000000000e+01
-8.300000000000000000e+01
-8.200000000000000000e+01
-8.100000000000000000e+01
-8.000000000000000000e+01
-7.900000000000000000e+01
-7.800000000000000000e+01
-7.700000000000000000e+01
-7.600000000000000000e+01
-7.500000000000000000e+01
-7.400000000000000000e+01
-7.300000000000000000e+01
-7.200000000000000000e+01
-7.100000000000000000e+01
-7.000000000000000000e+01
-6.900000000000000000e+01
-6.800000000000000000e+01
-6.700000000000000000e+01
-6.600000000000000000e+01
-6.500000000000000000e+01
-6.400000000000000000e+01
-6.300000000000000000e+01
-6.200000000000000000e+01
-6.100000000000000000e+01
-6.000000000000000000e+01
-5.900000000000000000e+01
-5.800000000000000000e+01
-5.700000000000000000e+01
-5.600000000000000000e+01
-5.500000000000000000e+01
-5.400000000000000000e+01
-5.300000000000000000e+01
-5.200000000000000000e+01
-5.100000000000000000e+01
-5.000000000000000000e+01
-4.900000000000000000e+01
-4.800000000000000000e+01
-4.700000000000000000e+01
-4.600000000000000000e+01
-4.500000000000000000e+01
-4.400000000000000000e+01
-4.300000000000000000e+01
-4.200000000000000000e+01
-4.100000000000000000e+01
-4.000000000000000000e+01
-3.900000000000000000e+01
-3.800000000000000000e+01
-3.700000000000000000e+01
-3.600000000000000000e+01
-3.500000000000000000e+01
-3.400000000000000000e+01
-3.300000000000000000e+01
-3.200000000000000000e+01
-3.100000000000000000e+01
-3.000000000000000000e+01
-2.900000000000000000e+01
-2.800000000000000000e+01
-2.700000000000000000e+01
-2.600000000000000000e+01
-2.500000000000000000e+01
-2.400000000000000000e+01
-2.300000000000000000e+01
-2.200000000000000000e+01
-2.100000000000000000e+01
-2.000000000000000000e+01
-1.900000000000000000e+01
-1.800000000000000000e+01
-1.700000000000000000e+01
-1.600000000000000000e+01
-1.500000000000000000e+01
-1.400000000000000000e+01
-1.300000000000000000e+01
-1.200000000000000000e+01
-1.100000000000000000e+01
-1.000000000000000000e+01
-9.000000000000000000e+00
-8.000000000000000000e+00
-7.000000000000000000e+00
-6.000000000000000000e+00
-5.000000000000000000e+00
-4.000000000000000000e+00
-3.000000000000000000e+00
-2.000000000000000000e+00
-1.000000000000000000e+00
0.000000000000000000e+00
1.000000000000000000e+00
2.000000000000000000e+00
3.000000000000000000e+00
4.000000000000000000e+00
5.000000000000000000e+00
6.000000000000000000e+00
7.000000000000000000e+00
8.000000000000000000e+00
9.000000000000000000e+00
1.000000000000000000e+01
1.100000000000000000e+01
1.200000000000000000e+01
1.300000000000000000e+01
1.400000000000000000e+01
1.500000000000000000e+01
1.600000000000000000e+01
1.700000000000000000e+01
1.800000000000000000e+01
1.900000000000000000e+01
2.000000000000000000e+01
2.100000000000000000e+01
2.200000000000000000e+01
2.300000000000000000e+01
2.400000000000000000e+01
2.500000000000000000e+01
2.600000000000000000e+01
2.700000000000000000e+01
2.800000000000000000e+01
2.900000000000000000e+01
3.000000000000000000e+01
3.100000000000000000e+01
3.200000000000000000e+01
3.300000000000000000e+01
3.400000000000000000e+01
3.500000000000000000e+01
3.600000000000000000e+01
3.700000000000000000e+01
3.800000000000000000e+01
3.900000000000000000e+01
4.000000000000000000e+01
4.100000000000000000e+01
4.200000000000000000e+01
4.300000000000000000e+01
4.400000000000000000e+01
4.500000000000000000e+01
4.600000000000000000e+01
4.700000000000000000e+01
4.800000000000000000e+01
4.900000000000000000e+01
5.000000000000000000e+01
5.100000000000000000e+01
5.200000000000000000e+01
5.300000000000000000e+01
5.400000000000000000e+01
5.500000000000000000e+01
5.600000000000000000e+01
5.700000000000000000e+01
5.800000000000000000e+01
5.900000000000000000e+01
6.000000000000000000e+01
6.100000000000000000e+01
6.200000000000000000e+01
6.300000000000000000e+01
6.400000000000000000e+01
6.500000000000000000e+01
6.600000000000000000e+01
6.700000000000000000e+01
6.800000000000000000e+01
6.900000000000000000e+01
7.000000000000000000e+01
7.100000000000000000e+01
7.200000000000000000e+01
7.300000000000000000e+01
7.400000000000000000e+01
7.500000000000000000e+01
7.600000000000000000e+01
7.700000000000000000e+01
7.800000000000000000e+01
7.900000000000000000e+01
8.000000000000000000e+01
8.100000000000000000e+01
8.200000000000000000e+01
8.300000000000000000e+01
8.400000000000000000e+01
8.500000000000000000e+01
8.600000000000000000e+01
8.700000000000000000e+01
8.800000000000000000e+01
8.900000000000000000e+01
9.000000000000000000e+01
9.100000000000000000e+01
9.200000000000000000e+01
9.300000000000000000e+01
9.400000000000000000e+01
9.500000000000000000e+01
9.600000000000000000e+01
9.700000000000000000e+01
9.800000000000000000e+01
9.900000000000000000e+01
