single photon fraction:    0.4939
laser fraction:    0.2622
thermal source fraction:    0.0976
non-detected fraction:    0.1463
number of bins:  200.0000
bin width (ns):    1.0000
average detection events per bin: 5000.0000

# binary result
0.000000000000000000e+00

# g2 signal
1.001089557206463310e+00
1.005328468528438490e+00
9.660007912634468452e-01
9.871953478733225262e-01
9.733011385401818538e-01
9.952021803703867686e-01
1.003444507940894015e+00
1.004857478381552260e+00
1.021106638449123638e+00
9.897857936811962354e-01
1.009096389703527441e+00
9.963796557376020102e-01
9.603489095008133081e-01
9.977926261782604778e-01
9.926117345625130595e-01
9.989701015454757194e-01
9.890793084608671126e-01
1.002031537500235547e+00
9.836629217716765794e-01
9.921407444156269406e-01
1.005092973454995375e+00
9.954376754438297725e-01
9.994410916923618382e-01
1.026523025138314171e+00
9.850758922123350469e-01
9.737721286870679727e-01
1.012628815805173499e+00
1.018516192641250040e+00
1.031468421680618475e+00
9.669427715572190829e-01
1.025110054697655704e+00
9.822499513310182229e-01
9.982636163251465966e-01
9.952021803703867686e-01
1.000147576912691072e+00
1.019693668008465393e+00
1.018280697567806925e+00
1.016161241906819335e+00
1.005563963601881605e+00
9.933182197828421822e-01
1.016632232053705565e+00
1.023461589183554343e+00
9.973216360313742479e-01
1.006034953748767613e+00
1.003209012867450900e+00
9.638813356024592549e-01
1.017338717274034687e+00
9.697687124385359070e-01
1.018280697567806925e+00
1.011451340437958146e+00
1.001089557206463310e+00
1.025345549771098819e+00
1.013335301025502622e+00
1.022048618742895876e+00
1.009096389703527441e+00
1.002502527647121777e+00
1.017809707420920917e+00
9.928472296359560634e-01
1.016396736980262450e+00
1.012864310878616392e+00
9.721236631729665012e-01
9.975571311048173628e-01
1.028171490652415532e+00
1.005092973454995375e+00
9.824854464044613378e-01
9.933182197828421822e-01
9.933182197828421822e-01
9.999120818392479570e-01
1.011451340437958146e+00
9.928472296359560634e-01
9.952021803703867686e-01
1.007212429115982966e+00
1.012628815805173499e+00
1.007447924189426081e+00
1.006034953748767613e+00
9.987346064720327155e-01
1.012393320731730384e+00
9.999120818392479570e-01
1.026523025138314171e+00
9.966151508110451251e-01
1.005092973454995375e+00
1.031939411827504705e+00
1.007918914336312088e+00
1.022755103963225221e+00
1.019458172935022278e+00
9.940247050031714160e-01
9.871953478733225262e-01
1.012864310878616392e+00
9.989701015454757194e-01
1.025345549771098819e+00
1.024403569477326581e+00
1.009331884776970556e+00
1.019693668008465393e+00
1.004386488234666253e+00
1.032645897047833827e+00
9.707106927323081447e-01
1.009331884776970556e+00
9.888438133874239977e-01
9.907277739749684731e-01
9.735366336136248577e-01
5.411676787721600990e-01
1.002973517794007785e+00
1.002267032573678662e+00
1.004150993161223138e+00
1.027700500505529524e+00
9.667072764837760790e-01
1.008389904483198318e+00
1.003444507940894015e+00
1.006270448822210728e+00
1.018280697567806925e+00
1.000618567059577302e+00
1.012157825658287269e+00
1.018280697567806925e+00
1.000854062133020195e+00
1.026052034991428163e+00
1.000618567059577302e+00
1.004857478381552260e+00
9.961441606641590063e-01
1.020400153228794515e+00
9.848403971388919320e-01
9.928472296359560634e-01
9.907277739749684731e-01
1.003209012867450900e+00
9.773045547887139195e-01
1.004857478381552260e+00
1.002031537500235547e+00
9.959086655907158914e-01
9.942602000766145309e-01
9.798950005965876286e-01
1.009096389703527441e+00
9.879018330936517600e-01
1.008860894630084326e+00
9.928472296359560634e-01
9.930827247093991783e-01
9.907277739749684731e-01
9.959086655907158914e-01
1.004150993161223138e+00
9.855468823592211658e-01
1.017809707420920917e+00
1.019693668008465393e+00
9.758915843480555630e-01
1.026994015285200401e+00
9.810724759638028702e-01
1.043007680279328664e+00
1.012864310878616392e+00
1.018987182788136048e+00
9.900212887546393503e-01
9.831919316247904606e-01
9.758915843480555630e-01
1.009567379850413671e+00
1.024874559624212811e+00
9.994410916923618382e-01
9.874308429467656412e-01
9.777755449356000383e-01
1.017338717274034687e+00
1.006034953748767613e+00
1.024639064550769696e+00
1.008154409409755203e+00
1.005092973454995375e+00
9.787175252293722760e-01
9.989701015454757194e-01
1.005799458675324498e+00
1.012864310878616392e+00
1.010038369997299679e+00
1.017809707420920917e+00
1.012864310878616392e+00
9.855468823592211658e-01
9.881373281670948749e-01
1.003444507940894015e+00
1.005328468528438490e+00
1.028877975872744877e+00
1.016161241906819335e+00
1.023932579330440573e+00
1.003209012867450900e+00
9.907277739749684731e-01
1.033352382268162950e+00
9.968506458844881291e-01
1.011451340437958146e+00
9.895502986077532315e-01
9.848403971388919320e-01
1.002267032573678662e+00
9.836629217716765794e-01
9.881373281670948749e-01
1.006505943895653843e+00
1.016161241906819335e+00
1.009096389703527441e+00
1.003915498087780023e+00
1.024874559624212811e+00
9.876663380202086451e-01
1.016867727127148680e+00
9.977926261782604778e-01
9.926117345625130595e-01
9.914342591952977068e-01
9.930827247093991783e-01
1.001796042426792432e+00
9.996765867658049531e-01
9.975571311048173628e-01
1.008389904483198318e+00
1.021577628596009868e+00
1.018751687714693155e+00

# time bin value
-1.000000000000000000e+02
-9.900000000000000000e+01
-9.800000000000000000e+01
-9.700000000000000000e+01
-9.600000000000000000e+01
-9.500000000000000000e+01
-9.400000000000000000e+01
-9.300000000000000000e+01
-9.200000000000000000e+01
-9.100000000000000000e+01
-9.000000000000000000e+01
-8.900000000000000000e+01
-8.800000000000000000e+01
-8.700000000000000000e+01
-8.600000000000000000e+01
-8.500000000000000000e+01
-8.400000000000000000e+01
-8.300000000000000000e+01
-8.200000000000000000e+01
-8.100000000000000000e+01
-8.000000000000000000e+01
-7.900000000000000000e+01
-7.800000000000000000e+01
-7.700000000000000000e+01
-7.600000000000000000e+01
-7.500000000000000000e+01
-7.400000000000000000e+01
-7.300000000000000000e+01
-7.200000000000000000e+01
-7.100000000000000000e+01
-7.000000000000000000e+01
-6.900000000000000000e+01
-6.800000000000000000e+01
-6.700000000000000000e+01
-6.600000000000000000e+01
-6.500000000000000000e+01
-6.400000000000000000e+01
-6.300000000000000000e+01
-6.200000000000000000e+01
-6.100000000000000000e+01
-6.000000000000000000e+01
-5.900000000000000000e+01
-5.800000000000000000e+01
-5.700000000000000000e+01
-5.600000000000000000e+01
-5.500000000000000000e+01
-5.400000000000000000e+01
-5.300000000000000000e+01
-5.200000000000000000e+01
-5.100000000000000000e+01
-5.000000000000000000e+01
-4.900000000000000000e+01
-4.800000000000000000e+01
-4.700000000000000000e+01
-4.600000000000000000e+01
-4.500000000000000000e+01
-4.400000000000000000e+01
-4.300000000000000000e+01
-4.200000000000000000e+01
-4.100000000000000000e+01
-4.000000000000000000e+01
-3.900000000000000000e+01
-3.800000000000000000e+01
-3.700000000000000000e+01
-3.600000000000000000e+01
-3.500000000000000000e+01
-3.400000000000000000e+01
-3.300000000000000000e+01
-3.200000000000000000e+01
-3.100000000000000000e+01
-3.000000000000000000e+01
-2.900000000000000000e+01
-2.800000000000000000e+01
-2.700000000000000000e+01
-2.600000000000000000e+01
-2.500000000000000000e+01
-2.400000000000000000e+01
-2.300000000000000000e+01
-2.200000000000000000e+01
-2.100000000000000000e+01
-2.000000000000000000e+01
-1.900000000000000000e+01
-1.800000000000000000e+01
-1.700000000000000000e+01
-1.600000000000000000e+01
-1.500000000000000000e+01
-1.400000000000000000e+01
-1.300000000000000000e+01
-1.200000000000000000e+01
-1.100000000000000000e+01
-1.000000000000000000e+01
-9.000000000000000000e+00
-8.000000000000000000e+00
-7.000000000000000000e+00
-6.000000000000000000e+00
-5.000000000000000000e+00
-4.000000000000000000e+00
-3.000000000000000000e+00
-2.000000000000000000e+00
-1.000000000000000000e+00
0.000000000000000000e+00
1.000000000000000000e+00
2.000000000000000000e+00
3.000000000000000000e+00
4.000000000000000000e+00
5.000000000000000000e+00
6.000000000000000000e+00
7.000000000000000000e+00
8.000000000000000000e+00
9.000000000000000000e+00
1.000000000000000000e+01
1.100000000000000000e+01
1.200000000000000000e+01
1.300000000000000000e+01
1.400000000000000000e+01
1.500000000000000000e+01
1.600000000000000000e+01
1.700000000000000000e+01
1.800000000000000000e+01
1.900000000000000000e+01
2.000000000000000000e+01
2.100000000000000000e+01
2.200000000000000000e+01
2.300000000000000000e+01
2.400000000000000000e+01
2.500000000000000000e+01
2.600000000000000000e+01
2.700000000000000000e+01
2.800000000000000000e+01
2.900000000000000000e+01
3.000000000000000000e+01
3.100000000000000000e+01
3.200000000000000000e+01
3.300000000000000000e+01
3.400000000000000000e+01
3.500000000000000000e+01
3.600000000000000000e+01
3.700000000000000000e+01
3.800000000000000000e+01
3.900000000000000000e+01
4.000000000000000000e+01
4.100000000000000000e+01
4.200000000000000000e+01
4.300000000000000000e+01
4.400000000000000000e+01
4.500000000000000000e+01
4.600000000000000000e+01
4.700000000000000000e+01
4.800000000000000000e+01
4.900000000000000000e+01
5.000000000000000000e+01
5.100000000000000000e+01
5.200000000000000000e+01
5.300000000000000000e+01
5.400000000000000000e+01
5.500000000000000000e+01
5.600000000000000000e+01
5.700000000000000000e+01
5.800000000000000000e+01
5.900000000000000000e+01
6.000000000000000000e+01
6.100000000000000000e+01
6.200000000000000000e+01
6.300000000000000000e+01
6.400000000000000000e+01
6.500000000000000000e+01
6.600000000000000000e+01
6.700000000000000000e+01
6.800000000000000000e+01
6.900000000000000000e+01
7.000000000000000000e+01
7.100000000000000000e+01
7.200000000000000000e+01
7.300000000000000000e+01
7.400000000000000000e+01
7.500000000000000000e+01
7.600000000000000000e+01
7.700000000000000000e+01
7.800000000000000000e+01
7.900000000000000000e+01
8.000000000000000000e+01
8.100000000000000000e+01
8.200000000000000000e+01
8.300000000000000000e+01
8.400000000000000000e+01
8.500000000000000000e+01
8.600000000000000000e+01
8.700000000000000000e+01
8.800000000000000000e+01
8.900000000000000000e+01
9.000000000000000000e+01
9.100000000000000000e+01
9.200000000000000000e+01
9.300000000000000000e+01
9.400000000000000000e+01
9.500000000000000000e+01
9.600000000000000000e+01
9.700000000000000000e+01
9.800000000000000000e+01
9.900000000000000000e+01
