single photon fraction:    0.0688
laser fraction:    0.1250
thermal source fraction:    0.5938
non-detected fraction:    0.2125
number of bins:  200.0000
bin width (ns):    1.0000
average detection events per bin: 5000.0000

# binary result
0.000000000000000000e+00

# g2 signal
1.011797926363169786e+00
9.860115043185874173e-01
1.007968259722885396e+00
9.650759933516986910e-01
1.013074481909931324e+00
1.013840415237988291e+00
9.862668154279397026e-01
1.008734193050942141e+00
9.898411709588719187e-01
9.913730376149857415e-01
1.014861659675397432e+00
1.021755059627909690e+00
9.865221265372919879e-01
1.013329793019283720e+00
9.806499710221890931e-01
1.005159837520009924e+00
9.867774376466442732e-01
1.007457637504180825e+00
9.952027042552702429e-01
9.826924598970074864e-01
9.816712154595983453e-01
9.890752376308150629e-01
9.962239486926794951e-01
1.001074859770373138e+00
9.957133264739749245e-01
9.934155264898041349e-01
9.770756154912568769e-01
1.000564237551668567e+00
9.666078600078125138e-01
9.816712154595983453e-01
1.005159837520009924e+00
1.024818792940137113e+00
9.911177265056334562e-01
1.010776681925760645e+00
1.009500126378999108e+00
1.008478881941589966e+00
1.008989504160294537e+00
9.847349487718258798e-01
9.969898820207363510e-01
1.002606726426487072e+00
1.019967881862443582e+00
9.995429931142594260e-01
1.000308926442316393e+00
9.987770597862024591e-01
9.906071042869288856e-01
9.962239486926794951e-01
1.008478881941589966e+00
9.773309266006091622e-01
1.049583970547310452e+00
1.017159459659568110e+00
9.934155264898041349e-01
9.683950377732786219e-01
9.918836598336903121e-01
9.934155264898041349e-01
1.011542615253817612e+00
1.005159837520009924e+00
9.888199265214627776e-01
1.012819170800579149e+00
1.021244437409204897e+00
9.829477710063597717e-01
9.872880598653489548e-01
9.821818376783029159e-01
9.722247044135631233e-01
9.985217486768501738e-01
9.676291044452217660e-01
1.040137459501275341e+00
9.826924598970074864e-01
9.997983042236117113e-01
1.004649215301305354e+00
9.893305487401673481e-01
9.946920820365656724e-01
9.855008820998828467e-01
9.847349487718258798e-01
9.683950377732786219e-01
9.900964820682242040e-01
9.977558153487933179e-01
9.911177265056334562e-01
9.865221265372919879e-01
9.809052821315413784e-01
1.009755437488351504e+00
1.007968259722885396e+00
9.888199265214627776e-01
1.020989126299852723e+00
9.844796376624735945e-01
9.729906377416200902e-01
9.908624153962811709e-01
9.985217486768501738e-01
1.001585481989077708e+00
1.010010748597703678e+00
9.816712154595983453e-01
9.929049042710995643e-01
9.975005042394410326e-01
9.987770597862024591e-01
1.004138593082600783e+00
9.788627932567229850e-01
9.888199265214627776e-01
9.742671932883815167e-01
9.906071042869288856e-01
9.975005042394410326e-01
9.722247044135631233e-01
1.652884121946798235e+00
9.941814598178611018e-01
1.005415148629362321e+00
1.009244815269646933e+00
1.021755059627909690e+00
9.900964820682242040e-01
9.627781933675280124e-01
9.796287265847798409e-01
9.959686375833272098e-01
9.880539931934058107e-01
9.982664375674978885e-01
9.701822155387447300e-01
9.740118821790292314e-01
9.987770597862024591e-01
9.724800155229154086e-01
9.962239486926794951e-01
9.857561932092351320e-01
1.016648837440863540e+00
1.009755437488351504e+00
9.946920820365656724e-01
9.923942820523949937e-01
1.003627970863896213e+00
1.009244815269646933e+00
1.028903770689774122e+00
9.929049042710995643e-01
1.019201948534386615e+00
1.024308170721432543e+00
1.033754681767467654e+00
1.044222437250912128e+00
1.010521370816408249e+00
1.008734193050942141e+00
1.044477748360264302e+00
9.821818376783029159e-01
1.007202326394828429e+00
9.617569489301187602e-01
1.001585481989077708e+00
9.740118821790292314e-01
9.908624153962811709e-01
9.870327487559966695e-01
1.005415148629362321e+00
1.006691704176123858e+00
9.696715933200401594e-01
9.926495931617472790e-01
9.837137043344167386e-01
1.003627970863896213e+00
9.918836598336903121e-01
1.029414392908478693e+00
9.954580153646225282e-01
1.008989504160294537e+00
9.918836598336903121e-01
1.005670459738714717e+00
9.941814598178611018e-01
1.018436015206329648e+00
9.975005042394410326e-01
9.880539931934058107e-01
9.954580153646225282e-01
1.036563103970343125e+00
9.913730376149857415e-01
9.870327487559966695e-01
9.992876820049071407e-01
9.939261487085088165e-01
1.006181081957419288e+00
1.007968259722885396e+00
9.895858598495196334e-01
9.870327487559966695e-01
9.977558153487933179e-01
1.003883281973248609e+00
9.803946599128368078e-01
9.992876820049071407e-01
1.019712570753091185e+00
1.018436015206329648e+00
9.839690154437690239e-01
9.788627932567229850e-01
9.990323708955547444e-01
9.778415488193137328e-01
9.809052821315413784e-01
1.034009992876820050e+00
9.911177265056334562e-01
1.000308926442316393e+00
1.007202326394828429e+00
9.714587710855062674e-01
1.022010370737261864e+00
1.014606348566045257e+00
9.934155264898041349e-01
9.875433709747012401e-01
9.752884377257907689e-01
9.898411709588719187e-01
9.939261487085088165e-01
9.791181043660752703e-01
9.809052821315413784e-01
9.786074821473706997e-01
9.929049042710995643e-01
1.001585481989077708e+00
1.004649215301305354e+00
1.006436393066771462e+00
1.018691326315682044e+00
1.029669704017830867e+00
1.018436015206329648e+00
9.809052821315413784e-01
9.809052821315413784e-01

# time bin value
-1.000000000000000000e+02
-9.900000000000000000e+01
-9.800000000000000000e+01
-9.700000000000000000e+01
-9.600000000000000000e+01
-9.500000000000000000e+01
-9.400000000000000000e+01
-9.300000000000000000e+01
-9.200000000000000000e+01
-9.100000000000000000e+01
-9.000000000000000000e+01
-8.900000000000000000e+01
-8.800000000000000000e+01
-8.700000000000000000e+01
-8.600000000000000000e+01
-8.500000000000000000e+01
-8.400000000000000000e+01
-8.300000000000000000e+01
-8.200000000000000000e+01
-8.100000000000000000e+01
-8.000000000000000000e+01
-7.900000000000000000e+01
-7.800000000000000000e+01
-7.700000000000000000e+01
-7.600000000000000000e+01
-7.500000000000000000e+01
-7.400000000000000000e+01
-7.300000000000000000e+01
-7.200000000000000000e+01
-7.100000000000000000e+01
-7.000000000000000000e+01
-6.900000000000000000e+01
-6.800000000000000000e+01
-6.700000000000000000e+01
-6.600000000000000000e+01
-6.500000000000000000e+01
-6.400000000000000000e+01
-6.300000000000000000e+01
-6.200000000000000000e+01
-6.100000000000000000e+01
-6.000000000000000000e+01
-5.900000000000000000e+01
-5.800000000000000000e+01
-5.700000000000000000e+01
-5.600000000000000000e+01
-5.500000000000000000e+01
-5.400000000000000000e+01
-5.300000000000000000e+01
-5.200000000000000000e+01
-5.100000000000000000e+01
-5.000000000000000000e+01
-4.900000000000000000e+01
-4.800000000000000000e+01
-4.700000000000000000e+01
-4.600000000000000000e+01
-4.500000000000000000e+01
-4.400000000000000000e+01
-4.300000000000000000e+01
-4.200000000000000000e+01
-4.100000000000000000e+01
-4.000000000000000000e+01
-3.900000000000000000e+01
-3.800000000000000000e+01
-3.700000000000000000e+01
-3.600000000000000000e+01
-3.500000000000000000e+01
-3.400000000000000000e+01
-3.300000000000000000e+01
-3.200000000000000000e+01
-3.100000000000000000e+01
-3.000000000000000000e+01
-2.900000000000000000e+01
-2.800000000000000000e+01
-2.700000000000000000e+01
-2.600000000000000000e+01
-2.500000000000000000e+01
-2.400000000000000000e+01
-2.300000000000000000e+01
-2.200000000000000000e+01
-2.100000000000000000e+01
-2.000000000000000000e+01
-1.900000000000000000e+01
-1.800000000000000000e+01
-1.700000000000000000e+01
-1.600000000000000000e+01
-1.500000000000000000e+01
-1.400000000000000000e+01
-1.300000000000000000e+01
-1.200000000000000000e+01
-1.100000000000000000e+01
-1.000000000000000000e+01
-9.000000000000000000e+00
-8.000000000000000000e+00
-7.000000000000000000e+00
-6.000000000000000000e+00
-5.000000000000000000e+00
-4.000000000000000000e+00
-3.000000000000000000e+00
-2.000000000000000000e+00
-1.000000000000000000e+00
0.000000000000000000e+00
1.000000000000000000e+00
2.000000000000000000e+00
3.000000000000000000e+00
4.000000000000000000e+00
5.000000000000000000e+00
6.000000000000000000e+00
7.000000000000000000e+00
8.000000000000000000e+00
9.000000000000000000e+00
1.000000000000000000e+01
1.100000000000000000e+01
1.200000000000000000e+01
1.300000000000000000e+01
1.400000000000000000e+01
1.500000000000000000e+01
1.600000000000000000e+01
1.700000000000000000e+01
1.800000000000000000e+01
1.900000000000000000e+01
2.000000000000000000e+01
2.100000000000000000e+01
2.200000000000000000e+01
2.300000000000000000e+01
2.400000000000000000e+01
2.500000000000000000e+01
2.600000000000000000e+01
2.700000000000000000e+01
2.800000000000000000e+01
2.900000000000000000e+01
3.000000000000000000e+01
3.100000000000000000e+01
3.200000000000000000e+01
3.300000000000000000e+01
3.400000000000000000e+01
3.500000000000000000e+01
3.600000000000000000e+01
3.700000000000000000e+01
3.800000000000000000e+01
3.900000000000000000e+01
4.000000000000000000e+01
4.100000000000000000e+01
4.200000000000000000e+01
4.300000000000000000e+01
4.400000000000000000e+01
4.500000000000000000e+01
4.600000000000000000e+01
4.700000000000000000e+01
4.800000000000000000e+01
4.900000000000000000e+01
5.000000000000000000e+01
5.100000000000000000e+01
5.200000000000000000e+01
5.300000000000000000e+01
5.400000000000000000e+01
5.500000000000000000e+01
5.600000000000000000e+01
5.700000000000000000e+01
5.800000000000000000e+01
5.900000000000000000e+01
6.000000000000000000e+01
6.100000000000000000e+01
6.200000000000000000e+01
6.300000000000000000e+01
6.400000000000000000e+01
6.500000000000000000e+01
6.600000000000000000e+01
6.700000000000000000e+01
6.800000000000000000e+01
6.900000000000000000e+01
7.000000000000000000e+01
7.100000000000000000e+01
7.200000000000000000e+01
7.300000000000000000e+01
7.400000000000000000e+01
7.500000000000000000e+01
7.600000000000000000e+01
7.700000000000000000e+01
7.800000000000000000e+01
7.900000000000000000e+01
8.000000000000000000e+01
8.100000000000000000e+01
8.200000000000000000e+01
8.300000000000000000e+01
8.400000000000000000e+01
8.500000000000000000e+01
8.600000000000000000e+01
8.700000000000000000e+01
8.800000000000000000e+01
8.900000000000000000e+01
9.000000000000000000e+01
9.100000000000000000e+01
9.200000000000000000e+01
9.300000000000000000e+01
9.400000000000000000e+01
9.500000000000000000e+01
9.600000000000000000e+01
9.700000000000000000e+01
9.800000000000000000e+01
9.900000000000000000e+01
