single photon fraction:    0.1510
laser fraction:    0.5104
thermal source fraction:    0.1823
non-detected fraction:    0.1562
number of bins:  200.0000
bin width (ns):    1.0000
average detection events per bin: 5000.0000

# binary result
0.000000000000000000e+00

# g2 signal
1.013889991269148361e+00
9.850781808080005808e-01
9.988888006984680823e-01
1.007460909595999654e+00
1.010794507500595296e+00
1.013413762997063206e+00
9.960314310659575954e-01
9.929359472974045309e-01
1.000793713786808370e+00
1.000555599650765792e+00
1.000079371378680859e+00
9.953170886578298626e-01
1.009127708548297475e+00
9.853162949440431584e-01
1.013175648861020628e+00
1.001984284467021036e+00
1.007222795459957077e+00
9.898404635288514664e-01
1.004603539963489167e+00
9.815064687673624721e-01
9.919834907532343315e-01
1.004603539963489167e+00
1.022223986030637244e+00
1.026033812207318041e+00
1.007937137868084587e+00
1.003651083419318857e+00
9.765060719104690090e-01
1.004365425827446590e+00
1.002698626875148769e+00
9.876974363044684901e-01
9.786490991348518742e-01
1.019604730534169335e+00
9.924597190253193757e-01
9.936502897055321526e-01
9.922216048892769091e-01
9.829351535836177156e-01
1.014842447813318449e+00
1.008889594412254898e+00
9.788872132708944518e-01
1.000317485514723215e+00
9.838876101277878039e-01
9.850781808080005808e-01
1.010556393364552719e+00
1.010794507500595296e+00
1.002460512739106191e+00
1.013889991269148361e+00
1.024128899118977643e+00
9.974601158822128388e-01
1.003889197555361434e+00
9.950789745217873961e-01
1.010080165092467563e+00
9.969838876101276837e-01
1.004603539963489167e+00
9.800777839511071177e-01
1.010080165092467563e+00
1.034605921104849502e+00
1.017699817445828936e+00
9.979363441542978830e-01
1.012223192316850540e+00
1.007460909595999654e+00
9.924597190253193757e-01
1.000079371378680859e+00
1.005794110643701833e+00
9.988888006984680823e-01
9.843638383998729591e-01
1.003651083419318857e+00
1.010794507500595296e+00
9.869830938963408684e-01
1.003889197555361434e+00
1.000079371378680859e+00
9.865068656242558243e-01
1.011746964044765384e+00
9.738868164140009887e-01
1.028653067703785950e+00
9.891261211207238446e-01
9.936502897055321526e-01
9.962695452020000619e-01
1.001031827922850947e+00
1.024128899118977643e+00
9.931740614334469974e-01
9.819826970394475163e-01
1.004603539963489167e+00
1.023652670846892487e+00
1.012699420588935473e+00
1.013175648861020628e+00
9.788872132708944518e-01
9.915072624811491764e-01
9.974601158822128388e-01
9.979363441542978830e-01
1.007699023732042232e+00
1.008651480276212320e+00
9.810302404952773170e-01
9.965076593380426395e-01
9.746011588221287214e-01
1.022223986030637244e+00
9.853162949440431584e-01
9.998412572426382816e-01
1.012461306452893117e+00
1.001746170330978680e+00
1.011508849908722807e+00
1.045082943090721361e+00
9.936502897055321526e-01
1.016033018493531115e+00
1.006746567187871921e+00
9.862687514882132467e-01
9.846019525359154256e-01
9.841257242638303815e-01
9.888880069846812670e-01
9.910310342090641322e-01
9.715056750535756569e-01
9.779347567267242525e-01
1.003651083419318857e+00
9.969838876101276837e-01
1.014366219541233294e+00
9.903166918009365105e-01
1.007699023732042232e+00
1.007460909595999654e+00
1.022462100166679821e+00
1.019604730534169335e+00
9.669815064687672379e-01
9.926978331613619533e-01
1.001269942058893525e+00
1.004603539963489167e+00
9.838876101277878039e-01
1.020557187078339423e+00
1.001269942058893525e+00
9.657909357885545720e-01
1.003412969283276279e+00
1.007699023732042232e+00
9.753155012302563431e-01
1.011270735772680229e+00
9.969838876101276837e-01
1.018414159853956669e+00
1.006746567187871921e+00
1.012937534724978050e+00
9.960314310659575954e-01
1.001269942058893525e+00
9.986506865624255047e-01
1.000793713786808370e+00
9.996031431065957040e-01
1.017223589173743781e+00
9.984125724263829271e-01
9.638860227002142844e-01
1.023414556710849910e+00
1.027224382887530707e+00
1.010318279228510141e+00
1.000793713786808370e+00
9.893642352567663112e-01
1.013413762997063206e+00
9.869830938963408684e-01
1.001984284467021036e+00
1.013175648861020628e+00
1.006984681323914499e+00
1.007937137868084587e+00
9.772204143185966307e-01
1.019366616398126757e+00
1.002698626875148769e+00
9.986506865624255047e-01
1.000555599650765792e+00
9.836494959917453373e-01
1.005794110643701833e+00
9.879355504405110677e-01
9.967457734740852171e-01
9.738868164140009887e-01
9.969838876101276837e-01
9.972220017461702612e-01
9.941265179776171967e-01
1.001984284467021036e+00
1.025319469799190308e+00
1.024605127391062798e+00
9.867449797602984018e-01
9.896023493928088888e-01
9.972220017461702612e-01
9.791253274069370294e-01
1.007222795459957077e+00
9.905548059369790881e-01
1.010080165092467563e+00
9.881736645765536453e-01
1.007699023732042232e+00
9.922216048892769091e-01
9.957933169299150178e-01
9.741249305500435662e-01
1.001031827922850947e+00
9.974601158822128388e-01
1.006746567187871921e+00
1.010556393364552719e+00
9.776966425906816749e-01
1.015556790221446182e+00
9.919834907532343315e-01
9.784109849988094076e-01
1.020080958806254490e+00
1.018652273989999024e+00
9.829351535836177156e-01
9.779347567267242525e-01
9.984125724263829271e-01
9.815064687673624721e-01
9.784109849988094076e-01
9.896023493928088888e-01
9.967457734740852171e-01
9.986506865624255047e-01

# time bin value
-1.000000000000000000e+02
-9.900000000000000000e+01
-9.800000000000000000e+01
-9.700000000000000000e+01
-9.600000000000000000e+01
-9.500000000000000000e+01
-9.400000000000000000e+01
-9.300000000000000000e+01
-9.200000000000000000e+01
-9.100000000000000000e+01
-9.000000000000000000e+01
-8.900000000000000000e+01
-8.800000000000000000e+01
-8.700000000000000000e+01
-8.600000000000000000e+01
-8.500000000000000000e+01
-8.400000000000000000e+01
-8.300000000000000000e+01
-8.200000000000000000e+01
-8.100000000000000000e+01
-8.000000000000000000e+01
-7.900000000000000000e+01
-7.800000000000000000e+01
-7.700000000000000000e+01
-7.600000000000000000e+01
-7.500000000000000000e+01
-7.400000000000000000e+01
-7.300000000000000000e+01
-7.200000000000000000e+01
-7.100000000000000000e+01
-7.000000000000000000e+01
-6.900000000000000000e+01
-6.800000000000000000e+01
-6.700000000000000000e+01
-6.600000000000000000e+01
-6.500000000000000000e+01
-6.400000000000000000e+01
-6.300000000000000000e+01
-6.200000000000000000e+01
-6.100000000000000000e+01
-6.000000000000000000e+01
-5.900000000000000000e+01
-5.800000000000000000e+01
-5.700000000000000000e+01
-5.600000000000000000e+01
-5.500000000000000000e+01
-5.400000000000000000e+01
-5.300000000000000000e+01
-5.200000000000000000e+01
-5.100000000000000000e+01
-5.000000000000000000e+01
-4.900000000000000000e+01
-4.800000000000000000e+01
-4.700000000000000000e+01
-4.600000000000000000e+01
-4.500000000000000000e+01
-4.400000000000000000e+01
-4.300000000000000000e+01
-4.200000000000000000e+01
-4.100000000000000000e+01
-4.000000000000000000e+01
-3.900000000000000000e+01
-3.800000000000000000e+01
-3.700000000000000000e+01
-3.600000000000000000e+01
-3.500000000000000000e+01
-3.400000000000000000e+01
-3.300000000000000000e+01
-3.200000000000000000e+01
-3.100000000000000000e+01
-3.000000000000000000e+01
-2.900000000000000000e+01
-2.800000000000000000e+01
-2.700000000000000000e+01
-2.600000000000000000e+01
-2.500000000000000000e+01
-2.400000000000000000e+01
-2.300000000000000000e+01
-2.200000000000000000e+01
-2.100000000000000000e+01
-2.000000000000000000e+01
-1.900000000000000000e+01
-1.800000000000000000e+01
-1.700000000000000000e+01
-1.600000000000000000e+01
-1.500000000000000000e+01
-1.400000000000000000e+01
-1.300000000000000000e+01
-1.200000000000000000e+01
-1.100000000000000000e+01
-1.000000000000000000e+01
-9.000000000000000000e+00
-8.000000000000000000e+00
-7.000000000000000000e+00
-6.000000000000000000e+00
-5.000000000000000000e+00
-4.000000000000000000e+00
-3.000000000000000000e+00
-2.000000000000000000e+00
-1.000000000000000000e+00
0.000000000000000000e+00
1.000000000000000000e+00
2.000000000000000000e+00
3.000000000000000000e+00
4.000000000000000000e+00
5.000000000000000000e+00
6.000000000000000000e+00
7.000000000000000000e+00
8.000000000000000000e+00
9.000000000000000000e+00
1.000000000000000000e+01
1.100000000000000000e+01
1.200000000000000000e+01
1.300000000000000000e+01
1.400000000000000000e+01
1.500000000000000000e+01
1.600000000000000000e+01
1.700000000000000000e+01
1.800000000000000000e+01
1.900000000000000000e+01
2.000000000000000000e+01
2.100000000000000000e+01
2.200000000000000000e+01
2.300000000000000000e+01
2.400000000000000000e+01
2.500000000000000000e+01
2.600000000000000000e+01
2.700000000000000000e+01
2.800000000000000000e+01
2.900000000000000000e+01
3.000000000000000000e+01
3.100000000000000000e+01
3.200000000000000000e+01
3.300000000000000000e+01
3.400000000000000000e+01
3.500000000000000000e+01
3.600000000000000000e+01
3.700000000000000000e+01
3.800000000000000000e+01
3.900000000000000000e+01
4.000000000000000000e+01
4.100000000000000000e+01
4.200000000000000000e+01
4.300000000000000000e+01
4.400000000000000000e+01
4.500000000000000000e+01
4.600000000000000000e+01
4.700000000000000000e+01
4.800000000000000000e+01
4.900000000000000000e+01
5.000000000000000000e+01
5.100000000000000000e+01
5.200000000000000000e+01
5.300000000000000000e+01
5.400000000000000000e+01
5.500000000000000000e+01
5.600000000000000000e+01
5.700000000000000000e+01
5.800000000000000000e+01
5.900000000000000000e+01
6.000000000000000000e+01
6.100000000000000000e+01
6.200000000000000000e+01
6.300000000000000000e+01
6.400000000000000000e+01
6.500000000000000000e+01
6.600000000000000000e+01
6.700000000000000000e+01
6.800000000000000000e+01
6.900000000000000000e+01
7.000000000000000000e+01
7.100000000000000000e+01
7.200000000000000000e+01
7.300000000000000000e+01
7.400000000000000000e+01
7.500000000000000000e+01
7.600000000000000000e+01
7.700000000000000000e+01
7.800000000000000000e+01
7.900000000000000000e+01
8.000000000000000000e+01
8.100000000000000000e+01
8.200000000000000000e+01
8.300000000000000000e+01
8.400000000000000000e+01
8.500000000000000000e+01
8.600000000000000000e+01
8.700000000000000000e+01
8.800000000000000000e+01
8.900000000000000000e+01
9.000000000000000000e+01
9.100000000000000000e+01
9.200000000000000000e+01
9.300000000000000000e+01
9.400000000000000000e+01
9.500000000000000000e+01
9.600000000000000000e+01
9.700000000000000000e+01
9.800000000000000000e+01
9.900000000000000000e+01
