single photon fraction:    0.1562
laser fraction:    0.4297
thermal source fraction:    0.0938
non-detected fraction:    0.3203
number of bins:  200.0000
bin width (ns):    1.0000
average detection events per bin: 5000.0000

# binary result
0.000000000000000000e+00

# g2 signal
1.002156764262711608e+00
1.001565869944160525e+00
1.006293024492569632e+00
9.811800159541466115e-01
1.005406683014742786e+00
9.876798534582090783e-01
1.015747333589387624e+00
9.817709102726978054e-01
9.643395278754395283e-01
1.006883918811120715e+00
1.007770260288947339e+00
1.019588146659969885e+00
1.002747658581262691e+00
9.932933494844448097e-01
9.714302596980530780e-01
1.023724406889827909e+00
9.773392028835643508e-01
1.004815788696191703e+00
9.974296097143026119e-01
9.918161136880669915e-01
9.841344875469022480e-01
1.035246846101574691e+00
9.912252193695157976e-01
1.029337902916063419e+00
1.009542943244600810e+00
1.004224894377640620e+00
1.007179365970396256e+00
1.002452211421987149e+00
1.002156764262711608e+00
1.002747658581262691e+00
9.891570892545868965e-01
9.989068455106804301e-01
1.016042780748663166e+00
1.018997252341418802e+00
1.004520341536916161e+00
9.900434307324135208e-01
1.019883593819245426e+00
9.935887966437203511e-01
1.017520016545040873e+00
9.891570892545868965e-01
1.026678878482583546e+00
9.879753006174846197e-01
1.025497089845481158e+00
9.699530239016752597e-01
1.007179365970396256e+00
1.031701480190267972e+00
9.897479835731379794e-01
1.002747658581262691e+00
9.832481460690756236e-01
9.888616420953113550e-01
1.013974650633734154e+00
9.956569267586492522e-01
1.001861317103436066e+00
1.002747658581262691e+00
9.971341625550270704e-01
1.009542943244600810e+00
1.001861317103436066e+00
1.020769935297072273e+00
1.028747008597512336e+00
1.011020179040978517e+00
9.891570892545868965e-01
9.779300972021154337e-01
1.004520341536916161e+00
1.010133837563151893e+00
9.959523739179247936e-01
1.031110585871716889e+00
1.006588471651845174e+00
9.758619670871865326e-01
9.876798534582090783e-01
9.997931869885071654e-01
1.002747658581262691e+00
1.024315301208378992e+00
1.020474488137796509e+00
1.019588146659969885e+00
9.959523739179247936e-01
9.802936744763199872e-01
1.011611073359529600e+00
1.036133187579401538e+00
9.944751381215469754e-01
9.870889591396578844e-01
1.017520016545040873e+00
9.953614795993737108e-01
9.823618045912488883e-01
1.009542943244600810e+00
9.859071705025557186e-01
9.986113983514048886e-01
9.675894466274707062e-01
1.045882943835495071e+00
9.950660324400981693e-01
9.938842438029958926e-01
9.862026176618312601e-01
9.992022926699560825e-01
9.962478210772004461e-01
9.956569267586492522e-01
1.006293024492569632e+00
1.000384081307058359e+00
1.001270422784884984e+00
9.935887966437203511e-01
9.870889591396578844e-01
1.026087984164032241e+00
9.040683073832245231e-01
9.746801784500842558e-01
9.935887966437203511e-01
9.983159511921293472e-01
1.009838390403876351e+00
9.977250568735782643e-01
9.785209915206666276e-01
9.817709102726978054e-01
1.004520341536916161e+00
1.001565869944160525e+00
1.011020179040978517e+00
9.986113983514048886e-01
9.746801784500842558e-01
9.882707477767601612e-01
1.001565869944160525e+00
9.974296097143026119e-01
9.862026176618312601e-01
9.590214790084793384e-01
1.005702130174018327e+00
9.882707477767601612e-01
9.791118858392177104e-01
1.007770260288947339e+00
9.797027801577687933e-01
9.814754631134222640e-01
9.740892841315331729e-01
1.011906520518805364e+00
9.873844062989335368e-01
1.015747333589387624e+00
1.006293024492569632e+00
9.675894466274707062e-01
9.962478210772004461e-01
1.025201642686205616e+00
1.008952048926049727e+00
9.965432682364759875e-01
1.005111235855467244e+00
9.631577392383372516e-01
9.749756256093597973e-01
1.019883593819245426e+00
9.867935119803823429e-01
1.013383756315183071e+00
9.974296097143026119e-01
9.932933494844448097e-01
1.004520341536916161e+00
9.992022926699560825e-01
1.004815788696191703e+00
1.018701805182143261e+00
1.008656601766773964e+00
9.935887966437203511e-01
1.015156439270836541e+00
9.888616420953113550e-01
9.983159511921293472e-01
1.001565869944160525e+00
9.853162761840045247e-01
1.006883918811120715e+00
9.847253818654534419e-01
1.024019854049103451e+00
1.015156439270836541e+00
9.743847312908087144e-01
1.017520016545040873e+00
9.992022926699560825e-01
9.761574142464620740e-01
1.007474813129671798e+00
1.002747658581262691e+00
1.008065707448222881e+00
1.018997252341418802e+00
1.010429284722427434e+00
1.004815788696191703e+00
9.900434307324135208e-01
9.867935119803823429e-01
9.661122108310928880e-01
1.007179365970396256e+00
1.007179365970396256e+00
1.001565869944160525e+00
1.011020179040978517e+00
1.028747008597512336e+00
9.918161136880669915e-01
1.021360829615623356e+00
1.005702130174018327e+00
1.007770260288947339e+00
9.664076579903684294e-01
9.734983898129819790e-01
9.956569267586492522e-01
9.758619670871865326e-01
1.039383106331432716e+00
1.010724731881702976e+00
1.009247496085325269e+00
9.994977398292316240e-01
9.997931869885071654e-01
9.929979023251691572e-01
1.016929122226489790e+00
9.944751381215469754e-01
1.006883918811120715e+00
1.026678878482583546e+00
9.808845687948710701e-01
1.012792861996631988e+00
9.894525364138624379e-01
9.879753006174846197e-01
9.921115608473425329e-01
9.873844062989335368e-01
9.929979023251691572e-01

# time bin value
-1.000000000000000000e+02
-9.900000000000000000e+01
-9.800000000000000000e+01
-9.700000000000000000e+01
-9.600000000000000000e+01
-9.500000000000000000e+01
-9.400000000000000000e+01
-9.300000000000000000e+01
-9.200000000000000000e+01
-9.100000000000000000e+01
-9.000000000000000000e+01
-8.900000000000000000e+01
-8.800000000000000000e+01
-8.700000000000000000e+01
-8.600000000000000000e+01
-8.500000000000000000e+01
-8.400000000000000000e+01
-8.300000000000000000e+01
-8.200000000000000000e+01
-8.100000000000000000e+01
-8.000000000000000000e+01
-7.900000000000000000e+01
-7.800000000000000000e+01
-7.700000000000000000e+01
-7.600000000000000000e+01
-7.500000000000000000e+01
-7.400000000000000000e+01
-7.300000000000000000e+01
-7.200000000000000000e+01
-7.100000000000000000e+01
-7.000000000000000000e+01
-6.900000000000000000e+01
-6.800000000000000000e+01
-6.700000000000000000e+01
-6.600000000000000000e+01
-6.500000000000000000e+01
-6.400000000000000000e+01
-6.300000000000000000e+01
-6.200000000000000000e+01
-6.100000000000000000e+01
-6.000000000000000000e+01
-5.900000000000000000e+01
-5.800000000000000000e+01
-5.700000000000000000e+01
-5.600000000000000000e+01
-5.500000000000000000e+01
-5.400000000000000000e+01
-5.300000000000000000e+01
-5.200000000000000000e+01
-5.100000000000000000e+01
-5.000000000000000000e+01
-4.900000000000000000e+01
-4.800000000000000000e+01
-4.700000000000000000e+01
-4.600000000000000000e+01
-4.500000000000000000e+01
-4.400000000000000000e+01
-4.300000000000000000e+01
-4.200000000000000000e+01
-4.100000000000000000e+01
-4.000000000000000000e+01
-3.900000000000000000e+01
-3.800000000000000000e+01
-3.700000000000000000e+01
-3.600000000000000000e+01
-3.500000000000000000e+01
-3.400000000000000000e+01
-3.300000000000000000e+01
-3.200000000000000000e+01
-3.100000000000000000e+01
-3.000000000000000000e+01
-2.900000000000000000e+01
-2.800000000000000000e+01
-2.700000000000000000e+01
-2.600000000000000000e+01
-2.500000000000000000e+01
-2.400000000000000000e+01
-2.300000000000000000e+01
-2.200000000000000000e+01
-2.100000000000000000e+01
-2.000000000000000000e+01
-1.900000000000000000e+01
-1.800000000000000000e+01
-1.700000000000000000e+01
-1.600000000000000000e+01
-1.500000000000000000e+01
-1.400000000000000000e+01
-1.300000000000000000e+01
-1.200000000000000000e+01
-1.100000000000000000e+01
-1.000000000000000000e+01
-9.000000000000000000e+00
-8.000000000000000000e+00
-7.000000000000000000e+00
-6.000000000000000000e+00
-5.000000000000000000e+00
-4.000000000000000000e+00
-3.000000000000000000e+00
-2.000000000000000000e+00
-1.000000000000000000e+00
0.000000000000000000e+00
1.000000000000000000e+00
2.000000000000000000e+00
3.000000000000000000e+00
4.000000000000000000e+00
5.000000000000000000e+00
6.000000000000000000e+00
7.000000000000000000e+00
8.000000000000000000e+00
9.000000000000000000e+00
1.000000000000000000e+01
1.100000000000000000e+01
1.200000000000000000e+01
1.300000000000000000e+01
1.400000000000000000e+01
1.500000000000000000e+01
1.600000000000000000e+01
1.700000000000000000e+01
1.800000000000000000e+01
1.900000000000000000e+01
2.000000000000000000e+01
2.100000000000000000e+01
2.200000000000000000e+01
2.300000000000000000e+01
2.400000000000000000e+01
2.500000000000000000e+01
2.600000000000000000e+01
2.700000000000000000e+01
2.800000000000000000e+01
2.900000000000000000e+01
3.000000000000000000e+01
3.100000000000000000e+01
3.200000000000000000e+01
3.300000000000000000e+01
3.400000000000000000e+01
3.500000000000000000e+01
3.600000000000000000e+01
3.700000000000000000e+01
3.800000000000000000e+01
3.900000000000000000e+01
4.000000000000000000e+01
4.100000000000000000e+01
4.200000000000000000e+01
4.300000000000000000e+01
4.400000000000000000e+01
4.500000000000000000e+01
4.600000000000000000e+01
4.700000000000000000e+01
4.800000000000000000e+01
4.900000000000000000e+01
5.000000000000000000e+01
5.100000000000000000e+01
5.200000000000000000e+01
5.300000000000000000e+01
5.400000000000000000e+01
5.500000000000000000e+01
5.600000000000000000e+01
5.700000000000000000e+01
5.800000000000000000e+01
5.900000000000000000e+01
6.000000000000000000e+01
6.100000000000000000e+01
6.200000000000000000e+01
6.300000000000000000e+01
6.400000000000000000e+01
6.500000000000000000e+01
6.600000000000000000e+01
6.700000000000000000e+01
6.800000000000000000e+01
6.900000000000000000e+01
7.000000000000000000e+01
7.100000000000000000e+01
7.200000000000000000e+01
7.300000000000000000e+01
7.400000000000000000e+01
7.500000000000000000e+01
7.600000000000000000e+01
7.700000000000000000e+01
7.800000000000000000e+01
7.900000000000000000e+01
8.000000000000000000e+01
8.100000000000000000e+01
8.200000000000000000e+01
8.300000000000000000e+01
8.400000000000000000e+01
8.500000000000000000e+01
8.600000000000000000e+01
8.700000000000000000e+01
8.800000000000000000e+01
8.900000000000000000e+01
9.000000000000000000e+01
9.100000000000000000e+01
9.200000000000000000e+01
9.300000000000000000e+01
9.400000000000000000e+01
9.500000000000000000e+01
9.600000000000000000e+01
9.700000000000000000e+01
9.800000000000000000e+01
9.900000000000000000e+01
