single photon fraction:    0.0712
laser fraction:    0.3446
thermal source fraction:    0.3670
non-detected fraction:    0.2172
number of bins:  200.0000
bin width (ns):    1.0000
average detection events per bin: 5000.0000

# binary result
0.000000000000000000e+00

# g2 signal
9.829244592460050223e-01
9.973074667499967072e-01
1.009892598315989432e+00
1.002701094563993589e+00
1.001416897465422950e+00
9.680277729025850153e-01
1.006296846439991510e+00
1.009122080056847004e+00
9.759897949137232853e-01
1.001930576304851161e+00
9.955095908119977466e-01
9.901159629980008647e-01
1.016056744389128852e+00
9.872907293811453711e-01
9.806129044685777396e-01
9.934548754542846805e-01
1.048418511273110143e+00
1.014258868451129780e+00
1.021964051042554056e+00
1.003985291662564228e+00
9.777876708517222459e-01
9.834381380854333443e-01
1.007581043538562149e+00
9.988485032682815623e-01
9.921706783557139309e-01
1.004755809921706655e+00
9.744487583954384302e-01
9.957664302317118521e-01
9.991053426879956678e-01
1.033521824929690247e+00
1.008351561797704576e+00
1.023505087560838689e+00
1.015286226129986424e+00
1.009122080056847004e+00
9.908864812571432923e-01
9.924275177754281474e-01
9.693119700011557649e-01
9.993621821077098843e-01
9.852360140234323049e-01
1.012974671352559142e+00
9.795855467897212066e-01
1.012204153093416714e+00
9.898591235782867592e-01
1.017340941487699491e+00
9.705961670997264035e-01
9.865202111220029435e-01
1.013745189611701569e+00
1.018881978005984346e+00
1.003471612823136017e+00
9.937117148739987860e-01
9.993621821077098843e-01
1.020679853943983195e+00
1.000903218625994739e+00
1.013488350191987353e+00
1.012460992513130931e+00
9.847223351840039829e-01
9.957664302317118521e-01
1.001416897465422950e+00
9.973074667499967072e-01
9.888317658994302262e-01
1.024532445239695333e+00
1.006810525279419721e+00
9.952527513922836411e-01
1.039429131583115229e+00
9.965369484908542796e-01
1.003985291662564228e+00
9.988485032682815623e-01
9.921706783557139309e-01
9.926843571951422529e-01
9.978211455894250292e-01
9.854928534431464104e-01
1.013745189611701569e+00
1.017340941487699491e+00
9.772739920122940349e-01
1.014258868451129780e+00
1.014515707870843997e+00
1.008094722377990582e+00
9.754761160742950743e-01
1.023761926980552905e+00
9.664867363843001602e-01
9.985916638485674568e-01
9.921706783557139309e-01
1.014772547290557991e+00
1.018625138586270129e+00
9.952527513922836411e-01
1.008865240637133009e+00
1.002187415724565378e+00
9.885749264797160096e-01
1.006040007020277516e+00
9.680277729025850153e-01
9.765034737531516074e-01
1.019909335684840768e+00
9.770171525925798184e-01
9.970506273302826017e-01
9.911433206768573978e-01
9.849791746037180884e-01
9.890886053191443317e-01
1.024532445239695333e+00
9.970506273302826017e-01
1.008094722377990582e+00
1.358680530287788457e+00
9.985916638485674568e-01
9.919138389359998254e-01
9.921706783557139309e-01
9.973074667499967072e-01
9.872907293811453711e-01
9.816402621474342727e-01
1.027357678856550827e+00
1.000389539786566306e+00
1.018625138586270129e+00
9.955095908119977466e-01
9.860065322825746215e-01
1.006810525279419721e+00
9.711098459391547255e-01
9.754761160742950743e-01
1.037374416225402163e+00
9.775308314320081404e-01
9.610931085703032783e-01
1.025816642338265972e+00
9.978211455894250292e-01
1.012717831932844925e+00
1.006553685859705727e+00
1.037374416225402163e+00
9.880612476402877986e-01
9.975643061697108127e-01
9.824107804065767002e-01
9.518468894605943698e-01
1.005269488761135088e+00
9.911433206768573978e-01
1.004242131082278444e+00
1.019138817425698340e+00
9.903728024177149702e-01
1.005783167600563299e+00
9.980779850091391348e-01
1.012974671352559142e+00
9.616067874097316004e-01
9.775308314320081404e-01
1.027357678856550827e+00
9.970506273302826017e-01
1.016313583808842846e+00
1.024275605819981116e+00
9.734214007165818972e-01
9.952527513922836411e-01
1.008608401217418793e+00
9.854928534431464104e-01
9.980779850091391348e-01
9.931980360345705749e-01
9.741919189757243247e-01
1.001673736885137167e+00
9.842086563445756608e-01
9.862633717022888380e-01
1.005783167600563299e+00
1.006810525279419721e+00
1.003214773403421800e+00
9.818971015671484892e-01
1.006553685859705727e+00
9.955095908119977466e-01
1.001930576304851161e+00
9.577541961140195736e-01
9.857496928628605160e-01
1.003985291662564228e+00
1.001160058045708734e+00
9.970506273302826017e-01
1.001930576304851161e+00
1.013231510772273358e+00
9.885749264797160096e-01
9.705961670997264035e-01
9.747055978151526467e-01
1.003985291662564228e+00
9.962801090711401741e-01
9.916569995162857198e-01
9.798423862094353121e-01
1.009122080056847004e+00
1.021450372203125623e+00
1.011433634834274287e+00
9.957664302317118521e-01
1.033521824929690247e+00
1.003214773403421800e+00
9.736782401362960027e-01
1.009635758896275437e+00
1.008351561797704576e+00
1.001416897465422950e+00
9.842086563445756608e-01
9.752192766545808578e-01
1.001673736885137167e+00
9.949959119725695356e-01
9.926843571951422529e-01
9.934548754542846805e-01
9.980779850091391348e-01
9.975643061697108127e-01
1.008865240637133009e+00
9.765034737531516074e-01
1.001416897465422950e+00
1.003471612823136017e+00
9.654593787054436271e-01
9.924275177754281474e-01
9.937117148739987860e-01
1.008865240637133009e+00
1.048932190112538354e+00
1.010919955994846076e+00

# time bin value
-1.000000000000000000e+02
-9.900000000000000000e+01
-9.800000000000000000e+01
-9.700000000000000000e+01
-9.600000000000000000e+01
-9.500000000000000000e+01
-9.400000000000000000e+01
-9.300000000000000000e+01
-9.200000000000000000e+01
-9.100000000000000000e+01
-9.000000000000000000e+01
-8.900000000000000000e+01
-8.800000000000000000e+01
-8.700000000000000000e+01
-8.600000000000000000e+01
-8.500000000000000000e+01
-8.400000000000000000e+01
-8.300000000000000000e+01
-8.200000000000000000e+01
-8.100000000000000000e+01
-8.000000000000000000e+01
-7.900000000000000000e+01
-7.800000000000000000e+01
-7.700000000000000000e+01
-7.600000000000000000e+01
-7.500000000000000000e+01
-7.400000000000000000e+01
-7.300000000000000000e+01
-7.200000000000000000e+01
-7.100000000000000000e+01
-7.000000000000000000e+01
-6.900000000000000000e+01
-6.800000000000000000e+01
-6.700000000000000000e+01
-6.600000000000000000e+01
-6.500000000000000000e+01
-6.400000000000000000e+01
-6.300000000000000000e+01
-6.200000000000000000e+01
-6.100000000000000000e+01
-6.000000000000000000e+01
-5.900000000000000000e+01
-5.800000000000000000e+01
-5.700000000000000000e+01
-5.600000000000000000e+01
-5.500000000000000000e+01
-5.400000000000000000e+01
-5.300000000000000000e+01
-5.200000000000000000e+01
-5.100000000000000000e+01
-5.000000000000000000e+01
-4.900000000000000000e+01
-4.800000000000000000e+01
-4.700000000000000000e+01
-4.600000000000000000e+01
-4.500000000000000000e+01
-4.400000000000000000e+01
-4.300000000000000000e+01
-4.200000000000000000e+01
-4.100000000000000000e+01
-4.000000000000000000e+01
-3.900000000000000000e+01
-3.800000000000000000e+01
-3.700000000000000000e+01
-3.600000000000000000e+01
-3.500000000000000000e+01
-3.400000000000000000e+01
-3.300000000000000000e+01
-3.200000000000000000e+01
-3.100000000000000000e+01
-3.000000000000000000e+01
-2.900000000000000000e+01
-2.800000000000000000e+01
-2.700000000000000000e+01
-2.600000000000000000e+01
-2.500000000000000000e+01
-2.400000000000000000e+01
-2.300000000000000000e+01
-2.200000000000000000e+01
-2.100000000000000000e+01
-2.000000000000000000e+01
-1.900000000000000000e+01
-1.800000000000000000e+01
-1.700000000000000000e+01
-1.600000000000000000e+01
-1.500000000000000000e+01
-1.400000000000000000e+01
-1.300000000000000000e+01
-1.200000000000000000e+01
-1.100000000000000000e+01
-1.000000000000000000e+01
-9.000000000000000000e+00
-8.000000000000000000e+00
-7.000000000000000000e+00
-6.000000000000000000e+00
-5.000000000000000000e+00
-4.000000000000000000e+00
-3.000000000000000000e+00
-2.000000000000000000e+00
-1.000000000000000000e+00
0.000000000000000000e+00
1.000000000000000000e+00
2.000000000000000000e+00
3.000000000000000000e+00
4.000000000000000000e+00
5.000000000000000000e+00
6.000000000000000000e+00
7.000000000000000000e+00
8.000000000000000000e+00
9.000000000000000000e+00
1.000000000000000000e+01
1.100000000000000000e+01
1.200000000000000000e+01
1.300000000000000000e+01
1.400000000000000000e+01
1.500000000000000000e+01
1.600000000000000000e+01
1.700000000000000000e+01
1.800000000000000000e+01
1.900000000000000000e+01
2.000000000000000000e+01
2.100000000000000000e+01
2.200000000000000000e+01
2.300000000000000000e+01
2.400000000000000000e+01
2.500000000000000000e+01
2.600000000000000000e+01
2.700000000000000000e+01
2.800000000000000000e+01
2.900000000000000000e+01
3.000000000000000000e+01
3.100000000000000000e+01
3.200000000000000000e+01
3.300000000000000000e+01
3.400000000000000000e+01
3.500000000000000000e+01
3.600000000000000000e+01
3.700000000000000000e+01
3.800000000000000000e+01
3.900000000000000000e+01
4.000000000000000000e+01
4.100000000000000000e+01
4.200000000000000000e+01
4.300000000000000000e+01
4.400000000000000000e+01
4.500000000000000000e+01
4.600000000000000000e+01
4.700000000000000000e+01
4.800000000000000000e+01
4.900000000000000000e+01
5.000000000000000000e+01
5.100000000000000000e+01
5.200000000000000000e+01
5.300000000000000000e+01
5.400000000000000000e+01
5.500000000000000000e+01
5.600000000000000000e+01
5.700000000000000000e+01
5.800000000000000000e+01
5.900000000000000000e+01
6.000000000000000000e+01
6.100000000000000000e+01
6.200000000000000000e+01
6.300000000000000000e+01
6.400000000000000000e+01
6.500000000000000000e+01
6.600000000000000000e+01
6.700000000000000000e+01
6.800000000000000000e+01
6.900000000000000000e+01
7.000000000000000000e+01
7.100000000000000000e+01
7.200000000000000000e+01
7.300000000000000000e+01
7.400000000000000000e+01
7.500000000000000000e+01
7.600000000000000000e+01
7.700000000000000000e+01
7.800000000000000000e+01
7.900000000000000000e+01
8.000000000000000000e+01
8.100000000000000000e+01
8.200000000000000000e+01
8.300000000000000000e+01
8.400000000000000000e+01
8.500000000000000000e+01
8.600000000000000000e+01
8.700000000000000000e+01
8.800000000000000000e+01
8.900000000000000000e+01
9.000000000000000000e+01
9.100000000000000000e+01
9.200000000000000000e+01
9.300000000000000000e+01
9.400000000000000000e+01
9.500000000000000000e+01
9.600000000000000000e+01
9.700000000000000000e+01
9.800000000000000000e+01
9.900000000000000000e+01
