single photon fraction:    0.5590
laser fraction:    0.1988
thermal source fraction:    0.0621
non-detected fraction:    0.1801
number of bins:  200.0000
bin width (ns):    1.0000
average detection events per bin: 5000.0000

# binary result
1.000000000000000000e+00

# g2 signal
1.018402934541853488e+00
9.826437165420672804e-01
1.011545002322716380e+00
9.899915010625712775e-01
9.853379041995854459e-01
9.958697286789744973e-01
9.909712056653051659e-01
1.000033473240593329e+00
1.014973968432284934e+00
9.951349502269241087e-01
9.904813533639382772e-01
1.002482734747428106e+00
9.738263751174625060e-01
1.020362343747321043e+00
1.005666774706313271e+00
9.924407625694059432e-01
1.033343429733544871e+00
9.931755410214563318e-01
9.951349502269241087e-01
9.995436209392265514e-01
1.004197217802212272e+00
1.033833282034911871e+00
9.757857843229302830e-01
9.978291378844422743e-01
9.961146548296579972e-01
1.021342048350055043e+00
9.919509102680390544e-01
9.777451935283979489e-01
1.024281162158256597e+00
1.017178303788436100e+00
1.019137712993903877e+00
9.755408581722467831e-01
1.015218894582968323e+00
9.934204671721398316e-01
1.010320371569298992e+00
1.004197217802212272e+00
1.012034854624083380e+00
1.000033473240593329e+00
9.740713012681460059e-01
1.019627565295270655e+00
9.872973134050532229e-01
1.007871110062464437e+00
9.738263751174625060e-01
1.002237808596744717e+00
9.872973134050532229e-01
1.014239189980234546e+00
1.018892786843220266e+00
9.733365228160956173e-01
1.004197217802212272e+00
1.014484116130917934e+00
1.026240571363724374e+00
1.027220275966458152e+00
1.025015940610306986e+00
9.868074611036862231e-01
9.902364272132547773e-01
1.024036236007573208e+00
9.992986947885430515e-01
1.003462439350161883e+00
1.002727660898111495e+00
9.775002673777145601e-01
1.010075445418615603e+00
9.821538642407003916e-01
9.730915966654121174e-01
9.836234211448011688e-01
1.010810223870665991e+00
1.003952291651528883e+00
9.997885470899099403e-01
1.037752100445847203e+00
1.028689832870558929e+00
1.010075445418615603e+00
9.980740640351256632e-01
9.899915010625712775e-01
9.992986947885430515e-01
1.004931996254262661e+00
1.022321752952788820e+00
9.816640119393335029e-01
1.006646479309047049e+00
1.017668156089803100e+00
1.012524706925450158e+00
1.001013177843327329e+00
1.010565297719982381e+00
9.980740640351256632e-01
9.779901196790814488e-01
9.865625349530027233e-01
9.929306148707729429e-01
9.872973134050532229e-01
9.750510058708798944e-01
1.000278399391276940e+00
1.058570823253941917e+00
1.017178303788436100e+00
9.848480518982185572e-01
1.012769633076133768e+00
9.924407625694059432e-01
9.941552456241902203e-01
9.919509102680390544e-01
9.929306148707729429e-01
1.006891405459730437e+00
9.728466705147286175e-01
1.020362343747321043e+00
1.002482734747428106e+00
3.796355335593729619e-01
1.009585593117248603e+00
1.003952291651528883e+00
1.006156627007680049e+00
9.841132734461681686e-01
1.018402934541853488e+00
1.028444906719875540e+00
9.895016487612043887e-01
9.997885470899099403e-01
9.775002673777145601e-01
1.005666774706313271e+00
1.008605888514514826e+00
1.015953673035018712e+00
1.020607269898004654e+00
1.012769633076133768e+00
1.025995645213040763e+00
9.941552456241902203e-01
1.010075445418615603e+00
1.004687070103579272e+00
9.757857843229302830e-01
1.001013177843327329e+00
9.988088424871760518e-01
1.001747956295377717e+00
1.005176922404946271e+00
1.025750719062357375e+00
1.018158008391169878e+00
9.944001717748737201e-01
9.919509102680390544e-01
1.007381257761097437e+00
9.797046027338657259e-01
1.005666774706313271e+00
9.701524828572105630e-01
9.997885470899099403e-01
9.843581995968515574e-01
9.909712056653051659e-01
9.924407625694059432e-01
9.921958364187225543e-01
1.003217513199478494e+00
1.007381257761097437e+00
1.002482734747428106e+00
1.034323134336278649e+00
1.015218894582968323e+00
1.010565297719982381e+00
1.001747956295377717e+00
1.005666774706313271e+00
1.005176922404946271e+00
1.015463820733651712e+00
1.028689832870558929e+00
1.010320371569298992e+00
9.941552456241902203e-01
9.850929780489019461e-01
9.836234211448011688e-01
9.860726826516358345e-01
9.988088424871760518e-01
1.008605888514514826e+00
1.034812986637645649e+00
1.008116036213147826e+00
9.990537686378595517e-01
1.020607269898004654e+00
9.885219441584705002e-01
1.040201361952681980e+00
9.895016487612043887e-01
1.009830519267931992e+00
1.010565297719982381e+00
9.424758278299788516e-01
9.819089380900168917e-01
1.014729042281601323e+00
9.836234211448011688e-01
9.919509102680390544e-01
1.016443525336385711e+00
1.016443525336385711e+00
9.944001717748737201e-01
9.997885470899099403e-01
9.924407625694059432e-01
9.921958364187225543e-01
9.902364272132547773e-01
1.025995645213040763e+00
1.019627565295270655e+00
1.027465202117141763e+00
9.890117964598373890e-01
9.892567226105208888e-01
1.003462439350161883e+00
1.015708746884335323e+00
1.038976731199264592e+00
1.002482734747428106e+00
9.956248025282909975e-01
9.980740640351256632e-01
1.018158008391169878e+00
9.917059841173555546e-01
1.030404315925343317e+00
1.018402934541853488e+00
9.907262795146216661e-01
1.017668156089803100e+00
1.009585593117248603e+00
1.027465202117141763e+00
1.012769633076133768e+00
1.018158008391169878e+00
9.939103194735067204e-01
1.000523325541960329e+00
9.897465749118878886e-01

# time bin value
-1.000000000000000000e+02
-9.900000000000000000e+01
-9.800000000000000000e+01
-9.700000000000000000e+01
-9.600000000000000000e+01
-9.500000000000000000e+01
-9.400000000000000000e+01
-9.300000000000000000e+01
-9.200000000000000000e+01
-9.100000000000000000e+01
-9.000000000000000000e+01
-8.900000000000000000e+01
-8.800000000000000000e+01
-8.700000000000000000e+01
-8.600000000000000000e+01
-8.500000000000000000e+01
-8.400000000000000000e+01
-8.300000000000000000e+01
-8.200000000000000000e+01
-8.100000000000000000e+01
-8.000000000000000000e+01
-7.900000000000000000e+01
-7.800000000000000000e+01
-7.700000000000000000e+01
-7.600000000000000000e+01
-7.500000000000000000e+01
-7.400000000000000000e+01
-7.300000000000000000e+01
-7.200000000000000000e+01
-7.100000000000000000e+01
-7.000000000000000000e+01
-6.900000000000000000e+01
-6.800000000000000000e+01
-6.700000000000000000e+01
-6.600000000000000000e+01
-6.500000000000000000e+01
-6.400000000000000000e+01
-6.300000000000000000e+01
-6.200000000000000000e+01
-6.100000000000000000e+01
-6.000000000000000000e+01
-5.900000000000000000e+01
-5.800000000000000000e+01
-5.700000000000000000e+01
-5.600000000000000000e+01
-5.500000000000000000e+01
-5.400000000000000000e+01
-5.300000000000000000e+01
-5.200000000000000000e+01
-5.100000000000000000e+01
-5.000000000000000000e+01
-4.900000000000000000e+01
-4.800000000000000000e+01
-4.700000000000000000e+01
-4.600000000000000000e+01
-4.500000000000000000e+01
-4.400000000000000000e+01
-4.300000000000000000e+01
-4.200000000000000000e+01
-4.100000000000000000e+01
-4.000000000000000000e+01
-3.900000000000000000e+01
-3.800000000000000000e+01
-3.700000000000000000e+01
-3.600000000000000000e+01
-3.500000000000000000e+01
-3.400000000000000000e+01
-3.300000000000000000e+01
-3.200000000000000000e+01
-3.100000000000000000e+01
-3.000000000000000000e+01
-2.900000000000000000e+01
-2.800000000000000000e+01
-2.700000000000000000e+01
-2.600000000000000000e+01
-2.500000000000000000e+01
-2.400000000000000000e+01
-2.300000000000000000e+01
-2.200000000000000000e+01
-2.100000000000000000e+01
-2.000000000000000000e+01
-1.900000000000000000e+01
-1.800000000000000000e+01
-1.700000000000000000e+01
-1.600000000000000000e+01
-1.500000000000000000e+01
-1.400000000000000000e+01
-1.300000000000000000e+01
-1.200000000000000000e+01
-1.100000000000000000e+01
-1.000000000000000000e+01
-9.000000000000000000e+00
-8.000000000000000000e+00
-7.000000000000000000e+00
-6.000000000000000000e+00
-5.000000000000000000e+00
-4.000000000000000000e+00
-3.000000000000000000e+00
-2.000000000000000000e+00
-1.000000000000000000e+00
0.000000000000000000e+00
1.000000000000000000e+00
2.000000000000000000e+00
3.000000000000000000e+00
4.000000000000000000e+00
5.000000000000000000e+00
6.000000000000000000e+00
7.000000000000000000e+00
8.000000000000000000e+00
9.000000000000000000e+00
1.000000000000000000e+01
1.100000000000000000e+01
1.200000000000000000e+01
1.300000000000000000e+01
1.400000000000000000e+01
1.500000000000000000e+01
1.600000000000000000e+01
1.700000000000000000e+01
1.800000000000000000e+01
1.900000000000000000e+01
2.000000000000000000e+01
2.100000000000000000e+01
2.200000000000000000e+01
2.300000000000000000e+01
2.400000000000000000e+01
2.500000000000000000e+01
2.600000000000000000e+01
2.700000000000000000e+01
2.800000000000000000e+01
2.900000000000000000e+01
3.000000000000000000e+01
3.100000000000000000e+01
3.200000000000000000e+01
3.300000000000000000e+01
3.400000000000000000e+01
3.500000000000000000e+01
3.600000000000000000e+01
3.700000000000000000e+01
3.800000000000000000e+01
3.900000000000000000e+01
4.000000000000000000e+01
4.100000000000000000e+01
4.200000000000000000e+01
4.300000000000000000e+01
4.400000000000000000e+01
4.500000000000000000e+01
4.600000000000000000e+01
4.700000000000000000e+01
4.800000000000000000e+01
4.900000000000000000e+01
5.000000000000000000e+01
5.100000000000000000e+01
5.200000000000000000e+01
5.300000000000000000e+01
5.400000000000000000e+01
5.500000000000000000e+01
5.600000000000000000e+01
5.700000000000000000e+01
5.800000000000000000e+01
5.900000000000000000e+01
6.000000000000000000e+01
6.100000000000000000e+01
6.200000000000000000e+01
6.300000000000000000e+01
6.400000000000000000e+01
6.500000000000000000e+01
6.600000000000000000e+01
6.700000000000000000e+01
6.800000000000000000e+01
6.900000000000000000e+01
7.000000000000000000e+01
7.100000000000000000e+01
7.200000000000000000e+01
7.300000000000000000e+01
7.400000000000000000e+01
7.500000000000000000e+01
7.600000000000000000e+01
7.700000000000000000e+01
7.800000000000000000e+01
7.900000000000000000e+01
8.000000000000000000e+01
8.100000000000000000e+01
8.200000000000000000e+01
8.300000000000000000e+01
8.400000000000000000e+01
8.500000000000000000e+01
8.600000000000000000e+01
8.700000000000000000e+01
8.800000000000000000e+01
8.900000000000000000e+01
9.000000000000000000e+01
9.100000000000000000e+01
9.200000000000000000e+01
9.300000000000000000e+01
9.400000000000000000e+01
9.500000000000000000e+01
9.600000000000000000e+01
9.700000000000000000e+01
9.800000000000000000e+01
9.900000000000000000e+01
