single photon fraction:    0.3265
laser fraction:    0.0136
thermal source fraction:    0.3129
non-detected fraction:    0.3469
number of bins:  200.0000
bin width (ns):    1.0000
average detection events per bin: 5000.0000

# binary result
0.000000000000000000e+00

# g2 signal
1.028527410450635449e+00
1.020207985620747104e+00
1.020516112466298475e+00
1.014045448709718800e+00
1.006342277570933197e+00
1.005726023879830455e+00
9.841571446912311671e-01
1.008807292335344608e+00
1.005417897034279084e+00
9.669020413403517367e-01
1.010039799717550313e+00
9.921684426755680297e-01
1.012504814481961724e+00
1.018667351392990028e+00
9.829246373090254618e-01
9.887790473745023956e-01
9.893953010656052482e-01
1.000795994351007634e+00
1.004493516497624750e+00
9.829246373090254618e-01
9.847733983823340198e-01
1.006650404416484790e+00
1.018975478238541399e+00
1.002952882269867674e+00
1.029759917832841154e+00
9.863140326100910960e-01
9.921684426755680297e-01
9.773783540890998989e-01
1.010039799717550313e+00
1.010347926563101684e+00
9.903196816022594717e-01
9.847733983823340198e-01
9.986391064321478162e-01
1.018667351392990028e+00
9.789189883168569750e-01
9.943253305944279585e-01
1.015277956091924505e+00
9.795352420079598277e-01
9.829246373090254618e-01
1.033457439979458048e+00
9.915521889844651771e-01
9.921684426755680297e-01
1.033457439979458048e+00
1.010347926563101684e+00
9.595069970471176157e-01
1.011888560790858760e+00
9.576582359738091688e-01
1.009115419180895978e+00
9.709076903325201124e-01
9.779946077802027515e-01
1.026986776222878373e+00
1.001412248042110598e+00
1.037771215817177906e+00
1.014661702400821541e+00
1.004185389652073379e+00
1.009423546026447349e+00
9.632045191937346207e-01
9.937090769033251059e-01
9.866221594556424668e-01
1.015586082937475876e+00
9.863140326100910960e-01
1.002644755424316303e+00
1.003569135960970415e+00
1.015277956091924505e+00
9.829246373090254618e-01
1.024213634612915591e+00
1.017434844010784323e+00
1.037771215817177906e+00
1.017126717165232952e+00
9.930928232122222532e-01
1.035922454743869459e+00
9.699833097958658890e-01
1.001104121196559227e+00
9.838490178456796853e-01
1.024521761458466962e+00
1.013121068173064465e+00
9.900115547567081009e-01
1.000179740659904892e+00
9.823083836179226092e-01
9.761458467068941935e-01
9.884709205289510248e-01
9.690589292592116655e-01
9.659776608036974022e-01
9.795352420079598277e-01
9.816921299268197565e-01
1.008499165489793237e+00
1.009423546026447349e+00
1.001104121196559227e+00
1.009115419180895978e+00
9.893953010656052482e-01
9.752214661702399701e-01
1.006650404416484790e+00
1.008499165489793237e+00
9.499550648350236770e-01
1.012812941327513094e+00
1.003261009115419045e+00
9.573501091282576869e-01
9.647451534214918079e-01
1.016510463474129988e+00
9.887790473745023956e-01
9.721401977147258178e-01
1.014353575555270170e+00
1.000179740659904892e+00
1.027911156759532485e+00
9.955578379766336639e-01
9.721401977147258178e-01
9.958659648221850347e-01
9.742970856335857466e-01
1.004801643343176121e+00
1.006342277570933197e+00
9.850815252278853906e-01
1.021132366157401439e+00
1.006034150725381826e+00
1.015277956091924505e+00
1.022673000385158515e+00
1.007266658107587531e+00
9.749133393246885992e-01
1.045474386955963508e+00
1.018359224547438657e+00
9.995634869688020396e-01
1.015586082937475876e+00
9.746052124791371174e-01
1.019283605084092770e+00
1.005726023879830455e+00
1.028835537296186819e+00
9.992553601232506688e-01
9.795352420079598277e-01
1.033457439979458048e+00
1.012196687636410131e+00
9.829246373090254618e-01
1.005417897034279084e+00
9.937090769033251059e-01
1.014969829246372912e+00
1.007266658107587531e+00
1.002952882269867674e+00
9.795352420079598277e-01
1.009423546026447349e+00
9.970984722043907400e-01
1.012812941327513094e+00
1.033765566825009641e+00
1.014661702400821541e+00
1.013429195018615836e+00
9.773783540890998989e-01
1.038387469508280869e+00
1.019591731929644363e+00
1.035614327898318088e+00
9.650532802670431787e-01
1.001720374887661968e+00
1.006650404416484790e+00
9.887790473745023956e-01
1.016510463474129988e+00
9.662857876492488840e-01
1.023289254076261257e+00
1.004493516497624750e+00
9.635126460392861025e-01
9.863140326100910960e-01
9.974065990499421108e-01
9.881627936833995429e-01
1.022364873539607144e+00
9.746052124791371174e-01
9.727564514058286704e-01
1.001720374887661968e+00
1.030992425215046859e+00
1.004493516497624750e+00
9.832327641545768326e-01
9.900115547567081009e-01
9.798433688535113095e-01
1.019591731929644363e+00
9.881627936833995429e-01
1.026370522531775409e+00
9.795352420079598277e-01
9.795352420079598277e-01
9.832327641545768326e-01
9.850815252278853906e-01
9.949415842855308112e-01
1.002336628578764932e+00
9.807677493901655330e-01
1.013737321864167429e+00
1.023905507767364220e+00
9.718320708691743359e-01
1.002952882269867674e+00
1.010347926563101684e+00
1.014045448709718800e+00
9.875465399922966903e-01
9.795352420079598277e-01
1.030684298369495266e+00
1.018975478238541399e+00
1.005726023879830455e+00
1.011580433945307389e+00
1.006650404416484790e+00
1.029143664141738190e+00
1.014353575555270170e+00
1.027911156759532485e+00
1.015586082937475876e+00
1.018051097701887286e+00
1.014045448709718800e+00
9.924765695211194005e-01
9.758377198613428227e-01
9.992553601232506688e-01
1.001720374887661968e+00

# time bin value
-1.000000000000000000e+02
-9.900000000000000000e+01
-9.800000000000000000e+01
-9.700000000000000000e+01
-9.600000000000000000e+01
-9.500000000000000000e+01
-9.400000000000000000e+01
-9.300000000000000000e+01
-9.200000000000000000e+01
-9.100000000000000000e+01
-9.000000000000000000e+01
-8.900000000000000000e+01
-8.800000000000000000e+01
-8.700000000000000000e+01
-8.600000000000000000e+01
-8.500000000000000000e+01
-8.400000000000000000e+01
-8.300000000000000000e+01
-8.200000000000000000e+01
-8.100000000000000000e+01
-8.000000000000000000e+01
-7.900000000000000000e+01
-7.800000000000000000e+01
-7.700000000000000000e+01
-7.600000000000000000e+01
-7.500000000000000000e+01
-7.400000000000000000e+01
-7.300000000000000000e+01
-7.200000000000000000e+01
-7.100000000000000000e+01
-7.000000000000000000e+01
-6.900000000000000000e+01
-6.800000000000000000e+01
-6.700000000000000000e+01
-6.600000000000000000e+01
-6.500000000000000000e+01
-6.400000000000000000e+01
-6.300000000000000000e+01
-6.200000000000000000e+01
-6.100000000000000000e+01
-6.000000000000000000e+01
-5.900000000000000000e+01
-5.800000000000000000e+01
-5.700000000000000000e+01
-5.600000000000000000e+01
-5.500000000000000000e+01
-5.400000000000000000e+01
-5.300000000000000000e+01
-5.200000000000000000e+01
-5.100000000000000000e+01
-5.000000000000000000e+01
-4.900000000000000000e+01
-4.800000000000000000e+01
-4.700000000000000000e+01
-4.600000000000000000e+01
-4.500000000000000000e+01
-4.400000000000000000e+01
-4.300000000000000000e+01
-4.200000000000000000e+01
-4.100000000000000000e+01
-4.000000000000000000e+01
-3.900000000000000000e+01
-3.800000000000000000e+01
-3.700000000000000000e+01
-3.600000000000000000e+01
-3.500000000000000000e+01
-3.400000000000000000e+01
-3.300000000000000000e+01
-3.200000000000000000e+01
-3.100000000000000000e+01
-3.000000000000000000e+01
-2.900000000000000000e+01
-2.800000000000000000e+01
-2.700000000000000000e+01
-2.600000000000000000e+01
-2.500000000000000000e+01
-2.400000000000000000e+01
-2.300000000000000000e+01
-2.200000000000000000e+01
-2.100000000000000000e+01
-2.000000000000000000e+01
-1.900000000000000000e+01
-1.800000000000000000e+01
-1.700000000000000000e+01
-1.600000000000000000e+01
-1.500000000000000000e+01
-1.400000000000000000e+01
-1.300000000000000000e+01
-1.200000000000000000e+01
-1.100000000000000000e+01
-1.000000000000000000e+01
-9.000000000000000000e+00
-8.000000000000000000e+00
-7.000000000000000000e+00
-6.000000000000000000e+00
-5.000000000000000000e+00
-4.000000000000000000e+00
-3.000000000000000000e+00
-2.000000000000000000e+00
-1.000000000000000000e+00
0.000000000000000000e+00
1.000000000000000000e+00
2.000000000000000000e+00
3.000000000000000000e+00
4.000000000000000000e+00
5.000000000000000000e+00
6.000000000000000000e+00
7.000000000000000000e+00
8.000000000000000000e+00
9.000000000000000000e+00
1.000000000000000000e+01
1.100000000000000000e+01
1.200000000000000000e+01
1.300000000000000000e+01
1.400000000000000000e+01
1.500000000000000000e+01
1.600000000000000000e+01
1.700000000000000000e+01
1.800000000000000000e+01
1.900000000000000000e+01
2.000000000000000000e+01
2.100000000000000000e+01
2.200000000000000000e+01
2.300000000000000000e+01
2.400000000000000000e+01
2.500000000000000000e+01
2.600000000000000000e+01
2.700000000000000000e+01
2.800000000000000000e+01
2.900000000000000000e+01
3.000000000000000000e+01
3.100000000000000000e+01
3.200000000000000000e+01
3.300000000000000000e+01
3.400000000000000000e+01
3.500000000000000000e+01
3.600000000000000000e+01
3.700000000000000000e+01
3.800000000000000000e+01
3.900000000000000000e+01
4.000000000000000000e+01
4.100000000000000000e+01
4.200000000000000000e+01
4.300000000000000000e+01
4.400000000000000000e+01
4.500000000000000000e+01
4.600000000000000000e+01
4.700000000000000000e+01
4.800000000000000000e+01
4.900000000000000000e+01
5.000000000000000000e+01
5.100000000000000000e+01
5.200000000000000000e+01
5.300000000000000000e+01
5.400000000000000000e+01
5.500000000000000000e+01
5.600000000000000000e+01
5.700000000000000000e+01
5.800000000000000000e+01
5.900000000000000000e+01
6.000000000000000000e+01
6.100000000000000000e+01
6.200000000000000000e+01
6.300000000000000000e+01
6.400000000000000000e+01
6.500000000000000000e+01
6.600000000000000000e+01
6.700000000000000000e+01
6.800000000000000000e+01
6.900000000000000000e+01
7.000000000000000000e+01
7.100000000000000000e+01
7.200000000000000000e+01
7.300000000000000000e+01
7.400000000000000000e+01
7.500000000000000000e+01
7.600000000000000000e+01
7.700000000000000000e+01
7.800000000000000000e+01
7.900000000000000000e+01
8.000000000000000000e+01
8.100000000000000000e+01
8.200000000000000000e+01
8.300000000000000000e+01
8.400000000000000000e+01
8.500000000000000000e+01
8.600000000000000000e+01
8.700000000000000000e+01
8.800000000000000000e+01
8.900000000000000000e+01
9.000000000000000000e+01
9.100000000000000000e+01
9.200000000000000000e+01
9.300000000000000000e+01
9.400000000000000000e+01
9.500000000000000000e+01
9.600000000000000000e+01
9.700000000000000000e+01
9.800000000000000000e+01
9.900000000000000000e+01
