single photon fraction:    0.3762
laser fraction:    0.3762
thermal source fraction:    0.0396
non-detected fraction:    0.2079
number of bins:  200.0000
bin width (ns):    1.0000
average detection events per bin: 5000.0000

# binary result
0.000000000000000000e+00

# g2 signal
1.000964887229861100e+00
1.015919794382700303e+00
1.020482308429329077e+00
1.005273928273899386e+00
9.885447101029268824e-01
9.870238720873839577e-01
1.006287820284261558e+00
1.030874701535539284e+00
1.017694105400833715e+00
9.822078850381644743e-01
1.001218360232451587e+00
9.880377640977459075e-01
1.003499617255765974e+00
9.862634530796123844e-01
1.014652429369747866e+00
9.956419541754607527e-01
1.026819133494091485e+00
1.036704580595120717e+00
1.009836442320528382e+00
9.951350081702796668e-01
1.015919794382700303e+00
1.000457941224680125e+00
1.005273928273899386e+00
1.003246144253175487e+00
1.002485725245404025e+00
9.961489001806417276e-01
9.956419541754607527e-01
1.003753090258356462e+00
9.847426150640694598e-01
9.931072241495557673e-01
1.024537876470777098e+00
9.855030340718409221e-01
9.933606971521462548e-01
9.862634530796123844e-01
9.923468051417843050e-01
1.018961470413786152e+00
1.025298295478548560e+00
1.006541293286852046e+00
1.014905902372338353e+00
1.001978779240223050e+00
9.791662090070786251e-01
9.895586021132888321e-01
9.931072241495557673e-01
1.000457941224680125e+00
1.014398956367157156e+00
9.903190211210602945e-01
9.809405200252120371e-01
1.009836442320528382e+00
1.017440632398243228e+00
9.657321398697823467e-01
9.918398591366033301e-01
1.000204468222089638e+00
1.004513509266127924e+00
1.026312187488910510e+00
1.002232252242813537e+00
1.010089915323118870e+00
1.014905902372338353e+00
9.961489001806417276e-01
9.923468051417843050e-01
1.021242727437100539e+00
9.948815351676891794e-01
1.003246144253175487e+00
9.969093191884131899e-01
1.004766982268718412e+00
9.999509952194991502e-01
1.002992671250584999e+00
9.966558461858227025e-01
9.882912371003363949e-01
9.865169260822028718e-01
9.740967489552686542e-01
1.008569077307575945e+00
1.002485725245404025e+00
9.746036949604497401e-01
1.013892010361976181e+00
1.009582969317937895e+00
9.852495610692504346e-01
1.004513509266127924e+00
9.958954271780512402e-01
9.953884811728701543e-01
9.738432759526781668e-01
9.966558461858227025e-01
1.014905902372338353e+00
1.011864226341252282e+00
9.976697381961846522e-01
1.002739198247994512e+00
9.900655481184698070e-01
1.007048239292033021e+00
9.964023731832322150e-01
1.013892010361976181e+00
1.030621228532948797e+00
9.915863861340128427e-01
9.801801010174405748e-01
1.023270511457824661e+00
9.844891420614789723e-01
1.002992671250584999e+00
9.948815351676891794e-01
9.893051291106983447e-01
9.936141701547367422e-01
1.026565660491500998e+00
1.006541293286852046e+00
5.781719189089169486e-01
9.989371032091370894e-01
1.016680213390471765e+00
1.006034347281670849e+00
9.837287230537075100e-01
1.017694105400833715e+00
9.672529778853253823e-01
1.004006563260946949e+00
1.010596861328299845e+00
1.019468416418967127e+00
1.013385064356795207e+00
1.013638537359385694e+00
1.014145483364566669e+00
1.017947578403424203e+00
1.002485725245404025e+00
9.994440492143180643e-01
9.862634530796123844e-01
1.011610753338661794e+00
9.900655481184698070e-01
9.999509952194991502e-01
1.004513509266127924e+00
9.842356690588884849e-01
1.015159375374928841e+00
9.991905762117275769e-01
1.008315604304985458e+00
9.926002781443747924e-01
9.588883687998390748e-01
1.027326079499272460e+00
1.030621228532948797e+00
9.926002781443747924e-01
9.766314789811736397e-01
1.018454524408605177e+00
1.022003146444872002e+00
9.852495610692504346e-01
9.832217770485265351e-01
1.004260036263537437e+00
9.938676431573272296e-01
9.766314789811736397e-01
9.720689649345447547e-01
1.006287820284261558e+00
1.001978779240223050e+00
1.013638537359385694e+00
9.999509952194991502e-01
9.880377640977459075e-01
9.961489001806417276e-01
9.563536387739340894e-01
1.003753090258356462e+00
1.010596861328299845e+00
1.014652429369747866e+00
9.989371032091370894e-01
1.017694105400833715e+00
1.016680213390471765e+00
9.953884811728701543e-01
9.991905762117275769e-01
1.001218360232451587e+00
1.007808658299804483e+00
9.913329131314223552e-01
1.020735781431919564e+00
1.008569077307575945e+00
9.974162651935941648e-01
9.928537511469652799e-01
9.974162651935941648e-01
9.725759109397257296e-01
1.012371172346433257e+00
1.009836442320528382e+00
9.872773450899744452e-01
9.811939930278025246e-01
1.011103807333480820e+00
9.953884811728701543e-01
1.007555185297213995e+00
9.996975222169085518e-01
1.010850334330890332e+00
9.976697381961846522e-01
1.007048239292033021e+00
9.953884811728701543e-01
9.951350081702796668e-01
9.986836302065466020e-01
9.885447101029268824e-01
9.819544120355739869e-01
1.004766982268718412e+00
1.019468416418967127e+00
9.849960880666599472e-01
9.941211161599177171e-01
9.887981831055173698e-01
9.898120751158793196e-01
1.007301712294623508e+00
1.010343388325709357e+00
1.002739198247994512e+00
1.019975362424148102e+00
1.016426740387881278e+00
1.024030930465596123e+00
9.918398591366033301e-01
1.012371172346433257e+00
1.000964887229861100e+00
9.964023731832322150e-01
1.003753090258356462e+00
9.789127360044881376e-01
1.006287820284261558e+00
1.016173267385290790e+00
1.003246144253175487e+00

# time bin value
-1.000000000000000000e+02
-9.900000000000000000e+01
-9.800000000000000000e+01
-9.700000000000000000e+01
-9.600000000000000000e+01
-9.500000000000000000e+01
-9.400000000000000000e+01
-9.300000000000000000e+01
-9.200000000000000000e+01
-9.100000000000000000e+01
-9.000000000000000000e+01
-8.900000000000000000e+01
-8.800000000000000000e+01
-8.700000000000000000e+01
-8.600000000000000000e+01
-8.500000000000000000e+01
-8.400000000000000000e+01
-8.300000000000000000e+01
-8.200000000000000000e+01
-8.100000000000000000e+01
-8.000000000000000000e+01
-7.900000000000000000e+01
-7.800000000000000000e+01
-7.700000000000000000e+01
-7.600000000000000000e+01
-7.500000000000000000e+01
-7.400000000000000000e+01
-7.300000000000000000e+01
-7.200000000000000000e+01
-7.100000000000000000e+01
-7.000000000000000000e+01
-6.900000000000000000e+01
-6.800000000000000000e+01
-6.700000000000000000e+01
-6.600000000000000000e+01
-6.500000000000000000e+01
-6.400000000000000000e+01
-6.300000000000000000e+01
-6.200000000000000000e+01
-6.100000000000000000e+01
-6.000000000000000000e+01
-5.900000000000000000e+01
-5.800000000000000000e+01
-5.700000000000000000e+01
-5.600000000000000000e+01
-5.500000000000000000e+01
-5.400000000000000000e+01
-5.300000000000000000e+01
-5.200000000000000000e+01
-5.100000000000000000e+01
-5.000000000000000000e+01
-4.900000000000000000e+01
-4.800000000000000000e+01
-4.700000000000000000e+01
-4.600000000000000000e+01
-4.500000000000000000e+01
-4.400000000000000000e+01
-4.300000000000000000e+01
-4.200000000000000000e+01
-4.100000000000000000e+01
-4.000000000000000000e+01
-3.900000000000000000e+01
-3.800000000000000000e+01
-3.700000000000000000e+01
-3.600000000000000000e+01
-3.500000000000000000e+01
-3.400000000000000000e+01
-3.300000000000000000e+01
-3.200000000000000000e+01
-3.100000000000000000e+01
-3.000000000000000000e+01
-2.900000000000000000e+01
-2.800000000000000000e+01
-2.700000000000000000e+01
-2.600000000000000000e+01
-2.500000000000000000e+01
-2.400000000000000000e+01
-2.300000000000000000e+01
-2.200000000000000000e+01
-2.100000000000000000e+01
-2.000000000000000000e+01
-1.900000000000000000e+01
-1.800000000000000000e+01
-1.700000000000000000e+01
-1.600000000000000000e+01
-1.500000000000000000e+01
-1.400000000000000000e+01
-1.300000000000000000e+01
-1.200000000000000000e+01
-1.100000000000000000e+01
-1.000000000000000000e+01
-9.000000000000000000e+00
-8.000000000000000000e+00
-7.000000000000000000e+00
-6.000000000000000000e+00
-5.000000000000000000e+00
-4.000000000000000000e+00
-3.000000000000000000e+00
-2.000000000000000000e+00
-1.000000000000000000e+00
0.000000000000000000e+00
1.000000000000000000e+00
2.000000000000000000e+00
3.000000000000000000e+00
4.000000000000000000e+00
5.000000000000000000e+00
6.000000000000000000e+00
7.000000000000000000e+00
8.000000000000000000e+00
9.000000000000000000e+00
1.000000000000000000e+01
1.100000000000000000e+01
1.200000000000000000e+01
1.300000000000000000e+01
1.400000000000000000e+01
1.500000000000000000e+01
1.600000000000000000e+01
1.700000000000000000e+01
1.800000000000000000e+01
1.900000000000000000e+01
2.000000000000000000e+01
2.100000000000000000e+01
2.200000000000000000e+01
2.300000000000000000e+01
2.400000000000000000e+01
2.500000000000000000e+01
2.600000000000000000e+01
2.700000000000000000e+01
2.800000000000000000e+01
2.900000000000000000e+01
3.000000000000000000e+01
3.100000000000000000e+01
3.200000000000000000e+01
3.300000000000000000e+01
3.400000000000000000e+01
3.500000000000000000e+01
3.600000000000000000e+01
3.700000000000000000e+01
3.800000000000000000e+01
3.900000000000000000e+01
4.000000000000000000e+01
4.100000000000000000e+01
4.200000000000000000e+01
4.300000000000000000e+01
4.400000000000000000e+01
4.500000000000000000e+01
4.600000000000000000e+01
4.700000000000000000e+01
4.800000000000000000e+01
4.900000000000000000e+01
5.000000000000000000e+01
5.100000000000000000e+01
5.200000000000000000e+01
5.300000000000000000e+01
5.400000000000000000e+01
5.500000000000000000e+01
5.600000000000000000e+01
5.700000000000000000e+01
5.800000000000000000e+01
5.900000000000000000e+01
6.000000000000000000e+01
6.100000000000000000e+01
6.200000000000000000e+01
6.300000000000000000e+01
6.400000000000000000e+01
6.500000000000000000e+01
6.600000000000000000e+01
6.700000000000000000e+01
6.800000000000000000e+01
6.900000000000000000e+01
7.000000000000000000e+01
7.100000000000000000e+01
7.200000000000000000e+01
7.300000000000000000e+01
7.400000000000000000e+01
7.500000000000000000e+01
7.600000000000000000e+01
7.700000000000000000e+01
7.800000000000000000e+01
7.900000000000000000e+01
8.000000000000000000e+01
8.100000000000000000e+01
8.200000000000000000e+01
8.300000000000000000e+01
8.400000000000000000e+01
8.500000000000000000e+01
8.600000000000000000e+01
8.700000000000000000e+01
8.800000000000000000e+01
8.900000000000000000e+01
9.000000000000000000e+01
9.100000000000000000e+01
9.200000000000000000e+01
9.300000000000000000e+01
9.400000000000000000e+01
9.500000000000000000e+01
9.600000000000000000e+01
9.700000000000000000e+01
9.800000000000000000e+01
9.900000000000000000e+01
