single photon fraction:    0.3631
laser fraction:    0.2570
thermal source fraction:    0.0670
non-detected fraction:    0.3128
number of bins:  200.0000
bin width (ns):    1.0000
average detection events per bin: 5000.0000

# binary result
0.000000000000000000e+00

# g2 signal
1.007310002899787449e+00
1.026056103564395361e+00
9.800695753715292780e-01
9.976440447445991122e-01
1.001451846442097615e+00
1.022248301866896858e+00
9.876851787665261728e-01
1.030742628730547450e+00
9.809482988401827530e-01
9.674745389874958024e-01
9.841702848919121616e-01
1.000866030796328632e+00
1.007895818545556432e+00
1.012875251534592902e+00
1.003209293379404565e+00
1.033085891313623383e+00
9.973511369217146205e-01
9.786050362571067085e-01
1.026349011387279964e+00
9.724539719765322721e-01
1.004380924670942532e+00
9.844631927147966532e-01
1.013753975003246488e+00
9.873922709436416811e-01
9.994014916819060623e-01
1.006138371608249482e+00
9.917858882869091675e-01
9.976440447445991122e-01
1.036600785188237284e+00
9.786050362571067085e-01
9.800695753715292780e-01
9.806553910172982613e-01
9.777263127884532334e-01
1.021955394044012477e+00
9.838773770690276699e-01
1.002623477733635582e+00
9.560511338950004046e-01
1.001451846442097615e+00
1.022541209689781461e+00
9.838773770690276699e-01
9.821199301317207198e-01
1.015804329763438041e+00
1.027520642678817930e+00
9.870993631207571894e-01
9.727468797994167637e-01
1.015804329763438041e+00
1.001744754264981996e+00
9.756759580282617916e-01
1.013168159357477505e+00
9.674745389874958024e-01
9.865135474749882061e-01
9.917858882869091675e-01
1.009653265482863604e+00
9.964724134530611455e-01
9.730397876223012554e-01
1.014339790649015471e+00
9.985227682132525873e-01
1.008774542014210018e+00
9.914929804640246758e-01
1.019612131460936322e+00
1.011117804597285952e+00
1.000573122973444029e+00
1.014046882826130869e+00
1.022541209689781461e+00
1.010824896774401571e+00
9.856348240063347310e-01
1.008481634191325416e+00
9.996943995047905540e-01
9.988156760361370790e-01
1.001158938619213012e+00
1.006724187254018466e+00
1.011117804597285952e+00
9.903213491724867090e-01
1.013461067180361885e+00
1.037186600834006267e+00
9.762617736740307750e-01
1.006138371608249482e+00
1.030449720907662847e+00
1.014339790649015471e+00
9.941291508699851009e-01
9.894426257038331229e-01
9.788979440799912002e-01
9.847561005376812560e-01
9.999873073276750457e-01
1.000280215150559648e+00
9.982298603903680956e-01
1.009946173305747985e+00
1.004088016848058151e+00
1.004673832493827135e+00
9.876851787665261728e-01
9.677674468103802941e-01
1.036600785188237284e+00
1.012875251534592902e+00
1.002916385556519963e+00
1.020197947106705527e+00
9.794837597257602946e-01
1.004966740316711515e+00
1.001451846442097615e+00
1.010824896774401571e+00
9.958865978072921621e-01
5.506667070228556948e-01
9.651312764044198689e-01
9.982298603903680956e-01
1.003502201202288946e+00
1.027520642678817930e+00
1.024884472272857394e+00
1.004673832493827135e+00
9.809482988401827530e-01
9.932504274013316259e-01
9.944220586928695926e-01
1.009653265482863604e+00
1.017268868877860388e+00
9.824128379546052114e-01
1.028399366147471294e+00
1.006431279431134085e+00
1.020490854929589908e+00
9.815341144859517364e-01
1.003502201202288946e+00
1.027813550501702311e+00
9.912000726411401841e-01
9.961795056301766538e-01
9.718681563307632887e-01
1.026641919210164344e+00
1.008188726368441035e+00
9.912000726411401841e-01
1.005845463785365101e+00
1.026934827033048947e+00
1.027227734855933328e+00
1.006431279431134085e+00
9.657170920501888522e-01
1.011703620243054935e+00
1.010531988951516968e+00
1.002330569910750979e+00
1.028399366147471294e+00
9.976440447445991122e-01
1.017268868877860388e+00
1.017561776700744991e+00
1.037479508656890870e+00
1.005259648139596118e+00
1.004088016848058151e+00
1.016390145409207024e+00
1.005552555962480499e+00
1.007895818545556432e+00
1.005552555962480499e+00
9.827057457774897031e-01
9.973511369217146205e-01
9.979369525674836039e-01
9.879780865894106645e-01
1.024884472272857394e+00
9.824128379546052114e-01
9.973511369217146205e-01
1.029570997439009261e+00
1.009946173305747985e+00
1.011117804597285952e+00
1.014632698471900074e+00
1.006138371608249482e+00
9.958865978072921621e-01
1.002916385556519963e+00
9.935433352242161176e-01
9.882709944122951562e-01
1.019319223638051941e+00
9.870993631207571894e-01
1.019319223638051941e+00
1.014925606294784455e+00
1.007602910722672052e+00
1.008481634191325416e+00
9.791908519028758029e-01
9.964724134530611455e-01
9.671816311646113107e-01
1.021662486221127875e+00
1.022834117512665841e+00
1.021662486221127875e+00
1.008188726368441035e+00
1.020783762752474511e+00
9.923717039326781508e-01
1.001158938619213012e+00
9.909071648182556924e-01
1.040994402531504770e+00
1.036600785188237284e+00
9.803624831944137696e-01
9.879780865894106645e-01
9.809482988401827530e-01
1.033378799136507764e+00
1.019026315815167338e+00
9.850490083605657476e-01
9.771404971426842501e-01
1.010824896774401571e+00
1.026056103564395361e+00
1.036307877365352903e+00
9.765546814969152667e-01
1.035429153896699317e+00
1.053296531092653643e+00
1.010824896774401571e+00
1.016097237586322422e+00
1.030449720907662847e+00
1.023712840981319427e+00
9.821199301317207198e-01
1.031621352199200814e+00
1.004966740316711515e+00
1.032500075667854400e+00

# time bin value
-1.000000000000000000e+02
-9.900000000000000000e+01
-9.800000000000000000e+01
-9.700000000000000000e+01
-9.600000000000000000e+01
-9.500000000000000000e+01
-9.400000000000000000e+01
-9.300000000000000000e+01
-9.200000000000000000e+01
-9.100000000000000000e+01
-9.000000000000000000e+01
-8.900000000000000000e+01
-8.800000000000000000e+01
-8.700000000000000000e+01
-8.600000000000000000e+01
-8.500000000000000000e+01
-8.400000000000000000e+01
-8.300000000000000000e+01
-8.200000000000000000e+01
-8.100000000000000000e+01
-8.000000000000000000e+01
-7.900000000000000000e+01
-7.800000000000000000e+01
-7.700000000000000000e+01
-7.600000000000000000e+01
-7.500000000000000000e+01
-7.400000000000000000e+01
-7.300000000000000000e+01
-7.200000000000000000e+01
-7.100000000000000000e+01
-7.000000000000000000e+01
-6.900000000000000000e+01
-6.800000000000000000e+01
-6.700000000000000000e+01
-6.600000000000000000e+01
-6.500000000000000000e+01
-6.400000000000000000e+01
-6.300000000000000000e+01
-6.200000000000000000e+01
-6.100000000000000000e+01
-6.000000000000000000e+01
-5.900000000000000000e+01
-5.800000000000000000e+01
-5.700000000000000000e+01
-5.600000000000000000e+01
-5.500000000000000000e+01
-5.400000000000000000e+01
-5.300000000000000000e+01
-5.200000000000000000e+01
-5.100000000000000000e+01
-5.000000000000000000e+01
-4.900000000000000000e+01
-4.800000000000000000e+01
-4.700000000000000000e+01
-4.600000000000000000e+01
-4.500000000000000000e+01
-4.400000000000000000e+01
-4.300000000000000000e+01
-4.200000000000000000e+01
-4.100000000000000000e+01
-4.000000000000000000e+01
-3.900000000000000000e+01
-3.800000000000000000e+01
-3.700000000000000000e+01
-3.600000000000000000e+01
-3.500000000000000000e+01
-3.400000000000000000e+01
-3.300000000000000000e+01
-3.200000000000000000e+01
-3.100000000000000000e+01
-3.000000000000000000e+01
-2.900000000000000000e+01
-2.800000000000000000e+01
-2.700000000000000000e+01
-2.600000000000000000e+01
-2.500000000000000000e+01
-2.400000000000000000e+01
-2.300000000000000000e+01
-2.200000000000000000e+01
-2.100000000000000000e+01
-2.000000000000000000e+01
-1.900000000000000000e+01
-1.800000000000000000e+01
-1.700000000000000000e+01
-1.600000000000000000e+01
-1.500000000000000000e+01
-1.400000000000000000e+01
-1.300000000000000000e+01
-1.200000000000000000e+01
-1.100000000000000000e+01
-1.000000000000000000e+01
-9.000000000000000000e+00
-8.000000000000000000e+00
-7.000000000000000000e+00
-6.000000000000000000e+00
-5.000000000000000000e+00
-4.000000000000000000e+00
-3.000000000000000000e+00
-2.000000000000000000e+00
-1.000000000000000000e+00
0.000000000000000000e+00
1.000000000000000000e+00
2.000000000000000000e+00
3.000000000000000000e+00
4.000000000000000000e+00
5.000000000000000000e+00
6.000000000000000000e+00
7.000000000000000000e+00
8.000000000000000000e+00
9.000000000000000000e+00
1.000000000000000000e+01
1.100000000000000000e+01
1.200000000000000000e+01
1.300000000000000000e+01
1.400000000000000000e+01
1.500000000000000000e+01
1.600000000000000000e+01
1.700000000000000000e+01
1.800000000000000000e+01
1.900000000000000000e+01
2.000000000000000000e+01
2.100000000000000000e+01
2.200000000000000000e+01
2.300000000000000000e+01
2.400000000000000000e+01
2.500000000000000000e+01
2.600000000000000000e+01
2.700000000000000000e+01
2.800000000000000000e+01
2.900000000000000000e+01
3.000000000000000000e+01
3.100000000000000000e+01
3.200000000000000000e+01
3.300000000000000000e+01
3.400000000000000000e+01
3.500000000000000000e+01
3.600000000000000000e+01
3.700000000000000000e+01
3.800000000000000000e+01
3.900000000000000000e+01
4.000000000000000000e+01
4.100000000000000000e+01
4.200000000000000000e+01
4.300000000000000000e+01
4.400000000000000000e+01
4.500000000000000000e+01
4.600000000000000000e+01
4.700000000000000000e+01
4.800000000000000000e+01
4.900000000000000000e+01
5.000000000000000000e+01
5.100000000000000000e+01
5.200000000000000000e+01
5.300000000000000000e+01
5.400000000000000000e+01
5.500000000000000000e+01
5.600000000000000000e+01
5.700000000000000000e+01
5.800000000000000000e+01
5.900000000000000000e+01
6.000000000000000000e+01
6.100000000000000000e+01
6.200000000000000000e+01
6.300000000000000000e+01
6.400000000000000000e+01
6.500000000000000000e+01
6.600000000000000000e+01
6.700000000000000000e+01
6.800000000000000000e+01
6.900000000000000000e+01
7.000000000000000000e+01
7.100000000000000000e+01
7.200000000000000000e+01
7.300000000000000000e+01
7.400000000000000000e+01
7.500000000000000000e+01
7.600000000000000000e+01
7.700000000000000000e+01
7.800000000000000000e+01
7.900000000000000000e+01
8.000000000000000000e+01
8.100000000000000000e+01
8.200000000000000000e+01
8.300000000000000000e+01
8.400000000000000000e+01
8.500000000000000000e+01
8.600000000000000000e+01
8.700000000000000000e+01
8.800000000000000000e+01
8.900000000000000000e+01
9.000000000000000000e+01
9.100000000000000000e+01
9.200000000000000000e+01
9.300000000000000000e+01
9.400000000000000000e+01
9.500000000000000000e+01
9.600000000000000000e+01
9.700000000000000000e+01
9.800000000000000000e+01
9.900000000000000000e+01
