single photon fraction:    0.3596
laser fraction:    0.2939
thermal source fraction:    0.0877
non-detected fraction:    0.2588
number of bins:  200.0000
bin width (ns):    1.0000
average detection events per bin: 5000.0000

# binary result
0.000000000000000000e+00

# g2 signal
9.781280453605751823e-01
1.008203450633434972e+00
9.876112812574229238e-01
9.998040131247984963e-01
1.032859863965238878e+00
9.846308356898422209e-01
9.905917268250036267e-01
1.002784458692379088e+00
1.004952055468801397e+00
9.989911643336401026e-01
1.027982771218288738e+00
9.867984324662645301e-01
1.009829148215751760e+00
9.911336260191091485e-01
9.930302731984786968e-01
1.012538644186279591e+00
9.821922893163670398e-01
1.011183896201015786e+00
9.881531804515284456e-01
1.010641997006910042e+00
1.009016299424593255e+00
9.922174244073203031e-01
1.020667132097863306e+00
9.924883740043731750e-01
9.765023477782585060e-01
9.767732973753112669e-01
9.824632389134198007e-01
1.012538644186279591e+00
9.905917268250036267e-01
1.002784458692379088e+00
1.006577753051118185e+00
9.748766501959417186e-01
1.023918527262496880e+00
1.011454845798068547e+00
1.001971609901220805e+00
1.004410156274695876e+00
1.008203450633434972e+00
1.007390601842276689e+00
1.027440872024183216e+00
1.007661551439329450e+00
1.012538644186279591e+00
9.960107187660593997e-01
1.002242559498273566e+00
9.705414566430971002e-01
9.895079284367924721e-01
9.802956421369974915e-01
1.009287249021646238e+00
1.020396182500810545e+00
1.001971609901220805e+00
1.030692267188816569e+00
1.006306803454065424e+00
9.811084909281558852e-01
1.007119652245223929e+00
1.017415736933229953e+00
1.015790039350913165e+00
1.020396182500810545e+00
1.008745349827540494e+00
9.949269203778482451e-01
1.010371047409857281e+00
9.941140715866898514e-01
9.849017852868949818e-01
9.984492651395344698e-01
9.830051381075254335e-01
1.020667132097863306e+00
1.005223005065854380e+00
1.007390601842276689e+00
9.862565332721588973e-01
9.843598860927893490e-01
1.002513509095326327e+00
1.006848702648170946e+00
1.001429710707115284e+00
9.843598860927893490e-01
1.019041434515546740e+00
1.000345912318904018e+00
1.017144787336177192e+00
9.862565332721588973e-01
1.005493954662907141e+00
9.995330635277457354e-01
9.949269203778482451e-01
1.000074962721851257e+00
9.846308356898422209e-01
1.028795620009447020e+00
1.010371047409857281e+00
9.643096159108828225e-01
9.762313981812056340e-01
1.032047015174080595e+00
9.989911643336401026e-01
9.884241300485812065e-01
9.867984324662645301e-01
1.009829148215751760e+00
1.004681105871748636e+00
9.773151965694167886e-01
9.927593236014259359e-01
9.699995574489914674e-01
1.017686686530282714e+00
1.009016299424593255e+00
9.857146340780533755e-01
1.017415736933229953e+00
1.001429710707115284e+00
9.992621139306928635e-01
6.361896538799530765e-01
1.017144787336177192e+00
9.624129687315132742e-01
9.973654667513233152e-01
1.004681105871748636e+00
9.751475997929944795e-01
9.819213397193142789e-01
9.697286078519387065e-01
1.026628023233024711e+00
9.794827933458392089e-01
1.015519089753860404e+00
9.976364163483761871e-01
1.012809593783332351e+00
1.003326357886484832e+00
1.014977190559754661e+00
1.020125232903757784e+00
1.001429710707115284e+00
1.007661551439329450e+00
1.006577753051118185e+00
1.033130813562291861e+00
1.005493954662907141e+00
9.914045756161619094e-01
9.830051381075254335e-01
1.019041434515546740e+00
1.022834728874285615e+00
9.949269203778482451e-01
1.005493954662907141e+00
9.732509526136249312e-01
1.010641997006910042e+00
1.002784458692379088e+00
1.003055408289432071e+00
1.001158761110062523e+00
1.014706240962701900e+00
1.021479980889021810e+00
1.014164341768596378e+00
9.957397691690066388e-01
9.843598860927893490e-01
9.884241300485812065e-01
9.862565332721588973e-01
9.976364163483761871e-01
9.843598860927893490e-01
1.006306803454065424e+00
1.020938081694916066e+00
1.024460426456602402e+00
9.962816683631121606e-01
9.976364163483761871e-01
9.811084909281558852e-01
9.870693820633172910e-01
9.911336260191091485e-01
9.992621139306928635e-01
1.013893392171543617e+00
1.014435291365649139e+00
1.002242559498273566e+00
1.009829148215751760e+00
1.017957636127335475e+00
1.006848702648170946e+00
9.957397691690066388e-01
1.012267694589226830e+00
1.008745349827540494e+00
9.973654667513233152e-01
1.021750930486074571e+00
9.756894989871001123e-01
9.933012227955314577e-01
1.008474400230487733e+00
9.851727348839477427e-01
1.011996744992174069e+00
9.645805655079356944e-01
1.025002325650707924e+00
1.023647577665444119e+00
1.002513509095326327e+00
1.000616861915956779e+00
9.881531804515284456e-01
1.009558198618698999e+00
9.756894989871001123e-01
1.032317964771133356e+00
1.019312384112599501e+00
9.962816683631121606e-01
1.010100097812804520e+00
1.022834728874285615e+00
9.992621139306928635e-01
1.011725795395121308e+00
1.011725795395121308e+00
9.886950796456340784e-01
9.989911643336401026e-01
1.018770484918493757e+00
1.007661551439329450e+00
9.957397691690066388e-01
1.002784458692379088e+00
9.878822308544756847e-01
1.016873837739124209e+00
9.922174244073203031e-01
9.981783155424817089e-01
1.004681105871748636e+00
1.030150367994711047e+00
9.960107187660593997e-01
9.808375413311031243e-01
1.026357073635971950e+00
1.004681105871748636e+00
9.954688195719537669e-01
9.800246925399447306e-01

# time bin value
-1.000000000000000000e+02
-9.900000000000000000e+01
-9.800000000000000000e+01
-9.700000000000000000e+01
-9.600000000000000000e+01
-9.500000000000000000e+01
-9.400000000000000000e+01
-9.300000000000000000e+01
-9.200000000000000000e+01
-9.100000000000000000e+01
-9.000000000000000000e+01
-8.900000000000000000e+01
-8.800000000000000000e+01
-8.700000000000000000e+01
-8.600000000000000000e+01
-8.500000000000000000e+01
-8.400000000000000000e+01
-8.300000000000000000e+01
-8.200000000000000000e+01
-8.100000000000000000e+01
-8.000000000000000000e+01
-7.900000000000000000e+01
-7.800000000000000000e+01
-7.700000000000000000e+01
-7.600000000000000000e+01
-7.500000000000000000e+01
-7.400000000000000000e+01
-7.300000000000000000e+01
-7.200000000000000000e+01
-7.100000000000000000e+01
-7.000000000000000000e+01
-6.900000000000000000e+01
-6.800000000000000000e+01
-6.700000000000000000e+01
-6.600000000000000000e+01
-6.500000000000000000e+01
-6.400000000000000000e+01
-6.300000000000000000e+01
-6.200000000000000000e+01
-6.100000000000000000e+01
-6.000000000000000000e+01
-5.900000000000000000e+01
-5.800000000000000000e+01
-5.700000000000000000e+01
-5.600000000000000000e+01
-5.500000000000000000e+01
-5.400000000000000000e+01
-5.300000000000000000e+01
-5.200000000000000000e+01
-5.100000000000000000e+01
-5.000000000000000000e+01
-4.900000000000000000e+01
-4.800000000000000000e+01
-4.700000000000000000e+01
-4.600000000000000000e+01
-4.500000000000000000e+01
-4.400000000000000000e+01
-4.300000000000000000e+01
-4.200000000000000000e+01
-4.100000000000000000e+01
-4.000000000000000000e+01
-3.900000000000000000e+01
-3.800000000000000000e+01
-3.700000000000000000e+01
-3.600000000000000000e+01
-3.500000000000000000e+01
-3.400000000000000000e+01
-3.300000000000000000e+01
-3.200000000000000000e+01
-3.100000000000000000e+01
-3.000000000000000000e+01
-2.900000000000000000e+01
-2.800000000000000000e+01
-2.700000000000000000e+01
-2.600000000000000000e+01
-2.500000000000000000e+01
-2.400000000000000000e+01
-2.300000000000000000e+01
-2.200000000000000000e+01
-2.100000000000000000e+01
-2.000000000000000000e+01
-1.900000000000000000e+01
-1.800000000000000000e+01
-1.700000000000000000e+01
-1.600000000000000000e+01
-1.500000000000000000e+01
-1.400000000000000000e+01
-1.300000000000000000e+01
-1.200000000000000000e+01
-1.100000000000000000e+01
-1.000000000000000000e+01
-9.000000000000000000e+00
-8.000000000000000000e+00
-7.000000000000000000e+00
-6.000000000000000000e+00
-5.000000000000000000e+00
-4.000000000000000000e+00
-3.000000000000000000e+00
-2.000000000000000000e+00
-1.000000000000000000e+00
0.000000000000000000e+00
1.000000000000000000e+00
2.000000000000000000e+00
3.000000000000000000e+00
4.000000000000000000e+00
5.000000000000000000e+00
6.000000000000000000e+00
7.000000000000000000e+00
8.000000000000000000e+00
9.000000000000000000e+00
1.000000000000000000e+01
1.100000000000000000e+01
1.200000000000000000e+01
1.300000000000000000e+01
1.400000000000000000e+01
1.500000000000000000e+01
1.600000000000000000e+01
1.700000000000000000e+01
1.800000000000000000e+01
1.900000000000000000e+01
2.000000000000000000e+01
2.100000000000000000e+01
2.200000000000000000e+01
2.300000000000000000e+01
2.400000000000000000e+01
2.500000000000000000e+01
2.600000000000000000e+01
2.700000000000000000e+01
2.800000000000000000e+01
2.900000000000000000e+01
3.000000000000000000e+01
3.100000000000000000e+01
3.200000000000000000e+01
3.300000000000000000e+01
3.400000000000000000e+01
3.500000000000000000e+01
3.600000000000000000e+01
3.700000000000000000e+01
3.800000000000000000e+01
3.900000000000000000e+01
4.000000000000000000e+01
4.100000000000000000e+01
4.200000000000000000e+01
4.300000000000000000e+01
4.400000000000000000e+01
4.500000000000000000e+01
4.600000000000000000e+01
4.700000000000000000e+01
4.800000000000000000e+01
4.900000000000000000e+01
5.000000000000000000e+01
5.100000000000000000e+01
5.200000000000000000e+01
5.300000000000000000e+01
5.400000000000000000e+01
5.500000000000000000e+01
5.600000000000000000e+01
5.700000000000000000e+01
5.800000000000000000e+01
5.900000000000000000e+01
6.000000000000000000e+01
6.100000000000000000e+01
6.200000000000000000e+01
6.300000000000000000e+01
6.400000000000000000e+01
6.500000000000000000e+01
6.600000000000000000e+01
6.700000000000000000e+01
6.800000000000000000e+01
6.900000000000000000e+01
7.000000000000000000e+01
7.100000000000000000e+01
7.200000000000000000e+01
7.300000000000000000e+01
7.400000000000000000e+01
7.500000000000000000e+01
7.600000000000000000e+01
7.700000000000000000e+01
7.800000000000000000e+01
7.900000000000000000e+01
8.000000000000000000e+01
8.100000000000000000e+01
8.200000000000000000e+01
8.300000000000000000e+01
8.400000000000000000e+01
8.500000000000000000e+01
8.600000000000000000e+01
8.700000000000000000e+01
8.800000000000000000e+01
8.900000000000000000e+01
9.000000000000000000e+01
9.100000000000000000e+01
9.200000000000000000e+01
9.300000000000000000e+01
9.400000000000000000e+01
9.500000000000000000e+01
9.600000000000000000e+01
9.700000000000000000e+01
9.800000000000000000e+01
9.900000000000000000e+01
