single photon fraction:    0.2717
laser fraction:    0.0815
thermal source fraction:    0.2663
non-detected fraction:    0.3804
number of bins:  200.0000
bin width (ns):    1.0000
average detection events per bin: 5000.0000

# binary result
0.000000000000000000e+00

# g2 signal
1.006581829391626881e+00
9.676424936317961079e-01
1.005283851532965844e+00
9.903571061583641422e-01
9.738078884604359775e-01
1.013720707614262695e+00
9.562851873685120907e-01
9.893836227643683090e-01
1.019237113513572046e+00
1.013071718684932065e+00
1.022806552624889731e+00
9.718609216724444222e-01
9.608281098738257198e-01
1.007555312785622714e+00
1.012422729755601658e+00
1.018912619048906620e+00
1.008528796179618547e+00
9.725099106017749406e-01
1.013396213149597269e+00
1.015018685472923732e+00
1.013720707614262695e+00
9.942510397343471418e-01
1.010800257432275195e+00
9.851651947237199947e-01
1.006581829391626881e+00
9.906816006230293459e-01
9.929530618756862159e-01
9.845162057943894762e-01
1.041302737110809451e+00
1.001389917956982734e+00
1.005608345997631270e+00
1.008853290644283751e+00
1.016965652260915176e+00
1.004310368138970233e+00
9.712119327431139038e-01
1.000091940098321919e+00
1.018588124584241417e+00
1.003012390280309196e+00
9.802977777537411619e-01
1.005608345997631270e+00
9.728344050664402554e-01
1.028971947453529712e+00
1.015992168866919343e+00
1.004959357068300640e+00
1.010151268502944788e+00
9.705629438137833853e-01
9.958735120576734934e-01
1.002363401350978567e+00
9.741323829251012922e-01
9.861386781177157168e-01
9.900326116936988274e-01
9.861386781177157168e-01
1.018912619048906620e+00
9.923040729463556975e-01
1.012747224220266862e+00
9.851651947237199947e-01
1.018912619048906620e+00
1.008853290644283751e+00
1.029620936382860119e+00
9.809467666830716803e-01
9.767283386424233660e-01
9.757548552484275328e-01
9.874366559763767537e-01
9.887346338350377906e-01
9.754303607837623291e-01
1.015343179937588936e+00
1.011124751896940621e+00
1.006906323856292307e+00
9.939265452696819381e-01
1.008853290644283751e+00
9.984694677749955671e-01
9.981449733103302524e-01
1.019886102442902454e+00
9.861386781177157168e-01
9.978204788456650487e-01
1.004959357068300640e+00
1.039355770322818007e+00
9.770528331070885697e-01
9.958735120576734934e-01
1.012098235290936232e+00
9.864631725823810315e-01
1.027998464059533879e+00
9.861386781177157168e-01
9.799732832890758472e-01
1.020859585836898287e+00
1.015343179937588936e+00
1.029945430847525545e+00
1.021833069230894120e+00
1.012098235290936232e+00
9.958735120576734934e-01
9.887346338350377906e-01
1.012422729755601658e+00
1.001389917956982734e+00
9.965225009870040118e-01
1.005283851532965844e+00
1.012098235290936232e+00
1.032865881029512822e+00
9.858141836530505131e-01
9.741323829251012922e-01
9.955490175930081787e-01
9.851651947237199947e-01
1.000740929027652326e+00
9.939265452696819381e-01
9.949000286636776602e-01
9.913305895523598643e-01
1.001714412421648159e+00
9.949000286636776602e-01
1.023780036018885564e+00
1.001714412421648159e+00
9.699139548844528669e-01
9.965225009870040118e-01
9.789997998950801250e-01
1.010475762967609992e+00
1.006581829391626881e+00
1.009826774038279584e+00
9.906816006230293459e-01
1.025402508342211805e+00
9.760793497130928476e-01
9.906816006230293459e-01
1.015018685472923732e+00
1.006906323856292307e+00
9.838672168650589578e-01
1.021508574766228694e+00
1.001714412421648159e+00
1.028322958524199082e+00
1.006257334926961677e+00
1.022157563695559324e+00
1.016641157796249972e+00
1.001389917956982734e+00
9.825692390063979209e-01
9.994429511689912893e-01
9.767283386424233660e-01
1.008528796179618547e+00
9.978204788456650487e-01
1.029945430847525545e+00
9.757548552484275328e-01
1.002038906886313363e+00
1.002363401350978567e+00
9.958735120576734934e-01
1.001389917956982734e+00
1.004310368138970233e+00
9.663445157731350710e-01
9.786753054304148103e-01
9.968469954516692155e-01
1.008204301714953344e+00
1.028647452988864508e+00
1.007879807250287918e+00
9.949000286636776602e-01
9.540137261158553317e-01
9.777018220364190881e-01
1.001065423492317530e+00
9.919795784816903828e-01
9.877611504410420684e-01
9.926285674110209012e-01
1.002687895815643770e+00
9.789997998950801250e-01
1.030918914241521156e+00
1.009502279573614159e+00
9.640730545204783120e-01
1.021508574766228694e+00
1.017290146725580380e+00
9.974959843809997340e-01
1.015343179937588936e+00
1.032216892100182193e+00
1.010475762967609992e+00
1.008853290644283751e+00
9.952245231283429749e-01
1.015018685472923732e+00
9.812712611477368840e-01
1.008853290644283751e+00
9.848407002590547910e-01
1.001389917956982734e+00
1.008528796179618547e+00
9.815957556124021988e-01
9.780263165010842918e-01
9.848407002590547910e-01
1.007879807250287918e+00
1.033839364423508433e+00
9.786753054304148103e-01
9.822447445417327172e-01
1.000416434562987122e+00
1.015343179937588936e+00
1.007230818320957511e+00
9.809467666830716803e-01
1.030269925312190749e+00
1.001714412421648159e+00
9.968469954516692155e-01
1.018912619048906620e+00
1.019561607978237250e+00
1.043574198363466321e+00
1.018263630119576213e+00
1.004959357068300640e+00
1.001714412421648159e+00
9.906816006230293459e-01
1.030269925312190749e+00
1.015667674402254139e+00
9.592056375504994792e-01
1.011773740826271029e+00
1.015992168866919343e+00
1.008204301714953344e+00

# time bin value
-1.000000000000000000e+02
-9.900000000000000000e+01
-9.800000000000000000e+01
-9.700000000000000000e+01
-9.600000000000000000e+01
-9.500000000000000000e+01
-9.400000000000000000e+01
-9.300000000000000000e+01
-9.200000000000000000e+01
-9.100000000000000000e+01
-9.000000000000000000e+01
-8.900000000000000000e+01
-8.800000000000000000e+01
-8.700000000000000000e+01
-8.600000000000000000e+01
-8.500000000000000000e+01
-8.400000000000000000e+01
-8.300000000000000000e+01
-8.200000000000000000e+01
-8.100000000000000000e+01
-8.000000000000000000e+01
-7.900000000000000000e+01
-7.800000000000000000e+01
-7.700000000000000000e+01
-7.600000000000000000e+01
-7.500000000000000000e+01
-7.400000000000000000e+01
-7.300000000000000000e+01
-7.200000000000000000e+01
-7.100000000000000000e+01
-7.000000000000000000e+01
-6.900000000000000000e+01
-6.800000000000000000e+01
-6.700000000000000000e+01
-6.600000000000000000e+01
-6.500000000000000000e+01
-6.400000000000000000e+01
-6.300000000000000000e+01
-6.200000000000000000e+01
-6.100000000000000000e+01
-6.000000000000000000e+01
-5.900000000000000000e+01
-5.800000000000000000e+01
-5.700000000000000000e+01
-5.600000000000000000e+01
-5.500000000000000000e+01
-5.400000000000000000e+01
-5.300000000000000000e+01
-5.200000000000000000e+01
-5.100000000000000000e+01
-5.000000000000000000e+01
-4.900000000000000000e+01
-4.800000000000000000e+01
-4.700000000000000000e+01
-4.600000000000000000e+01
-4.500000000000000000e+01
-4.400000000000000000e+01
-4.300000000000000000e+01
-4.200000000000000000e+01
-4.100000000000000000e+01
-4.000000000000000000e+01
-3.900000000000000000e+01
-3.800000000000000000e+01
-3.700000000000000000e+01
-3.600000000000000000e+01
-3.500000000000000000e+01
-3.400000000000000000e+01
-3.300000000000000000e+01
-3.200000000000000000e+01
-3.100000000000000000e+01
-3.000000000000000000e+01
-2.900000000000000000e+01
-2.800000000000000000e+01
-2.700000000000000000e+01
-2.600000000000000000e+01
-2.500000000000000000e+01
-2.400000000000000000e+01
-2.300000000000000000e+01
-2.200000000000000000e+01
-2.100000000000000000e+01
-2.000000000000000000e+01
-1.900000000000000000e+01
-1.800000000000000000e+01
-1.700000000000000000e+01
-1.600000000000000000e+01
-1.500000000000000000e+01
-1.400000000000000000e+01
-1.300000000000000000e+01
-1.200000000000000000e+01
-1.100000000000000000e+01
-1.000000000000000000e+01
-9.000000000000000000e+00
-8.000000000000000000e+00
-7.000000000000000000e+00
-6.000000000000000000e+00
-5.000000000000000000e+00
-4.000000000000000000e+00
-3.000000000000000000e+00
-2.000000000000000000e+00
-1.000000000000000000e+00
0.000000000000000000e+00
1.000000000000000000e+00
2.000000000000000000e+00
3.000000000000000000e+00
4.000000000000000000e+00
5.000000000000000000e+00
6.000000000000000000e+00
7.000000000000000000e+00
8.000000000000000000e+00
9.000000000000000000e+00
1.000000000000000000e+01
1.100000000000000000e+01
1.200000000000000000e+01
1.300000000000000000e+01
1.400000000000000000e+01
1.500000000000000000e+01
1.600000000000000000e+01
1.700000000000000000e+01
1.800000000000000000e+01
1.900000000000000000e+01
2.000000000000000000e+01
2.100000000000000000e+01
2.200000000000000000e+01
2.300000000000000000e+01
2.400000000000000000e+01
2.500000000000000000e+01
2.600000000000000000e+01
2.700000000000000000e+01
2.800000000000000000e+01
2.900000000000000000e+01
3.000000000000000000e+01
3.100000000000000000e+01
3.200000000000000000e+01
3.300000000000000000e+01
3.400000000000000000e+01
3.500000000000000000e+01
3.600000000000000000e+01
3.700000000000000000e+01
3.800000000000000000e+01
3.900000000000000000e+01
4.000000000000000000e+01
4.100000000000000000e+01
4.200000000000000000e+01
4.300000000000000000e+01
4.400000000000000000e+01
4.500000000000000000e+01
4.600000000000000000e+01
4.700000000000000000e+01
4.800000000000000000e+01
4.900000000000000000e+01
5.000000000000000000e+01
5.100000000000000000e+01
5.200000000000000000e+01
5.300000000000000000e+01
5.400000000000000000e+01
5.500000000000000000e+01
5.600000000000000000e+01
5.700000000000000000e+01
5.800000000000000000e+01
5.900000000000000000e+01
6.000000000000000000e+01
6.100000000000000000e+01
6.200000000000000000e+01
6.300000000000000000e+01
6.400000000000000000e+01
6.500000000000000000e+01
6.600000000000000000e+01
6.700000000000000000e+01
6.800000000000000000e+01
6.900000000000000000e+01
7.000000000000000000e+01
7.100000000000000000e+01
7.200000000000000000e+01
7.300000000000000000e+01
7.400000000000000000e+01
7.500000000000000000e+01
7.600000000000000000e+01
7.700000000000000000e+01
7.800000000000000000e+01
7.900000000000000000e+01
8.000000000000000000e+01
8.100000000000000000e+01
8.200000000000000000e+01
8.300000000000000000e+01
8.400000000000000000e+01
8.500000000000000000e+01
8.600000000000000000e+01
8.700000000000000000e+01
8.800000000000000000e+01
8.900000000000000000e+01
9.000000000000000000e+01
9.100000000000000000e+01
9.200000000000000000e+01
9.300000000000000000e+01
9.400000000000000000e+01
9.500000000000000000e+01
9.600000000000000000e+01
9.700000000000000000e+01
9.800000000000000000e+01
9.900000000000000000e+01
