single photon fraction:    0.2817
laser fraction:    0.0282
thermal source fraction:    0.4366
non-detected fraction:    0.2535
number of bins:  200.0000
bin width (ns):    1.0000
average detection events per bin: 5000.0000

# binary result
0.000000000000000000e+00

# g2 signal
1.015667972854503498e+00
9.739429434899532501e-01
9.989779611086834210e-01
9.744813309656248368e-01
9.839031117898781043e-01
1.012976035476145453e+00
1.000323929797862332e+00
1.005438610816742795e+00
1.021051847611219587e+00
9.903637614979375892e-01
1.005438610816742795e+00
9.909021489736091759e-01
1.013245229213981302e+00
9.804035931980126239e-01
9.865950491682362600e-01
1.007053773243757666e+00
9.981703798951759854e-01
9.820187556250274952e-01
1.013783616689652778e+00
9.892869865465943047e-01
9.874026303817436956e-01
1.006784579505921817e+00
1.001131511011369879e+00
9.847106930033855399e-01
1.040433796735397820e+00
9.962860237303252653e-01
9.919789239249523494e-01
1.012437648000473756e+00
1.028050884794950548e+00
1.006784579505921817e+00
1.033434759551666859e+00
1.006246192030250119e+00
9.744813309656248368e-01
9.793268182466694505e-01
9.965552174681611142e-01
9.965552174681611142e-01
9.715201998494309432e-01
1.029935240959801268e+00
9.758272996548038591e-01
9.911713427114449138e-01
9.927865051384597850e-01
9.725969748007742277e-01
1.048778802608307803e+00
9.935940863519672206e-01
1.004900223341071097e+00
9.790576245088336016e-01
1.018629103970697392e+00
1.013245229213981302e+00
1.029396853484129792e+00
9.887485990709227179e-01
1.001131511011369879e+00
1.006784579505921817e+00
1.013783616689652778e+00
9.728661685386099656e-01
1.011360873049130582e+00
9.960168299924895274e-01
9.954784425168179407e-01
9.839031117898781043e-01
1.020513460135548112e+00
1.014052810427488627e+00
1.006515385768085968e+00
9.941324738276388073e-01
9.822879493628633440e-01
1.002477479700548901e+00
9.995163485843550077e-01
9.701742311602519209e-01
9.919789239249523494e-01
9.979011861573401365e-01
1.000593123535698181e+00
9.981703798951759854e-01
1.006515385768085968e+00
1.023474591251742005e+00
9.774424620818187304e-01
9.744813309656248368e-01
1.022667010038234459e+00
9.925173114006240471e-01
1.004361835865399621e+00
9.809419806736842107e-01
9.973627986816685498e-01
1.004631029603235470e+00
9.997855423221908566e-01
9.960168299924895274e-01
1.014322004165324476e+00
9.981703798951759854e-01
9.917097301871166115e-01
9.720585873251026410e-01
9.944016675654746562e-01
9.892869865465943047e-01
9.903637614979375892e-01
1.006246192030250119e+00
9.787884307709977527e-01
9.863258554304004111e-01
9.919789239249523494e-01
1.008130548195100840e+00
9.699050374224161830e-01
9.984395736330117233e-01
9.849798867412213887e-01
9.798652057223410372e-01
1.015129585378831800e+00
1.011091679311294733e+00
1.199258102058524456e+00
1.030742822173308815e+00
9.884794053330868691e-01
9.863258554304004111e-01
1.008130548195100840e+00
9.954784425168179407e-01
1.013514422951816929e+00
9.871334366439078467e-01
9.868642429060719978e-01
1.016744747805846671e+00
1.031550403386816139e+00
1.008130548195100840e+00
9.987087673708475721e-01
9.806727869358484728e-01
9.825571431006990819e-01
9.785192370331620149e-01
1.010014904359951560e+00
9.925173114006240471e-01
1.013783616689652778e+00
9.995163485843550077e-01
9.906329552357733270e-01
1.009207323146444013e+00
1.001669898487041577e+00
9.855182742168929755e-01
1.034511534503010033e+00
1.018359910232861543e+00
9.997855423221908566e-01
9.809419806736842107e-01
9.833647243142065175e-01
9.925173114006240471e-01
1.019705878922040565e+00
9.874026303817436956e-01
9.914405364492807626e-01
9.976319924195043987e-01
1.012976035476145453e+00
1.012706841738309604e+00
1.008130548195100840e+00
9.661363250927148538e-01
9.868642429060719978e-01
9.855182742168929755e-01
9.782500432953261660e-01
9.952092487789820918e-01
9.865950491682362600e-01
9.836339180520423664e-01
1.005707804554578644e+00
9.954784425168179407e-01
9.930556988762956339e-01
1.001400704749205728e+00
9.855182742168929755e-01
9.763656871304755569e-01
9.981703798951759854e-01
1.008130548195100840e+00
9.882102115952510202e-01
1.028589272270622246e+00
9.847106930033855399e-01
9.849798867412213887e-01
1.003554254651892075e+00
9.954784425168179407e-01
1.014052810427488627e+00
9.906329552357733270e-01
1.015667972854503498e+00
1.021859428824727134e+00
1.036665084405696602e+00
9.860566616925645622e-01
1.032896372075995162e+00
9.879410178574152823e-01
9.804035931980126239e-01
9.833647243142065175e-01
1.027243303581443223e+00
1.011899260524802280e+00
9.976319924195043987e-01
9.879410178574152823e-01
1.004092642127563773e+00
9.887485990709227179e-01
9.927865051384597850e-01
9.806727869358484728e-01
9.855182742168929755e-01
1.020513460135548112e+00
1.020244266397712263e+00
1.021051847611219587e+00
9.898253740222658914e-01
9.952092487789820918e-01
1.011360873049130582e+00
1.017821522757189845e+00
1.018898297708533240e+00
9.884794053330868691e-01
9.839031117898781043e-01
9.935940863519672206e-01
9.709818123737593565e-01
1.005707804554578644e+00
1.019167491446369089e+00
9.997855423221908566e-01
1.003554254651892075e+00
1.028589272270622246e+00
9.580605129576406087e-01
1.040972184211069518e+00
1.007322966981593515e+00
1.024551366203085179e+00
1.008130548195100840e+00
9.680206812575654629e-01

# time bin value
-1.000000000000000000e+02
-9.900000000000000000e+01
-9.800000000000000000e+01
-9.700000000000000000e+01
-9.600000000000000000e+01
-9.500000000000000000e+01
-9.400000000000000000e+01
-9.300000000000000000e+01
-9.200000000000000000e+01
-9.100000000000000000e+01
-9.000000000000000000e+01
-8.900000000000000000e+01
-8.800000000000000000e+01
-8.700000000000000000e+01
-8.600000000000000000e+01
-8.500000000000000000e+01
-8.400000000000000000e+01
-8.300000000000000000e+01
-8.200000000000000000e+01
-8.100000000000000000e+01
-8.000000000000000000e+01
-7.900000000000000000e+01
-7.800000000000000000e+01
-7.700000000000000000e+01
-7.600000000000000000e+01
-7.500000000000000000e+01
-7.400000000000000000e+01
-7.300000000000000000e+01
-7.200000000000000000e+01
-7.100000000000000000e+01
-7.000000000000000000e+01
-6.900000000000000000e+01
-6.800000000000000000e+01
-6.700000000000000000e+01
-6.600000000000000000e+01
-6.500000000000000000e+01
-6.400000000000000000e+01
-6.300000000000000000e+01
-6.200000000000000000e+01
-6.100000000000000000e+01
-6.000000000000000000e+01
-5.900000000000000000e+01
-5.800000000000000000e+01
-5.700000000000000000e+01
-5.600000000000000000e+01
-5.500000000000000000e+01
-5.400000000000000000e+01
-5.300000000000000000e+01
-5.200000000000000000e+01
-5.100000000000000000e+01
-5.000000000000000000e+01
-4.900000000000000000e+01
-4.800000000000000000e+01
-4.700000000000000000e+01
-4.600000000000000000e+01
-4.500000000000000000e+01
-4.400000000000000000e+01
-4.300000000000000000e+01
-4.200000000000000000e+01
-4.100000000000000000e+01
-4.000000000000000000e+01
-3.900000000000000000e+01
-3.800000000000000000e+01
-3.700000000000000000e+01
-3.600000000000000000e+01
-3.500000000000000000e+01
-3.400000000000000000e+01
-3.300000000000000000e+01
-3.200000000000000000e+01
-3.100000000000000000e+01
-3.000000000000000000e+01
-2.900000000000000000e+01
-2.800000000000000000e+01
-2.700000000000000000e+01
-2.600000000000000000e+01
-2.500000000000000000e+01
-2.400000000000000000e+01
-2.300000000000000000e+01
-2.200000000000000000e+01
-2.100000000000000000e+01
-2.000000000000000000e+01
-1.900000000000000000e+01
-1.800000000000000000e+01
-1.700000000000000000e+01
-1.600000000000000000e+01
-1.500000000000000000e+01
-1.400000000000000000e+01
-1.300000000000000000e+01
-1.200000000000000000e+01
-1.100000000000000000e+01
-1.000000000000000000e+01
-9.000000000000000000e+00
-8.000000000000000000e+00
-7.000000000000000000e+00
-6.000000000000000000e+00
-5.000000000000000000e+00
-4.000000000000000000e+00
-3.000000000000000000e+00
-2.000000000000000000e+00
-1.000000000000000000e+00
0.000000000000000000e+00
1.000000000000000000e+00
2.000000000000000000e+00
3.000000000000000000e+00
4.000000000000000000e+00
5.000000000000000000e+00
6.000000000000000000e+00
7.000000000000000000e+00
8.000000000000000000e+00
9.000000000000000000e+00
1.000000000000000000e+01
1.100000000000000000e+01
1.200000000000000000e+01
1.300000000000000000e+01
1.400000000000000000e+01
1.500000000000000000e+01
1.600000000000000000e+01
1.700000000000000000e+01
1.800000000000000000e+01
1.900000000000000000e+01
2.000000000000000000e+01
2.100000000000000000e+01
2.200000000000000000e+01
2.300000000000000000e+01
2.400000000000000000e+01
2.500000000000000000e+01
2.600000000000000000e+01
2.700000000000000000e+01
2.800000000000000000e+01
2.900000000000000000e+01
3.000000000000000000e+01
3.100000000000000000e+01
3.200000000000000000e+01
3.300000000000000000e+01
3.400000000000000000e+01
3.500000000000000000e+01
3.600000000000000000e+01
3.700000000000000000e+01
3.800000000000000000e+01
3.900000000000000000e+01
4.000000000000000000e+01
4.100000000000000000e+01
4.200000000000000000e+01
4.300000000000000000e+01
4.400000000000000000e+01
4.500000000000000000e+01
4.600000000000000000e+01
4.700000000000000000e+01
4.800000000000000000e+01
4.900000000000000000e+01
5.000000000000000000e+01
5.100000000000000000e+01
5.200000000000000000e+01
5.300000000000000000e+01
5.400000000000000000e+01
5.500000000000000000e+01
5.600000000000000000e+01
5.700000000000000000e+01
5.800000000000000000e+01
5.900000000000000000e+01
6.000000000000000000e+01
6.100000000000000000e+01
6.200000000000000000e+01
6.300000000000000000e+01
6.400000000000000000e+01
6.500000000000000000e+01
6.600000000000000000e+01
6.700000000000000000e+01
6.800000000000000000e+01
6.900000000000000000e+01
7.000000000000000000e+01
7.100000000000000000e+01
7.200000000000000000e+01
7.300000000000000000e+01
7.400000000000000000e+01
7.500000000000000000e+01
7.600000000000000000e+01
7.700000000000000000e+01
7.800000000000000000e+01
7.900000000000000000e+01
8.000000000000000000e+01
8.100000000000000000e+01
8.200000000000000000e+01
8.300000000000000000e+01
8.400000000000000000e+01
8.500000000000000000e+01
8.600000000000000000e+01
8.700000000000000000e+01
8.800000000000000000e+01
8.900000000000000000e+01
9.000000000000000000e+01
9.100000000000000000e+01
9.200000000000000000e+01
9.300000000000000000e+01
9.400000000000000000e+01
9.500000000000000000e+01
9.600000000000000000e+01
9.700000000000000000e+01
9.800000000000000000e+01
9.900000000000000000e+01
