single photon fraction:    0.3511
laser fraction:    0.3053
thermal source fraction:    0.1908
non-detected fraction:    0.1527
number of bins:  200.0000
bin width (ns):    1.0000
average detection events per bin: 5000.0000

# binary result
0.000000000000000000e+00

# g2 signal
1.002144741587108978e+00
9.988232391291971268e-01
1.005228993869455634e+00
9.845882285952893831e-01
9.959762370224155559e-01
1.005703494220586025e+00
9.992977394803274072e-01
9.947899861445899106e-01
1.014007250365365431e+00
1.007364245449541951e+00
9.914684836866781703e-01
9.952644864957201909e-01
9.898077324577222447e-01
9.772334731527703156e-01
1.015430751418756161e+00
1.001432991060413613e+00
1.021124755632319303e+00
9.971624879002412012e-01
1.006415244747281390e+00
9.978742384269366772e-01
9.931292349156340959e-01
1.004991743693890438e+00
1.000246740182587857e+00
9.909939833355478900e-01
9.971624879002412012e-01
9.950272363201551062e-01
1.016142501945451748e+00
1.001195740884848417e+00
9.995349896558926028e-01
1.006177994571716194e+00
9.947899861445899106e-01
1.011160248258583971e+00
1.003805492816064904e+00
1.023022757036840424e+00
1.014007250365365431e+00
9.829274773663334575e-01
9.639474633211230215e-01
9.838764780685940181e-01
1.007838745800672120e+00
1.001195740884848417e+00
1.019226754227798404e+00
9.938409854423294609e-01
9.964507373735458362e-01
1.008787746502932681e+00
1.014481750716495823e+00
9.962134871979807516e-01
1.018989504052233208e+00
9.962134871979807516e-01
9.743864710459887446e-01
9.834019777174637378e-01
9.973997380758063969e-01
9.973997380758063969e-01
1.014956251067625992e+00
1.002144741587108978e+00
1.008787746502932681e+00
9.924174843889386199e-01
9.803177254351169712e-01
9.955017366712853866e-01
1.017091502647712087e+00
1.016617002296581918e+00
1.020413005105623938e+00
1.007601495625106924e+00
1.027767760548143006e+00
1.000246740182587857e+00
9.679807163057302377e-01
1.003805492816064904e+00
1.005940744396150999e+00
9.793687247328565215e-01
1.001195740884848417e+00
9.995349896558926028e-01
9.971624879002412012e-01
1.016617002296581918e+00
9.876724808776360387e-01
9.729629699925980146e-01
1.007364245449541951e+00
9.902822328088525250e-01
9.580162089319947949e-01
9.978742384269366772e-01
9.964507373735458362e-01
1.031089263006054857e+00
9.955017366712853866e-01
9.874352307020709540e-01
9.964507373735458362e-01
9.959762370224155559e-01
1.015430751418756161e+00
1.001670241235978809e+00
1.014956251067625992e+00
1.009262246854062850e+00
9.947899861445899106e-01
9.869607303509406737e-01
1.003330992464934734e+00
1.019226754227798404e+00
9.779452236794656805e-01
9.997722398314576875e-01
9.852999791219847481e-01
1.005940744396150999e+00
1.012583749311974701e+00
1.027530510372577810e+00
9.959762370224155559e-01
9.746237212215539403e-01
8.116328506083095862e-01
1.012346499136409506e+00
9.720139692903374540e-01
1.016617002296581918e+00
9.928919847400689003e-01
9.938409854423294609e-01
1.012109248960844532e+00
9.895704822821570490e-01
9.648964640233835821e-01
9.860117296486801131e-01
1.032038263708315418e+00
1.005228993869455634e+00
9.720139692903374540e-01
9.791314745572913258e-01
1.007126995273976755e+00
9.907567331599826943e-01
1.002856492113804343e+00
9.955017366712853866e-01
1.019464004403363377e+00
9.992977394803274072e-01
1.018989504052233208e+00
9.876724808776360387e-01
9.988232391291971268e-01
9.845882285952893831e-01
1.005703494220586025e+00
9.888587317554616840e-01
9.869607303509406737e-01
1.007601495625106924e+00
1.015193501243191188e+00
9.895704822821570490e-01
1.012346499136409506e+00
9.686924668324256027e-01
1.017328752823277283e+00
1.021599255983449694e+00
9.907567331599826943e-01
9.957389868468504712e-01
9.938409854423294609e-01
1.008787746502932681e+00
9.931292349156340959e-01
1.008075995976237316e+00
1.004754493518325464e+00
1.017091502647712087e+00
1.012346499136409506e+00
9.848254787708544677e-01
1.008075995976237316e+00
1.008787746502932681e+00
1.013295499838670066e+00
1.004517243342760269e+00
1.016142501945451748e+00
9.976369882513714815e-01
1.008313246151802289e+00
1.000721240533718248e+00
1.028479511074838371e+00
9.886214815798965994e-01
1.000483990358153052e+00
1.014956251067625992e+00
9.985859889536320422e-01
1.018515003701103039e+00
1.003093742289369539e+00
9.940782356178945456e-01
1.004042742991630099e+00
1.007126995273976755e+00
1.000958490709283222e+00
1.004279993167195073e+00
9.886214815798965994e-01
9.881469812287663190e-01
9.800804752595518865e-01
1.018040503349972647e+00
1.001195740884848417e+00
1.007601495625106924e+00
9.983487387780669575e-01
1.033936265112836317e+00
1.031326513181620053e+00
9.867234801753755891e-01
1.022073756334579864e+00
1.025632508968056911e+00
9.900449826332873293e-01
1.025395258792491715e+00
1.028479511074838371e+00
9.812667261373775318e-01
1.010211247556323411e+00
1.006652494922846364e+00
9.950272363201551062e-01
1.008550496327367485e+00
9.943154857934597413e-01
1.000246740182587857e+00
1.012109248960844532e+00
9.679807163057302377e-01
1.019701254578928573e+00
9.663199650767743121e-01
1.027293260197012836e+00
9.750982215726842206e-01
1.001670241235978809e+00
9.978742384269366772e-01
9.992977394803274072e-01
1.022548256685710255e+00
1.019464004403363377e+00
1.000483990358153052e+00
9.995349896558926028e-01
1.003805492816064904e+00

# time bin value
-1.000000000000000000e+02
-9.900000000000000000e+01
-9.800000000000000000e+01
-9.700000000000000000e+01
-9.600000000000000000e+01
-9.500000000000000000e+01
-9.400000000000000000e+01
-9.300000000000000000e+01
-9.200000000000000000e+01
-9.100000000000000000e+01
-9.000000000000000000e+01
-8.900000000000000000e+01
-8.800000000000000000e+01
-8.700000000000000000e+01
-8.600000000000000000e+01
-8.500000000000000000e+01
-8.400000000000000000e+01
-8.300000000000000000e+01
-8.200000000000000000e+01
-8.100000000000000000e+01
-8.000000000000000000e+01
-7.900000000000000000e+01
-7.800000000000000000e+01
-7.700000000000000000e+01
-7.600000000000000000e+01
-7.500000000000000000e+01
-7.400000000000000000e+01
-7.300000000000000000e+01
-7.200000000000000000e+01
-7.100000000000000000e+01
-7.000000000000000000e+01
-6.900000000000000000e+01
-6.800000000000000000e+01
-6.700000000000000000e+01
-6.600000000000000000e+01
-6.500000000000000000e+01
-6.400000000000000000e+01
-6.300000000000000000e+01
-6.200000000000000000e+01
-6.100000000000000000e+01
-6.000000000000000000e+01
-5.900000000000000000e+01
-5.800000000000000000e+01
-5.700000000000000000e+01
-5.600000000000000000e+01
-5.500000000000000000e+01
-5.400000000000000000e+01
-5.300000000000000000e+01
-5.200000000000000000e+01
-5.100000000000000000e+01
-5.000000000000000000e+01
-4.900000000000000000e+01
-4.800000000000000000e+01
-4.700000000000000000e+01
-4.600000000000000000e+01
-4.500000000000000000e+01
-4.400000000000000000e+01
-4.300000000000000000e+01
-4.200000000000000000e+01
-4.100000000000000000e+01
-4.000000000000000000e+01
-3.900000000000000000e+01
-3.800000000000000000e+01
-3.700000000000000000e+01
-3.600000000000000000e+01
-3.500000000000000000e+01
-3.400000000000000000e+01
-3.300000000000000000e+01
-3.200000000000000000e+01
-3.100000000000000000e+01
-3.000000000000000000e+01
-2.900000000000000000e+01
-2.800000000000000000e+01
-2.700000000000000000e+01
-2.600000000000000000e+01
-2.500000000000000000e+01
-2.400000000000000000e+01
-2.300000000000000000e+01
-2.200000000000000000e+01
-2.100000000000000000e+01
-2.000000000000000000e+01
-1.900000000000000000e+01
-1.800000000000000000e+01
-1.700000000000000000e+01
-1.600000000000000000e+01
-1.500000000000000000e+01
-1.400000000000000000e+01
-1.300000000000000000e+01
-1.200000000000000000e+01
-1.100000000000000000e+01
-1.000000000000000000e+01
-9.000000000000000000e+00
-8.000000000000000000e+00
-7.000000000000000000e+00
-6.000000000000000000e+00
-5.000000000000000000e+00
-4.000000000000000000e+00
-3.000000000000000000e+00
-2.000000000000000000e+00
-1.000000000000000000e+00
0.000000000000000000e+00
1.000000000000000000e+00
2.000000000000000000e+00
3.000000000000000000e+00
4.000000000000000000e+00
5.000000000000000000e+00
6.000000000000000000e+00
7.000000000000000000e+00
8.000000000000000000e+00
9.000000000000000000e+00
1.000000000000000000e+01
1.100000000000000000e+01
1.200000000000000000e+01
1.300000000000000000e+01
1.400000000000000000e+01
1.500000000000000000e+01
1.600000000000000000e+01
1.700000000000000000e+01
1.800000000000000000e+01
1.900000000000000000e+01
2.000000000000000000e+01
2.100000000000000000e+01
2.200000000000000000e+01
2.300000000000000000e+01
2.400000000000000000e+01
2.500000000000000000e+01
2.600000000000000000e+01
2.700000000000000000e+01
2.800000000000000000e+01
2.900000000000000000e+01
3.000000000000000000e+01
3.100000000000000000e+01
3.200000000000000000e+01
3.300000000000000000e+01
3.400000000000000000e+01
3.500000000000000000e+01
3.600000000000000000e+01
3.700000000000000000e+01
3.800000000000000000e+01
3.900000000000000000e+01
4.000000000000000000e+01
4.100000000000000000e+01
4.200000000000000000e+01
4.300000000000000000e+01
4.400000000000000000e+01
4.500000000000000000e+01
4.600000000000000000e+01
4.700000000000000000e+01
4.800000000000000000e+01
4.900000000000000000e+01
5.000000000000000000e+01
5.100000000000000000e+01
5.200000000000000000e+01
5.300000000000000000e+01
5.400000000000000000e+01
5.500000000000000000e+01
5.600000000000000000e+01
5.700000000000000000e+01
5.800000000000000000e+01
5.900000000000000000e+01
6.000000000000000000e+01
6.100000000000000000e+01
6.200000000000000000e+01
6.300000000000000000e+01
6.400000000000000000e+01
6.500000000000000000e+01
6.600000000000000000e+01
6.700000000000000000e+01
6.800000000000000000e+01
6.900000000000000000e+01
7.000000000000000000e+01
7.100000000000000000e+01
7.200000000000000000e+01
7.300000000000000000e+01
7.400000000000000000e+01
7.500000000000000000e+01
7.600000000000000000e+01
7.700000000000000000e+01
7.800000000000000000e+01
7.900000000000000000e+01
8.000000000000000000e+01
8.100000000000000000e+01
8.200000000000000000e+01
8.300000000000000000e+01
8.400000000000000000e+01
8.500000000000000000e+01
8.600000000000000000e+01
8.700000000000000000e+01
8.800000000000000000e+01
8.900000000000000000e+01
9.000000000000000000e+01
9.100000000000000000e+01
9.200000000000000000e+01
9.300000000000000000e+01
9.400000000000000000e+01
9.500000000000000000e+01
9.600000000000000000e+01
9.700000000000000000e+01
9.800000000000000000e+01
9.900000000000000000e+01
