single photon fraction:    0.2817
laser fraction:    0.0282
thermal source fraction:    0.4366
non-detected fraction:    0.2535
number of bins:  200.0000
bin width (ns):    1.0000
average detection events per bin: 5000.0000

# binary result
0.000000000000000000e+00

# g2 signal
9.779270461035578510e-01
1.032884929686237241e+00
9.887031017080047945e-01
1.001634368433341082e+00
9.868172919772265628e-01
9.897807072684494667e-01
1.012679825427899249e+00
1.005675389285008769e+00
9.924747211695612581e-01
1.009447008746565011e+00
1.019414860180678506e+00
1.007830600405898114e+00
1.016720846279566715e+00
1.002442572603674531e+00
9.800822572244473063e-01
1.000826164263007634e+00
1.004597783724564097e+00
9.666121877188885714e-01
9.900501086585606902e-01
9.755024335925572831e-01
1.016720846279566715e+00
1.005944790675119771e+00
1.011871621257565579e+00
9.655345821584438992e-01
9.835844752958925463e-01
1.015373839329010819e+00
1.008100001796009337e+00
9.927441225596723706e-01
9.951687350706729385e-01
1.011602219867454577e+00
9.940911295102282663e-01
1.007291797625675667e+00
9.884337003178935710e-01
9.814292641750030910e-01
1.001095565653118857e+00
1.012410424037788026e+00
1.031807324125792569e+00
9.843926794662259949e-01
1.000826164263007634e+00
9.903195100486718028e-01
9.994791573124517381e-01
1.003520178164119203e+00
1.010255212916898682e+00
9.825068697354478742e-01
9.714614127408897071e-01
9.857396864167818906e-01
1.002442572603674531e+00
1.007830600405898114e+00
1.010255212916898682e+00
9.822374683453366506e-01
1.015373839329010819e+00
1.007561199015786890e+00
1.004058980944341650e+00
9.814292641750030910e-01
1.005405987894897546e+00
9.913971156091164749e-01
1.017529050449900385e+00
1.001095565653118857e+00
9.534115196034411710e-01
1.015643240719122042e+00
1.002981375383896978e+00
1.026419296323568986e+00
9.989403545322294020e-01
9.771188419332244024e-01
9.951687350706729385e-01
9.749636308123349471e-01
1.003250776774008202e+00
1.014026832378455145e+00
9.946299322904506024e-01
9.943605309003393788e-01
9.908583128288941388e-01
1.006214192065230995e+00
9.997485587025628506e-01
9.924747211695612581e-01
1.004058980944341650e+00
1.014565635158677370e+00
9.574525404551087471e-01
1.024802887982901867e+00
1.016451444889455713e+00
9.878948975376712349e-01
9.911277142190053624e-01
1.012141022647676802e+00
9.919359183893389220e-01
9.895113058783383542e-01
1.000826164263007634e+00
9.843926794662259949e-01
9.763106377628908428e-01
9.768494405431131788e-01
1.005405987894897546e+00
1.016990247669677938e+00
9.975933475816735063e-01
9.852008836365595545e-01
9.938217281201170428e-01
1.004867185114675099e+00
9.984015517520070659e-01
9.911277142190053624e-01
1.017798451840011387e+00
1.004597783724564097e+00
9.784658488837801871e-01
1.010255212916898682e+00
1.188329531780383919e+00
1.020761867131234402e+00
1.014296233768566147e+00
1.008908205966342786e+00
9.978627489717847299e-01
9.994791573124517381e-01
9.676897932793333545e-01
9.951687350706729385e-01
1.000556762872896410e+00
1.000556762872896410e+00
9.695756030101114753e-01
9.862784891970042267e-01
9.746942294222238345e-01
9.841232780761148824e-01
9.911277142190053624e-01
9.962463406311176106e-01
1.002173171213563529e+00
9.862784891970042267e-01
1.016990247669677938e+00
9.644569765979992271e-01
1.024533486592790865e+00
9.938217281201170428e-01
9.973239461915622828e-01
1.010524614307009905e+00
1.014565635158677370e+00
1.009177607356454009e+00
1.004058980944341650e+00
9.878948975376712349e-01
1.015104437938899817e+00
1.003520178164119203e+00
9.908583128288941388e-01
1.005675389285008769e+00
9.760412363727796192e-01
9.932829253398947067e-01
9.835844752958925463e-01
9.881642989277824585e-01
9.889725030981160181e-01
9.887031017080047945e-01
9.913971156091164749e-01
9.938217281201170428e-01
1.005136586504786322e+00
1.005944790675119771e+00
1.006214192065230995e+00
9.860090878068931142e-01
1.025880493543346761e+00
1.035040140807126585e+00
9.881642989277824585e-01
9.984015517520070659e-01
9.738860252518902749e-01
1.016182043499344489e+00
1.033423732466459466e+00
9.930135239497835942e-01
1.017259649059789162e+00
9.946299322904506024e-01
9.916665169992276985e-01
1.024533486592790865e+00
9.908583128288941388e-01
1.025611092153235537e+00
1.008638804576231562e+00
1.017259649059789162e+00
9.908583128288941388e-01
9.916665169992276985e-01
1.006483593455342218e+00
9.930135239497835942e-01
1.002442572603674531e+00
1.014296233768566147e+00
9.989403545322294020e-01
9.938217281201170428e-01
9.986709531421181785e-01
9.975933475816735063e-01
1.014835036548788594e+00
9.784658488837801871e-01
9.876254961475601224e-01
1.024802887982901867e+00
1.019684261570789729e+00
1.002711973993785755e+00
9.908583128288941388e-01
1.025072289373013090e+00
1.002711973993785755e+00
1.016990247669677938e+00
9.892419044882271306e-01
1.016720846279566715e+00
1.008638804576231562e+00
1.007561199015786890e+00
1.016720846279566715e+00
1.029113310224680777e+00
1.026688697713680209e+00
9.943605309003393788e-01
9.927441225596723706e-01
1.026419296323568986e+00
1.017259649059789162e+00
1.029652113004903002e+00
1.002442572603674531e+00
9.922053197794500345e-01
9.738860252518902749e-01
9.924747211695612581e-01
1.015912642109233266e+00
9.935523267300059302e-01
1.004058980944341650e+00
1.007830600405898114e+00

# time bin value
-1.000000000000000000e+02
-9.900000000000000000e+01
-9.800000000000000000e+01
-9.700000000000000000e+01
-9.600000000000000000e+01
-9.500000000000000000e+01
-9.400000000000000000e+01
-9.300000000000000000e+01
-9.200000000000000000e+01
-9.100000000000000000e+01
-9.000000000000000000e+01
-8.900000000000000000e+01
-8.800000000000000000e+01
-8.700000000000000000e+01
-8.600000000000000000e+01
-8.500000000000000000e+01
-8.400000000000000000e+01
-8.300000000000000000e+01
-8.200000000000000000e+01
-8.100000000000000000e+01
-8.000000000000000000e+01
-7.900000000000000000e+01
-7.800000000000000000e+01
-7.700000000000000000e+01
-7.600000000000000000e+01
-7.500000000000000000e+01
-7.400000000000000000e+01
-7.300000000000000000e+01
-7.200000000000000000e+01
-7.100000000000000000e+01
-7.000000000000000000e+01
-6.900000000000000000e+01
-6.800000000000000000e+01
-6.700000000000000000e+01
-6.600000000000000000e+01
-6.500000000000000000e+01
-6.400000000000000000e+01
-6.300000000000000000e+01
-6.200000000000000000e+01
-6.100000000000000000e+01
-6.000000000000000000e+01
-5.900000000000000000e+01
-5.800000000000000000e+01
-5.700000000000000000e+01
-5.600000000000000000e+01
-5.500000000000000000e+01
-5.400000000000000000e+01
-5.300000000000000000e+01
-5.200000000000000000e+01
-5.100000000000000000e+01
-5.000000000000000000e+01
-4.900000000000000000e+01
-4.800000000000000000e+01
-4.700000000000000000e+01
-4.600000000000000000e+01
-4.500000000000000000e+01
-4.400000000000000000e+01
-4.300000000000000000e+01
-4.200000000000000000e+01
-4.100000000000000000e+01
-4.000000000000000000e+01
-3.900000000000000000e+01
-3.800000000000000000e+01
-3.700000000000000000e+01
-3.600000000000000000e+01
-3.500000000000000000e+01
-3.400000000000000000e+01
-3.300000000000000000e+01
-3.200000000000000000e+01
-3.100000000000000000e+01
-3.000000000000000000e+01
-2.900000000000000000e+01
-2.800000000000000000e+01
-2.700000000000000000e+01
-2.600000000000000000e+01
-2.500000000000000000e+01
-2.400000000000000000e+01
-2.300000000000000000e+01
-2.200000000000000000e+01
-2.100000000000000000e+01
-2.000000000000000000e+01
-1.900000000000000000e+01
-1.800000000000000000e+01
-1.700000000000000000e+01
-1.600000000000000000e+01
-1.500000000000000000e+01
-1.400000000000000000e+01
-1.300000000000000000e+01
-1.200000000000000000e+01
-1.100000000000000000e+01
-1.000000000000000000e+01
-9.000000000000000000e+00
-8.000000000000000000e+00
-7.000000000000000000e+00
-6.000000000000000000e+00
-5.000000000000000000e+00
-4.000000000000000000e+00
-3.000000000000000000e+00
-2.000000000000000000e+00
-1.000000000000000000e+00
0.000000000000000000e+00
1.000000000000000000e+00
2.000000000000000000e+00
3.000000000000000000e+00
4.000000000000000000e+00
5.000000000000000000e+00
6.000000000000000000e+00
7.000000000000000000e+00
8.000000000000000000e+00
9.000000000000000000e+00
1.000000000000000000e+01
1.100000000000000000e+01
1.200000000000000000e+01
1.300000000000000000e+01
1.400000000000000000e+01
1.500000000000000000e+01
1.600000000000000000e+01
1.700000000000000000e+01
1.800000000000000000e+01
1.900000000000000000e+01
2.000000000000000000e+01
2.100000000000000000e+01
2.200000000000000000e+01
2.300000000000000000e+01
2.400000000000000000e+01
2.500000000000000000e+01
2.600000000000000000e+01
2.700000000000000000e+01
2.800000000000000000e+01
2.900000000000000000e+01
3.000000000000000000e+01
3.100000000000000000e+01
3.200000000000000000e+01
3.300000000000000000e+01
3.400000000000000000e+01
3.500000000000000000e+01
3.600000000000000000e+01
3.700000000000000000e+01
3.800000000000000000e+01
3.900000000000000000e+01
4.000000000000000000e+01
4.100000000000000000e+01
4.200000000000000000e+01
4.300000000000000000e+01
4.400000000000000000e+01
4.500000000000000000e+01
4.600000000000000000e+01
4.700000000000000000e+01
4.800000000000000000e+01
4.900000000000000000e+01
5.000000000000000000e+01
5.100000000000000000e+01
5.200000000000000000e+01
5.300000000000000000e+01
5.400000000000000000e+01
5.500000000000000000e+01
5.600000000000000000e+01
5.700000000000000000e+01
5.800000000000000000e+01
5.900000000000000000e+01
6.000000000000000000e+01
6.100000000000000000e+01
6.200000000000000000e+01
6.300000000000000000e+01
6.400000000000000000e+01
6.500000000000000000e+01
6.600000000000000000e+01
6.700000000000000000e+01
6.800000000000000000e+01
6.900000000000000000e+01
7.000000000000000000e+01
7.100000000000000000e+01
7.200000000000000000e+01
7.300000000000000000e+01
7.400000000000000000e+01
7.500000000000000000e+01
7.600000000000000000e+01
7.700000000000000000e+01
7.800000000000000000e+01
7.900000000000000000e+01
8.000000000000000000e+01
8.100000000000000000e+01
8.200000000000000000e+01
8.300000000000000000e+01
8.400000000000000000e+01
8.500000000000000000e+01
8.600000000000000000e+01
8.700000000000000000e+01
8.800000000000000000e+01
8.900000000000000000e+01
9.000000000000000000e+01
9.100000000000000000e+01
9.200000000000000000e+01
9.300000000000000000e+01
9.400000000000000000e+01
9.500000000000000000e+01
9.600000000000000000e+01
9.700000000000000000e+01
9.800000000000000000e+01
9.900000000000000000e+01
