single photon fraction:    0.4653
laser fraction:    0.2708
thermal source fraction:    0.1806
non-detected fraction:    0.0833
number of bins:  200.0000
bin width (ns):    1.0000
average detection events per bin: 5000.0000

# binary result
0.000000000000000000e+00

# g2 signal
1.028908794193404308e+00
9.912150108917502367e-01
1.016636399630075127e+00
9.988852574938310580e-01
9.844213639013359440e-01
9.883660621538346014e-01
9.883660621538346014e-01
1.014883200406742292e+00
9.923107604063332587e-01
9.774085670080049359e-01
9.728064190467564654e-01
1.004364005066745946e+00
1.009404452833827515e+00
1.007870403513411395e+00
9.984469576879978492e-01
1.000857606620080276e+00
1.011376801960076843e+00
1.011157652057160350e+00
9.855171134159188551e-01
1.010938502154243634e+00
1.004583154969662440e+00
9.999810070084139690e-01
1.010719352251327141e+00
1.008966153027994306e+00
9.964746085617485205e-01
9.901192613771673257e-01
1.012910851280492963e+00
9.874894625421681837e-01
9.966937584646651249e-01
1.000419306814247289e+00
1.011376801960076843e+00
1.003925705260912737e+00
9.960363087559153117e-01
9.892426617655009080e-01
9.991044073967476624e-01
1.001076756522996991e+00
9.993235572996642668e-01
1.013349151086326172e+00
1.014225750697992590e+00
1.007432103707578186e+00
9.918724606005000499e-01
1.011376801960076843e+00
1.003487405455079529e+00
1.006774653998828484e+00
1.007870403513411395e+00
1.013568300989242887e+00
1.000200156911330573e+00
1.000638456717163782e+00
9.870511627363349749e-01
1.012034251668826546e+00
9.977895079792480360e-01
9.894618116684175124e-01
1.010500202348410426e+00
9.872703126392515793e-01
9.796000660371708690e-01
9.817915650663368021e-01
1.006774653998828484e+00
1.005459754581328857e+00
9.828873145809197132e-01
9.758745176875888161e-01
1.024964095940905651e+00
1.010938502154243634e+00
9.826681646780031087e-01
9.896809615713341168e-01
1.005678904484245351e+00
1.013787450892159381e+00
9.962554586588319161e-01
9.835447642896695264e-01
9.846405138042525484e-01
1.003706555357996022e+00
1.014225750697992590e+00
1.007432103707578186e+00
1.023430046620489531e+00
9.940639596296659830e-01
9.955980089500821029e-01
9.796000660371708690e-01
1.020581097882573784e+00
9.975703580763315426e-01
9.942831095325825874e-01
1.010500202348410426e+00
9.817915650663368021e-01
9.802575157459206823e-01
9.839830640955027352e-01
9.918724606005000499e-01
1.004583154969662440e+00
9.791617662313376602e-01
9.903384112800839301e-01
1.008966153027994306e+00
9.850788136100856462e-01
1.010061902542577217e+00
1.018608748756324456e+00
9.940639596296659830e-01
9.743404683671725852e-01
9.951597091442490051e-01
1.002391655940496618e+00
9.945022594354991918e-01
1.014444900600909083e+00
1.005240604678412142e+00
9.800383658430040779e-01
9.960363087559153117e-01
6.881306951581021014e-01
9.909958609888337433e-01
1.012253401571743261e+00
1.039647139436317369e+00
1.001515056328830200e+00
1.006336354192995275e+00
9.953788590471656095e-01
9.988852574938310580e-01
9.969129083675817293e-01
9.848596637071690418e-01
9.723681192409232565e-01
9.793809161342542646e-01
9.953788590471656095e-01
9.958171588529987073e-01
1.002610805843413111e+00
1.001734206231746693e+00
1.002610805843413111e+00
1.006993803901744977e+00
1.005021454775495648e+00
9.892426617655009080e-01
1.011376801960076843e+00
1.013130001183409679e+00
9.710532198234237411e-01
9.962554586588319161e-01
1.021238547591323487e+00
9.866128629305018771e-01
9.872703126392515793e-01
9.861745631246686683e-01
9.892426617655009080e-01
9.920916105034166543e-01
1.004802304872579155e+00
9.964746085617485205e-01
1.023868346426322740e+00
1.016855549532991621e+00
1.001515056328830200e+00
9.820107149692534065e-01
1.009842752639660723e+00
9.817915650663368021e-01
1.016417249727158412e+00
1.021895997300073411e+00
9.955980089500821029e-01
9.657936221534254573e-01
1.011157652057160350e+00
1.001076756522996991e+00
1.014883200406742292e+00
1.010938502154243634e+00
9.758745176875888161e-01
9.980086578821646404e-01
9.916533106975834455e-01
9.822298648721700109e-01
1.015102350309659007e+00
1.008527853222161097e+00
1.011157652057160350e+00
1.043153537882982818e+00
9.931873600179996764e-01
9.958171588529987073e-01
9.995427072025808712e-01
9.890235118625844146e-01
1.022553447008823113e+00
1.027593894775904682e+00
1.028032194581737890e+00
1.024306646232155948e+00
1.000857606620080276e+00
9.984469576879978492e-01
1.005021454775495648e+00
9.982278077850812448e-01
1.001295906425913484e+00
1.005240604678412142e+00
1.017512999241741545e+00
9.837639141925861308e-01
9.892426617655009080e-01
1.007870403513411395e+00
1.000857606620080276e+00
1.013568300989242887e+00
1.013349151086326172e+00
1.015102350309659007e+00
1.003706555357996022e+00
9.774085670080049359e-01
1.017074699435908336e+00
1.016636399630075127e+00
1.023868346426322740e+00
1.020800247785490278e+00
1.014883200406742292e+00
9.960363087559153117e-01
9.802575157459206823e-01
1.011157652057160350e+00
1.031757742931320054e+00
9.782851666196713536e-01
1.024087496329239233e+00
1.008089553416327888e+00
1.001734206231746693e+00
1.005678904484245351e+00
9.984469576879978492e-01
1.007212953804661693e+00
1.012472551474659754e+00
9.912150108917502367e-01
9.866128629305018771e-01
1.004583154969662440e+00
9.982278077850812448e-01
9.993235572996642668e-01

# time bin value
-1.000000000000000000e+02
-9.900000000000000000e+01
-9.800000000000000000e+01
-9.700000000000000000e+01
-9.600000000000000000e+01
-9.500000000000000000e+01
-9.400000000000000000e+01
-9.300000000000000000e+01
-9.200000000000000000e+01
-9.100000000000000000e+01
-9.000000000000000000e+01
-8.900000000000000000e+01
-8.800000000000000000e+01
-8.700000000000000000e+01
-8.600000000000000000e+01
-8.500000000000000000e+01
-8.400000000000000000e+01
-8.300000000000000000e+01
-8.200000000000000000e+01
-8.100000000000000000e+01
-8.000000000000000000e+01
-7.900000000000000000e+01
-7.800000000000000000e+01
-7.700000000000000000e+01
-7.600000000000000000e+01
-7.500000000000000000e+01
-7.400000000000000000e+01
-7.300000000000000000e+01
-7.200000000000000000e+01
-7.100000000000000000e+01
-7.000000000000000000e+01
-6.900000000000000000e+01
-6.800000000000000000e+01
-6.700000000000000000e+01
-6.600000000000000000e+01
-6.500000000000000000e+01
-6.400000000000000000e+01
-6.300000000000000000e+01
-6.200000000000000000e+01
-6.100000000000000000e+01
-6.000000000000000000e+01
-5.900000000000000000e+01
-5.800000000000000000e+01
-5.700000000000000000e+01
-5.600000000000000000e+01
-5.500000000000000000e+01
-5.400000000000000000e+01
-5.300000000000000000e+01
-5.200000000000000000e+01
-5.100000000000000000e+01
-5.000000000000000000e+01
-4.900000000000000000e+01
-4.800000000000000000e+01
-4.700000000000000000e+01
-4.600000000000000000e+01
-4.500000000000000000e+01
-4.400000000000000000e+01
-4.300000000000000000e+01
-4.200000000000000000e+01
-4.100000000000000000e+01
-4.000000000000000000e+01
-3.900000000000000000e+01
-3.800000000000000000e+01
-3.700000000000000000e+01
-3.600000000000000000e+01
-3.500000000000000000e+01
-3.400000000000000000e+01
-3.300000000000000000e+01
-3.200000000000000000e+01
-3.100000000000000000e+01
-3.000000000000000000e+01
-2.900000000000000000e+01
-2.800000000000000000e+01
-2.700000000000000000e+01
-2.600000000000000000e+01
-2.500000000000000000e+01
-2.400000000000000000e+01
-2.300000000000000000e+01
-2.200000000000000000e+01
-2.100000000000000000e+01
-2.000000000000000000e+01
-1.900000000000000000e+01
-1.800000000000000000e+01
-1.700000000000000000e+01
-1.600000000000000000e+01
-1.500000000000000000e+01
-1.400000000000000000e+01
-1.300000000000000000e+01
-1.200000000000000000e+01
-1.100000000000000000e+01
-1.000000000000000000e+01
-9.000000000000000000e+00
-8.000000000000000000e+00
-7.000000000000000000e+00
-6.000000000000000000e+00
-5.000000000000000000e+00
-4.000000000000000000e+00
-3.000000000000000000e+00
-2.000000000000000000e+00
-1.000000000000000000e+00
0.000000000000000000e+00
1.000000000000000000e+00
2.000000000000000000e+00
3.000000000000000000e+00
4.000000000000000000e+00
5.000000000000000000e+00
6.000000000000000000e+00
7.000000000000000000e+00
8.000000000000000000e+00
9.000000000000000000e+00
1.000000000000000000e+01
1.100000000000000000e+01
1.200000000000000000e+01
1.300000000000000000e+01
1.400000000000000000e+01
1.500000000000000000e+01
1.600000000000000000e+01
1.700000000000000000e+01
1.800000000000000000e+01
1.900000000000000000e+01
2.000000000000000000e+01
2.100000000000000000e+01
2.200000000000000000e+01
2.300000000000000000e+01
2.400000000000000000e+01
2.500000000000000000e+01
2.600000000000000000e+01
2.700000000000000000e+01
2.800000000000000000e+01
2.900000000000000000e+01
3.000000000000000000e+01
3.100000000000000000e+01
3.200000000000000000e+01
3.300000000000000000e+01
3.400000000000000000e+01
3.500000000000000000e+01
3.600000000000000000e+01
3.700000000000000000e+01
3.800000000000000000e+01
3.900000000000000000e+01
4.000000000000000000e+01
4.100000000000000000e+01
4.200000000000000000e+01
4.300000000000000000e+01
4.400000000000000000e+01
4.500000000000000000e+01
4.600000000000000000e+01
4.700000000000000000e+01
4.800000000000000000e+01
4.900000000000000000e+01
5.000000000000000000e+01
5.100000000000000000e+01
5.200000000000000000e+01
5.300000000000000000e+01
5.400000000000000000e+01
5.500000000000000000e+01
5.600000000000000000e+01
5.700000000000000000e+01
5.800000000000000000e+01
5.900000000000000000e+01
6.000000000000000000e+01
6.100000000000000000e+01
6.200000000000000000e+01
6.300000000000000000e+01
6.400000000000000000e+01
6.500000000000000000e+01
6.600000000000000000e+01
6.700000000000000000e+01
6.800000000000000000e+01
6.900000000000000000e+01
7.000000000000000000e+01
7.100000000000000000e+01
7.200000000000000000e+01
7.300000000000000000e+01
7.400000000000000000e+01
7.500000000000000000e+01
7.600000000000000000e+01
7.700000000000000000e+01
7.800000000000000000e+01
7.900000000000000000e+01
8.000000000000000000e+01
8.100000000000000000e+01
8.200000000000000000e+01
8.300000000000000000e+01
8.400000000000000000e+01
8.500000000000000000e+01
8.600000000000000000e+01
8.700000000000000000e+01
8.800000000000000000e+01
8.900000000000000000e+01
9.000000000000000000e+01
9.100000000000000000e+01
9.200000000000000000e+01
9.300000000000000000e+01
9.400000000000000000e+01
9.500000000000000000e+01
9.600000000000000000e+01
9.700000000000000000e+01
9.800000000000000000e+01
9.900000000000000000e+01
