single photon fraction:    0.3614
laser fraction:    0.2169
thermal source fraction:    0.3253
non-detected fraction:    0.0964
number of bins:  200.0000
bin width (ns):    1.0000
average detection events per bin: 5000.0000

# binary result
0.000000000000000000e+00

# g2 signal
1.005637259260576677e+00
9.751836110468943275e-01
1.009860757917948604e+00
1.002969786424341647e+00
1.004081233439439558e+00
1.022975832696103815e+00
1.014084256575320753e+00
9.936336314975193762e-01
1.012528230754183634e+00
1.007415574484733289e+00
9.922998950794018613e-01
1.005637259260576677e+00
1.013861967172301037e+00
1.014306545978340246e+00
9.936336314975193762e-01
1.012972809560222842e+00
9.805185567193641649e-01
1.008527021499831200e+00
9.702932441804635877e-01
1.010083047320968319e+00
1.002080628812263452e+00
9.920776056763823680e-01
9.931890526914801676e-01
9.920776056763823680e-01
9.900770010492061513e-01
9.780733732861488505e-01
1.013861967172301037e+00
1.026310173741397547e+00
9.816300037344620755e-01
1.021864385681005905e+00
1.030089093592730487e+00
1.000302313588106840e+00
9.947450785126172867e-01
1.004748101648498260e+00
9.887432646310886364e-01
9.900770010492061513e-01
1.016974018814575276e+00
9.951896573186563844e-01
9.916330268703431594e-01
1.000746892394145826e+00
1.006970995678694081e+00
9.978571301548914141e-01
1.003858944036420064e+00
1.007193285081713796e+00
1.006970995678694081e+00
1.001191471200185035e+00
9.951896573186563844e-01
9.974125513488522055e-01
9.838528977646578966e-01
1.003636654633400349e+00
9.976348407518718098e-01
1.009860757917948604e+00
1.012528230754183634e+00
1.012083651948144425e+00
1.013417388366261829e+00
1.020530649262888501e+00
9.891878434371278450e-01
9.871872388099516282e-01
1.006748706275674587e+00
9.771842156740705443e-01
9.885209752280690321e-01
9.818522931374816798e-01
9.980794195579110184e-01
9.969679725428131079e-01
1.012305941351164140e+00
9.911884480643040618e-01
1.001858339409243737e+00
9.943004997065780781e-01
9.983017089609305117e-01
9.987462877669697203e-01
9.874095282129711215e-01
9.991908665730088179e-01
1.003192075827361363e+00
1.022531253890064606e+00
1.009860757917948604e+00
1.029644514786691278e+00
1.029866804189710772e+00
1.003414365230380856e+00
9.905215798552452489e-01
9.960788149307348016e-01
1.010527626127007306e+00
9.907438692582648532e-01
9.860757917948537177e-01
1.005637259260576677e+00
9.816300037344620755e-01
1.007193285081713796e+00
1.023642700905162517e+00
9.729607170166985064e-01
9.816300037344620755e-01
9.822968719435208884e-01
9.727384276136789021e-01
9.963011043337542949e-01
9.916330268703431594e-01
9.782956626891684548e-01
1.008527021499831200e+00
1.000746892394145826e+00
9.794071097042662544e-01
1.020086070456849292e+00
1.020308359859868785e+00
1.006526416872654872e+00
9.589564846264649889e-01
9.998577347820676309e-01
9.894101328401473383e-01
1.011194494336066230e+00
9.978571301548914141e-01
9.638468514928957287e-01
9.731830064197181107e-01
9.734052958227377150e-01
1.009416179111909617e+00
9.991908665730088179e-01
9.794071097042662544e-01
1.020086070456849292e+00
9.714046911955614982e-01
9.989685771699893246e-01
9.909661586612844575e-01
9.965233937367738992e-01
1.004081233439439558e+00
1.006081838066615886e+00
1.009416179111909617e+00
9.963011043337542949e-01
9.705155335834830810e-01
1.026087884338378053e+00
9.967456831397935035e-01
1.005192680454537468e+00
9.994131559760284222e-01
9.949673679156368911e-01
9.954119467216759887e-01
1.018752334038731888e+00
1.000080024185087124e+00
9.938559209005389805e-01
9.698486653744243791e-01
1.004748101648498260e+00
9.851866341827754114e-01
1.027421620756495457e+00
9.758504792559530294e-01
1.014973414187398948e+00
1.016751729411555560e+00
1.002080628812263452e+00
1.022975832696103815e+00
1.008082442693791991e+00
9.931890526914801676e-01
9.994131559760284222e-01
9.929667632884606743e-01
1.008749310902850693e+00
1.016974018814575276e+00
1.017863176426653471e+00
9.685149289563069752e-01
9.936336314975193762e-01
9.718492700016005958e-01
9.949673679156368911e-01
1.002302918215282945e+00
9.865203706008928153e-01
1.008749310902850693e+00
9.889655540341082407e-01
1.004303522842459273e+00
9.907438692582648532e-01
9.918553162733627637e-01
9.905215798552452489e-01
9.789625308982271568e-01
9.745167428378355146e-01
1.008971600305870409e+00
1.005414969857557184e+00
1.032756566428965295e+00
1.007193285081713796e+00
1.010305336723987812e+00
1.009638468514929110e+00
1.010972204933046514e+00
1.005414969857557184e+00
9.956342361246955930e-01
9.963011043337542949e-01
9.974125513488522055e-01
1.007193285081713796e+00
9.818522931374816798e-01
1.006526416872654872e+00
1.008527021499831200e+00
9.874095282129711215e-01
1.008971600305870409e+00
9.978571301548914141e-01
9.880763964220299345e-01
1.007193285081713796e+00
9.938559209005389805e-01
1.014528835381359739e+00
1.022531253890064606e+00
9.794071097042662544e-01
1.002747497021322154e+00
9.902992904522256445e-01
9.880763964220299345e-01
9.967456831397935035e-01
9.814077143314424712e-01
1.002080628812263452e+00
9.882986858250494278e-01
9.974125513488522055e-01
1.022086675084025620e+00
9.842974765706969942e-01
1.015417992993438157e+00
9.927444738854410700e-01
1.018085465829673186e+00
9.954119467216759887e-01
1.009860757917948604e+00
1.022531253890064606e+00

# time bin value
-1.000000000000000000e+02
-9.900000000000000000e+01
-9.800000000000000000e+01
-9.700000000000000000e+01
-9.600000000000000000e+01
-9.500000000000000000e+01
-9.400000000000000000e+01
-9.300000000000000000e+01
-9.200000000000000000e+01
-9.100000000000000000e+01
-9.000000000000000000e+01
-8.900000000000000000e+01
-8.800000000000000000e+01
-8.700000000000000000e+01
-8.600000000000000000e+01
-8.500000000000000000e+01
-8.400000000000000000e+01
-8.300000000000000000e+01
-8.200000000000000000e+01
-8.100000000000000000e+01
-8.000000000000000000e+01
-7.900000000000000000e+01
-7.800000000000000000e+01
-7.700000000000000000e+01
-7.600000000000000000e+01
-7.500000000000000000e+01
-7.400000000000000000e+01
-7.300000000000000000e+01
-7.200000000000000000e+01
-7.100000000000000000e+01
-7.000000000000000000e+01
-6.900000000000000000e+01
-6.800000000000000000e+01
-6.700000000000000000e+01
-6.600000000000000000e+01
-6.500000000000000000e+01
-6.400000000000000000e+01
-6.300000000000000000e+01
-6.200000000000000000e+01
-6.100000000000000000e+01
-6.000000000000000000e+01
-5.900000000000000000e+01
-5.800000000000000000e+01
-5.700000000000000000e+01
-5.600000000000000000e+01
-5.500000000000000000e+01
-5.400000000000000000e+01
-5.300000000000000000e+01
-5.200000000000000000e+01
-5.100000000000000000e+01
-5.000000000000000000e+01
-4.900000000000000000e+01
-4.800000000000000000e+01
-4.700000000000000000e+01
-4.600000000000000000e+01
-4.500000000000000000e+01
-4.400000000000000000e+01
-4.300000000000000000e+01
-4.200000000000000000e+01
-4.100000000000000000e+01
-4.000000000000000000e+01
-3.900000000000000000e+01
-3.800000000000000000e+01
-3.700000000000000000e+01
-3.600000000000000000e+01
-3.500000000000000000e+01
-3.400000000000000000e+01
-3.300000000000000000e+01
-3.200000000000000000e+01
-3.100000000000000000e+01
-3.000000000000000000e+01
-2.900000000000000000e+01
-2.800000000000000000e+01
-2.700000000000000000e+01
-2.600000000000000000e+01
-2.500000000000000000e+01
-2.400000000000000000e+01
-2.300000000000000000e+01
-2.200000000000000000e+01
-2.100000000000000000e+01
-2.000000000000000000e+01
-1.900000000000000000e+01
-1.800000000000000000e+01
-1.700000000000000000e+01
-1.600000000000000000e+01
-1.500000000000000000e+01
-1.400000000000000000e+01
-1.300000000000000000e+01
-1.200000000000000000e+01
-1.100000000000000000e+01
-1.000000000000000000e+01
-9.000000000000000000e+00
-8.000000000000000000e+00
-7.000000000000000000e+00
-6.000000000000000000e+00
-5.000000000000000000e+00
-4.000000000000000000e+00
-3.000000000000000000e+00
-2.000000000000000000e+00
-1.000000000000000000e+00
0.000000000000000000e+00
1.000000000000000000e+00
2.000000000000000000e+00
3.000000000000000000e+00
4.000000000000000000e+00
5.000000000000000000e+00
6.000000000000000000e+00
7.000000000000000000e+00
8.000000000000000000e+00
9.000000000000000000e+00
1.000000000000000000e+01
1.100000000000000000e+01
1.200000000000000000e+01
1.300000000000000000e+01
1.400000000000000000e+01
1.500000000000000000e+01
1.600000000000000000e+01
1.700000000000000000e+01
1.800000000000000000e+01
1.900000000000000000e+01
2.000000000000000000e+01
2.100000000000000000e+01
2.200000000000000000e+01
2.300000000000000000e+01
2.400000000000000000e+01
2.500000000000000000e+01
2.600000000000000000e+01
2.700000000000000000e+01
2.800000000000000000e+01
2.900000000000000000e+01
3.000000000000000000e+01
3.100000000000000000e+01
3.200000000000000000e+01
3.300000000000000000e+01
3.400000000000000000e+01
3.500000000000000000e+01
3.600000000000000000e+01
3.700000000000000000e+01
3.800000000000000000e+01
3.900000000000000000e+01
4.000000000000000000e+01
4.100000000000000000e+01
4.200000000000000000e+01
4.300000000000000000e+01
4.400000000000000000e+01
4.500000000000000000e+01
4.600000000000000000e+01
4.700000000000000000e+01
4.800000000000000000e+01
4.900000000000000000e+01
5.000000000000000000e+01
5.100000000000000000e+01
5.200000000000000000e+01
5.300000000000000000e+01
5.400000000000000000e+01
5.500000000000000000e+01
5.600000000000000000e+01
5.700000000000000000e+01
5.800000000000000000e+01
5.900000000000000000e+01
6.000000000000000000e+01
6.100000000000000000e+01
6.200000000000000000e+01
6.300000000000000000e+01
6.400000000000000000e+01
6.500000000000000000e+01
6.600000000000000000e+01
6.700000000000000000e+01
6.800000000000000000e+01
6.900000000000000000e+01
7.000000000000000000e+01
7.100000000000000000e+01
7.200000000000000000e+01
7.300000000000000000e+01
7.400000000000000000e+01
7.500000000000000000e+01
7.600000000000000000e+01
7.700000000000000000e+01
7.800000000000000000e+01
7.900000000000000000e+01
8.000000000000000000e+01
8.100000000000000000e+01
8.200000000000000000e+01
8.300000000000000000e+01
8.400000000000000000e+01
8.500000000000000000e+01
8.600000000000000000e+01
8.700000000000000000e+01
8.800000000000000000e+01
8.900000000000000000e+01
9.000000000000000000e+01
9.100000000000000000e+01
9.200000000000000000e+01
9.300000000000000000e+01
9.400000000000000000e+01
9.500000000000000000e+01
9.600000000000000000e+01
9.700000000000000000e+01
9.800000000000000000e+01
9.900000000000000000e+01
