single photon fraction:    0.4653
laser fraction:    0.2708
thermal source fraction:    0.1806
non-detected fraction:    0.0833
number of bins:  200.0000
bin width (ns):    1.0000
average detection events per bin: 5000.0000

# binary result
0.000000000000000000e+00

# g2 signal
1.005691906386772194e+00
9.964854852733796564e-01
9.864022621491879139e-01
9.890326681815857501e-01
9.879366656680866887e-01
9.912246732085839840e-01
1.008979913927269489e+00
1.039667984305244097e+00
9.940742797436816769e-01
9.791686455600939754e-01
1.007445510408370604e+00
1.028927159672953007e+00
1.014021525489365194e+00
1.029365560678352498e+00
1.026954355148654630e+00
1.005472705884072226e+00
1.013583124483965481e+00
9.866214626518877706e-01
1.008979913927269489e+00
1.012925522975866022e+00
1.014459926494764908e+00
9.877174651653868320e-01
1.006349507894871653e+00
9.855254601383887092e-01
1.015117528002864367e+00
1.005253505381372481e+00
9.975814877868787178e-01
1.006130307392171686e+00
9.861830616464881683e-01
9.741270339979980486e-01
9.988966908030776359e-01
1.001527096835475472e+00
1.007883911413770317e+00
1.006130307392171686e+00
9.877174651653868320e-01
1.013583124483965481e+00
9.892518686842856068e-01
1.013363923981265735e+00
9.923206757220830454e-01
9.890326681815857501e-01
9.951702822571807383e-01
1.009856715938068694e+00
9.690854224359022329e-01
9.666742169062042533e-01
9.912246732085839840e-01
1.004376703370573276e+00
9.971430867814791155e-01
1.019063137051461121e+00
9.960470842679800541e-01
9.982390892949781769e-01
9.912246732085839840e-01
9.848678586302892501e-01
1.019063137051461121e+00
1.011829520462367071e+00
1.001965497840875186e+00
1.005691906386772194e+00
1.008322312419170030e+00
9.978006882895785745e-01
1.005472705884072226e+00
1.009418314932668981e+00
1.003499901359773849e+00
9.679894199224031714e-01
1.007883911413770317e+00
9.953894827598805950e-01
1.005472705884072226e+00
9.918822747166834430e-01
1.023227946602757621e+00
1.022570345094658162e+00
9.931974777328823611e-01
1.018405535543361662e+00
9.984582897976780336e-01
1.042079189834942188e+00
1.027173555651354375e+00
1.009199114429969235e+00
9.914438737112838407e-01
9.831142546086906187e-01
9.942934802463814226e-01
9.824566531005912706e-01
1.003061500354374358e+00
1.006568708397571399e+00
1.000650294824676267e+00
1.009418314932668981e+00
9.533029862415152156e-01
9.905670717004845249e-01
9.892518686842856068e-01
1.019501538056860612e+00
9.982390892949781769e-01
1.001746297338175440e+00
1.016651931521763030e+00
9.988966908030776359e-01
9.756614375168968234e-01
9.824566531005912706e-01
1.001746297338175440e+00
1.007883911413770317e+00
1.007664710911070571e+00
9.842102571221897911e-01
9.960470842679800541e-01
9.771958410357955982e-01
1.007007109402971112e+00
1.015555929008263858e+00
6.985920021043249273e-01
9.725926304790993848e-01
9.918822747166834430e-01
1.001088695830075981e+00
1.009856715938068694e+00
9.940742797436816769e-01
9.962662847706797997e-01
1.030242362689151925e+00
1.029365560678352498e+00
1.006349507894871653e+00
1.005472705884072226e+00
1.003719101862473817e+00
1.009199114429969235e+00
1.000869495327376013e+00
9.636054098684067037e-01
1.012706322473166276e+00
1.005691906386772194e+00
1.007883911413770317e+00
9.638246103711065604e-01
1.019720738559560580e+00
9.815798510897919549e-01
1.006130307392171686e+00
1.005691906386772194e+00
1.000431094321976522e+00
9.951702822571807383e-01
9.956086832625803407e-01
9.962662847706797997e-01
1.009199114429969235e+00
1.006130307392171686e+00
1.011391119456967358e+00
1.001746297338175440e+00
1.007445510408370604e+00
9.975814877868787178e-01
9.938550792409818202e-01
9.921014752193832997e-01
1.023008746100057875e+00
9.776342420411952006e-01
1.023447147105457367e+00
1.005911106889471940e+00
1.030023162186451957e+00
9.982390892949781769e-01
9.940742797436816769e-01
1.010295116943468408e+00
1.001746297338175440e+00
1.038352781289045179e+00
9.934166782355822178e-01
1.001088695830075981e+00
1.002184698343574931e+00
1.017747934035262203e+00
1.014240725992064940e+00
1.030899964197251384e+00
9.914438737112838407e-01
9.714966279656002124e-01
9.857446606410884549e-01
9.901286706950849226e-01
1.008322312419170030e+00
9.931974777328823611e-01
9.940742797436816769e-01
9.833334551113904753e-01
1.007445510408370604e+00
1.012706322473166276e+00
9.905670717004845249e-01
1.000869495327376013e+00
9.874982646626870864e-01
1.013363923981265735e+00
1.009199114429969235e+00
1.031776766208050589e+00
1.036379976764746802e+00
9.923206757220830454e-01
9.776342420411952006e-01
9.763190390249962824e-01
1.006130307392171686e+00
1.008103111916470063e+00
1.009199114429969235e+00
1.000869495327376013e+00
9.822374525978914139e-01
9.940742797436816769e-01
1.001088695830075981e+00
1.017309533029862489e+00
9.988966908030776359e-01
1.003499901359773849e+00
9.997734928138769517e-01
9.881558661707865454e-01
9.864022621491879139e-01
9.907862722031843816e-01
1.009856715938068694e+00
1.030899964197251384e+00
9.848678586302892501e-01
1.022351144591958416e+00
9.901286706950849226e-01
1.011610319959667326e+00
9.907862722031843816e-01
1.010075916440768440e+00
1.001527096835475472e+00
9.796070465654935777e-01
9.982390892949781769e-01
1.003719101862473817e+00
9.929782772301825045e-01
9.951702822571807383e-01
1.001527096835475472e+00

# time bin value
-1.000000000000000000e+02
-9.900000000000000000e+01
-9.800000000000000000e+01
-9.700000000000000000e+01
-9.600000000000000000e+01
-9.500000000000000000e+01
-9.400000000000000000e+01
-9.300000000000000000e+01
-9.200000000000000000e+01
-9.100000000000000000e+01
-9.000000000000000000e+01
-8.900000000000000000e+01
-8.800000000000000000e+01
-8.700000000000000000e+01
-8.600000000000000000e+01
-8.500000000000000000e+01
-8.400000000000000000e+01
-8.300000000000000000e+01
-8.200000000000000000e+01
-8.100000000000000000e+01
-8.000000000000000000e+01
-7.900000000000000000e+01
-7.800000000000000000e+01
-7.700000000000000000e+01
-7.600000000000000000e+01
-7.500000000000000000e+01
-7.400000000000000000e+01
-7.300000000000000000e+01
-7.200000000000000000e+01
-7.100000000000000000e+01
-7.000000000000000000e+01
-6.900000000000000000e+01
-6.800000000000000000e+01
-6.700000000000000000e+01
-6.600000000000000000e+01
-6.500000000000000000e+01
-6.400000000000000000e+01
-6.300000000000000000e+01
-6.200000000000000000e+01
-6.100000000000000000e+01
-6.000000000000000000e+01
-5.900000000000000000e+01
-5.800000000000000000e+01
-5.700000000000000000e+01
-5.600000000000000000e+01
-5.500000000000000000e+01
-5.400000000000000000e+01
-5.300000000000000000e+01
-5.200000000000000000e+01
-5.100000000000000000e+01
-5.000000000000000000e+01
-4.900000000000000000e+01
-4.800000000000000000e+01
-4.700000000000000000e+01
-4.600000000000000000e+01
-4.500000000000000000e+01
-4.400000000000000000e+01
-4.300000000000000000e+01
-4.200000000000000000e+01
-4.100000000000000000e+01
-4.000000000000000000e+01
-3.900000000000000000e+01
-3.800000000000000000e+01
-3.700000000000000000e+01
-3.600000000000000000e+01
-3.500000000000000000e+01
-3.400000000000000000e+01
-3.300000000000000000e+01
-3.200000000000000000e+01
-3.100000000000000000e+01
-3.000000000000000000e+01
-2.900000000000000000e+01
-2.800000000000000000e+01
-2.700000000000000000e+01
-2.600000000000000000e+01
-2.500000000000000000e+01
-2.400000000000000000e+01
-2.300000000000000000e+01
-2.200000000000000000e+01
-2.100000000000000000e+01
-2.000000000000000000e+01
-1.900000000000000000e+01
-1.800000000000000000e+01
-1.700000000000000000e+01
-1.600000000000000000e+01
-1.500000000000000000e+01
-1.400000000000000000e+01
-1.300000000000000000e+01
-1.200000000000000000e+01
-1.100000000000000000e+01
-1.000000000000000000e+01
-9.000000000000000000e+00
-8.000000000000000000e+00
-7.000000000000000000e+00
-6.000000000000000000e+00
-5.000000000000000000e+00
-4.000000000000000000e+00
-3.000000000000000000e+00
-2.000000000000000000e+00
-1.000000000000000000e+00
0.000000000000000000e+00
1.000000000000000000e+00
2.000000000000000000e+00
3.000000000000000000e+00
4.000000000000000000e+00
5.000000000000000000e+00
6.000000000000000000e+00
7.000000000000000000e+00
8.000000000000000000e+00
9.000000000000000000e+00
1.000000000000000000e+01
1.100000000000000000e+01
1.200000000000000000e+01
1.300000000000000000e+01
1.400000000000000000e+01
1.500000000000000000e+01
1.600000000000000000e+01
1.700000000000000000e+01
1.800000000000000000e+01
1.900000000000000000e+01
2.000000000000000000e+01
2.100000000000000000e+01
2.200000000000000000e+01
2.300000000000000000e+01
2.400000000000000000e+01
2.500000000000000000e+01
2.600000000000000000e+01
2.700000000000000000e+01
2.800000000000000000e+01
2.900000000000000000e+01
3.000000000000000000e+01
3.100000000000000000e+01
3.200000000000000000e+01
3.300000000000000000e+01
3.400000000000000000e+01
3.500000000000000000e+01
3.600000000000000000e+01
3.700000000000000000e+01
3.800000000000000000e+01
3.900000000000000000e+01
4.000000000000000000e+01
4.100000000000000000e+01
4.200000000000000000e+01
4.300000000000000000e+01
4.400000000000000000e+01
4.500000000000000000e+01
4.600000000000000000e+01
4.700000000000000000e+01
4.800000000000000000e+01
4.900000000000000000e+01
5.000000000000000000e+01
5.100000000000000000e+01
5.200000000000000000e+01
5.300000000000000000e+01
5.400000000000000000e+01
5.500000000000000000e+01
5.600000000000000000e+01
5.700000000000000000e+01
5.800000000000000000e+01
5.900000000000000000e+01
6.000000000000000000e+01
6.100000000000000000e+01
6.200000000000000000e+01
6.300000000000000000e+01
6.400000000000000000e+01
6.500000000000000000e+01
6.600000000000000000e+01
6.700000000000000000e+01
6.800000000000000000e+01
6.900000000000000000e+01
7.000000000000000000e+01
7.100000000000000000e+01
7.200000000000000000e+01
7.300000000000000000e+01
7.400000000000000000e+01
7.500000000000000000e+01
7.600000000000000000e+01
7.700000000000000000e+01
7.800000000000000000e+01
7.900000000000000000e+01
8.000000000000000000e+01
8.100000000000000000e+01
8.200000000000000000e+01
8.300000000000000000e+01
8.400000000000000000e+01
8.500000000000000000e+01
8.600000000000000000e+01
8.700000000000000000e+01
8.800000000000000000e+01
8.900000000000000000e+01
9.000000000000000000e+01
9.100000000000000000e+01
9.200000000000000000e+01
9.300000000000000000e+01
9.400000000000000000e+01
9.500000000000000000e+01
9.600000000000000000e+01
9.700000000000000000e+01
9.800000000000000000e+01
9.900000000000000000e+01
