single photon fraction:    0.4743
laser fraction:    0.0400
thermal source fraction:    0.0171
non-detected fraction:    0.4686
number of bins:  200.0000
bin width (ns):    1.0000
average detection events per bin: 5000.0000

# binary result
1.000000000000000000e+00

# g2 signal
9.936441559129011170e-01
9.785201961577580931e-01
1.023892075423187276e+00
9.985594428333226524e-01
1.017842491521130155e+00
9.906193639618725566e-01
1.027294966368094586e+00
9.887288689924795815e-01
1.006121422710894109e+00
1.008390016674165723e+00
9.800325921332723178e-01
9.959127498761726205e-01
1.000828036796594045e+00
1.029185461337487340e+00
1.009524313655801420e+00
9.978032448455654846e-01
9.879726710047225247e-01
9.838135820720581570e-01
1.012549105606830091e+00
1.006121422710894109e+00
1.005743323717015691e+00
9.781420971638794537e-01
9.860821760353295495e-01
9.966689478639297883e-01
1.024270174417065915e+00
9.815449881087866535e-01
1.009524313655801420e+00
1.012927204600708508e+00
1.000449937802715628e+00
9.830573840843009892e-01
1.013305303594587148e+00
1.026538768380337308e+00
1.009146214661922780e+00
9.834354830781795176e-01
1.024648273410944554e+00
1.018220590515008572e+00
9.709582162801865257e-01
9.830573840843009892e-01
1.014061501582344205e+00
1.023135877435430219e+00
1.006499521704772748e+00
1.011792907619072812e+00
9.925098589312654207e-01
1.007633818686408445e+00
1.003096630759865659e+00
1.033344550270151707e+00
1.006877620698651388e+00
9.913755619496297244e-01
9.978032448455654846e-01
9.928879579251439491e-01
1.001206135790472684e+00
9.944003539006582848e-01
9.913755619496297244e-01
1.019354887496644491e+00
1.026538768380337308e+00
1.004230927741501356e+00
1.033344550270151707e+00
9.486503756413504629e-01
1.024648273410944554e+00
1.015195798563980123e+00
1.010280511643558476e+00
9.978032448455654846e-01
9.758735032006079502e-01
1.006877620698651388e+00
9.909974629557510850e-01
1.007255719692530027e+00
9.962908488700511489e-01
9.751173052128508933e-01
1.001206135790472684e+00
1.023892075423187276e+00
1.000071838808836988e+00
9.879726710047225247e-01
1.043553223104873418e+00
9.932660569190225885e-01
9.978032448455654846e-01
9.891069679863582209e-01
9.864602750292081890e-01
1.037125540208937435e+00
9.959127498761726205e-01
1.005743323717015691e+00
9.743611072250937255e-01
9.970470468578083167e-01
9.925098589312654207e-01
1.008011917680287084e+00
1.037125540208937435e+00
1.035613144233423322e+00
1.004230927741501356e+00
9.936441559129011170e-01
1.009902412649680059e+00
1.000071838808836988e+00
1.027294966368094586e+00
1.028429263349730283e+00
1.003852828747622716e+00
9.830573840843009892e-01
1.012171006612951452e+00
9.804106911271509572e-01
1.013683402588465787e+00
9.796544931393937894e-01
9.709582162801865257e-01
1.015951996551737180e+00
1.277974599309591175e-01
1.024270174417065915e+00
1.032210253288516011e+00
9.819230871026652929e-01
1.007633818686408445e+00
9.936441559129011170e-01
9.664210283536435186e-01
1.001584234784351324e+00
9.981813438394440130e-01
9.819230871026652929e-01
1.034100748257908986e+00
9.955346508822939811e-01
9.872164730169653568e-01
9.902412649679939172e-01
9.978032448455654846e-01
9.679334243291578543e-01
1.012171006612951452e+00
1.004230927741501356e+00
1.019354887496644491e+00
1.021623481459915883e+00
9.891069679863582209e-01
1.026538768380337308e+00
1.032588352282394650e+00
1.012927204600708508e+00
1.051493301976323513e+00
1.006877620698651388e+00
1.011792907619072812e+00
9.902412649679939172e-01
1.004609026735379773e+00
1.006499521704772748e+00
9.932660569190225885e-01
1.005743323717015691e+00
1.022001580453794523e+00
1.027673065361973004e+00
1.014061501582344205e+00
9.996937398149583487e-01
1.000071838808836988e+00
9.815449881087866535e-01
1.013305303594587148e+00
1.008768115668044141e+00
1.039394134172209050e+00
1.020111085484401547e+00
9.962908488700511489e-01
1.001584234784351324e+00
1.021245382466037244e+00
9.823011860965438213e-01
1.001206135790472684e+00
9.743611072250937255e-01
1.006877620698651388e+00
1.008011917680287084e+00
1.005743323717015691e+00
9.770078001822437574e-01
9.845697800598153249e-01
1.040528431153844746e+00
1.020867283472158604e+00
1.014817699570101484e+00
1.001584234784351324e+00
1.011036709631315755e+00
9.989375418272011808e-01
1.031454055300758954e+00
1.000828036796594045e+00
9.724706122557008614e-01
1.014061501582344205e+00
1.015951996551737180e+00
9.996937398149583487e-01
9.713363152740650541e-01
1.004230927741501356e+00
9.520532665862576627e-01
1.001206135790472684e+00
1.013305303594587148e+00
9.671772263414006865e-01
9.864602750292081890e-01
9.717144142679436936e-01
9.528094645740148305e-01
9.928879579251439491e-01
1.017464392527251515e+00
9.955346508822939811e-01
1.032588352282394650e+00
1.020111085484401547e+00
1.036369342221180379e+00
1.007255719692530027e+00
9.894850669802367493e-01
1.003096630759865659e+00
1.009902412649680059e+00
9.981813438394440130e-01
9.917536609435082529e-01
1.002718531765987020e+00
1.015195798563980123e+00
1.026160669386458890e+00
1.028429263349730283e+00
9.754954042067294218e-01
9.970470468578083167e-01
9.962908488700511489e-01
1.019732986490522908e+00
9.891069679863582209e-01
9.959127498761726205e-01
1.041284629141601803e+00
9.940222549067797564e-01
1.001206135790472684e+00
9.891069679863582209e-01

# time bin value
-1.000000000000000000e+02
-9.900000000000000000e+01
-9.800000000000000000e+01
-9.700000000000000000e+01
-9.600000000000000000e+01
-9.500000000000000000e+01
-9.400000000000000000e+01
-9.300000000000000000e+01
-9.200000000000000000e+01
-9.100000000000000000e+01
-9.000000000000000000e+01
-8.900000000000000000e+01
-8.800000000000000000e+01
-8.700000000000000000e+01
-8.600000000000000000e+01
-8.500000000000000000e+01
-8.400000000000000000e+01
-8.300000000000000000e+01
-8.200000000000000000e+01
-8.100000000000000000e+01
-8.000000000000000000e+01
-7.900000000000000000e+01
-7.800000000000000000e+01
-7.700000000000000000e+01
-7.600000000000000000e+01
-7.500000000000000000e+01
-7.400000000000000000e+01
-7.300000000000000000e+01
-7.200000000000000000e+01
-7.100000000000000000e+01
-7.000000000000000000e+01
-6.900000000000000000e+01
-6.800000000000000000e+01
-6.700000000000000000e+01
-6.600000000000000000e+01
-6.500000000000000000e+01
-6.400000000000000000e+01
-6.300000000000000000e+01
-6.200000000000000000e+01
-6.100000000000000000e+01
-6.000000000000000000e+01
-5.900000000000000000e+01
-5.800000000000000000e+01
-5.700000000000000000e+01
-5.600000000000000000e+01
-5.500000000000000000e+01
-5.400000000000000000e+01
-5.300000000000000000e+01
-5.200000000000000000e+01
-5.100000000000000000e+01
-5.000000000000000000e+01
-4.900000000000000000e+01
-4.800000000000000000e+01
-4.700000000000000000e+01
-4.600000000000000000e+01
-4.500000000000000000e+01
-4.400000000000000000e+01
-4.300000000000000000e+01
-4.200000000000000000e+01
-4.100000000000000000e+01
-4.000000000000000000e+01
-3.900000000000000000e+01
-3.800000000000000000e+01
-3.700000000000000000e+01
-3.600000000000000000e+01
-3.500000000000000000e+01
-3.400000000000000000e+01
-3.300000000000000000e+01
-3.200000000000000000e+01
-3.100000000000000000e+01
-3.000000000000000000e+01
-2.900000000000000000e+01
-2.800000000000000000e+01
-2.700000000000000000e+01
-2.600000000000000000e+01
-2.500000000000000000e+01
-2.400000000000000000e+01
-2.300000000000000000e+01
-2.200000000000000000e+01
-2.100000000000000000e+01
-2.000000000000000000e+01
-1.900000000000000000e+01
-1.800000000000000000e+01
-1.700000000000000000e+01
-1.600000000000000000e+01
-1.500000000000000000e+01
-1.400000000000000000e+01
-1.300000000000000000e+01
-1.200000000000000000e+01
-1.100000000000000000e+01
-1.000000000000000000e+01
-9.000000000000000000e+00
-8.000000000000000000e+00
-7.000000000000000000e+00
-6.000000000000000000e+00
-5.000000000000000000e+00
-4.000000000000000000e+00
-3.000000000000000000e+00
-2.000000000000000000e+00
-1.000000000000000000e+00
0.000000000000000000e+00
1.000000000000000000e+00
2.000000000000000000e+00
3.000000000000000000e+00
4.000000000000000000e+00
5.000000000000000000e+00
6.000000000000000000e+00
7.000000000000000000e+00
8.000000000000000000e+00
9.000000000000000000e+00
1.000000000000000000e+01
1.100000000000000000e+01
1.200000000000000000e+01
1.300000000000000000e+01
1.400000000000000000e+01
1.500000000000000000e+01
1.600000000000000000e+01
1.700000000000000000e+01
1.800000000000000000e+01
1.900000000000000000e+01
2.000000000000000000e+01
2.100000000000000000e+01
2.200000000000000000e+01
2.300000000000000000e+01
2.400000000000000000e+01
2.500000000000000000e+01
2.600000000000000000e+01
2.700000000000000000e+01
2.800000000000000000e+01
2.900000000000000000e+01
3.000000000000000000e+01
3.100000000000000000e+01
3.200000000000000000e+01
3.300000000000000000e+01
3.400000000000000000e+01
3.500000000000000000e+01
3.600000000000000000e+01
3.700000000000000000e+01
3.800000000000000000e+01
3.900000000000000000e+01
4.000000000000000000e+01
4.100000000000000000e+01
4.200000000000000000e+01
4.300000000000000000e+01
4.400000000000000000e+01
4.500000000000000000e+01
4.600000000000000000e+01
4.700000000000000000e+01
4.800000000000000000e+01
4.900000000000000000e+01
5.000000000000000000e+01
5.100000000000000000e+01
5.200000000000000000e+01
5.300000000000000000e+01
5.400000000000000000e+01
5.500000000000000000e+01
5.600000000000000000e+01
5.700000000000000000e+01
5.800000000000000000e+01
5.900000000000000000e+01
6.000000000000000000e+01
6.100000000000000000e+01
6.200000000000000000e+01
6.300000000000000000e+01
6.400000000000000000e+01
6.500000000000000000e+01
6.600000000000000000e+01
6.700000000000000000e+01
6.800000000000000000e+01
6.900000000000000000e+01
7.000000000000000000e+01
7.100000000000000000e+01
7.200000000000000000e+01
7.300000000000000000e+01
7.400000000000000000e+01
7.500000000000000000e+01
7.600000000000000000e+01
7.700000000000000000e+01
7.800000000000000000e+01
7.900000000000000000e+01
8.000000000000000000e+01
8.100000000000000000e+01
8.200000000000000000e+01
8.300000000000000000e+01
8.400000000000000000e+01
8.500000000000000000e+01
8.600000000000000000e+01
8.700000000000000000e+01
8.800000000000000000e+01
8.900000000000000000e+01
9.000000000000000000e+01
9.100000000000000000e+01
9.200000000000000000e+01
9.300000000000000000e+01
9.400000000000000000e+01
9.500000000000000000e+01
9.600000000000000000e+01
9.700000000000000000e+01
9.800000000000000000e+01
9.900000000000000000e+01
