single photon fraction:    0.2817
laser fraction:    0.0282
thermal source fraction:    0.4366
non-detected fraction:    0.2535
number of bins:  200.0000
bin width (ns):    1.0000
average detection events per bin: 5000.0000

# binary result
0.000000000000000000e+00

# g2 signal
1.034723350912465589e+00
9.994333850260992413e-01
9.948537711324486610e-01
1.023139621652055187e+00
1.015057950075024751e+00
1.011017114286509644e+00
1.020984509231513737e+00
1.002396664604343846e+00
9.827312637669030071e-01
1.005629333235156020e+00
9.848863761874444567e-01
9.918904915542041678e-01
1.008323223760832832e+00
1.006976278497994315e+00
1.015866117232727905e+00
1.021253898284081529e+00
9.940456039747456174e-01
9.913517134490688054e-01
9.541760241947286891e-01
1.007784445655697469e+00
1.008323223760832832e+00
1.006168111340291382e+00
1.031221293229085623e+00
9.943149930273132986e-01
9.840782090297414131e-01
9.811149294514969199e-01
9.881190448182566310e-01
9.830006528194706883e-01
9.784210389258201079e-01
1.012633448601915731e+00
9.964701054478547482e-01
1.019368174916107650e+00
1.015327339127592543e+00
1.011825281444212576e+00
9.908129353439334430e-01
9.684536439808159036e-01
9.918904915542041678e-01
1.002396664604343846e+00
9.851557652400121379e-01
1.015596728180160113e+00
9.889272119759596746e-01
1.006437500392858952e+00
9.997027740786669225e-01
1.012094670496780369e+00
9.840782090297414131e-01
9.827312637669030071e-01
1.016943673442998630e+00
9.733026469270341652e-01
9.951231601850163422e-01
1.047384636383146717e+00
1.023678399757190549e+00
1.026102901230299791e+00
9.983558288158285166e-01
9.803067622937938763e-01
1.006976278497994315e+00
9.983558288158285166e-01
9.883884338708243122e-01
9.994333850260992413e-01
1.001319108394073121e+00
9.972782726055577918e-01
9.719557016641957592e-01
9.805761513463615575e-01
1.002935442709479208e+00
9.908129353439334430e-01
1.000510941236369966e+00
1.041458077226657730e+00
9.776128717681170643e-01
1.013711004812186456e+00
9.978170507106931542e-01
1.013172226707051093e+00
9.803067622937938763e-01
1.001588497446640691e+00
1.014788561022457181e+00
9.883884338708243122e-01
1.004821166077452865e+00
9.964701054478547482e-01
9.765353155578463396e-01
1.005629333235156020e+00
9.900047681862303994e-01
9.846169871348767755e-01
9.846169871348767755e-01
1.005629333235156020e+00
9.929680477644748926e-01
9.856945433451475003e-01
9.630658629294622797e-01
9.805761513463615575e-01
9.856945433451475003e-01
1.029066180808544173e+00
9.878496557656889498e-01
1.001857886499208483e+00
9.743802031373048900e-01
9.848863761874444567e-01
1.007515056603129677e+00
9.808455403989292387e-01
9.945843820798809798e-01
9.886578229233919934e-01
9.929680477644748926e-01
1.012633448601915731e+00
9.921598806067718490e-01
9.741108140847372088e-01
1.191777168559424060e+00
1.013711004812186456e+00
9.956619382901517046e-01
9.803067622937938763e-01
1.027449846493138086e+00
1.017482451548133993e+00
1.005629333235156020e+00
1.022062065441784462e+00
9.956619382901517046e-01
9.776128717681170643e-01
9.743802031373048900e-01
1.005629333235156020e+00
9.881190448182566310e-01
9.951231601850163422e-01
9.830006528194706883e-01
9.598331942986501053e-01
1.004821166077452865e+00
1.016135506285295476e+00
9.862333214502828627e-01
1.010208947128806489e+00
9.722250907167634404e-01
1.018560007758404717e+00
1.008592612813400402e+00
9.905435462913657618e-01
9.948537711324486610e-01
9.997027740786669225e-01
9.945843820798809798e-01
1.025833512177731999e+00
1.019368174916107650e+00
9.813843185040646011e-01
1.018560007758404717e+00
1.008053834708265040e+00
9.873108776605535875e-01
9.980864397632608354e-01
1.001588497446640691e+00
9.784210389258201079e-01
1.009939558076238919e+00
9.846169871348767755e-01
9.889272119759596746e-01
9.948537711324486610e-01
9.988946069209638789e-01
1.023139621652055187e+00
9.832700418720383695e-01
9.819230966091999635e-01
9.937762149221779362e-01
1.016674284390430838e+00
1.003743609867182141e+00
9.830006528194706883e-01
9.980864397632608354e-01
1.004821166077452865e+00
9.676454768231128600e-01
9.959313273427193858e-01
9.972782726055577918e-01
9.997027740786669225e-01
1.002666053656911416e+00
9.975476616581254730e-01
1.002666053656911416e+00
1.018021229653269355e+00
9.908129353439334430e-01
9.776128717681170643e-01
9.948537711324486610e-01
1.017213062495566200e+00
1.003474220814614570e+00
1.007245667550562107e+00
9.991639959735315601e-01
9.959313273427193858e-01
9.967394945004224294e-01
1.012094670496780369e+00
1.033107016597059502e+00
9.999721631312346037e-01
1.031221293229085623e+00
1.013980393864754026e+00
9.929680477644748926e-01
1.016674284390430838e+00
1.002935442709479208e+00
9.929680477644748926e-01
9.902741572387980806e-01
1.004012998919749933e+00
1.002935442709479208e+00
9.827312637669030071e-01
9.827312637669030071e-01
9.897353791336627182e-01
1.015596728180160113e+00
1.016674284390430838e+00
9.848863761874444567e-01
9.687230330333835848e-01
9.972782726055577918e-01
9.902741572387980806e-01
1.022062065441784462e+00
9.964701054478547482e-01
1.014519171969889388e+00
9.646821972448683669e-01
1.002127275551776053e+00
9.937762149221779362e-01
9.676454768231128600e-01
1.010478336181374281e+00
1.018829396810972288e+00
1.023947788809758341e+00
9.811149294514969199e-01
1.016404895337863268e+00

# time bin value
-1.000000000000000000e+02
-9.900000000000000000e+01
-9.800000000000000000e+01
-9.700000000000000000e+01
-9.600000000000000000e+01
-9.500000000000000000e+01
-9.400000000000000000e+01
-9.300000000000000000e+01
-9.200000000000000000e+01
-9.100000000000000000e+01
-9.000000000000000000e+01
-8.900000000000000000e+01
-8.800000000000000000e+01
-8.700000000000000000e+01
-8.600000000000000000e+01
-8.500000000000000000e+01
-8.400000000000000000e+01
-8.300000000000000000e+01
-8.200000000000000000e+01
-8.100000000000000000e+01
-8.000000000000000000e+01
-7.900000000000000000e+01
-7.800000000000000000e+01
-7.700000000000000000e+01
-7.600000000000000000e+01
-7.500000000000000000e+01
-7.400000000000000000e+01
-7.300000000000000000e+01
-7.200000000000000000e+01
-7.100000000000000000e+01
-7.000000000000000000e+01
-6.900000000000000000e+01
-6.800000000000000000e+01
-6.700000000000000000e+01
-6.600000000000000000e+01
-6.500000000000000000e+01
-6.400000000000000000e+01
-6.300000000000000000e+01
-6.200000000000000000e+01
-6.100000000000000000e+01
-6.000000000000000000e+01
-5.900000000000000000e+01
-5.800000000000000000e+01
-5.700000000000000000e+01
-5.600000000000000000e+01
-5.500000000000000000e+01
-5.400000000000000000e+01
-5.300000000000000000e+01
-5.200000000000000000e+01
-5.100000000000000000e+01
-5.000000000000000000e+01
-4.900000000000000000e+01
-4.800000000000000000e+01
-4.700000000000000000e+01
-4.600000000000000000e+01
-4.500000000000000000e+01
-4.400000000000000000e+01
-4.300000000000000000e+01
-4.200000000000000000e+01
-4.100000000000000000e+01
-4.000000000000000000e+01
-3.900000000000000000e+01
-3.800000000000000000e+01
-3.700000000000000000e+01
-3.600000000000000000e+01
-3.500000000000000000e+01
-3.400000000000000000e+01
-3.300000000000000000e+01
-3.200000000000000000e+01
-3.100000000000000000e+01
-3.000000000000000000e+01
-2.900000000000000000e+01
-2.800000000000000000e+01
-2.700000000000000000e+01
-2.600000000000000000e+01
-2.500000000000000000e+01
-2.400000000000000000e+01
-2.300000000000000000e+01
-2.200000000000000000e+01
-2.100000000000000000e+01
-2.000000000000000000e+01
-1.900000000000000000e+01
-1.800000000000000000e+01
-1.700000000000000000e+01
-1.600000000000000000e+01
-1.500000000000000000e+01
-1.400000000000000000e+01
-1.300000000000000000e+01
-1.200000000000000000e+01
-1.100000000000000000e+01
-1.000000000000000000e+01
-9.000000000000000000e+00
-8.000000000000000000e+00
-7.000000000000000000e+00
-6.000000000000000000e+00
-5.000000000000000000e+00
-4.000000000000000000e+00
-3.000000000000000000e+00
-2.000000000000000000e+00
-1.000000000000000000e+00
0.000000000000000000e+00
1.000000000000000000e+00
2.000000000000000000e+00
3.000000000000000000e+00
4.000000000000000000e+00
5.000000000000000000e+00
6.000000000000000000e+00
7.000000000000000000e+00
8.000000000000000000e+00
9.000000000000000000e+00
1.000000000000000000e+01
1.100000000000000000e+01
1.200000000000000000e+01
1.300000000000000000e+01
1.400000000000000000e+01
1.500000000000000000e+01
1.600000000000000000e+01
1.700000000000000000e+01
1.800000000000000000e+01
1.900000000000000000e+01
2.000000000000000000e+01
2.100000000000000000e+01
2.200000000000000000e+01
2.300000000000000000e+01
2.400000000000000000e+01
2.500000000000000000e+01
2.600000000000000000e+01
2.700000000000000000e+01
2.800000000000000000e+01
2.900000000000000000e+01
3.000000000000000000e+01
3.100000000000000000e+01
3.200000000000000000e+01
3.300000000000000000e+01
3.400000000000000000e+01
3.500000000000000000e+01
3.600000000000000000e+01
3.700000000000000000e+01
3.800000000000000000e+01
3.900000000000000000e+01
4.000000000000000000e+01
4.100000000000000000e+01
4.200000000000000000e+01
4.300000000000000000e+01
4.400000000000000000e+01
4.500000000000000000e+01
4.600000000000000000e+01
4.700000000000000000e+01
4.800000000000000000e+01
4.900000000000000000e+01
5.000000000000000000e+01
5.100000000000000000e+01
5.200000000000000000e+01
5.300000000000000000e+01
5.400000000000000000e+01
5.500000000000000000e+01
5.600000000000000000e+01
5.700000000000000000e+01
5.800000000000000000e+01
5.900000000000000000e+01
6.000000000000000000e+01
6.100000000000000000e+01
6.200000000000000000e+01
6.300000000000000000e+01
6.400000000000000000e+01
6.500000000000000000e+01
6.600000000000000000e+01
6.700000000000000000e+01
6.800000000000000000e+01
6.900000000000000000e+01
7.000000000000000000e+01
7.100000000000000000e+01
7.200000000000000000e+01
7.300000000000000000e+01
7.400000000000000000e+01
7.500000000000000000e+01
7.600000000000000000e+01
7.700000000000000000e+01
7.800000000000000000e+01
7.900000000000000000e+01
8.000000000000000000e+01
8.100000000000000000e+01
8.200000000000000000e+01
8.300000000000000000e+01
8.400000000000000000e+01
8.500000000000000000e+01
8.600000000000000000e+01
8.700000000000000000e+01
8.800000000000000000e+01
8.900000000000000000e+01
9.000000000000000000e+01
9.100000000000000000e+01
9.200000000000000000e+01
9.300000000000000000e+01
9.400000000000000000e+01
9.500000000000000000e+01
9.600000000000000000e+01
9.700000000000000000e+01
9.800000000000000000e+01
9.900000000000000000e+01
