single photon fraction:    0.4939
laser fraction:    0.2622
thermal source fraction:    0.0976
non-detected fraction:    0.1463
number of bins:  200.0000
bin width (ns):    1.0000
average detection events per bin: 5000.0000

# binary result
0.000000000000000000e+00

# g2 signal
9.896811944070517120e-01
1.018678523352279708e+00
9.830801764357802730e-01
9.906241969743762033e-01
9.920387008253629402e-01
1.000761474573114373e+00
9.932174540345185543e-01
9.764791584645088340e-01
1.009484248320865918e+00
9.844946802867670099e-01
9.866164360632471153e-01
1.006183739335230198e+00
1.006183739335230198e+00
1.009012747037203672e+00
1.015378014366643988e+00
1.002411729065932233e+00
9.896811944070517120e-01
9.908599476162073261e-01
1.003118980991425602e+00
9.807226700174690448e-01
1.007598243186216935e+00
9.833159270776113958e-01
1.007362492544385812e+00
9.875594386305716066e-01
1.011370253455514900e+00
1.017028268859461848e+00
9.915671995417006945e-01
1.007833993828048058e+00
9.894454437652205891e-01
1.018678523352279708e+00
1.008541245753541427e+00
9.863806854214159925e-01
1.006655240618892444e+00
1.001232975856776619e+00
9.797796674501445535e-01
1.007598243186216935e+00
9.943962072436741684e-01
9.753004052553532199e-01
9.993469707221276366e-01
1.005712238051567953e+00
9.979324668711408997e-01
9.951034591691675368e-01
1.004533484842412339e+00
9.993469707221276366e-01
1.017264019501292971e+00
9.946319578855052912e-01
1.009248497679034795e+00
9.962822123783231509e-01
9.976967162293097768e-01
1.015142263724812866e+00
1.002647479707763356e+00
9.974609655874786540e-01
1.001232975856776619e+00
9.995827213639587594e-01
1.012077505381008269e+00
1.009484248320865918e+00
1.034238065713133814e+00
9.852019322122603784e-01
9.710568937023930092e-01
1.035416818922289428e+00
1.032823561862147077e+00
1.019150024635941953e+00
1.020093027203266445e+00
9.863806854214159925e-01
1.009484248320865918e+00
9.960464617364920281e-01
1.006419489977061321e+00
1.010898752171852655e+00
1.000289973289452128e+00
9.948677085273364140e-01
1.006655240618892444e+00
9.925102021090251858e-01
1.000054222647621005e+00
9.870879373469093609e-01
1.023393536188902164e+00
9.965179630201542738e-01
1.006655240618892444e+00
1.012549006664670515e+00
9.922744514671940630e-01
1.010663001530021532e+00
1.011134502813683778e+00
1.037774325340600656e+00
9.738859014043664830e-01
1.004769235484243461e+00
1.008069744469879181e+00
9.863806854214159925e-01
9.866164360632471153e-01
9.828444257939491502e-01
1.013492009231995006e+00
1.029287302234680235e+00
1.012784757306501637e+00
9.991112200802965138e-01
1.001468726498607742e+00
9.972252149456476422e-01
1.017971271426786339e+00
9.927459527508563086e-01
1.012313256022839392e+00
1.013492009231995006e+00
9.877951892724027294e-01
1.012549006664670515e+00
5.339752037474921886e-01
1.019150024635941953e+00
9.889739424815583435e-01
1.015613765008475111e+00
1.010898752171852655e+00
1.029758803518342480e+00
1.001468726498607742e+00
1.024100788114395533e+00
1.009248497679034795e+00
9.936889553181807999e-01
1.030701806085666972e+00
1.010898752171852655e+00
9.958107110946609053e-01
1.004297734200581216e+00
1.000054222647621005e+00
1.008069744469879181e+00
1.002175978424101110e+00
9.965179630201542738e-01
1.013727759873826129e+00
1.004533484842412339e+00
1.029523052876511358e+00
1.002411729065932233e+00
9.974609655874786540e-01
1.008776996395372549e+00
1.015849515650306234e+00
1.019621525919604199e+00
1.036124070847782797e+00
9.807226700174690448e-01
1.005947988693399076e+00
9.910956982580384489e-01
9.958107110946609053e-01
9.868521867050782381e-01
9.892096931233894663e-01
9.941604566018430456e-01
9.979324668711408997e-01
9.979324668711408997e-01
1.016321016933968480e+00
1.022214782979746550e+00
9.920387008253629402e-01
9.986397187966342681e-01
1.009719998962697041e+00
1.002883230349594479e+00
9.993469707221276366e-01
1.008305495111710304e+00
1.012077505381008269e+00
1.028108549025524621e+00
1.019150024635941953e+00
1.012784757306501637e+00
9.943962072436741684e-01
1.003590482275087847e+00
9.892096931233894663e-01
1.006655240618892444e+00
1.007598243186216935e+00
1.030230304802004726e+00
1.006419489977061321e+00
1.008305495111710304e+00
1.009012747037203672e+00
1.025751042607213392e+00
9.972252149456476422e-01
9.653988782984460615e-01
9.835516777194425186e-01
9.877951892724027294e-01
9.939247059600119227e-01
1.010663001530021532e+00
9.910956982580384489e-01
1.022686284263408796e+00
9.755361558971843428e-01
1.007598243186216935e+00
1.033295063145809323e+00
1.010191500246359286e+00
9.936889553181807999e-01
9.922744514671940630e-01
1.037067073415107288e+00
9.936889553181807999e-01
1.027872798383693498e+00
9.724713975533797461e-01
9.962822123783231509e-01
1.006183739335230198e+00
9.979324668711408997e-01
1.023865037472564410e+00
1.012313256022839392e+00
1.021036029770590936e+00
1.000525723931283251e+00
9.854376828540915012e-01
9.946319578855052912e-01
9.816656725847935361e-01
9.965179630201542738e-01
1.002175978424101110e+00
1.012077505381008269e+00
1.002411729065932233e+00
1.000525723931283251e+00
1.006183739335230198e+00
9.976967162293097768e-01
9.661061302239394299e-01
9.910956982580384489e-01
9.993469707221276366e-01
9.979324668711408997e-01
1.001468726498607742e+00
1.003826232916918970e+00
9.981682175129720225e-01

# time bin value
-1.000000000000000000e+02
-9.900000000000000000e+01
-9.800000000000000000e+01
-9.700000000000000000e+01
-9.600000000000000000e+01
-9.500000000000000000e+01
-9.400000000000000000e+01
-9.300000000000000000e+01
-9.200000000000000000e+01
-9.100000000000000000e+01
-9.000000000000000000e+01
-8.900000000000000000e+01
-8.800000000000000000e+01
-8.700000000000000000e+01
-8.600000000000000000e+01
-8.500000000000000000e+01
-8.400000000000000000e+01
-8.300000000000000000e+01
-8.200000000000000000e+01
-8.100000000000000000e+01
-8.000000000000000000e+01
-7.900000000000000000e+01
-7.800000000000000000e+01
-7.700000000000000000e+01
-7.600000000000000000e+01
-7.500000000000000000e+01
-7.400000000000000000e+01
-7.300000000000000000e+01
-7.200000000000000000e+01
-7.100000000000000000e+01
-7.000000000000000000e+01
-6.900000000000000000e+01
-6.800000000000000000e+01
-6.700000000000000000e+01
-6.600000000000000000e+01
-6.500000000000000000e+01
-6.400000000000000000e+01
-6.300000000000000000e+01
-6.200000000000000000e+01
-6.100000000000000000e+01
-6.000000000000000000e+01
-5.900000000000000000e+01
-5.800000000000000000e+01
-5.700000000000000000e+01
-5.600000000000000000e+01
-5.500000000000000000e+01
-5.400000000000000000e+01
-5.300000000000000000e+01
-5.200000000000000000e+01
-5.100000000000000000e+01
-5.000000000000000000e+01
-4.900000000000000000e+01
-4.800000000000000000e+01
-4.700000000000000000e+01
-4.600000000000000000e+01
-4.500000000000000000e+01
-4.400000000000000000e+01
-4.300000000000000000e+01
-4.200000000000000000e+01
-4.100000000000000000e+01
-4.000000000000000000e+01
-3.900000000000000000e+01
-3.800000000000000000e+01
-3.700000000000000000e+01
-3.600000000000000000e+01
-3.500000000000000000e+01
-3.400000000000000000e+01
-3.300000000000000000e+01
-3.200000000000000000e+01
-3.100000000000000000e+01
-3.000000000000000000e+01
-2.900000000000000000e+01
-2.800000000000000000e+01
-2.700000000000000000e+01
-2.600000000000000000e+01
-2.500000000000000000e+01
-2.400000000000000000e+01
-2.300000000000000000e+01
-2.200000000000000000e+01
-2.100000000000000000e+01
-2.000000000000000000e+01
-1.900000000000000000e+01
-1.800000000000000000e+01
-1.700000000000000000e+01
-1.600000000000000000e+01
-1.500000000000000000e+01
-1.400000000000000000e+01
-1.300000000000000000e+01
-1.200000000000000000e+01
-1.100000000000000000e+01
-1.000000000000000000e+01
-9.000000000000000000e+00
-8.000000000000000000e+00
-7.000000000000000000e+00
-6.000000000000000000e+00
-5.000000000000000000e+00
-4.000000000000000000e+00
-3.000000000000000000e+00
-2.000000000000000000e+00
-1.000000000000000000e+00
0.000000000000000000e+00
1.000000000000000000e+00
2.000000000000000000e+00
3.000000000000000000e+00
4.000000000000000000e+00
5.000000000000000000e+00
6.000000000000000000e+00
7.000000000000000000e+00
8.000000000000000000e+00
9.000000000000000000e+00
1.000000000000000000e+01
1.100000000000000000e+01
1.200000000000000000e+01
1.300000000000000000e+01
1.400000000000000000e+01
1.500000000000000000e+01
1.600000000000000000e+01
1.700000000000000000e+01
1.800000000000000000e+01
1.900000000000000000e+01
2.000000000000000000e+01
2.100000000000000000e+01
2.200000000000000000e+01
2.300000000000000000e+01
2.400000000000000000e+01
2.500000000000000000e+01
2.600000000000000000e+01
2.700000000000000000e+01
2.800000000000000000e+01
2.900000000000000000e+01
3.000000000000000000e+01
3.100000000000000000e+01
3.200000000000000000e+01
3.300000000000000000e+01
3.400000000000000000e+01
3.500000000000000000e+01
3.600000000000000000e+01
3.700000000000000000e+01
3.800000000000000000e+01
3.900000000000000000e+01
4.000000000000000000e+01
4.100000000000000000e+01
4.200000000000000000e+01
4.300000000000000000e+01
4.400000000000000000e+01
4.500000000000000000e+01
4.600000000000000000e+01
4.700000000000000000e+01
4.800000000000000000e+01
4.900000000000000000e+01
5.000000000000000000e+01
5.100000000000000000e+01
5.200000000000000000e+01
5.300000000000000000e+01
5.400000000000000000e+01
5.500000000000000000e+01
5.600000000000000000e+01
5.700000000000000000e+01
5.800000000000000000e+01
5.900000000000000000e+01
6.000000000000000000e+01
6.100000000000000000e+01
6.200000000000000000e+01
6.300000000000000000e+01
6.400000000000000000e+01
6.500000000000000000e+01
6.600000000000000000e+01
6.700000000000000000e+01
6.800000000000000000e+01
6.900000000000000000e+01
7.000000000000000000e+01
7.100000000000000000e+01
7.200000000000000000e+01
7.300000000000000000e+01
7.400000000000000000e+01
7.500000000000000000e+01
7.600000000000000000e+01
7.700000000000000000e+01
7.800000000000000000e+01
7.900000000000000000e+01
8.000000000000000000e+01
8.100000000000000000e+01
8.200000000000000000e+01
8.300000000000000000e+01
8.400000000000000000e+01
8.500000000000000000e+01
8.600000000000000000e+01
8.700000000000000000e+01
8.800000000000000000e+01
8.900000000000000000e+01
9.000000000000000000e+01
9.100000000000000000e+01
9.200000000000000000e+01
9.300000000000000000e+01
9.400000000000000000e+01
9.500000000000000000e+01
9.600000000000000000e+01
9.700000000000000000e+01
9.800000000000000000e+01
9.900000000000000000e+01
