single photon fraction:    0.0205
laser fraction:    0.2615
thermal source fraction:    0.4615
non-detected fraction:    0.2564
number of bins:  200.0000
bin width (ns):    1.0000
average detection events per bin: 5000.0000

# binary result
0.000000000000000000e+00

# g2 signal
1.011405595830995985e+00
9.957123040818793847e-01
9.748781064149487641e-01
9.894891021813676524e-01
9.913831201510886482e-01
9.743369584235999081e-01
1.017628797731507717e+00
1.018711093714205429e+00
1.006264689913181964e+00
1.004911819934809714e+00
1.017899371727182034e+00
1.013029039805042553e+00
9.916536941467630761e-01
9.946300080991816728e-01
9.862422142332745167e-01
1.007888133887228532e+00
1.002206079978065656e+00
1.003558949956437685e+00
9.894891021813676524e-01
1.011405595830995985e+00
9.894891021813676524e-01
1.014923057774763437e+00
1.001394357991042261e+00
1.011135021835321446e+00
1.022499129653647421e+00
1.005723541921833109e+00
1.022228555657972882e+00
9.794778643414139285e-01
9.865127882289489447e-01
1.007888133887228532e+00
1.014652483779089120e+00
9.621611286182508715e-01
9.997709140169956932e-01
1.010323299848298273e+00
1.009241003865600561e+00
9.867833622246233727e-01
1.004370671943460858e+00
9.965240260689026686e-01
9.981474700429492364e-01
1.006264689913181964e+00
9.954417300862049567e-01
9.743369584235999081e-01
9.946300080991816728e-01
9.843481962635536320e-01
1.011946743822344841e+00
9.746075324192743361e-01
9.962534520732282406e-01
9.781249943630417887e-01
1.007076411900205137e+00
1.001123783995367944e+00
1.018981667709879746e+00
9.781249943630417887e-01
1.004370671943460858e+00
9.924654161337862490e-01
1.004911819934809714e+00
1.021416833670949709e+00
1.000582636004019088e+00
9.949005820948561007e-01
9.794778643414139285e-01
9.986886180342980923e-01
9.659491645576927521e-01
9.794778643414139285e-01
9.911125461554142202e-01
9.905713981640653643e-01
9.789367163500650726e-01
1.004370671943460858e+00
1.000853209999693405e+00
9.713606444711812005e-01
9.897596761770420803e-01
9.808307343197860684e-01
1.008699855874251705e+00
9.721723664582044844e-01
1.017628797731507717e+00
1.030075201532531182e+00
9.762309763933209039e-01
9.951711560905305287e-01
9.886773801943443685e-01
9.440326709080644196e-01
9.775838463716930438e-01
1.005723541921833109e+00
9.792072903457395006e-01
1.004100097947786541e+00
9.921948421381118211e-01
9.865127882289489447e-01
1.010593873843972590e+00
1.004370671943460858e+00
1.013570187796391409e+00
9.989591920299725203e-01
1.020875685679600853e+00
1.000582636004019088e+00
9.754192544062976200e-01
9.970651740602515245e-01
1.016005353757461149e+00
1.012758465809368014e+00
1.015193631770437976e+00
9.859716402376000888e-01
9.943594341035072448e-01
1.007346985895879676e+00
9.921948421381118211e-01
1.029263479545508009e+00
1.602339202383937344e+00
9.981474700429492364e-01
1.018711093714205429e+00
9.743369584235999081e-01
1.000041488012670232e+00
9.886773801943443685e-01
1.029263479545508009e+00
9.727135144495533403e-01
9.930065641251351050e-01
1.020063963692577458e+00
9.900302501727165083e-01
9.867833622246233727e-01
9.808307343197860684e-01
9.973357480559259525e-01
9.940888601078328168e-01
9.886773801943443685e-01
1.015464205766112293e+00
1.001123783995367944e+00
9.881362322029955125e-01
1.008429281878577388e+00
9.981474700429492364e-01
9.827247522895070642e-01
9.959828780775538126e-01
1.012758465809368014e+00
1.010593873843972590e+00
1.002476653973739973e+00
9.875950842116466566e-01
1.018711093714205429e+00
1.025475443606066017e+00
9.689254785101114598e-01
9.737958104322510522e-01
9.765015503889953319e-01
1.025746017601740334e+00
1.006535263908856281e+00
1.036298403433042914e+00
9.911125461554142202e-01
1.009782151856949417e+00
1.002747227969414512e+00
1.018169945722856573e+00
1.028451757558484614e+00
9.632434246009485834e-01
9.743369584235999081e-01
1.009511577861275100e+00
1.009511577861275100e+00
1.006264689913181964e+00
9.843481962635536320e-01
9.781249943630417887e-01
9.892185281856932244e-01
1.002206079978065656e+00
1.000853209999693405e+00
9.897596761770420803e-01
1.016275927753135688e+00
9.865127882289489447e-01
9.775838463716930438e-01
1.020875685679600853e+00
1.017087649740158861e+00
1.001394357991042261e+00
9.927359901294606770e-01
9.884068061986699405e-01
9.659491645576927521e-01
1.000312062008344549e+00
9.954417300862049567e-01
1.000312062008344549e+00
1.021416833670949709e+00
9.957123040818793847e-01
9.900302501727165083e-01
1.013570187796391409e+00
9.924654161337862490e-01
1.000853209999693405e+00
1.011676169826670302e+00
1.002476653973739973e+00
9.737958104322510522e-01
9.835364742765303481e-01
9.875950842116466566e-01
1.007346985895879676e+00
1.008429281878577388e+00
9.965240260689026686e-01
1.003017801965088829e+00
9.754192544062976200e-01
9.932771381208095329e-01
9.978768960472748084e-01
9.759604023976464759e-01
1.018981667709879746e+00
9.981474700429492364e-01
9.662197385533671801e-01
9.986886180342980923e-01
1.000582636004019088e+00
1.026557739588763729e+00
9.913831201510886482e-01
9.838070482722047760e-01
9.754192544062976200e-01
1.011946743822344841e+00
1.006264689913181964e+00
9.951711560905305287e-01
9.881362322029955125e-01
1.007346985895879676e+00
9.813718823111349243e-01
1.003017801965088829e+00
9.827247522895070642e-01
9.921948421381118211e-01

# time bin value
-1.000000000000000000e+02
-9.900000000000000000e+01
-9.800000000000000000e+01
-9.700000000000000000e+01
-9.600000000000000000e+01
-9.500000000000000000e+01
-9.400000000000000000e+01
-9.300000000000000000e+01
-9.200000000000000000e+01
-9.100000000000000000e+01
-9.000000000000000000e+01
-8.900000000000000000e+01
-8.800000000000000000e+01
-8.700000000000000000e+01
-8.600000000000000000e+01
-8.500000000000000000e+01
-8.400000000000000000e+01
-8.300000000000000000e+01
-8.200000000000000000e+01
-8.100000000000000000e+01
-8.000000000000000000e+01
-7.900000000000000000e+01
-7.800000000000000000e+01
-7.700000000000000000e+01
-7.600000000000000000e+01
-7.500000000000000000e+01
-7.400000000000000000e+01
-7.300000000000000000e+01
-7.200000000000000000e+01
-7.100000000000000000e+01
-7.000000000000000000e+01
-6.900000000000000000e+01
-6.800000000000000000e+01
-6.700000000000000000e+01
-6.600000000000000000e+01
-6.500000000000000000e+01
-6.400000000000000000e+01
-6.300000000000000000e+01
-6.200000000000000000e+01
-6.100000000000000000e+01
-6.000000000000000000e+01
-5.900000000000000000e+01
-5.800000000000000000e+01
-5.700000000000000000e+01
-5.600000000000000000e+01
-5.500000000000000000e+01
-5.400000000000000000e+01
-5.300000000000000000e+01
-5.200000000000000000e+01
-5.100000000000000000e+01
-5.000000000000000000e+01
-4.900000000000000000e+01
-4.800000000000000000e+01
-4.700000000000000000e+01
-4.600000000000000000e+01
-4.500000000000000000e+01
-4.400000000000000000e+01
-4.300000000000000000e+01
-4.200000000000000000e+01
-4.100000000000000000e+01
-4.000000000000000000e+01
-3.900000000000000000e+01
-3.800000000000000000e+01
-3.700000000000000000e+01
-3.600000000000000000e+01
-3.500000000000000000e+01
-3.400000000000000000e+01
-3.300000000000000000e+01
-3.200000000000000000e+01
-3.100000000000000000e+01
-3.000000000000000000e+01
-2.900000000000000000e+01
-2.800000000000000000e+01
-2.700000000000000000e+01
-2.600000000000000000e+01
-2.500000000000000000e+01
-2.400000000000000000e+01
-2.300000000000000000e+01
-2.200000000000000000e+01
-2.100000000000000000e+01
-2.000000000000000000e+01
-1.900000000000000000e+01
-1.800000000000000000e+01
-1.700000000000000000e+01
-1.600000000000000000e+01
-1.500000000000000000e+01
-1.400000000000000000e+01
-1.300000000000000000e+01
-1.200000000000000000e+01
-1.100000000000000000e+01
-1.000000000000000000e+01
-9.000000000000000000e+00
-8.000000000000000000e+00
-7.000000000000000000e+00
-6.000000000000000000e+00
-5.000000000000000000e+00
-4.000000000000000000e+00
-3.000000000000000000e+00
-2.000000000000000000e+00
-1.000000000000000000e+00
0.000000000000000000e+00
1.000000000000000000e+00
2.000000000000000000e+00
3.000000000000000000e+00
4.000000000000000000e+00
5.000000000000000000e+00
6.000000000000000000e+00
7.000000000000000000e+00
8.000000000000000000e+00
9.000000000000000000e+00
1.000000000000000000e+01
1.100000000000000000e+01
1.200000000000000000e+01
1.300000000000000000e+01
1.400000000000000000e+01
1.500000000000000000e+01
1.600000000000000000e+01
1.700000000000000000e+01
1.800000000000000000e+01
1.900000000000000000e+01
2.000000000000000000e+01
2.100000000000000000e+01
2.200000000000000000e+01
2.300000000000000000e+01
2.400000000000000000e+01
2.500000000000000000e+01
2.600000000000000000e+01
2.700000000000000000e+01
2.800000000000000000e+01
2.900000000000000000e+01
3.000000000000000000e+01
3.100000000000000000e+01
3.200000000000000000e+01
3.300000000000000000e+01
3.400000000000000000e+01
3.500000000000000000e+01
3.600000000000000000e+01
3.700000000000000000e+01
3.800000000000000000e+01
3.900000000000000000e+01
4.000000000000000000e+01
4.100000000000000000e+01
4.200000000000000000e+01
4.300000000000000000e+01
4.400000000000000000e+01
4.500000000000000000e+01
4.600000000000000000e+01
4.700000000000000000e+01
4.800000000000000000e+01
4.900000000000000000e+01
5.000000000000000000e+01
5.100000000000000000e+01
5.200000000000000000e+01
5.300000000000000000e+01
5.400000000000000000e+01
5.500000000000000000e+01
5.600000000000000000e+01
5.700000000000000000e+01
5.800000000000000000e+01
5.900000000000000000e+01
6.000000000000000000e+01
6.100000000000000000e+01
6.200000000000000000e+01
6.300000000000000000e+01
6.400000000000000000e+01
6.500000000000000000e+01
6.600000000000000000e+01
6.700000000000000000e+01
6.800000000000000000e+01
6.900000000000000000e+01
7.000000000000000000e+01
7.100000000000000000e+01
7.200000000000000000e+01
7.300000000000000000e+01
7.400000000000000000e+01
7.500000000000000000e+01
7.600000000000000000e+01
7.700000000000000000e+01
7.800000000000000000e+01
7.900000000000000000e+01
8.000000000000000000e+01
8.100000000000000000e+01
8.200000000000000000e+01
8.300000000000000000e+01
8.400000000000000000e+01
8.500000000000000000e+01
8.600000000000000000e+01
8.700000000000000000e+01
8.800000000000000000e+01
8.900000000000000000e+01
9.000000000000000000e+01
9.100000000000000000e+01
9.200000000000000000e+01
9.300000000000000000e+01
9.400000000000000000e+01
9.500000000000000000e+01
9.600000000000000000e+01
9.700000000000000000e+01
9.800000000000000000e+01
9.900000000000000000e+01
