single photon fraction:    0.0382
laser fraction:    0.3550
thermal source fraction:    0.2901
non-detected fraction:    0.3168
number of bins:  200.0000
bin width (ns):    1.0000
average detection events per bin: 5000.0000

# binary result
0.000000000000000000e+00

# g2 signal
9.847812774777037204e-01
9.995014759452329756e-01
1.020404157769124298e+00
1.006861575178997548e+00
9.930245886195200322e-01
9.871365092325083967e-01
1.037773991960808884e+00
9.915525687727672066e-01
1.000973495791985801e+00
9.968518402210776452e-01
1.000973495791985801e+00
1.004506343424192760e+00
1.006272767240296462e+00
9.785987941213414310e-01
9.989126680065317787e-01
9.906693568647153558e-01
9.965574362517271023e-01
9.850756814470542633e-01
9.894917409873130731e-01
9.853700854164049172e-01
9.977350521291293850e-01
1.013338462504710380e+00
9.721219067956285986e-01
9.791876020600426278e-01
1.004506343424192760e+00
1.010100018841853853e+00
9.800708139680943676e-01
1.033652336389900617e+00
9.674114432860192458e-01
1.003034323577439935e+00
9.656450194699157663e-01
1.017165714106267993e+00
9.859588933551061141e-01
9.933189925888706862e-01
9.868421052631578538e-01
1.020109753799773866e+00
1.011866442657957554e+00
9.783043901519908880e-01
9.921413767114682924e-01
9.621121718377086962e-01
9.953798203743247086e-01
9.924357806808189464e-01
9.874309132018589397e-01
1.013044058535359726e+00
9.886085290792613334e-01
9.856644893857554601e-01
1.001267899761336455e+00
1.003034323577439935e+00
9.989126680065317787e-01
1.032474720512498445e+00
1.008922402964451681e+00
9.836036616003014377e-01
9.897861449566636161e-01
1.051610978520286288e+00
1.007155979148348202e+00
9.809540258761461073e-01
9.556352845119958639e-01
1.004211939454842328e+00
9.944966084662729688e-01
1.027469853033538438e+00
1.005095151362894068e+00
1.002739919608089281e+00
9.889029330486118763e-01
1.055732634091194555e+00
1.017165714106267993e+00
9.971462441904282992e-01
9.939078005275718830e-01
9.956742243436753625e-01
1.007155979148348202e+00
9.953798203743247086e-01
1.009805614872503421e+00
9.703554829795251191e-01
1.007450383117698633e+00
1.000679091822635369e+00
1.033063528451199531e+00
1.018343329983670387e+00
9.962630322823765594e-01
9.974406481597788421e-01
1.022759389523929086e+00
9.674114432860192458e-01
1.001856707700037541e+00
9.874309132018589397e-01
1.005389555332244500e+00
1.003034323577439935e+00
9.691778671021227254e-01
1.000679091822635369e+00
9.827204496922495869e-01
1.013338462504710380e+00
9.821316417535485011e-01
1.017754522044969079e+00
9.942022044969224259e-01
1.014516078382112774e+00
9.953798203743247086e-01
1.010100018841853853e+00
1.039540415776912363e+00
9.965574362517271023e-01
9.912581648034165527e-01
9.600513440522546738e-01
1.008922402964451681e+00
9.827204496922495869e-01
1.367506437633462912e+00
9.900805489260142700e-01
1.007744787087049287e+00
1.021287369677176260e+00
9.827204496922495869e-01
9.918469727421177495e-01
1.012749654566009294e+00
1.013927270443411466e+00
1.012749654566009294e+00
1.023348197462630171e+00
9.980294560984800389e-01
9.942022044969224259e-01
9.856644893857554601e-01
9.836036616003014377e-01
1.002739919608089281e+00
9.986182640371811248e-01
9.997958799145835185e-01
9.785987941213414310e-01
1.015693694259514945e+00
9.894917409873130731e-01
9.809540258761461073e-01
9.927301846501694893e-01
1.011277634719256246e+00
1.008922402964451681e+00
1.012455250596658640e+00
1.005095151362894068e+00
9.983238600678305819e-01
1.016871310136917339e+00
1.017165714106267993e+00
9.806596219067955644e-01
1.006272767240296462e+00
1.018637733953020819e+00
9.933189925888706862e-01
9.947910124356236228e-01
9.862532973244566570e-01
9.774211782439391483e-01
1.012160846627307986e+00
9.803652179374449105e-01
1.000973495791985801e+00
9.859588933551061141e-01
9.944966084662729688e-01
1.002445515638738849e+00
9.821316417535485011e-01
1.005095151362894068e+00
9.980294560984800389e-01
9.653506155005652234e-01
1.004211939454842328e+00
9.974406481597788421e-01
9.647618075618640265e-01
9.859588933551061141e-01
1.023053793493279739e+00
1.028058660972239524e+00
9.939078005275718830e-01
1.002445515638738849e+00
1.039834819746263017e+00
1.022759389523929086e+00
1.009216806933802113e+00
1.006567171209646894e+00
1.020992965707825606e+00
9.894917409873130731e-01
1.021876177615877346e+00
1.012749654566009294e+00
9.800708139680943676e-01
1.013632866474061034e+00
9.936133965582212291e-01
9.915525687727672066e-01
1.001267899761336455e+00
1.003328727546790589e+00
1.020698561738474952e+00
9.859588933551061141e-01
9.968518402210776452e-01
1.005389555332244500e+00
9.473919733701795520e-01
1.008039191056399941e+00
1.017460118075618647e+00
9.771267742745884943e-01
9.968518402210776452e-01
1.051610978520286288e+00
9.856644893857554601e-01
1.020698561738474952e+00
9.827204496922495869e-01
9.874309132018589397e-01
9.997958799145835185e-01
1.018932137922371473e+00
1.002445515638738849e+00
9.980294560984800389e-01
1.041895647531716929e+00
9.903749528953648129e-01
9.865477012938071999e-01
9.986182640371811248e-01
9.830148536616002408e-01
9.989126680065317787e-01
1.005095151362894068e+00
1.022464985554578432e+00
1.012749654566009294e+00
1.045428495163924110e+00
9.980294560984800389e-01
1.002445515638738849e+00
9.833092576309507837e-01
9.950854164049741657e-01

# time bin value
-1.000000000000000000e+02
-9.900000000000000000e+01
-9.800000000000000000e+01
-9.700000000000000000e+01
-9.600000000000000000e+01
-9.500000000000000000e+01
-9.400000000000000000e+01
-9.300000000000000000e+01
-9.200000000000000000e+01
-9.100000000000000000e+01
-9.000000000000000000e+01
-8.900000000000000000e+01
-8.800000000000000000e+01
-8.700000000000000000e+01
-8.600000000000000000e+01
-8.500000000000000000e+01
-8.400000000000000000e+01
-8.300000000000000000e+01
-8.200000000000000000e+01
-8.100000000000000000e+01
-8.000000000000000000e+01
-7.900000000000000000e+01
-7.800000000000000000e+01
-7.700000000000000000e+01
-7.600000000000000000e+01
-7.500000000000000000e+01
-7.400000000000000000e+01
-7.300000000000000000e+01
-7.200000000000000000e+01
-7.100000000000000000e+01
-7.000000000000000000e+01
-6.900000000000000000e+01
-6.800000000000000000e+01
-6.700000000000000000e+01
-6.600000000000000000e+01
-6.500000000000000000e+01
-6.400000000000000000e+01
-6.300000000000000000e+01
-6.200000000000000000e+01
-6.100000000000000000e+01
-6.000000000000000000e+01
-5.900000000000000000e+01
-5.800000000000000000e+01
-5.700000000000000000e+01
-5.600000000000000000e+01
-5.500000000000000000e+01
-5.400000000000000000e+01
-5.300000000000000000e+01
-5.200000000000000000e+01
-5.100000000000000000e+01
-5.000000000000000000e+01
-4.900000000000000000e+01
-4.800000000000000000e+01
-4.700000000000000000e+01
-4.600000000000000000e+01
-4.500000000000000000e+01
-4.400000000000000000e+01
-4.300000000000000000e+01
-4.200000000000000000e+01
-4.100000000000000000e+01
-4.000000000000000000e+01
-3.900000000000000000e+01
-3.800000000000000000e+01
-3.700000000000000000e+01
-3.600000000000000000e+01
-3.500000000000000000e+01
-3.400000000000000000e+01
-3.300000000000000000e+01
-3.200000000000000000e+01
-3.100000000000000000e+01
-3.000000000000000000e+01
-2.900000000000000000e+01
-2.800000000000000000e+01
-2.700000000000000000e+01
-2.600000000000000000e+01
-2.500000000000000000e+01
-2.400000000000000000e+01
-2.300000000000000000e+01
-2.200000000000000000e+01
-2.100000000000000000e+01
-2.000000000000000000e+01
-1.900000000000000000e+01
-1.800000000000000000e+01
-1.700000000000000000e+01
-1.600000000000000000e+01
-1.500000000000000000e+01
-1.400000000000000000e+01
-1.300000000000000000e+01
-1.200000000000000000e+01
-1.100000000000000000e+01
-1.000000000000000000e+01
-9.000000000000000000e+00
-8.000000000000000000e+00
-7.000000000000000000e+00
-6.000000000000000000e+00
-5.000000000000000000e+00
-4.000000000000000000e+00
-3.000000000000000000e+00
-2.000000000000000000e+00
-1.000000000000000000e+00
0.000000000000000000e+00
1.000000000000000000e+00
2.000000000000000000e+00
3.000000000000000000e+00
4.000000000000000000e+00
5.000000000000000000e+00
6.000000000000000000e+00
7.000000000000000000e+00
8.000000000000000000e+00
9.000000000000000000e+00
1.000000000000000000e+01
1.100000000000000000e+01
1.200000000000000000e+01
1.300000000000000000e+01
1.400000000000000000e+01
1.500000000000000000e+01
1.600000000000000000e+01
1.700000000000000000e+01
1.800000000000000000e+01
1.900000000000000000e+01
2.000000000000000000e+01
2.100000000000000000e+01
2.200000000000000000e+01
2.300000000000000000e+01
2.400000000000000000e+01
2.500000000000000000e+01
2.600000000000000000e+01
2.700000000000000000e+01
2.800000000000000000e+01
2.900000000000000000e+01
3.000000000000000000e+01
3.100000000000000000e+01
3.200000000000000000e+01
3.300000000000000000e+01
3.400000000000000000e+01
3.500000000000000000e+01
3.600000000000000000e+01
3.700000000000000000e+01
3.800000000000000000e+01
3.900000000000000000e+01
4.000000000000000000e+01
4.100000000000000000e+01
4.200000000000000000e+01
4.300000000000000000e+01
4.400000000000000000e+01
4.500000000000000000e+01
4.600000000000000000e+01
4.700000000000000000e+01
4.800000000000000000e+01
4.900000000000000000e+01
5.000000000000000000e+01
5.100000000000000000e+01
5.200000000000000000e+01
5.300000000000000000e+01
5.400000000000000000e+01
5.500000000000000000e+01
5.600000000000000000e+01
5.700000000000000000e+01
5.800000000000000000e+01
5.900000000000000000e+01
6.000000000000000000e+01
6.100000000000000000e+01
6.200000000000000000e+01
6.300000000000000000e+01
6.400000000000000000e+01
6.500000000000000000e+01
6.600000000000000000e+01
6.700000000000000000e+01
6.800000000000000000e+01
6.900000000000000000e+01
7.000000000000000000e+01
7.100000000000000000e+01
7.200000000000000000e+01
7.300000000000000000e+01
7.400000000000000000e+01
7.500000000000000000e+01
7.600000000000000000e+01
7.700000000000000000e+01
7.800000000000000000e+01
7.900000000000000000e+01
8.000000000000000000e+01
8.100000000000000000e+01
8.200000000000000000e+01
8.300000000000000000e+01
8.400000000000000000e+01
8.500000000000000000e+01
8.600000000000000000e+01
8.700000000000000000e+01
8.800000000000000000e+01
8.900000000000000000e+01
9.000000000000000000e+01
9.100000000000000000e+01
9.200000000000000000e+01
9.300000000000000000e+01
9.400000000000000000e+01
9.500000000000000000e+01
9.600000000000000000e+01
9.700000000000000000e+01
9.800000000000000000e+01
9.900000000000000000e+01
