single photon fraction:    0.2717
laser fraction:    0.0815
thermal source fraction:    0.2663
non-detected fraction:    0.3804
number of bins:  200.0000
bin width (ns):    1.0000
average detection events per bin: 5000.0000

# binary result
0.000000000000000000e+00

# g2 signal
9.962365835174017414e-01
9.768041404058790400e-01
1.009515419643609135e+00
1.024737500080968644e+00
9.712982815242808821e-01
9.981798278285540782e-01
9.725937777317157362e-01
9.926739689469559202e-01
9.768041404058790400e-01
9.868442360134991320e-01
1.008219923436174170e+00
1.000770820243423787e+00
1.034453721636729995e+00
9.926739689469559202e-01
1.010487041799185137e+00
9.946172132581082570e-01
1.027328492495838352e+00
1.015345152577065813e+00
9.887874803246513578e-01
1.020203263354946488e+00
1.005952805073163203e+00
9.742131479910093317e-01
9.936455911025320331e-01
9.716221555761396234e-01
1.006600553176880686e+00
9.680595410056936911e-01
9.816622511837597154e-01
1.016964522836359519e+00
9.994753240359889324e-01
9.968843316211192240e-01
9.913784727395210661e-01
1.003361812658293495e+00
9.985037018804128195e-01
9.719460296279982536e-01
1.017612270940076780e+00
9.933217170506734028e-01
1.012106412058478844e+00
9.933217170506734028e-01
9.810145030800422328e-01
1.024413626029109903e+00
9.881397322209339862e-01
1.023765877925392420e+00
9.832816214430533108e-01
1.009191545591750394e+00
1.032186603273719028e+00
1.003685686710152236e+00
9.696789112649872866e-01
1.016964522836359519e+00
9.920262208432385487e-01
1.019555515251229227e+00
9.923500948950971789e-01
9.849009917023467953e-01
9.706505334205633995e-01
9.939694651543907744e-01
9.745370220428679620e-01
9.920262208432385487e-01
1.015992900680783295e+00
1.011782538006620102e+00
1.027004618443979611e+00
1.012754160162196104e+00
9.576955713462149689e-01
9.997991980878476737e-01
1.005305056969445721e+00
9.742131479910093317e-01
1.010487041799185137e+00
1.006276679125021944e+00
9.832816214430533108e-01
9.868442360134991320e-01
1.020203263354946488e+00
1.007572175332456688e+00
9.952649613618256286e-01
1.006924427228739427e+00
1.028623988703273096e+00
1.012430286110337363e+00
1.026680744392120870e+00
9.865203619616403907e-01
9.861964879097816494e-01
1.017288396888218038e+00
1.014697404473348330e+00
9.962365835174017414e-01
9.920262208432385487e-01
9.735653998872918491e-01
1.003685686710152236e+00
1.008219923436174170e+00
1.009839293695467655e+00
1.015669026628924554e+00
1.019231641199370486e+00
1.009839293695467655e+00
1.009515419643609135e+00
9.839293695467706824e-01
9.933217170506734028e-01
1.017936144991935521e+00
1.010487041799185137e+00
9.936455911025320331e-01
1.012754160162196104e+00
1.007572175332456688e+00
1.005305056969445721e+00
9.687072891094111737e-01
9.959127094655431112e-01
9.696789112649872866e-01
9.913784727395210661e-01
9.952649613618256286e-01
1.003361812658293495e+00
9.852248657542055366e-01
9.997991980878476737e-01
9.871681100653578733e-01
1.043198321036915122e+00
1.003037938606434754e+00
1.027004618443979611e+00
9.985037018804128195e-01
9.852248657542055366e-01
9.904068505839449532e-01
1.004333434813869719e+00
1.020527137406805229e+00
9.988275759322714498e-01
9.810145030800422328e-01
9.952649613618256286e-01
9.816622511837597154e-01
9.920262208432385487e-01
9.991514499841301911e-01
1.009839293695467655e+00
9.920262208432385487e-01
9.965604575692604827e-01
9.725937777317157362e-01
9.797190068726073786e-01
1.008543797488032912e+00
1.011458663954761361e+00
9.547807048794865192e-01
1.008219923436174170e+00
1.007896049384315429e+00
1.013078034214054846e+00
1.008867671539891653e+00
1.007248301280597946e+00
1.031862729221860286e+00
1.015345152577065813e+00
1.031862729221860286e+00
1.009191545591750394e+00
9.926739689469559202e-01
9.887874803246513578e-01
1.008543797488032912e+00
9.874919841172165036e-01
1.023765877925392420e+00
1.028300114651414354e+00
9.920262208432385487e-01
9.988275759322714498e-01
1.003037938606434754e+00
9.926739689469559202e-01
1.029595610858849319e+00
1.023442003873533679e+00
9.978559537766953369e-01
1.023765877925392420e+00
1.020527137406805229e+00
9.842532435986294237e-01
1.037692462155317186e+00
9.768041404058790400e-01
1.004009560762010977e+00
1.005628931021304462e+00
1.009515419643609135e+00
9.933217170506734028e-01
9.855487398060642779e-01
9.946172132581082570e-01
1.001742442399000010e+00
1.014049656369631069e+00
1.015021278525207071e+00
9.816622511837597154e-01
1.019555515251229227e+00
1.000770820243423787e+00
1.004333434813869719e+00
9.907307246358036945e-01
1.013401908265913587e+00
9.803667549763248612e-01
1.049351928022230762e+00
9.855487398060642779e-01
9.832816214430533108e-01
1.025385248184685905e+00
1.021498759562381453e+00
9.933217170506734028e-01
9.949410873099668873e-01
1.006924427228739427e+00
1.000770820243423787e+00
9.819861252356184567e-01
1.023765877925392420e+00
9.725937777317157362e-01
1.009191545591750394e+00
9.894352284283688403e-01
1.008543797488032912e+00
1.007896049384315429e+00
1.002066316450858530e+00
1.009191545591750394e+00
9.910545986876623248e-01
1.018583893095653004e+00
9.693550372131285453e-01
1.014697404473348330e+00
9.849009917023467953e-01
9.729176517835744775e-01
1.008543797488032912e+00
1.011458663954761361e+00
1.008543797488032912e+00
9.716221555761396234e-01
1.000123072139706304e+00

# time bin value
-1.000000000000000000e+02
-9.900000000000000000e+01
-9.800000000000000000e+01
-9.700000000000000000e+01
-9.600000000000000000e+01
-9.500000000000000000e+01
-9.400000000000000000e+01
-9.300000000000000000e+01
-9.200000000000000000e+01
-9.100000000000000000e+01
-9.000000000000000000e+01
-8.900000000000000000e+01
-8.800000000000000000e+01
-8.700000000000000000e+01
-8.600000000000000000e+01
-8.500000000000000000e+01
-8.400000000000000000e+01
-8.300000000000000000e+01
-8.200000000000000000e+01
-8.100000000000000000e+01
-8.000000000000000000e+01
-7.900000000000000000e+01
-7.800000000000000000e+01
-7.700000000000000000e+01
-7.600000000000000000e+01
-7.500000000000000000e+01
-7.400000000000000000e+01
-7.300000000000000000e+01
-7.200000000000000000e+01
-7.100000000000000000e+01
-7.000000000000000000e+01
-6.900000000000000000e+01
-6.800000000000000000e+01
-6.700000000000000000e+01
-6.600000000000000000e+01
-6.500000000000000000e+01
-6.400000000000000000e+01
-6.300000000000000000e+01
-6.200000000000000000e+01
-6.100000000000000000e+01
-6.000000000000000000e+01
-5.900000000000000000e+01
-5.800000000000000000e+01
-5.700000000000000000e+01
-5.600000000000000000e+01
-5.500000000000000000e+01
-5.400000000000000000e+01
-5.300000000000000000e+01
-5.200000000000000000e+01
-5.100000000000000000e+01
-5.000000000000000000e+01
-4.900000000000000000e+01
-4.800000000000000000e+01
-4.700000000000000000e+01
-4.600000000000000000e+01
-4.500000000000000000e+01
-4.400000000000000000e+01
-4.300000000000000000e+01
-4.200000000000000000e+01
-4.100000000000000000e+01
-4.000000000000000000e+01
-3.900000000000000000e+01
-3.800000000000000000e+01
-3.700000000000000000e+01
-3.600000000000000000e+01
-3.500000000000000000e+01
-3.400000000000000000e+01
-3.300000000000000000e+01
-3.200000000000000000e+01
-3.100000000000000000e+01
-3.000000000000000000e+01
-2.900000000000000000e+01
-2.800000000000000000e+01
-2.700000000000000000e+01
-2.600000000000000000e+01
-2.500000000000000000e+01
-2.400000000000000000e+01
-2.300000000000000000e+01
-2.200000000000000000e+01
-2.100000000000000000e+01
-2.000000000000000000e+01
-1.900000000000000000e+01
-1.800000000000000000e+01
-1.700000000000000000e+01
-1.600000000000000000e+01
-1.500000000000000000e+01
-1.400000000000000000e+01
-1.300000000000000000e+01
-1.200000000000000000e+01
-1.100000000000000000e+01
-1.000000000000000000e+01
-9.000000000000000000e+00
-8.000000000000000000e+00
-7.000000000000000000e+00
-6.000000000000000000e+00
-5.000000000000000000e+00
-4.000000000000000000e+00
-3.000000000000000000e+00
-2.000000000000000000e+00
-1.000000000000000000e+00
0.000000000000000000e+00
1.000000000000000000e+00
2.000000000000000000e+00
3.000000000000000000e+00
4.000000000000000000e+00
5.000000000000000000e+00
6.000000000000000000e+00
7.000000000000000000e+00
8.000000000000000000e+00
9.000000000000000000e+00
1.000000000000000000e+01
1.100000000000000000e+01
1.200000000000000000e+01
1.300000000000000000e+01
1.400000000000000000e+01
1.500000000000000000e+01
1.600000000000000000e+01
1.700000000000000000e+01
1.800000000000000000e+01
1.900000000000000000e+01
2.000000000000000000e+01
2.100000000000000000e+01
2.200000000000000000e+01
2.300000000000000000e+01
2.400000000000000000e+01
2.500000000000000000e+01
2.600000000000000000e+01
2.700000000000000000e+01
2.800000000000000000e+01
2.900000000000000000e+01
3.000000000000000000e+01
3.100000000000000000e+01
3.200000000000000000e+01
3.300000000000000000e+01
3.400000000000000000e+01
3.500000000000000000e+01
3.600000000000000000e+01
3.700000000000000000e+01
3.800000000000000000e+01
3.900000000000000000e+01
4.000000000000000000e+01
4.100000000000000000e+01
4.200000000000000000e+01
4.300000000000000000e+01
4.400000000000000000e+01
4.500000000000000000e+01
4.600000000000000000e+01
4.700000000000000000e+01
4.800000000000000000e+01
4.900000000000000000e+01
5.000000000000000000e+01
5.100000000000000000e+01
5.200000000000000000e+01
5.300000000000000000e+01
5.400000000000000000e+01
5.500000000000000000e+01
5.600000000000000000e+01
5.700000000000000000e+01
5.800000000000000000e+01
5.900000000000000000e+01
6.000000000000000000e+01
6.100000000000000000e+01
6.200000000000000000e+01
6.300000000000000000e+01
6.400000000000000000e+01
6.500000000000000000e+01
6.600000000000000000e+01
6.700000000000000000e+01
6.800000000000000000e+01
6.900000000000000000e+01
7.000000000000000000e+01
7.100000000000000000e+01
7.200000000000000000e+01
7.300000000000000000e+01
7.400000000000000000e+01
7.500000000000000000e+01
7.600000000000000000e+01
7.700000000000000000e+01
7.800000000000000000e+01
7.900000000000000000e+01
8.000000000000000000e+01
8.100000000000000000e+01
8.200000000000000000e+01
8.300000000000000000e+01
8.400000000000000000e+01
8.500000000000000000e+01
8.600000000000000000e+01
8.700000000000000000e+01
8.800000000000000000e+01
8.900000000000000000e+01
9.000000000000000000e+01
9.100000000000000000e+01
9.200000000000000000e+01
9.300000000000000000e+01
9.400000000000000000e+01
9.500000000000000000e+01
9.600000000000000000e+01
9.700000000000000000e+01
9.800000000000000000e+01
9.900000000000000000e+01
