single photon fraction:    0.3518
laser fraction:    0.3116
thermal source fraction:    0.2764
non-detected fraction:    0.0603
number of bins:  200.0000
bin width (ns):    1.0000
average detection events per bin: 5000.0000

# binary result
0.000000000000000000e+00

# g2 signal
9.925280474576317902e-01
1.007290805654350141e+00
9.841838797812257900e-01
9.867513159893507302e-01
1.017346597469506175e+00
9.957373427177879099e-01
1.000444309099350448e+00
1.023337281955130962e+00
1.024621000059193543e+00
1.005579181515600329e+00
9.831141146945070464e-01
9.929559534923192432e-01
9.968071078045066535e-01
1.019700080660287389e+00
9.970210608218503801e-01
9.931699065096630807e-01
1.014351255226693782e+00
9.843978327985695165e-01
1.005151275480912654e+00
9.976629198738816706e-01
1.006434993584975235e+00
9.850396918506006960e-01
1.002369886255443987e+00
1.012853584105287474e+00
1.004295463411537748e+00
1.006648946602318961e+00
9.715606517579448154e-01
1.008788476775756449e+00
9.908164233188818670e-01
1.022481469885756056e+00
9.921001414229443371e-01
9.858955039199757131e-01
1.002797792290131440e+00
9.895327052148193969e-01
9.888908461627881064e-01
9.719885577926322684e-01
9.908164233188818670e-01
1.007932664706381320e+00
9.891047991801318329e-01
9.968071078045066535e-01
9.908164233188818670e-01
1.013923349192006329e+00
9.888908461627881064e-01
9.976629198738816706e-01
9.826862086598194823e-01
1.016918691434818722e+00
1.027402389284662210e+00
1.000444309099350448e+00
1.019058221608256209e+00
1.009002429793100175e+00
1.013923349192006329e+00
1.000016403064662773e+00
9.835420207291944994e-01
9.895327052148193969e-01
1.004295463411537748e+00
9.993745440126315938e-01
1.013281490139974927e+00
9.974489668565379441e-01
9.950954836657567304e-01
9.948815306484130039e-01
1.023765187989818415e+00
1.006862899619662688e+00
9.734862289140384650e-01
1.024621000059193543e+00
9.897466582321631234e-01
1.008360570741068996e+00
9.867513159893507302e-01
9.914582823709130466e-01
9.771234302088821488e-01
1.026760530232631030e+00
9.811885375384132857e-01
1.009858241862475081e+00
9.891047991801318329e-01
9.976629198738816706e-01
9.983047789259128502e-01
1.014137302209350056e+00
1.034462838857005851e+00
1.005365228498256380e+00
1.018416362556224808e+00
1.023551234972474688e+00
9.794769133996633625e-01
9.914582823709130466e-01
1.009858241862475081e+00
1.007076852637006414e+00
1.019058221608256209e+00
1.011141959966537662e+00
9.946675776310692774e-01
1.004295463411537748e+00
9.921001414229443371e-01
9.873931750413819097e-01
9.773373832262258754e-01
9.766955241741946958e-01
9.916722353882567731e-01
1.019486127642943663e+00
9.818303965904445763e-01
9.882489871107569268e-01
1.013281490139974927e+00
9.837559737465382259e-01
9.927420004749755167e-01
1.008574523758412722e+00
9.202119275954461219e-01
1.003867557376850295e+00
9.747699470181009351e-01
9.891047991801318329e-01
1.014137302209350056e+00
1.004295463411537748e+00
1.017988456521537355e+00
1.014137302209350056e+00
1.000444309099350448e+00
1.001941980220756534e+00
9.835420207291944994e-01
9.923140944402880637e-01
9.893187521974756704e-01
1.004295463411537748e+00
1.005151275480912654e+00
1.003011745307475389e+00
9.826862086598194823e-01
9.876071280587256362e-01
9.869652690066944567e-01
9.968071078045066535e-01
1.004295463411537748e+00
9.858955039199757131e-01
1.000444309099350448e+00
1.012853584105287474e+00
9.809745845210695592e-01
1.021625657816381150e+00
9.987326849606004142e-01
1.011141959966537662e+00
1.000658262116694175e+00
9.957373427177879099e-01
1.014779161261381235e+00
9.998024500473191578e-01
1.007932664706381320e+00
9.983047789259128502e-01
1.012639631087943748e+00
9.715606517579448154e-01
9.985187319432566877e-01
9.882489871107569268e-01
1.000872215134037901e+00
1.003011745307475389e+00
1.010500100914506261e+00
9.929559534923192432e-01
9.923140944402880637e-01
1.000444309099350448e+00
1.003653604359506568e+00
9.944536246137255509e-01
9.910303763362255935e-01
1.003225698324819115e+00
9.739141349487260291e-01
1.024407047041849816e+00
9.880350340934132003e-01
1.006007087550287782e+00
9.955233897004441834e-01
1.010286147897162534e+00
1.006862899619662688e+00
1.016276832382787543e+00
1.017346597469506175e+00
9.747699470181009351e-01
1.039383758255911783e+00
1.003653604359506568e+00
9.927420004749755167e-01
9.931699065096630807e-01
1.008788476775756449e+00
9.899606112495068500e-01
1.014351255226693782e+00
1.011355912983881389e+00
1.003011745307475389e+00
9.912443293535693201e-01
1.003225698324819115e+00
1.008574523758412722e+00
9.946675776310692774e-01
9.837559737465382259e-01
1.001300121168725354e+00
1.010072194879818808e+00
9.948815306484130039e-01
1.009858241862475081e+00
1.009430335827787628e+00
1.014137302209350056e+00
1.027402389284662210e+00
1.007718711689037594e+00
1.008788476775756449e+00
1.009858241862475081e+00
1.011355912983881389e+00
1.010072194879818808e+00
9.694211215845073282e-01
9.681374034804448581e-01
9.824722556424757558e-01
1.007718711689037594e+00
9.955233897004441834e-01
9.865373629720068926e-01
1.016276832382787543e+00
1.007076852637006414e+00
9.927420004749755167e-01
1.020769845747006022e+00
9.901745642668505765e-01
1.035104697909037030e+00
9.916722353882567731e-01
1.014137302209350056e+00
1.005151275480912654e+00
9.908164233188818670e-01

# time bin value
-1.000000000000000000e+02
-9.900000000000000000e+01
-9.800000000000000000e+01
-9.700000000000000000e+01
-9.600000000000000000e+01
-9.500000000000000000e+01
-9.400000000000000000e+01
-9.300000000000000000e+01
-9.200000000000000000e+01
-9.100000000000000000e+01
-9.000000000000000000e+01
-8.900000000000000000e+01
-8.800000000000000000e+01
-8.700000000000000000e+01
-8.600000000000000000e+01
-8.500000000000000000e+01
-8.400000000000000000e+01
-8.300000000000000000e+01
-8.200000000000000000e+01
-8.100000000000000000e+01
-8.000000000000000000e+01
-7.900000000000000000e+01
-7.800000000000000000e+01
-7.700000000000000000e+01
-7.600000000000000000e+01
-7.500000000000000000e+01
-7.400000000000000000e+01
-7.300000000000000000e+01
-7.200000000000000000e+01
-7.100000000000000000e+01
-7.000000000000000000e+01
-6.900000000000000000e+01
-6.800000000000000000e+01
-6.700000000000000000e+01
-6.600000000000000000e+01
-6.500000000000000000e+01
-6.400000000000000000e+01
-6.300000000000000000e+01
-6.200000000000000000e+01
-6.100000000000000000e+01
-6.000000000000000000e+01
-5.900000000000000000e+01
-5.800000000000000000e+01
-5.700000000000000000e+01
-5.600000000000000000e+01
-5.500000000000000000e+01
-5.400000000000000000e+01
-5.300000000000000000e+01
-5.200000000000000000e+01
-5.100000000000000000e+01
-5.000000000000000000e+01
-4.900000000000000000e+01
-4.800000000000000000e+01
-4.700000000000000000e+01
-4.600000000000000000e+01
-4.500000000000000000e+01
-4.400000000000000000e+01
-4.300000000000000000e+01
-4.200000000000000000e+01
-4.100000000000000000e+01
-4.000000000000000000e+01
-3.900000000000000000e+01
-3.800000000000000000e+01
-3.700000000000000000e+01
-3.600000000000000000e+01
-3.500000000000000000e+01
-3.400000000000000000e+01
-3.300000000000000000e+01
-3.200000000000000000e+01
-3.100000000000000000e+01
-3.000000000000000000e+01
-2.900000000000000000e+01
-2.800000000000000000e+01
-2.700000000000000000e+01
-2.600000000000000000e+01
-2.500000000000000000e+01
-2.400000000000000000e+01
-2.300000000000000000e+01
-2.200000000000000000e+01
-2.100000000000000000e+01
-2.000000000000000000e+01
-1.900000000000000000e+01
-1.800000000000000000e+01
-1.700000000000000000e+01
-1.600000000000000000e+01
-1.500000000000000000e+01
-1.400000000000000000e+01
-1.300000000000000000e+01
-1.200000000000000000e+01
-1.100000000000000000e+01
-1.000000000000000000e+01
-9.000000000000000000e+00
-8.000000000000000000e+00
-7.000000000000000000e+00
-6.000000000000000000e+00
-5.000000000000000000e+00
-4.000000000000000000e+00
-3.000000000000000000e+00
-2.000000000000000000e+00
-1.000000000000000000e+00
0.000000000000000000e+00
1.000000000000000000e+00
2.000000000000000000e+00
3.000000000000000000e+00
4.000000000000000000e+00
5.000000000000000000e+00
6.000000000000000000e+00
7.000000000000000000e+00
8.000000000000000000e+00
9.000000000000000000e+00
1.000000000000000000e+01
1.100000000000000000e+01
1.200000000000000000e+01
1.300000000000000000e+01
1.400000000000000000e+01
1.500000000000000000e+01
1.600000000000000000e+01
1.700000000000000000e+01
1.800000000000000000e+01
1.900000000000000000e+01
2.000000000000000000e+01
2.100000000000000000e+01
2.200000000000000000e+01
2.300000000000000000e+01
2.400000000000000000e+01
2.500000000000000000e+01
2.600000000000000000e+01
2.700000000000000000e+01
2.800000000000000000e+01
2.900000000000000000e+01
3.000000000000000000e+01
3.100000000000000000e+01
3.200000000000000000e+01
3.300000000000000000e+01
3.400000000000000000e+01
3.500000000000000000e+01
3.600000000000000000e+01
3.700000000000000000e+01
3.800000000000000000e+01
3.900000000000000000e+01
4.000000000000000000e+01
4.100000000000000000e+01
4.200000000000000000e+01
4.300000000000000000e+01
4.400000000000000000e+01
4.500000000000000000e+01
4.600000000000000000e+01
4.700000000000000000e+01
4.800000000000000000e+01
4.900000000000000000e+01
5.000000000000000000e+01
5.100000000000000000e+01
5.200000000000000000e+01
5.300000000000000000e+01
5.400000000000000000e+01
5.500000000000000000e+01
5.600000000000000000e+01
5.700000000000000000e+01
5.800000000000000000e+01
5.900000000000000000e+01
6.000000000000000000e+01
6.100000000000000000e+01
6.200000000000000000e+01
6.300000000000000000e+01
6.400000000000000000e+01
6.500000000000000000e+01
6.600000000000000000e+01
6.700000000000000000e+01
6.800000000000000000e+01
6.900000000000000000e+01
7.000000000000000000e+01
7.100000000000000000e+01
7.200000000000000000e+01
7.300000000000000000e+01
7.400000000000000000e+01
7.500000000000000000e+01
7.600000000000000000e+01
7.700000000000000000e+01
7.800000000000000000e+01
7.900000000000000000e+01
8.000000000000000000e+01
8.100000000000000000e+01
8.200000000000000000e+01
8.300000000000000000e+01
8.400000000000000000e+01
8.500000000000000000e+01
8.600000000000000000e+01
8.700000000000000000e+01
8.800000000000000000e+01
8.900000000000000000e+01
9.000000000000000000e+01
9.100000000000000000e+01
9.200000000000000000e+01
9.300000000000000000e+01
9.400000000000000000e+01
9.500000000000000000e+01
9.600000000000000000e+01
9.700000000000000000e+01
9.800000000000000000e+01
9.900000000000000000e+01
