single photon fraction:    0.5052
laser fraction:    0.1495
thermal source fraction:    0.2732
non-detected fraction:    0.0722
number of bins:  200.0000
bin width (ns):    1.0000
average detection events per bin: 5000.0000

# binary result
0.000000000000000000e+00

# g2 signal
1.019091176827261247e+00
9.820608769467975563e-01
9.980856850822028559e-01
1.010862221298269192e+00
9.814112225629297859e-01
1.031001507198170630e+00
9.963532733918888384e-01
9.829270827919546205e-01
1.014327044678897449e+00
1.000900854078963231e+00
9.859588032500042898e-01
9.993849938499385077e-01
1.029485646969145796e+00
1.000684302617673938e+00
9.827105313306654377e-01
9.857422517887149960e-01
1.010645669836980121e+00
9.898567295532110233e-01
9.967863763144673150e-01
9.967863763144673150e-01
1.008047052301508817e+00
1.003499471614434313e+00
9.840098400984009785e-01
1.011078772759558486e+00
1.001333957001541819e+00
9.811946711016406031e-01
9.976525821596243793e-01
1.008047052301508817e+00
1.000467751156384866e+00
9.874746634790291244e-01
1.016492559291790165e+00
1.025371169204649657e+00
1.000900854078963231e+00
1.007830500840219745e+00
1.027536683817542373e+00
1.011728427143426368e+00
9.967863763144673150e-01
1.003932574537012901e+00
9.987353394660707373e-01
1.009346361069244358e+00
1.001983611385409700e+00
1.006964294995062570e+00
1.001333957001541819e+00
9.868250090951613540e-01
1.000684302617673938e+00
9.957036190080210680e-01
1.013244287372451202e+00
1.001983611385409700e+00
9.840098400984009785e-01
9.911560383209465641e-01
9.915891412435250407e-01
1.002416714307988066e+00
1.037931153959426922e+00
1.009129809607955286e+00
9.866084576338720602e-01
1.002633265769277360e+00
1.003066368691855947e+00
9.983022365434921497e-01
9.814112225629297859e-01
1.002849817230566654e+00
1.000251199695095572e+00
9.985187880047814435e-01
1.006964294995062570e+00
1.027320132356253080e+00
1.008480155224087405e+00
1.023205654591757163e+00
1.002416714307988066e+00
1.005015331843459148e+00
9.863919061725827664e-01
9.920222441661036283e-01
9.857422517887149960e-01
9.922387956273928111e-01
9.703670980371775778e-01
9.928884500112606926e-01
9.944043102402854162e-01
9.913725897822358579e-01
9.790291564887479980e-01
1.012811184449872615e+00
1.002633265769277360e+00
9.993849938499385077e-01
1.008263603762798111e+00
9.764305389532768054e-01
9.978691336209136731e-01
1.011078772759558486e+00
1.032950470349773830e+00
1.027103580894963786e+00
9.959201704693102508e-01
9.656029658888137801e-01
9.963532733918888384e-01
1.012378081527294027e+00
1.025371169204649657e+00
1.005664986227327029e+00
1.015409801985343696e+00
1.009129809607955286e+00
1.015193250524054402e+00
1.004365677459591488e+00
1.018658073904682659e+00
1.008480155224087405e+00
1.008263603762798111e+00
9.643036571210782393e-01
7.546818425930738039e-01
1.006964294995062570e+00
1.021040139978864447e+00
9.677684805017063852e-01
9.905063839370787937e-01
1.014110493217608155e+00
1.003282920153145241e+00
9.857422517887149960e-01
1.010862221298269192e+00
1.008480155224087405e+00
9.935381043951284630e-01
1.009129809607955286e+00
1.008480155224087405e+00
1.001550508462831113e+00
9.794622594113264746e-01
9.779463991823016400e-01
9.688512378081527432e-01
9.996015453112276905e-01
9.909394868596572703e-01
9.987353394660707373e-01
1.000467751156384866e+00
9.816277740242190797e-01
1.025587720665938951e+00
1.003282920153145241e+00
9.863919061725827664e-01
1.020390485594996788e+00
1.008047052301508817e+00
9.768636418758553930e-01
1.018008419520815000e+00
1.018224970982104072e+00
1.000467751156384866e+00
1.038580808343294581e+00
1.026453926511096126e+00
1.003499471614434313e+00
1.002633265769277360e+00
9.857422517887149960e-01
1.007397397917641158e+00
9.993849938499385077e-01
1.002849817230566654e+00
9.918056927048143345e-01
1.006098089149905617e+00
9.937546558564176458e-01
1.013244287372451202e+00
9.824939798693761439e-01
9.885574207854754825e-01
9.805450167177728327e-01
1.014976699062765331e+00
1.006098089149905617e+00
9.814112225629297859e-01
1.022122897285310916e+00
1.007830500840219745e+00
9.928884500112606926e-01
9.824939798693761439e-01
9.842263915596901613e-01
9.952705160854424804e-01
9.918056927048143345e-01
1.006314640611194910e+00
9.989518909273599201e-01
9.911560383209465641e-01
1.015409801985343696e+00
9.796788108726157684e-01
9.954870675467317742e-01
1.023855308975625045e+00
1.008263603762798111e+00
1.003932574537012901e+00
1.002849817230566654e+00
1.017358765136947119e+00
1.005881537688616323e+00
1.038147705420716216e+00
9.954870675467317742e-01
9.859588032500042898e-01
1.005231883304748441e+00
9.952705160854424804e-01
1.009346361069244358e+00
1.020173934133707494e+00
9.939712073177069396e-01
9.965698248531781323e-01
9.788126050274587042e-01
9.731822670339379533e-01
9.998180967725169843e-01
9.948374131628640038e-01
9.824939798693761439e-01
1.004582228920880782e+00
9.989518909273599201e-01
9.967863763144673150e-01
9.753477816468305583e-01
9.996015453112276905e-01
9.855257003274258132e-01
9.950539646241532976e-01
9.842263915596901613e-01
9.863919061725827664e-01
9.892070751693432529e-01
1.006531192072483982e+00
9.866084576338720602e-01
1.008913258146665992e+00
1.018224970982104072e+00
1.010429118375690827e+00
1.012161530066004955e+00
1.009129809607955286e+00
1.013244287372451202e+00

# time bin value
-1.000000000000000000e+02
-9.900000000000000000e+01
-9.800000000000000000e+01
-9.700000000000000000e+01
-9.600000000000000000e+01
-9.500000000000000000e+01
-9.400000000000000000e+01
-9.300000000000000000e+01
-9.200000000000000000e+01
-9.100000000000000000e+01
-9.000000000000000000e+01
-8.900000000000000000e+01
-8.800000000000000000e+01
-8.700000000000000000e+01
-8.600000000000000000e+01
-8.500000000000000000e+01
-8.400000000000000000e+01
-8.300000000000000000e+01
-8.200000000000000000e+01
-8.100000000000000000e+01
-8.000000000000000000e+01
-7.900000000000000000e+01
-7.800000000000000000e+01
-7.700000000000000000e+01
-7.600000000000000000e+01
-7.500000000000000000e+01
-7.400000000000000000e+01
-7.300000000000000000e+01
-7.200000000000000000e+01
-7.100000000000000000e+01
-7.000000000000000000e+01
-6.900000000000000000e+01
-6.800000000000000000e+01
-6.700000000000000000e+01
-6.600000000000000000e+01
-6.500000000000000000e+01
-6.400000000000000000e+01
-6.300000000000000000e+01
-6.200000000000000000e+01
-6.100000000000000000e+01
-6.000000000000000000e+01
-5.900000000000000000e+01
-5.800000000000000000e+01
-5.700000000000000000e+01
-5.600000000000000000e+01
-5.500000000000000000e+01
-5.400000000000000000e+01
-5.300000000000000000e+01
-5.200000000000000000e+01
-5.100000000000000000e+01
-5.000000000000000000e+01
-4.900000000000000000e+01
-4.800000000000000000e+01
-4.700000000000000000e+01
-4.600000000000000000e+01
-4.500000000000000000e+01
-4.400000000000000000e+01
-4.300000000000000000e+01
-4.200000000000000000e+01
-4.100000000000000000e+01
-4.000000000000000000e+01
-3.900000000000000000e+01
-3.800000000000000000e+01
-3.700000000000000000e+01
-3.600000000000000000e+01
-3.500000000000000000e+01
-3.400000000000000000e+01
-3.300000000000000000e+01
-3.200000000000000000e+01
-3.100000000000000000e+01
-3.000000000000000000e+01
-2.900000000000000000e+01
-2.800000000000000000e+01
-2.700000000000000000e+01
-2.600000000000000000e+01
-2.500000000000000000e+01
-2.400000000000000000e+01
-2.300000000000000000e+01
-2.200000000000000000e+01
-2.100000000000000000e+01
-2.000000000000000000e+01
-1.900000000000000000e+01
-1.800000000000000000e+01
-1.700000000000000000e+01
-1.600000000000000000e+01
-1.500000000000000000e+01
-1.400000000000000000e+01
-1.300000000000000000e+01
-1.200000000000000000e+01
-1.100000000000000000e+01
-1.000000000000000000e+01
-9.000000000000000000e+00
-8.000000000000000000e+00
-7.000000000000000000e+00
-6.000000000000000000e+00
-5.000000000000000000e+00
-4.000000000000000000e+00
-3.000000000000000000e+00
-2.000000000000000000e+00
-1.000000000000000000e+00
0.000000000000000000e+00
1.000000000000000000e+00
2.000000000000000000e+00
3.000000000000000000e+00
4.000000000000000000e+00
5.000000000000000000e+00
6.000000000000000000e+00
7.000000000000000000e+00
8.000000000000000000e+00
9.000000000000000000e+00
1.000000000000000000e+01
1.100000000000000000e+01
1.200000000000000000e+01
1.300000000000000000e+01
1.400000000000000000e+01
1.500000000000000000e+01
1.600000000000000000e+01
1.700000000000000000e+01
1.800000000000000000e+01
1.900000000000000000e+01
2.000000000000000000e+01
2.100000000000000000e+01
2.200000000000000000e+01
2.300000000000000000e+01
2.400000000000000000e+01
2.500000000000000000e+01
2.600000000000000000e+01
2.700000000000000000e+01
2.800000000000000000e+01
2.900000000000000000e+01
3.000000000000000000e+01
3.100000000000000000e+01
3.200000000000000000e+01
3.300000000000000000e+01
3.400000000000000000e+01
3.500000000000000000e+01
3.600000000000000000e+01
3.700000000000000000e+01
3.800000000000000000e+01
3.900000000000000000e+01
4.000000000000000000e+01
4.100000000000000000e+01
4.200000000000000000e+01
4.300000000000000000e+01
4.400000000000000000e+01
4.500000000000000000e+01
4.600000000000000000e+01
4.700000000000000000e+01
4.800000000000000000e+01
4.900000000000000000e+01
5.000000000000000000e+01
5.100000000000000000e+01
5.200000000000000000e+01
5.300000000000000000e+01
5.400000000000000000e+01
5.500000000000000000e+01
5.600000000000000000e+01
5.700000000000000000e+01
5.800000000000000000e+01
5.900000000000000000e+01
6.000000000000000000e+01
6.100000000000000000e+01
6.200000000000000000e+01
6.300000000000000000e+01
6.400000000000000000e+01
6.500000000000000000e+01
6.600000000000000000e+01
6.700000000000000000e+01
6.800000000000000000e+01
6.900000000000000000e+01
7.000000000000000000e+01
7.100000000000000000e+01
7.200000000000000000e+01
7.300000000000000000e+01
7.400000000000000000e+01
7.500000000000000000e+01
7.600000000000000000e+01
7.700000000000000000e+01
7.800000000000000000e+01
7.900000000000000000e+01
8.000000000000000000e+01
8.100000000000000000e+01
8.200000000000000000e+01
8.300000000000000000e+01
8.400000000000000000e+01
8.500000000000000000e+01
8.600000000000000000e+01
8.700000000000000000e+01
8.800000000000000000e+01
8.900000000000000000e+01
9.000000000000000000e+01
9.100000000000000000e+01
9.200000000000000000e+01
9.300000000000000000e+01
9.400000000000000000e+01
9.500000000000000000e+01
9.600000000000000000e+01
9.700000000000000000e+01
9.800000000000000000e+01
9.900000000000000000e+01
