single photon fraction:    0.5052
laser fraction:    0.1495
thermal source fraction:    0.2732
non-detected fraction:    0.0722
number of bins:  200.0000
bin width (ns):    1.0000
average detection events per bin: 5000.0000

# binary result
0.000000000000000000e+00

# g2 signal
9.837491363979247172e-01
9.774749501310366906e-01
1.002138992697424014e+00
1.022259659001582222e+00
1.022259659001582222e+00
9.796384626368601634e-01
9.887252151613186157e-01
1.003220748950335750e+00
1.011225745221882466e+00
9.919704839200538249e-01
1.012956555226541377e+00
9.887252151613186157e-01
9.952157526787890340e-01
9.811529213909365721e-01
9.859126489037481900e-01
1.017932633989935276e+00
1.015985472734694195e+00
1.007980476463147479e+00
1.018798038992264621e+00
9.978119676857771791e-01
1.030048304022546546e+00
9.958648064305359870e-01
9.885088639107363351e-01
1.007764125212565087e+00
9.911050789177244802e-01
9.904560251659774162e-01
1.005167910205576831e+00
1.018148985240517668e+00
1.001922641446841622e+00
9.995427776904358685e-01
1.011442096472464858e+00
1.023557766505076350e+00
9.841818388990893895e-01
1.007547773961982696e+00
9.919704839200538249e-01
1.021177902748670485e+00
1.001706290196259452e+00
9.986773726881065238e-01
1.008196827713729649e+00
9.891579176624832881e-01
9.902396739153950245e-01
1.003653451451500533e+00
9.889415664119010074e-01
9.947830501776242507e-01
1.016418175235858756e+00
9.937012939247126253e-01
1.000624533943347716e+00
9.975956164351947875e-01
1.012956555226541377e+00
1.001273587695094669e+00
9.919704839200538249e-01
9.748787351240485455e-01
9.956484551799537064e-01
1.004951558954994439e+00
1.010576691470135513e+00
1.017499931488770493e+00
1.013389257727705939e+00
9.820183263932659168e-01
9.681718463559958465e-01
9.882925126601539434e-01
9.999754801916005409e-01
1.006898720210235743e+00
9.852635951520011259e-01
1.004951558954994439e+00
1.019447092744011574e+00
1.022043307750999830e+00
9.887252151613186157e-01
1.013389257727705939e+00
9.820183263932659168e-01
1.011442096472464858e+00
1.018148985240517668e+00
1.001489938945677061e+00
1.011658447723047249e+00
9.967302114328654428e-01
9.995427776904358685e-01
9.930522401729655613e-01
9.954321039293713147e-01
1.015120067732364850e+00
9.986773726881065238e-01
9.913214301683067609e-01
1.036538841540016964e+00
9.779076526322013629e-01
9.947830501776242507e-01
9.993264264398535879e-01
9.560561763233844657e-01
1.008629530214894432e+00
1.042163974055158038e+00
1.002138992697424014e+00
9.997591289410182602e-01
9.854799464025834066e-01
9.988937239386889155e-01
1.030913709024875891e+00
9.783403551333660353e-01
1.003869802702082703e+00
1.001057236444512277e+00
9.941339964258772977e-01
9.995427776904358685e-01
1.006466017709070959e+00
9.945666989270419700e-01
9.880761614095715517e-01
7.429501944997741747e-01
1.028317494017887856e+00
9.913214301683067609e-01
1.022476010252164613e+00
1.009278583966641385e+00
1.002138992697424014e+00
9.779076526322013629e-01
1.009927637718388560e+00
9.982446701869418515e-01
9.947830501776242507e-01
9.895906201636479604e-01
9.960811576811183787e-01
1.017932633989935276e+00
1.004951558954994439e+00
1.006249666458488567e+00
9.748787351240485455e-01
1.022043307750999830e+00
1.017932633989935276e+00
9.924031864212184972e-01
1.011658447723047249e+00
9.978119676857771791e-01
9.785567063839484270e-01
9.833164338967600449e-01
9.919704839200538249e-01
1.002355343948006405e+00
1.010143988968970730e+00
1.004735207704412270e+00
9.995427776904358685e-01
9.971629139340301151e-01
9.839654876485069979e-01
1.004518856453829878e+00
1.001922641446841622e+00
9.720661688664780087e-01
9.932685914235478419e-01
1.008845881465476824e+00
9.843981901496716702e-01
1.009927637718388560e+00
1.022259659001582222e+00
1.007331422711400304e+00
1.000408182692765324e+00
9.906723764165596968e-01
1.018365336491100059e+00
9.978119676857771791e-01
9.785567063839484270e-01
1.013389257727705939e+00
1.011874798973629641e+00
9.980283189363594598e-01
9.943503476764595783e-01
1.005167910205576831e+00
9.984610214375241322e-01
9.878598101589892710e-01
1.007764125212565087e+00
9.768258963792896266e-01
1.008629530214894432e+00
9.709844126135662723e-01
9.960811576811183787e-01
9.882925126601539434e-01
1.015769121484111803e+00
9.956484551799537064e-01
9.962975089317007704e-01
9.651429288478430291e-01
1.001057236444512277e+00
1.023125064003911566e+00
9.986773726881065238e-01
9.971629139340301151e-01
9.971629139340301151e-01
1.015336418982947020e+00
9.800711651380248357e-01
9.967302114328654428e-01
1.001273587695094669e+00
9.965138601822830511e-01
1.000840885193929886e+00
1.013389257727705939e+00
1.022043307750999830e+00
9.895906201636479604e-01
1.009927637718388560e+00
9.919704839200538249e-01
1.002788046449171189e+00
9.833164338967600449e-01
1.018365336491100059e+00
1.004951558954994439e+00
1.007331422711400304e+00
1.027884791516723073e+00
9.887252151613186157e-01
9.958648064305359870e-01
1.009927637718388560e+00
1.005384261456159223e+00
1.002138992697424014e+00
1.015985472734694195e+00
1.006898720210235743e+00
1.028533845268470248e+00
1.005816963957324006e+00
1.001706290196259452e+00
9.930522401729655613e-01
9.800711651380248357e-01
9.824510288944305891e-01
1.008196827713729649e+00
1.025937630261481992e+00
9.763931938781249542e-01
9.960811576811183787e-01

# time bin value
-1.000000000000000000e+02
-9.900000000000000000e+01
-9.800000000000000000e+01
-9.700000000000000000e+01
-9.600000000000000000e+01
-9.500000000000000000e+01
-9.400000000000000000e+01
-9.300000000000000000e+01
-9.200000000000000000e+01
-9.100000000000000000e+01
-9.000000000000000000e+01
-8.900000000000000000e+01
-8.800000000000000000e+01
-8.700000000000000000e+01
-8.600000000000000000e+01
-8.500000000000000000e+01
-8.400000000000000000e+01
-8.300000000000000000e+01
-8.200000000000000000e+01
-8.100000000000000000e+01
-8.000000000000000000e+01
-7.900000000000000000e+01
-7.800000000000000000e+01
-7.700000000000000000e+01
-7.600000000000000000e+01
-7.500000000000000000e+01
-7.400000000000000000e+01
-7.300000000000000000e+01
-7.200000000000000000e+01
-7.100000000000000000e+01
-7.000000000000000000e+01
-6.900000000000000000e+01
-6.800000000000000000e+01
-6.700000000000000000e+01
-6.600000000000000000e+01
-6.500000000000000000e+01
-6.400000000000000000e+01
-6.300000000000000000e+01
-6.200000000000000000e+01
-6.100000000000000000e+01
-6.000000000000000000e+01
-5.900000000000000000e+01
-5.800000000000000000e+01
-5.700000000000000000e+01
-5.600000000000000000e+01
-5.500000000000000000e+01
-5.400000000000000000e+01
-5.300000000000000000e+01
-5.200000000000000000e+01
-5.100000000000000000e+01
-5.000000000000000000e+01
-4.900000000000000000e+01
-4.800000000000000000e+01
-4.700000000000000000e+01
-4.600000000000000000e+01
-4.500000000000000000e+01
-4.400000000000000000e+01
-4.300000000000000000e+01
-4.200000000000000000e+01
-4.100000000000000000e+01
-4.000000000000000000e+01
-3.900000000000000000e+01
-3.800000000000000000e+01
-3.700000000000000000e+01
-3.600000000000000000e+01
-3.500000000000000000e+01
-3.400000000000000000e+01
-3.300000000000000000e+01
-3.200000000000000000e+01
-3.100000000000000000e+01
-3.000000000000000000e+01
-2.900000000000000000e+01
-2.800000000000000000e+01
-2.700000000000000000e+01
-2.600000000000000000e+01
-2.500000000000000000e+01
-2.400000000000000000e+01
-2.300000000000000000e+01
-2.200000000000000000e+01
-2.100000000000000000e+01
-2.000000000000000000e+01
-1.900000000000000000e+01
-1.800000000000000000e+01
-1.700000000000000000e+01
-1.600000000000000000e+01
-1.500000000000000000e+01
-1.400000000000000000e+01
-1.300000000000000000e+01
-1.200000000000000000e+01
-1.100000000000000000e+01
-1.000000000000000000e+01
-9.000000000000000000e+00
-8.000000000000000000e+00
-7.000000000000000000e+00
-6.000000000000000000e+00
-5.000000000000000000e+00
-4.000000000000000000e+00
-3.000000000000000000e+00
-2.000000000000000000e+00
-1.000000000000000000e+00
0.000000000000000000e+00
1.000000000000000000e+00
2.000000000000000000e+00
3.000000000000000000e+00
4.000000000000000000e+00
5.000000000000000000e+00
6.000000000000000000e+00
7.000000000000000000e+00
8.000000000000000000e+00
9.000000000000000000e+00
1.000000000000000000e+01
1.100000000000000000e+01
1.200000000000000000e+01
1.300000000000000000e+01
1.400000000000000000e+01
1.500000000000000000e+01
1.600000000000000000e+01
1.700000000000000000e+01
1.800000000000000000e+01
1.900000000000000000e+01
2.000000000000000000e+01
2.100000000000000000e+01
2.200000000000000000e+01
2.300000000000000000e+01
2.400000000000000000e+01
2.500000000000000000e+01
2.600000000000000000e+01
2.700000000000000000e+01
2.800000000000000000e+01
2.900000000000000000e+01
3.000000000000000000e+01
3.100000000000000000e+01
3.200000000000000000e+01
3.300000000000000000e+01
3.400000000000000000e+01
3.500000000000000000e+01
3.600000000000000000e+01
3.700000000000000000e+01
3.800000000000000000e+01
3.900000000000000000e+01
4.000000000000000000e+01
4.100000000000000000e+01
4.200000000000000000e+01
4.300000000000000000e+01
4.400000000000000000e+01
4.500000000000000000e+01
4.600000000000000000e+01
4.700000000000000000e+01
4.800000000000000000e+01
4.900000000000000000e+01
5.000000000000000000e+01
5.100000000000000000e+01
5.200000000000000000e+01
5.300000000000000000e+01
5.400000000000000000e+01
5.500000000000000000e+01
5.600000000000000000e+01
5.700000000000000000e+01
5.800000000000000000e+01
5.900000000000000000e+01
6.000000000000000000e+01
6.100000000000000000e+01
6.200000000000000000e+01
6.300000000000000000e+01
6.400000000000000000e+01
6.500000000000000000e+01
6.600000000000000000e+01
6.700000000000000000e+01
6.800000000000000000e+01
6.900000000000000000e+01
7.000000000000000000e+01
7.100000000000000000e+01
7.200000000000000000e+01
7.300000000000000000e+01
7.400000000000000000e+01
7.500000000000000000e+01
7.600000000000000000e+01
7.700000000000000000e+01
7.800000000000000000e+01
7.900000000000000000e+01
8.000000000000000000e+01
8.100000000000000000e+01
8.200000000000000000e+01
8.300000000000000000e+01
8.400000000000000000e+01
8.500000000000000000e+01
8.600000000000000000e+01
8.700000000000000000e+01
8.800000000000000000e+01
8.900000000000000000e+01
9.000000000000000000e+01
9.100000000000000000e+01
9.200000000000000000e+01
9.300000000000000000e+01
9.400000000000000000e+01
9.500000000000000000e+01
9.600000000000000000e+01
9.700000000000000000e+01
9.800000000000000000e+01
9.900000000000000000e+01
