single photon fraction:    0.4671
laser fraction:    0.0719
thermal source fraction:    0.3713
non-detected fraction:    0.0898
number of bins:  200.0000
bin width (ns):    1.0000
average detection events per bin: 5000.0000

# binary result
0.000000000000000000e+00

# g2 signal
1.006234857335951194e+00
1.014848369064683009e+00
1.005572279510664080e+00
9.987256419826977538e-01
9.731059660715980497e-01
1.025670473544371575e+00
1.004467983135185705e+00
1.006676575886142455e+00
9.808360406999471204e-01
9.912164266294444248e-01
1.004026264584994221e+00
1.013302354139013151e+00
1.009547746462386542e+00
9.909955673543486832e-01
1.005572279510664080e+00
9.821611963505212373e-01
9.861366633022435879e-01
1.003584546034802960e+00
1.024124458618701716e+00
9.876826782279134465e-01
1.017498680365831243e+00
1.003805405309898591e+00
9.949710343060711448e-01
9.923207230049229111e-01
9.982839234325063815e-01
9.826029149007126096e-01
1.030750236871572412e+00
9.943084564807840309e-01
9.750936995474592806e-01
1.002038531109133102e+00
9.976213456072193786e-01
1.005130560960472819e+00
9.775231515735117727e-01
9.876826782279134465e-01
1.026333051369658689e+00
1.006676575886142455e+00
9.887869746033918217e-01
1.011093761388056178e+00
9.943084564807840309e-01
1.010652042837864917e+00
9.810568999750428620e-01
1.003805405309898591e+00
9.892286931535831940e-01
1.018161258191118357e+00
1.006897435161238308e+00
1.012860635588821667e+00
9.958544714064538894e-01
9.954127528562625171e-01
9.848115076516694710e-01
9.967379085068366340e-01
1.002038531109133102e+00
1.014406650514491526e+00
9.991673605328891261e-01
1.008001731536716683e+00
1.021474147317553482e+00
9.947501750309754032e-01
9.912164266294444248e-01
1.013081494863917520e+00
1.005351420235568449e+00
1.004247123860090074e+00
9.954127528562625171e-01
9.876826782279134465e-01
1.000492516183463243e+00
9.967379085068366340e-01
1.010210324287673433e+00
9.923207230049229111e-01
9.594126910156655086e-01
9.993882198079848678e-01
9.998299383581762401e-01
9.837072112761910958e-01
1.007560012986525200e+00
1.006897435161238308e+00
1.007339153711429569e+00
9.993882198079848678e-01
1.016836102540544129e+00
1.013081494863917520e+00
1.017277821090735612e+00
9.991673605328891261e-01
9.925415822800185417e-01
9.938667379305926586e-01
9.735476846217894220e-01
9.812777592501384927e-01
9.768605737482247697e-01
9.918790044547314277e-01
9.901121302539659386e-01
9.909955673543486832e-01
1.009326887187290689e+00
9.938667379305926586e-01
9.920998637298271694e-01
1.011756339213343292e+00
9.841489298263824681e-01
1.002038531109133102e+00
1.030971096146668042e+00
9.768605737482247697e-01
1.004688842410281335e+00
9.920998637298271694e-01
1.024787036443988830e+00
1.017719539640926874e+00
9.821611963505212373e-01
1.001596812558941618e+00
8.984555310892557989e-01
9.786274479489902589e-01
1.000492516183463243e+00
9.976213456072193786e-01
9.932041601053056556e-01
1.012639776313726037e+00
9.971796270570280063e-01
9.967379085068366340e-01
9.896704117037745663e-01
1.000492516183463243e+00
1.012198057763534775e+00
9.841489298263824681e-01
1.043780934102217950e+00
1.029425081220998406e+00
1.001375953283845988e+00
9.943084564807840309e-01
9.901121302539659386e-01
9.958544714064538894e-01
9.912164266294444248e-01
9.905538488041573109e-01
9.894495524286789356e-01
1.017498680365831243e+00
1.021695006592649335e+00
1.005130560960472819e+00
9.938667379305926586e-01
1.017940398916022504e+00
1.007560012986525200e+00
1.000492516183463243e+00
1.006897435161238308e+00
9.901121302539659386e-01
1.002038531109133102e+00
1.007560012986525200e+00
9.951918935811667755e-01
9.969587677819322646e-01
1.002259390384228732e+00
1.002701108934420215e+00
9.936458786554970279e-01
9.960753306815495201e-01
9.896704117037745663e-01
1.005572279510664080e+00
1.020148991666979477e+00
1.030308518321381150e+00
1.005793138785759711e+00
1.025449614269275944e+00
9.991673605328891261e-01
1.005793138785759711e+00
1.011093761388056178e+00
1.023682740068510455e+00
1.022136725142840596e+00
9.839280705512867264e-01
1.012198057763534775e+00
1.016615243265448498e+00
9.943084564807840309e-01
9.940875972056884002e-01
9.907747080792530525e-01
1.011535479938247661e+00
9.974004863321236369e-01
9.863575225773393296e-01
1.000492516183463243e+00
1.002259390384228732e+00
1.005351420235568449e+00
1.013964931964300265e+00
9.770814330233204004e-01
1.037596874399538738e+00
9.759771366478420251e-01
1.016173524715257015e+00
9.958544714064538894e-01
9.885661153282961910e-01
9.978422048823150092e-01
1.005351420235568449e+00
9.748728402723635389e-01
1.010652042837864917e+00
9.792900257742772618e-01
1.006234857335951194e+00
9.967379085068366340e-01
1.014627509789587378e+00
1.022357584417936227e+00
1.004909701685376966e+00
9.814986185252342343e-01
1.002921968209515846e+00
9.998299383581762401e-01
9.863575225773393296e-01
1.021253288042457852e+00
9.945293157558797725e-01
9.892286931535831940e-01
9.987256419826977538e-01
1.012860635588821667e+00
9.991673605328891261e-01
9.682470620194929545e-01
9.867992411275307019e-01
1.011093761388056178e+00
1.000713375458558874e+00
9.874618189528177048e-01
9.925415822800185417e-01
1.014185791239395895e+00
1.032296251797242270e+00
9.848115076516694710e-01
9.834863520010953541e-01
9.916581451796357971e-01
1.010872902112960547e+00

# time bin value
-1.000000000000000000e+02
-9.900000000000000000e+01
-9.800000000000000000e+01
-9.700000000000000000e+01
-9.600000000000000000e+01
-9.500000000000000000e+01
-9.400000000000000000e+01
-9.300000000000000000e+01
-9.200000000000000000e+01
-9.100000000000000000e+01
-9.000000000000000000e+01
-8.900000000000000000e+01
-8.800000000000000000e+01
-8.700000000000000000e+01
-8.600000000000000000e+01
-8.500000000000000000e+01
-8.400000000000000000e+01
-8.300000000000000000e+01
-8.200000000000000000e+01
-8.100000000000000000e+01
-8.000000000000000000e+01
-7.900000000000000000e+01
-7.800000000000000000e+01
-7.700000000000000000e+01
-7.600000000000000000e+01
-7.500000000000000000e+01
-7.400000000000000000e+01
-7.300000000000000000e+01
-7.200000000000000000e+01
-7.100000000000000000e+01
-7.000000000000000000e+01
-6.900000000000000000e+01
-6.800000000000000000e+01
-6.700000000000000000e+01
-6.600000000000000000e+01
-6.500000000000000000e+01
-6.400000000000000000e+01
-6.300000000000000000e+01
-6.200000000000000000e+01
-6.100000000000000000e+01
-6.000000000000000000e+01
-5.900000000000000000e+01
-5.800000000000000000e+01
-5.700000000000000000e+01
-5.600000000000000000e+01
-5.500000000000000000e+01
-5.400000000000000000e+01
-5.300000000000000000e+01
-5.200000000000000000e+01
-5.100000000000000000e+01
-5.000000000000000000e+01
-4.900000000000000000e+01
-4.800000000000000000e+01
-4.700000000000000000e+01
-4.600000000000000000e+01
-4.500000000000000000e+01
-4.400000000000000000e+01
-4.300000000000000000e+01
-4.200000000000000000e+01
-4.100000000000000000e+01
-4.000000000000000000e+01
-3.900000000000000000e+01
-3.800000000000000000e+01
-3.700000000000000000e+01
-3.600000000000000000e+01
-3.500000000000000000e+01
-3.400000000000000000e+01
-3.300000000000000000e+01
-3.200000000000000000e+01
-3.100000000000000000e+01
-3.000000000000000000e+01
-2.900000000000000000e+01
-2.800000000000000000e+01
-2.700000000000000000e+01
-2.600000000000000000e+01
-2.500000000000000000e+01
-2.400000000000000000e+01
-2.300000000000000000e+01
-2.200000000000000000e+01
-2.100000000000000000e+01
-2.000000000000000000e+01
-1.900000000000000000e+01
-1.800000000000000000e+01
-1.700000000000000000e+01
-1.600000000000000000e+01
-1.500000000000000000e+01
-1.400000000000000000e+01
-1.300000000000000000e+01
-1.200000000000000000e+01
-1.100000000000000000e+01
-1.000000000000000000e+01
-9.000000000000000000e+00
-8.000000000000000000e+00
-7.000000000000000000e+00
-6.000000000000000000e+00
-5.000000000000000000e+00
-4.000000000000000000e+00
-3.000000000000000000e+00
-2.000000000000000000e+00
-1.000000000000000000e+00
0.000000000000000000e+00
1.000000000000000000e+00
2.000000000000000000e+00
3.000000000000000000e+00
4.000000000000000000e+00
5.000000000000000000e+00
6.000000000000000000e+00
7.000000000000000000e+00
8.000000000000000000e+00
9.000000000000000000e+00
1.000000000000000000e+01
1.100000000000000000e+01
1.200000000000000000e+01
1.300000000000000000e+01
1.400000000000000000e+01
1.500000000000000000e+01
1.600000000000000000e+01
1.700000000000000000e+01
1.800000000000000000e+01
1.900000000000000000e+01
2.000000000000000000e+01
2.100000000000000000e+01
2.200000000000000000e+01
2.300000000000000000e+01
2.400000000000000000e+01
2.500000000000000000e+01
2.600000000000000000e+01
2.700000000000000000e+01
2.800000000000000000e+01
2.900000000000000000e+01
3.000000000000000000e+01
3.100000000000000000e+01
3.200000000000000000e+01
3.300000000000000000e+01
3.400000000000000000e+01
3.500000000000000000e+01
3.600000000000000000e+01
3.700000000000000000e+01
3.800000000000000000e+01
3.900000000000000000e+01
4.000000000000000000e+01
4.100000000000000000e+01
4.200000000000000000e+01
4.300000000000000000e+01
4.400000000000000000e+01
4.500000000000000000e+01
4.600000000000000000e+01
4.700000000000000000e+01
4.800000000000000000e+01
4.900000000000000000e+01
5.000000000000000000e+01
5.100000000000000000e+01
5.200000000000000000e+01
5.300000000000000000e+01
5.400000000000000000e+01
5.500000000000000000e+01
5.600000000000000000e+01
5.700000000000000000e+01
5.800000000000000000e+01
5.900000000000000000e+01
6.000000000000000000e+01
6.100000000000000000e+01
6.200000000000000000e+01
6.300000000000000000e+01
6.400000000000000000e+01
6.500000000000000000e+01
6.600000000000000000e+01
6.700000000000000000e+01
6.800000000000000000e+01
6.900000000000000000e+01
7.000000000000000000e+01
7.100000000000000000e+01
7.200000000000000000e+01
7.300000000000000000e+01
7.400000000000000000e+01
7.500000000000000000e+01
7.600000000000000000e+01
7.700000000000000000e+01
7.800000000000000000e+01
7.900000000000000000e+01
8.000000000000000000e+01
8.100000000000000000e+01
8.200000000000000000e+01
8.300000000000000000e+01
8.400000000000000000e+01
8.500000000000000000e+01
8.600000000000000000e+01
8.700000000000000000e+01
8.800000000000000000e+01
8.900000000000000000e+01
9.000000000000000000e+01
9.100000000000000000e+01
9.200000000000000000e+01
9.300000000000000000e+01
9.400000000000000000e+01
9.500000000000000000e+01
9.600000000000000000e+01
9.700000000000000000e+01
9.800000000000000000e+01
9.900000000000000000e+01
