single photon fraction:    0.1176
laser fraction:    0.2418
thermal source fraction:    0.2941
non-detected fraction:    0.3464
number of bins:  200.0000
bin width (ns):    1.0000
average detection events per bin: 5000.0000

# binary result
0.000000000000000000e+00

# g2 signal
9.866090588556607477e-01
1.001086306987479801e+00
1.012483289559337196e+00
1.017719741011271717e+00
9.970819617595297890e-01
1.018335794123264026e+00
1.037125414039028914e+00
1.008170917775391029e+00
1.021416059683225575e+00
9.650471999359304665e-01
1.009711050555371914e+00
1.010019077111367958e+00
9.859930057436685491e-01
9.819886605157185366e-01
9.869170854116569025e-01
9.980060414275182534e-01
9.940016961995683520e-01
1.014947502007306435e+00
9.930776165315798876e-01
9.782923418437647900e-01
1.001086306987479801e+00
1.006322758439414322e+00
9.863010322996647039e-01
9.943097227555645068e-01
1.035893307815044517e+00
1.009711050555371914e+00
9.733639169478264241e-01
9.976980148715220986e-01
9.770602356197801708e-01
1.030040803251117687e+00
9.755201028397995078e-01
1.008170917775391029e+00
9.995461742074990275e-01
1.003858545991445084e+00
9.927695899755837328e-01
9.801405011797417188e-01
1.011251183335352577e+00
9.795244480677494092e-01
9.943097227555645068e-01
9.878411650796453669e-01
9.881491916356415217e-01
1.008786970887383339e+00
1.021724086239221618e+00
1.005090652215429703e+00
9.745960231718110434e-01
1.033429095367075279e+00
1.019259873791252380e+00
9.742879966158148886e-01
9.872251119676530573e-01
9.844528729636877751e-01
1.009403023999375648e+00
9.887652447476338313e-01
9.715157576118496063e-01
9.742879966158148886e-01
1.019875926903244689e+00
1.002318413211464421e+00
1.003550519435448818e+00
1.015871581675294788e+00
1.004474599103437393e+00
9.918455103075952684e-01
1.018643820679260070e+00
1.008170917775391029e+00
1.000470253875487492e+00
9.967739352035336342e-01
9.983140679835144082e-01
1.002318413211464421e+00
9.976980148715220986e-01
9.896893244156222957e-01
9.915374837515991135e-01
9.992381476515028726e-01
1.009403023999375648e+00
1.023572245575198547e+00
9.909214306396069150e-01
9.798324746237455640e-01
1.013407369227325550e+00
9.927695899755837328e-01
1.020491980015236999e+00
1.000778280431483536e+00
9.687435186078842131e-01
1.002010386655468155e+00
1.013407369227325550e+00
9.930776165315798876e-01
1.002934466323456730e+00
1.004474599103437393e+00
9.949257758675568164e-01
9.847608995196839299e-01
9.822966870717146914e-01
1.020800006571233265e+00
1.033121068811079013e+00
1.002318413211464421e+00
1.002318413211464421e+00
1.020800006571233265e+00
1.009094997443379604e+00
9.878411650796453669e-01
9.570385094800306636e-01
1.021108033127229309e+00
9.838368198516954655e-01
9.850689260756800847e-01
1.013715395783321815e+00
1.013407369227325550e+00
1.264449012364186054e+00
9.989301210955067178e-01
1.018643820679260070e+00
9.893812978596261409e-01
1.013099342671329506e+00
1.005398678771425747e+00
1.012483289559337196e+00
1.026344484579163829e+00
9.789083949557570996e-01
1.035277254703052208e+00
1.000778280431483536e+00
9.964659086475374794e-01
1.005398678771425747e+00
1.000162227319491226e+00
9.733639169478264241e-01
9.659712796039189309e-01
9.792164215117532544e-01
9.758281293957956626e-01
1.012483289559337196e+00
9.903053775276146053e-01
9.739799700598187338e-01
9.835287932956993107e-01
9.970819617595297890e-01
1.014023422339317859e+00
1.015563555119298744e+00
9.742879966158148886e-01
1.006630784995410366e+00
9.554983767000498895e-01
9.730558903918302693e-01
9.795244480677494092e-01
9.995461742074990275e-01
1.003242492879452774e+00
9.822966870717146914e-01
1.006014731883418056e+00
1.002318413211464421e+00
9.832207667397031559e-01
1.006938811551406632e+00
9.998542007634951823e-01
9.995461742074990275e-01
9.912294571956030698e-01
9.826047136277108462e-01
9.973899883155259438e-01
1.011251183335352577e+00
9.961578820915413246e-01
9.903053775276146053e-01
9.958498555355452808e-01
9.915374837515991135e-01
1.005090652215429703e+00
9.881491916356415217e-01
9.884572181916376765e-01
9.912294571956030698e-01
1.002626439767460464e+00
9.739799700598187338e-01
1.025112378355179210e+00
1.021724086239221618e+00
1.016179608231291054e+00
9.869170854116569025e-01
1.008786970887383339e+00
1.001394333543475845e+00
1.012175263003341152e+00
1.010019077111367958e+00
1.007246838107402676e+00
9.921535368635914232e-01
1.018335794123264026e+00
1.018335794123264026e+00
1.026960537691156139e+00
1.014331448895314125e+00
1.007554864663398941e+00
1.028808697027133068e+00
9.887652447476338313e-01
9.807565542917340284e-01
9.918455103075952684e-01
9.918455103075952684e-01
1.015871581675294788e+00
1.002318413211464421e+00
1.000470253875487492e+00
9.727478638358341145e-01
1.012175263003341152e+00
1.003550519435448818e+00
9.964659086475374794e-01
9.884572181916376765e-01
1.029424750139125377e+00
1.008478944331387295e+00
1.006938811551406632e+00
1.008786970887383339e+00
1.000470253875487492e+00
1.007246838107402676e+00
9.970819617595297890e-01
1.014639475451310169e+00
9.650471999359304665e-01
1.005090652215429703e+00
9.921535368635914232e-01
1.012483289559337196e+00
9.789083949557570996e-01
9.940016961995683520e-01
9.770602356197801708e-01
1.014331448895314125e+00
9.906134040836107602e-01
9.958498555355452808e-01
9.628910140439573828e-01

# time bin value
-1.000000000000000000e+02
-9.900000000000000000e+01
-9.800000000000000000e+01
-9.700000000000000000e+01
-9.600000000000000000e+01
-9.500000000000000000e+01
-9.400000000000000000e+01
-9.300000000000000000e+01
-9.200000000000000000e+01
-9.100000000000000000e+01
-9.000000000000000000e+01
-8.900000000000000000e+01
-8.800000000000000000e+01
-8.700000000000000000e+01
-8.600000000000000000e+01
-8.500000000000000000e+01
-8.400000000000000000e+01
-8.300000000000000000e+01
-8.200000000000000000e+01
-8.100000000000000000e+01
-8.000000000000000000e+01
-7.900000000000000000e+01
-7.800000000000000000e+01
-7.700000000000000000e+01
-7.600000000000000000e+01
-7.500000000000000000e+01
-7.400000000000000000e+01
-7.300000000000000000e+01
-7.200000000000000000e+01
-7.100000000000000000e+01
-7.000000000000000000e+01
-6.900000000000000000e+01
-6.800000000000000000e+01
-6.700000000000000000e+01
-6.600000000000000000e+01
-6.500000000000000000e+01
-6.400000000000000000e+01
-6.300000000000000000e+01
-6.200000000000000000e+01
-6.100000000000000000e+01
-6.000000000000000000e+01
-5.900000000000000000e+01
-5.800000000000000000e+01
-5.700000000000000000e+01
-5.600000000000000000e+01
-5.500000000000000000e+01
-5.400000000000000000e+01
-5.300000000000000000e+01
-5.200000000000000000e+01
-5.100000000000000000e+01
-5.000000000000000000e+01
-4.900000000000000000e+01
-4.800000000000000000e+01
-4.700000000000000000e+01
-4.600000000000000000e+01
-4.500000000000000000e+01
-4.400000000000000000e+01
-4.300000000000000000e+01
-4.200000000000000000e+01
-4.100000000000000000e+01
-4.000000000000000000e+01
-3.900000000000000000e+01
-3.800000000000000000e+01
-3.700000000000000000e+01
-3.600000000000000000e+01
-3.500000000000000000e+01
-3.400000000000000000e+01
-3.300000000000000000e+01
-3.200000000000000000e+01
-3.100000000000000000e+01
-3.000000000000000000e+01
-2.900000000000000000e+01
-2.800000000000000000e+01
-2.700000000000000000e+01
-2.600000000000000000e+01
-2.500000000000000000e+01
-2.400000000000000000e+01
-2.300000000000000000e+01
-2.200000000000000000e+01
-2.100000000000000000e+01
-2.000000000000000000e+01
-1.900000000000000000e+01
-1.800000000000000000e+01
-1.700000000000000000e+01
-1.600000000000000000e+01
-1.500000000000000000e+01
-1.400000000000000000e+01
-1.300000000000000000e+01
-1.200000000000000000e+01
-1.100000000000000000e+01
-1.000000000000000000e+01
-9.000000000000000000e+00
-8.000000000000000000e+00
-7.000000000000000000e+00
-6.000000000000000000e+00
-5.000000000000000000e+00
-4.000000000000000000e+00
-3.000000000000000000e+00
-2.000000000000000000e+00
-1.000000000000000000e+00
0.000000000000000000e+00
1.000000000000000000e+00
2.000000000000000000e+00
3.000000000000000000e+00
4.000000000000000000e+00
5.000000000000000000e+00
6.000000000000000000e+00
7.000000000000000000e+00
8.000000000000000000e+00
9.000000000000000000e+00
1.000000000000000000e+01
1.100000000000000000e+01
1.200000000000000000e+01
1.300000000000000000e+01
1.400000000000000000e+01
1.500000000000000000e+01
1.600000000000000000e+01
1.700000000000000000e+01
1.800000000000000000e+01
1.900000000000000000e+01
2.000000000000000000e+01
2.100000000000000000e+01
2.200000000000000000e+01
2.300000000000000000e+01
2.400000000000000000e+01
2.500000000000000000e+01
2.600000000000000000e+01
2.700000000000000000e+01
2.800000000000000000e+01
2.900000000000000000e+01
3.000000000000000000e+01
3.100000000000000000e+01
3.200000000000000000e+01
3.300000000000000000e+01
3.400000000000000000e+01
3.500000000000000000e+01
3.600000000000000000e+01
3.700000000000000000e+01
3.800000000000000000e+01
3.900000000000000000e+01
4.000000000000000000e+01
4.100000000000000000e+01
4.200000000000000000e+01
4.300000000000000000e+01
4.400000000000000000e+01
4.500000000000000000e+01
4.600000000000000000e+01
4.700000000000000000e+01
4.800000000000000000e+01
4.900000000000000000e+01
5.000000000000000000e+01
5.100000000000000000e+01
5.200000000000000000e+01
5.300000000000000000e+01
5.400000000000000000e+01
5.500000000000000000e+01
5.600000000000000000e+01
5.700000000000000000e+01
5.800000000000000000e+01
5.900000000000000000e+01
6.000000000000000000e+01
6.100000000000000000e+01
6.200000000000000000e+01
6.300000000000000000e+01
6.400000000000000000e+01
6.500000000000000000e+01
6.600000000000000000e+01
6.700000000000000000e+01
6.800000000000000000e+01
6.900000000000000000e+01
7.000000000000000000e+01
7.100000000000000000e+01
7.200000000000000000e+01
7.300000000000000000e+01
7.400000000000000000e+01
7.500000000000000000e+01
7.600000000000000000e+01
7.700000000000000000e+01
7.800000000000000000e+01
7.900000000000000000e+01
8.000000000000000000e+01
8.100000000000000000e+01
8.200000000000000000e+01
8.300000000000000000e+01
8.400000000000000000e+01
8.500000000000000000e+01
8.600000000000000000e+01
8.700000000000000000e+01
8.800000000000000000e+01
8.900000000000000000e+01
9.000000000000000000e+01
9.100000000000000000e+01
9.200000000000000000e+01
9.300000000000000000e+01
9.400000000000000000e+01
9.500000000000000000e+01
9.600000000000000000e+01
9.700000000000000000e+01
9.800000000000000000e+01
9.900000000000000000e+01
