single photon fraction:    0.4653
laser fraction:    0.2708
thermal source fraction:    0.1806
non-detected fraction:    0.0833
number of bins:  200.0000
bin width (ns):    1.0000
average detection events per bin: 5000.0000

# binary result
0.000000000000000000e+00

# g2 signal
9.964636427402384644e-01
9.955868599485621084e-01
1.010272971709141876e+00
9.982172083235912874e-01
9.830927051671732864e-01
1.006327449146598108e+00
9.844078793546878758e-01
1.012245732990413760e+00
1.041398760813654567e+00
9.925181201776946960e-01
1.034384498480243275e+00
1.002162730886135167e+00
9.929565115735329295e-01
1.009615384615384581e+00
9.933949029693710520e-01
9.936140986672902242e-01
9.949292728548048137e-01
1.002820317979892462e+00
9.903261631985036395e-01
1.018821603927986930e+00
9.863806406359597601e-01
9.635842880523731724e-01
1.001943535188215995e+00
1.006765840542436230e+00
9.773936170212765839e-01
9.839694879588496423e-01
1.002601122281973289e+00
9.887917933130699888e-01
9.975596212298339927e-01
1.030000584521861162e+00
1.004135492167407051e+00
1.012026537292494810e+00
1.001943535188215995e+00
1.008738601823708336e+00
1.005450666354921641e+00
1.009834580313303753e+00
9.907645545943418730e-01
1.023643909282207165e+00
1.001724339490297044e+00
9.745440729483283437e-01
9.944908814589665802e-01
9.940524900631283467e-01
1.008738601823708336e+00
1.004135492167407051e+00
1.008519406125789164e+00
1.040741173719897050e+00
1.000409165302782455e+00
9.778320084171148174e-01
9.885725976151508165e-01
9.966828384381576367e-01
1.024520692073883632e+00
9.922989244797755237e-01
9.947100771568856414e-01
1.006108253448678935e+00
9.894493804068272835e-01
1.007423427636193525e+00
9.933949029693710520e-01
1.012464928688332932e+00
1.022109539396773403e+00
9.964636427402384644e-01
9.861614449380406988e-01
9.762976385316810557e-01
1.002820317979892462e+00
1.002820317979892462e+00
1.008300210427869992e+00
1.013780102875847522e+00
9.793663783025485792e-01
1.011807341594575638e+00
1.011368950198737515e+00
9.940524900631283467e-01
1.008081014729950819e+00
1.024082300678045288e+00
9.894493804068272835e-01
1.002601122281973289e+00
1.014437689969604817e+00
9.984364040215104596e-01
1.012464928688332932e+00
1.004354687865326223e+00
1.032850128594809513e+00
1.010930558802899171e+00
9.949292728548048137e-01
9.723521159691372873e-01
1.039645195230301633e+00
1.007204231938274575e+00
9.927373158756137572e-01
1.017944821136310463e+00
1.010272971709141876e+00
9.964636427402384644e-01
1.019259995323825052e+00
9.955868599485621084e-01
1.021013560907177986e+00
9.973404255319149314e-01
9.872574234276362271e-01
9.977788169277531649e-01
1.000628361000701405e+00
9.833119008650923476e-01
1.002381926584054339e+00
9.909837502922609342e-01
9.723521159691372873e-01
9.846270750526070481e-01
6.946311667056348504e-01
9.813391395838204634e-01
1.022986322188449870e+00
9.929565115735329295e-01
9.977788169277531649e-01
1.020355973813420691e+00
1.003697100771568929e+00
1.006985036240355402e+00
1.003477905073649756e+00
1.013999298573766694e+00
9.865998363338789323e-01
9.916413373860182290e-01
1.009834580313303753e+00
9.971212298339958702e-01
9.817775309796586969e-01
9.916413373860182290e-01
9.782703998129530509e-01
1.003916296469487879e+00
9.903261631985036395e-01
1.006108253448678935e+00
1.012245732990413760e+00
9.975596212298339927e-01
1.041617956511573517e+00
9.999707739069441104e-01
1.012903320084171277e+00
9.916413373860182290e-01
1.005889057750759985e+00
9.773936170212765839e-01
1.005669862052840813e+00
9.813391395838204634e-01
1.027589431844750933e+00
1.006327449146598108e+00
9.953676642506430472e-01
1.023863104980126337e+00
1.023643909282207165e+00
1.022986322188449870e+00
1.025397474865560099e+00
9.741056815524901102e-01
1.014876081365443161e+00
9.909837502922609342e-01
9.933949029693710520e-01
9.933949029693710520e-01
9.833119008650923476e-01
9.800239653963058739e-01
9.993131868131868156e-01
1.011368950198737515e+00
9.598579611877484652e-01
1.003258709375730584e+00
9.651186579378069341e-01
1.015095277063362111e+00
9.708177460837035255e-01
9.824351180734159916e-01
1.003916296469487879e+00
9.857230535422024653e-01
1.021671148000935281e+00
1.012026537292494810e+00
1.010053776011222926e+00
1.029342997428103867e+00
9.844078793546878758e-01
1.012903320084171277e+00
9.885725976151508165e-01
1.014656885667523989e+00
9.885725976151508165e-01
1.012684124386252105e+00
1.006327449146598108e+00
9.887917933130699888e-01
1.015314472761281284e+00
1.013341711480009399e+00
1.001724339490297044e+00
9.966828384381576367e-01
9.894493804068272835e-01
1.008519406125789164e+00
1.006546644844517280e+00
9.922989244797755237e-01
9.969020341360766979e-01
1.020575169511339642e+00
9.725713116670563485e-01
1.014218494271685866e+00
9.984364040215104596e-01
9.942716857610475190e-01
1.024082300678045288e+00
9.975596212298339927e-01
9.979980126256722262e-01
1.002820317979892462e+00
1.003916296469487879e+00
1.019040799625906102e+00
1.009615384615384581e+00
1.003477905073649756e+00
1.004135492167407051e+00
1.007861819032031869e+00
9.863806406359597601e-01
9.872574234276362271e-01
9.995323825111059879e-01
1.006327449146598108e+00
1.009834580313303753e+00
1.006765840542436230e+00
1.019040799625906102e+00
9.767360299275192892e-01
9.723521159691372873e-01
9.944908814589665802e-01

# time bin value
-1.000000000000000000e+02
-9.900000000000000000e+01
-9.800000000000000000e+01
-9.700000000000000000e+01
-9.600000000000000000e+01
-9.500000000000000000e+01
-9.400000000000000000e+01
-9.300000000000000000e+01
-9.200000000000000000e+01
-9.100000000000000000e+01
-9.000000000000000000e+01
-8.900000000000000000e+01
-8.800000000000000000e+01
-8.700000000000000000e+01
-8.600000000000000000e+01
-8.500000000000000000e+01
-8.400000000000000000e+01
-8.300000000000000000e+01
-8.200000000000000000e+01
-8.100000000000000000e+01
-8.000000000000000000e+01
-7.900000000000000000e+01
-7.800000000000000000e+01
-7.700000000000000000e+01
-7.600000000000000000e+01
-7.500000000000000000e+01
-7.400000000000000000e+01
-7.300000000000000000e+01
-7.200000000000000000e+01
-7.100000000000000000e+01
-7.000000000000000000e+01
-6.900000000000000000e+01
-6.800000000000000000e+01
-6.700000000000000000e+01
-6.600000000000000000e+01
-6.500000000000000000e+01
-6.400000000000000000e+01
-6.300000000000000000e+01
-6.200000000000000000e+01
-6.100000000000000000e+01
-6.000000000000000000e+01
-5.900000000000000000e+01
-5.800000000000000000e+01
-5.700000000000000000e+01
-5.600000000000000000e+01
-5.500000000000000000e+01
-5.400000000000000000e+01
-5.300000000000000000e+01
-5.200000000000000000e+01
-5.100000000000000000e+01
-5.000000000000000000e+01
-4.900000000000000000e+01
-4.800000000000000000e+01
-4.700000000000000000e+01
-4.600000000000000000e+01
-4.500000000000000000e+01
-4.400000000000000000e+01
-4.300000000000000000e+01
-4.200000000000000000e+01
-4.100000000000000000e+01
-4.000000000000000000e+01
-3.900000000000000000e+01
-3.800000000000000000e+01
-3.700000000000000000e+01
-3.600000000000000000e+01
-3.500000000000000000e+01
-3.400000000000000000e+01
-3.300000000000000000e+01
-3.200000000000000000e+01
-3.100000000000000000e+01
-3.000000000000000000e+01
-2.900000000000000000e+01
-2.800000000000000000e+01
-2.700000000000000000e+01
-2.600000000000000000e+01
-2.500000000000000000e+01
-2.400000000000000000e+01
-2.300000000000000000e+01
-2.200000000000000000e+01
-2.100000000000000000e+01
-2.000000000000000000e+01
-1.900000000000000000e+01
-1.800000000000000000e+01
-1.700000000000000000e+01
-1.600000000000000000e+01
-1.500000000000000000e+01
-1.400000000000000000e+01
-1.300000000000000000e+01
-1.200000000000000000e+01
-1.100000000000000000e+01
-1.000000000000000000e+01
-9.000000000000000000e+00
-8.000000000000000000e+00
-7.000000000000000000e+00
-6.000000000000000000e+00
-5.000000000000000000e+00
-4.000000000000000000e+00
-3.000000000000000000e+00
-2.000000000000000000e+00
-1.000000000000000000e+00
0.000000000000000000e+00
1.000000000000000000e+00
2.000000000000000000e+00
3.000000000000000000e+00
4.000000000000000000e+00
5.000000000000000000e+00
6.000000000000000000e+00
7.000000000000000000e+00
8.000000000000000000e+00
9.000000000000000000e+00
1.000000000000000000e+01
1.100000000000000000e+01
1.200000000000000000e+01
1.300000000000000000e+01
1.400000000000000000e+01
1.500000000000000000e+01
1.600000000000000000e+01
1.700000000000000000e+01
1.800000000000000000e+01
1.900000000000000000e+01
2.000000000000000000e+01
2.100000000000000000e+01
2.200000000000000000e+01
2.300000000000000000e+01
2.400000000000000000e+01
2.500000000000000000e+01
2.600000000000000000e+01
2.700000000000000000e+01
2.800000000000000000e+01
2.900000000000000000e+01
3.000000000000000000e+01
3.100000000000000000e+01
3.200000000000000000e+01
3.300000000000000000e+01
3.400000000000000000e+01
3.500000000000000000e+01
3.600000000000000000e+01
3.700000000000000000e+01
3.800000000000000000e+01
3.900000000000000000e+01
4.000000000000000000e+01
4.100000000000000000e+01
4.200000000000000000e+01
4.300000000000000000e+01
4.400000000000000000e+01
4.500000000000000000e+01
4.600000000000000000e+01
4.700000000000000000e+01
4.800000000000000000e+01
4.900000000000000000e+01
5.000000000000000000e+01
5.100000000000000000e+01
5.200000000000000000e+01
5.300000000000000000e+01
5.400000000000000000e+01
5.500000000000000000e+01
5.600000000000000000e+01
5.700000000000000000e+01
5.800000000000000000e+01
5.900000000000000000e+01
6.000000000000000000e+01
6.100000000000000000e+01
6.200000000000000000e+01
6.300000000000000000e+01
6.400000000000000000e+01
6.500000000000000000e+01
6.600000000000000000e+01
6.700000000000000000e+01
6.800000000000000000e+01
6.900000000000000000e+01
7.000000000000000000e+01
7.100000000000000000e+01
7.200000000000000000e+01
7.300000000000000000e+01
7.400000000000000000e+01
7.500000000000000000e+01
7.600000000000000000e+01
7.700000000000000000e+01
7.800000000000000000e+01
7.900000000000000000e+01
8.000000000000000000e+01
8.100000000000000000e+01
8.200000000000000000e+01
8.300000000000000000e+01
8.400000000000000000e+01
8.500000000000000000e+01
8.600000000000000000e+01
8.700000000000000000e+01
8.800000000000000000e+01
8.900000000000000000e+01
9.000000000000000000e+01
9.100000000000000000e+01
9.200000000000000000e+01
9.300000000000000000e+01
9.400000000000000000e+01
9.500000000000000000e+01
9.600000000000000000e+01
9.700000000000000000e+01
9.800000000000000000e+01
9.900000000000000000e+01
