single photon fraction:    0.4706
laser fraction:    0.1569
thermal source fraction:    0.1520
non-detected fraction:    0.2206
number of bins:  200.0000
bin width (ns):    1.0000
average detection events per bin: 5000.0000

# binary result
0.000000000000000000e+00

# g2 signal
1.011515316864251002e+00
1.009198869573722179e+00
1.001219995573011889e+00
1.009456252606003135e+00
9.996756973793259338e-01
1.016662977509870558e+00
9.839753324101860876e-01
1.002506910734416667e+00
9.844900984747481099e-01
1.009198869573722179e+00
1.004823358024945490e+00
1.000190463443887845e+00
9.891229930558057548e-01
9.857770136361529989e-01
9.904099082172106439e-01
1.008426720476879312e+00
9.875786948621197991e-01
1.006367656218631446e+00
1.009713635638284090e+00
1.004308591960383579e+00
1.010485784735126957e+00
1.003536442863540712e+00
1.005338124089507401e+00
9.878360778944008658e-01
9.945280367337062666e-01
1.015633445380746736e+00
9.919542064108964885e-01
9.924689724754585107e-01
1.024899234542862025e+00
9.932411215723013775e-01
1.014861296283903647e+00
9.909246742817725551e-01
1.007139805315474312e+00
9.914394403463345773e-01
9.968444840242350891e-01
1.039312684350596871e+00
1.023097553316895114e+00
9.821736511842192874e-01
1.019494190864961292e+00
1.001477378605292845e+00
1.007911954412317179e+00
1.012802232025655780e+00
1.023612319381457025e+00
1.000962612540730712e+00
1.011000550799689091e+00
9.826884172487811986e-01
1.007397188347755268e+00
9.554058158269973511e-01
9.860343966684339545e-01
1.031848576414448493e+00
1.014861296283903647e+00
1.013831764154779824e+00
9.916968233786155329e-01
9.744521602157898421e-01
9.801145869259714205e-01
9.821736511842192874e-01
9.991609313147639115e-01
1.000962612540730712e+00
9.911820573140536217e-01
9.950428027982682888e-01
9.911820573140536217e-01
9.953001858305492444e-01
9.783129057000046203e-01
9.837179493779051320e-01
9.687897335056083747e-01
1.003279059831259534e+00
9.893803760880867104e-01
9.736800111189469753e-01
9.994183143470449782e-01
9.896377591203676660e-01
9.955575688628302000e-01
9.852622475715910877e-01
9.839753324101860876e-01
9.795998208614095093e-01
1.004051208928102623e+00
1.029532129123919670e+00
1.000447846476168801e+00
9.940132706691443554e-01
1.006625039250912401e+00
1.025928766671985848e+00
9.865491627329959767e-01
9.914394403463345773e-01
1.009456252606003135e+00
9.960723349273922222e-01
9.837179493779051320e-01
9.942706537014253110e-01
1.003021676798978579e+00
1.002764293766697623e+00
9.973592500887971113e-01
9.901525251849296883e-01
9.891229930558057548e-01
1.000705229508449756e+00
9.986461652502020003e-01
1.015633445380746736e+00
9.855196306038720433e-01
1.022840170284614159e+00
1.029532129123919670e+00
9.898951421526486216e-01
1.009456252606003135e+00
1.002506910734416667e+00
5.796265886967667536e-01
1.009198869573722179e+00
9.700766486670132638e-01
9.916968233786155329e-01
1.010743167767408135e+00
1.025156617575142981e+00
9.965871009919541335e-01
1.012030082928812913e+00
9.829458002810622652e-01
1.013831764154779824e+00
1.007911954412317179e+00
1.008426720476879312e+00
1.006882422283193357e+00
1.012802232025655780e+00
1.003279059831259534e+00
1.015376062348465780e+00
1.004308591960383579e+00
9.857770136361529989e-01
1.005595507121788357e+00
1.012287465961093869e+00
9.878360778944008658e-01
9.996756973793259338e-01
1.034679789769539227e+00
1.005852890154069534e+00
9.788276717645665315e-01
1.012802232025655780e+00
1.005852890154069534e+00
9.790850547968474871e-01
1.009456252606003135e+00
9.932411215723013775e-01
1.013831764154779824e+00
1.006110273186350490e+00
9.955575688628302000e-01
1.028502596994795626e+00
9.832031833133432208e-01
1.025928766671985848e+00
1.012287465961093869e+00
1.013574381122498869e+00
9.772833735708806868e-01
1.004051208928102623e+00
9.940132706691443554e-01
9.747095432480709087e-01
9.937558876368633998e-01
9.932411215723013775e-01
1.020523722994085336e+00
9.839753324101860876e-01
9.968444840242350891e-01
9.878360778944008658e-01
1.026186149704266803e+00
1.000705229508449756e+00
1.007654571380036224e+00
9.857770136361529989e-01
1.011772699896531957e+00
1.017949892671275558e+00
9.996756973793259338e-01
1.024127085446018937e+00
1.024641851510581070e+00
9.839753324101860876e-01
1.013059615057936957e+00
9.759964584094757978e-01
1.005080741057226446e+00
9.801145869259714205e-01
1.000705229508449756e+00
9.963297179596731779e-01
9.855196306038720433e-01
1.018207275703556514e+00
1.019751573897242247e+00
1.006625039250912401e+00
9.945280367337062666e-01
1.029017363059357537e+00
9.914394403463345773e-01
1.013831764154779824e+00
1.013316998090217913e+00
1.007139805315474312e+00
9.705914147315751750e-01
1.011772699896531957e+00
9.955575688628302000e-01
9.693044995701702859e-01
1.018722041768118425e+00
1.013574381122498869e+00
9.886082269912437326e-01
1.010485784735126957e+00
9.873213118298388435e-01
1.019494190864961292e+00
9.996756973793259338e-01
9.999330804116068894e-01
1.017692509638994602e+00
1.008684103509160268e+00
1.029532129123919670e+00
9.672454353119224191e-01
9.922115894431774441e-01
9.999330804116068894e-01
1.021810638155490114e+00
9.937558876368633998e-01
1.001477378605292845e+00
9.929837385400204219e-01
9.927263555077394663e-01
9.940132706691443554e-01
1.004308591960383579e+00
1.015633445380746736e+00

# time bin value
-1.000000000000000000e+02
-9.900000000000000000e+01
-9.800000000000000000e+01
-9.700000000000000000e+01
-9.600000000000000000e+01
-9.500000000000000000e+01
-9.400000000000000000e+01
-9.300000000000000000e+01
-9.200000000000000000e+01
-9.100000000000000000e+01
-9.000000000000000000e+01
-8.900000000000000000e+01
-8.800000000000000000e+01
-8.700000000000000000e+01
-8.600000000000000000e+01
-8.500000000000000000e+01
-8.400000000000000000e+01
-8.300000000000000000e+01
-8.200000000000000000e+01
-8.100000000000000000e+01
-8.000000000000000000e+01
-7.900000000000000000e+01
-7.800000000000000000e+01
-7.700000000000000000e+01
-7.600000000000000000e+01
-7.500000000000000000e+01
-7.400000000000000000e+01
-7.300000000000000000e+01
-7.200000000000000000e+01
-7.100000000000000000e+01
-7.000000000000000000e+01
-6.900000000000000000e+01
-6.800000000000000000e+01
-6.700000000000000000e+01
-6.600000000000000000e+01
-6.500000000000000000e+01
-6.400000000000000000e+01
-6.300000000000000000e+01
-6.200000000000000000e+01
-6.100000000000000000e+01
-6.000000000000000000e+01
-5.900000000000000000e+01
-5.800000000000000000e+01
-5.700000000000000000e+01
-5.600000000000000000e+01
-5.500000000000000000e+01
-5.400000000000000000e+01
-5.300000000000000000e+01
-5.200000000000000000e+01
-5.100000000000000000e+01
-5.000000000000000000e+01
-4.900000000000000000e+01
-4.800000000000000000e+01
-4.700000000000000000e+01
-4.600000000000000000e+01
-4.500000000000000000e+01
-4.400000000000000000e+01
-4.300000000000000000e+01
-4.200000000000000000e+01
-4.100000000000000000e+01
-4.000000000000000000e+01
-3.900000000000000000e+01
-3.800000000000000000e+01
-3.700000000000000000e+01
-3.600000000000000000e+01
-3.500000000000000000e+01
-3.400000000000000000e+01
-3.300000000000000000e+01
-3.200000000000000000e+01
-3.100000000000000000e+01
-3.000000000000000000e+01
-2.900000000000000000e+01
-2.800000000000000000e+01
-2.700000000000000000e+01
-2.600000000000000000e+01
-2.500000000000000000e+01
-2.400000000000000000e+01
-2.300000000000000000e+01
-2.200000000000000000e+01
-2.100000000000000000e+01
-2.000000000000000000e+01
-1.900000000000000000e+01
-1.800000000000000000e+01
-1.700000000000000000e+01
-1.600000000000000000e+01
-1.500000000000000000e+01
-1.400000000000000000e+01
-1.300000000000000000e+01
-1.200000000000000000e+01
-1.100000000000000000e+01
-1.000000000000000000e+01
-9.000000000000000000e+00
-8.000000000000000000e+00
-7.000000000000000000e+00
-6.000000000000000000e+00
-5.000000000000000000e+00
-4.000000000000000000e+00
-3.000000000000000000e+00
-2.000000000000000000e+00
-1.000000000000000000e+00
0.000000000000000000e+00
1.000000000000000000e+00
2.000000000000000000e+00
3.000000000000000000e+00
4.000000000000000000e+00
5.000000000000000000e+00
6.000000000000000000e+00
7.000000000000000000e+00
8.000000000000000000e+00
9.000000000000000000e+00
1.000000000000000000e+01
1.100000000000000000e+01
1.200000000000000000e+01
1.300000000000000000e+01
1.400000000000000000e+01
1.500000000000000000e+01
1.600000000000000000e+01
1.700000000000000000e+01
1.800000000000000000e+01
1.900000000000000000e+01
2.000000000000000000e+01
2.100000000000000000e+01
2.200000000000000000e+01
2.300000000000000000e+01
2.400000000000000000e+01
2.500000000000000000e+01
2.600000000000000000e+01
2.700000000000000000e+01
2.800000000000000000e+01
2.900000000000000000e+01
3.000000000000000000e+01
3.100000000000000000e+01
3.200000000000000000e+01
3.300000000000000000e+01
3.400000000000000000e+01
3.500000000000000000e+01
3.600000000000000000e+01
3.700000000000000000e+01
3.800000000000000000e+01
3.900000000000000000e+01
4.000000000000000000e+01
4.100000000000000000e+01
4.200000000000000000e+01
4.300000000000000000e+01
4.400000000000000000e+01
4.500000000000000000e+01
4.600000000000000000e+01
4.700000000000000000e+01
4.800000000000000000e+01
4.900000000000000000e+01
5.000000000000000000e+01
5.100000000000000000e+01
5.200000000000000000e+01
5.300000000000000000e+01
5.400000000000000000e+01
5.500000000000000000e+01
5.600000000000000000e+01
5.700000000000000000e+01
5.800000000000000000e+01
5.900000000000000000e+01
6.000000000000000000e+01
6.100000000000000000e+01
6.200000000000000000e+01
6.300000000000000000e+01
6.400000000000000000e+01
6.500000000000000000e+01
6.600000000000000000e+01
6.700000000000000000e+01
6.800000000000000000e+01
6.900000000000000000e+01
7.000000000000000000e+01
7.100000000000000000e+01
7.200000000000000000e+01
7.300000000000000000e+01
7.400000000000000000e+01
7.500000000000000000e+01
7.600000000000000000e+01
7.700000000000000000e+01
7.800000000000000000e+01
7.900000000000000000e+01
8.000000000000000000e+01
8.100000000000000000e+01
8.200000000000000000e+01
8.300000000000000000e+01
8.400000000000000000e+01
8.500000000000000000e+01
8.600000000000000000e+01
8.700000000000000000e+01
8.800000000000000000e+01
8.900000000000000000e+01
9.000000000000000000e+01
9.100000000000000000e+01
9.200000000000000000e+01
9.300000000000000000e+01
9.400000000000000000e+01
9.500000000000000000e+01
9.600000000000000000e+01
9.700000000000000000e+01
9.800000000000000000e+01
9.900000000000000000e+01
