single photon fraction:    0.0382
laser fraction:    0.3550
thermal source fraction:    0.2901
non-detected fraction:    0.3168
number of bins:  200.0000
bin width (ns):    1.0000
average detection events per bin: 5000.0000

# binary result
0.000000000000000000e+00

# g2 signal
9.863062038679828447e-01
9.754256643500592849e-01
1.025417332405383464e+00
1.028063950125959414e+00
9.974808120215258311e-01
1.012772381073742567e+00
1.026005469676622539e+00
9.551349284923100758e-01
1.020418165599850990e+00
9.707205661801464602e-01
1.016301204701177241e+00
9.933638511228520818e-01
9.783663507062548836e-01
9.698383602732878472e-01
9.960104688434280318e-01
9.977748806571453688e-01
1.006596939725731943e+00
1.001009635648960394e+00
9.989511551996236305e-01
1.021006302871090066e+00
1.004244390640775642e+00
9.986570865640040928e-01
9.971867433859062935e-01
9.704264975445269226e-01
1.004244390640775642e+00
9.974808120215258311e-01
9.998333611064822435e-01
1.021888508777948790e+00
1.013654586980601291e+00
9.854239979611241207e-01
1.000715567013340968e+00
9.610163012047011621e-01
9.868943411392219200e-01
1.003362184733916918e+00
1.003950322005155993e+00
9.866002725036023824e-01
9.918935079447542824e-01
9.718968407226247219e-01
9.930697824872325441e-01
9.860121352323631960e-01
1.003362184733916918e+00
1.011596106531264416e+00
1.019241891057372840e+00
1.016007136065557814e+00
9.751315957144397473e-01
1.015713067429938166e+00
1.013360518344981642e+00
9.727790466294833349e-01
9.924816452159934688e-01
1.018653753786133764e+00
1.011007969260025341e+00
1.026593606947861614e+00
9.804248311555917583e-01
9.930697824872325441e-01
1.011596106531264416e+00
9.948341943009498811e-01
9.963045374790476805e-01
1.021300371506709714e+00
1.011302037895644768e+00
9.645451248321358362e-01
1.001303704284580043e+00
1.040708901457600311e+00
9.827773802405481707e-01
1.006596939725731943e+00
1.018359685150514116e+00
1.021888508777948790e+00
1.007479145632590667e+00
9.880706156817001817e-01
1.025123263769763815e+00
1.012478312438123140e+00
9.986570865640040928e-01
9.907172334022761317e-01
9.824833116049286330e-01
9.736612525363419479e-01
9.954223315721889565e-01
9.963045374790476805e-01
9.918935079447542824e-01
1.017183410608035965e+00
1.018947822421753191e+00
9.913053706735152071e-01
1.057764882323534383e+00
1.027181744219100690e+00
9.718968407226247219e-01
1.005126596547634144e+00
9.780722820706353460e-01
1.004538459276395068e+00
9.983630179283845552e-01
1.002185910191438767e+00
9.989511551996236305e-01
1.022770714684807514e+00
1.013654586980601291e+00
1.004832527912014717e+00
1.010713900624405692e+00
9.836595861474067837e-01
9.971867433859062935e-01
9.942460570297108058e-01
9.942460570297108058e-01
9.795426252487330343e-01
1.021594440142329141e+00
1.002185910191438767e+00
1.385651411039336534e+00
9.766019388925375466e-01
9.692502230020486609e-01
9.886587529529392571e-01
1.002774047462677842e+00
9.992452238352431682e-01
1.003656253369536566e+00
1.026299538312242188e+00
9.921875765803739311e-01
9.971867433859062935e-01
1.007773214268210316e+00
9.851299293255045830e-01
9.871884097748414577e-01
9.804248311555917583e-01
9.833655175117872460e-01
9.704264975445269226e-01
1.014830861523079442e+00
1.014536792887460015e+00
1.003656253369536566e+00
1.008949488810688466e+00
1.010713900624405692e+00
9.595459580266034738e-01
9.907172334022761317e-01
1.001597772920199692e+00
9.936579197584716194e-01
1.016007136065557814e+00
1.014242724251840366e+00
9.986570865640040928e-01
9.968926747502867558e-01
9.989511551996236305e-01
1.001303704284580043e+00
1.003656253369536566e+00
9.857180665967436584e-01
1.016007136065557814e+00
9.963045374790476805e-01
1.036591940558926561e+00
9.427840457962888276e-01
9.860121352323631960e-01
1.008067282903829742e+00
1.009831694717547190e+00
9.860121352323631960e-01
9.818951743336894467e-01
1.006008802454492868e+00
9.918935079447542824e-01
9.963045374790476805e-01
1.041297038728839386e+00
9.986570865640040928e-01
1.003068116098297269e+00
9.766019388925375466e-01
9.995392924708627058e-01
9.977748806571453688e-01
1.018065616514894689e+00
9.880706156817001817e-01
1.001597772920199692e+00
9.868943411392219200e-01
1.008655420175068818e+00
9.766019388925375466e-01
9.616044384759403485e-01
1.011890175166884065e+00
9.586637521197447498e-01
1.003362184733916918e+00
9.889528215885587947e-01
1.014242724251840366e+00
1.008655420175068818e+00
1.007185076996971018e+00
9.898350274954174077e-01
9.780722820706353460e-01
1.019830028328611915e+00
1.001597772920199692e+00
1.002479978827058194e+00
1.019241891057372840e+00
9.630747816540380368e-01
1.024829195134144388e+00
9.742493898075811343e-01
9.813070370624503713e-01
9.910113020378956694e-01
1.000127429742101892e+00
1.028652087397198489e+00
9.880706156817001817e-01
1.009831694717547190e+00
1.010713900624405692e+00
9.757197329856788226e-01
9.913053706735152071e-01
1.020418165599850990e+00
9.918935079447542824e-01
1.014242724251840366e+00
9.901290961310370564e-01
1.025123263769763815e+00
1.037768215101404712e+00
1.001009635648960394e+00
9.895409588597978701e-01
9.986570865640040928e-01
1.002479978827058194e+00
9.724849779938637973e-01
1.019535959692992266e+00
9.766019388925375466e-01
1.011302037895644768e+00
9.921875765803739311e-01
9.918935079447542824e-01
1.013948655616220940e+00

# time bin value
-1.000000000000000000e+02
-9.900000000000000000e+01
-9.800000000000000000e+01
-9.700000000000000000e+01
-9.600000000000000000e+01
-9.500000000000000000e+01
-9.400000000000000000e+01
-9.300000000000000000e+01
-9.200000000000000000e+01
-9.100000000000000000e+01
-9.000000000000000000e+01
-8.900000000000000000e+01
-8.800000000000000000e+01
-8.700000000000000000e+01
-8.600000000000000000e+01
-8.500000000000000000e+01
-8.400000000000000000e+01
-8.300000000000000000e+01
-8.200000000000000000e+01
-8.100000000000000000e+01
-8.000000000000000000e+01
-7.900000000000000000e+01
-7.800000000000000000e+01
-7.700000000000000000e+01
-7.600000000000000000e+01
-7.500000000000000000e+01
-7.400000000000000000e+01
-7.300000000000000000e+01
-7.200000000000000000e+01
-7.100000000000000000e+01
-7.000000000000000000e+01
-6.900000000000000000e+01
-6.800000000000000000e+01
-6.700000000000000000e+01
-6.600000000000000000e+01
-6.500000000000000000e+01
-6.400000000000000000e+01
-6.300000000000000000e+01
-6.200000000000000000e+01
-6.100000000000000000e+01
-6.000000000000000000e+01
-5.900000000000000000e+01
-5.800000000000000000e+01
-5.700000000000000000e+01
-5.600000000000000000e+01
-5.500000000000000000e+01
-5.400000000000000000e+01
-5.300000000000000000e+01
-5.200000000000000000e+01
-5.100000000000000000e+01
-5.000000000000000000e+01
-4.900000000000000000e+01
-4.800000000000000000e+01
-4.700000000000000000e+01
-4.600000000000000000e+01
-4.500000000000000000e+01
-4.400000000000000000e+01
-4.300000000000000000e+01
-4.200000000000000000e+01
-4.100000000000000000e+01
-4.000000000000000000e+01
-3.900000000000000000e+01
-3.800000000000000000e+01
-3.700000000000000000e+01
-3.600000000000000000e+01
-3.500000000000000000e+01
-3.400000000000000000e+01
-3.300000000000000000e+01
-3.200000000000000000e+01
-3.100000000000000000e+01
-3.000000000000000000e+01
-2.900000000000000000e+01
-2.800000000000000000e+01
-2.700000000000000000e+01
-2.600000000000000000e+01
-2.500000000000000000e+01
-2.400000000000000000e+01
-2.300000000000000000e+01
-2.200000000000000000e+01
-2.100000000000000000e+01
-2.000000000000000000e+01
-1.900000000000000000e+01
-1.800000000000000000e+01
-1.700000000000000000e+01
-1.600000000000000000e+01
-1.500000000000000000e+01
-1.400000000000000000e+01
-1.300000000000000000e+01
-1.200000000000000000e+01
-1.100000000000000000e+01
-1.000000000000000000e+01
-9.000000000000000000e+00
-8.000000000000000000e+00
-7.000000000000000000e+00
-6.000000000000000000e+00
-5.000000000000000000e+00
-4.000000000000000000e+00
-3.000000000000000000e+00
-2.000000000000000000e+00
-1.000000000000000000e+00
0.000000000000000000e+00
1.000000000000000000e+00
2.000000000000000000e+00
3.000000000000000000e+00
4.000000000000000000e+00
5.000000000000000000e+00
6.000000000000000000e+00
7.000000000000000000e+00
8.000000000000000000e+00
9.000000000000000000e+00
1.000000000000000000e+01
1.100000000000000000e+01
1.200000000000000000e+01
1.300000000000000000e+01
1.400000000000000000e+01
1.500000000000000000e+01
1.600000000000000000e+01
1.700000000000000000e+01
1.800000000000000000e+01
1.900000000000000000e+01
2.000000000000000000e+01
2.100000000000000000e+01
2.200000000000000000e+01
2.300000000000000000e+01
2.400000000000000000e+01
2.500000000000000000e+01
2.600000000000000000e+01
2.700000000000000000e+01
2.800000000000000000e+01
2.900000000000000000e+01
3.000000000000000000e+01
3.100000000000000000e+01
3.200000000000000000e+01
3.300000000000000000e+01
3.400000000000000000e+01
3.500000000000000000e+01
3.600000000000000000e+01
3.700000000000000000e+01
3.800000000000000000e+01
3.900000000000000000e+01
4.000000000000000000e+01
4.100000000000000000e+01
4.200000000000000000e+01
4.300000000000000000e+01
4.400000000000000000e+01
4.500000000000000000e+01
4.600000000000000000e+01
4.700000000000000000e+01
4.800000000000000000e+01
4.900000000000000000e+01
5.000000000000000000e+01
5.100000000000000000e+01
5.200000000000000000e+01
5.300000000000000000e+01
5.400000000000000000e+01
5.500000000000000000e+01
5.600000000000000000e+01
5.700000000000000000e+01
5.800000000000000000e+01
5.900000000000000000e+01
6.000000000000000000e+01
6.100000000000000000e+01
6.200000000000000000e+01
6.300000000000000000e+01
6.400000000000000000e+01
6.500000000000000000e+01
6.600000000000000000e+01
6.700000000000000000e+01
6.800000000000000000e+01
6.900000000000000000e+01
7.000000000000000000e+01
7.100000000000000000e+01
7.200000000000000000e+01
7.300000000000000000e+01
7.400000000000000000e+01
7.500000000000000000e+01
7.600000000000000000e+01
7.700000000000000000e+01
7.800000000000000000e+01
7.900000000000000000e+01
8.000000000000000000e+01
8.100000000000000000e+01
8.200000000000000000e+01
8.300000000000000000e+01
8.400000000000000000e+01
8.500000000000000000e+01
8.600000000000000000e+01
8.700000000000000000e+01
8.800000000000000000e+01
8.900000000000000000e+01
9.000000000000000000e+01
9.100000000000000000e+01
9.200000000000000000e+01
9.300000000000000000e+01
9.400000000000000000e+01
9.500000000000000000e+01
9.600000000000000000e+01
9.700000000000000000e+01
9.800000000000000000e+01
9.900000000000000000e+01
