single photon fraction:    0.1562
laser fraction:    0.4297
thermal source fraction:    0.0938
non-detected fraction:    0.3203
number of bins:  200.0000
bin width (ns):    1.0000
average detection events per bin: 5000.0000

# binary result
0.000000000000000000e+00

# g2 signal
1.002566973187093424e+00
9.999084278840045803e-01
9.857295196008636351e-01
1.019995214618454327e+00
9.804124289946857251e-01
1.016450487547668979e+00
9.948867312003921715e-01
1.001090003574266252e+00
1.017927457160496152e+00
1.010838003018925679e+00
9.842525499880364626e-01
9.928189737424341077e-01
1.001385397496831864e+00
9.762769140787695976e-01
9.804124289946857251e-01
1.012905760476883854e+00
9.739137626982461438e-01
9.807078229172512263e-01
9.830709742977746801e-01
9.969544886583502352e-01
1.031515577598506317e+00
9.854341256782981340e-01
1.019995214618454327e+00
1.009065639483533117e+00
1.008179457715836724e+00
9.780492776141622713e-01
9.910466102070414340e-01
1.005225518490182379e+00
1.004043942799920819e+00
1.004339336722486209e+00
9.886834588265179802e-01
1.025903093069763017e+00
1.019109032850757934e+00
9.972498825809156253e-01
1.041263577043165744e+00
9.934097615875649989e-01
1.027380062682590189e+00
1.002862367109659036e+00
9.972498825809156253e-01
1.023244547766674062e+00
1.015268911857407419e+00
1.012019578709187462e+00
1.030924789753375537e+00
9.869110952911254175e-01
1.017041275392799982e+00
9.895696405942142615e-01
1.003157761032224427e+00
1.014973517934841807e+00
9.913420041296069352e-01
9.765723080013350987e-01
1.004339336722486209e+00
9.792308533044240537e-01
1.015859699702538199e+00
9.798216411495548339e-01
9.801170350721203350e-01
9.626887936407595436e-01
9.688920660146337349e-01
1.019109032850757934e+00
9.866157013685599164e-01
1.013791942244580246e+00
9.854341256782981340e-01
1.005225518490182379e+00
1.022653759921543282e+00
9.898650345167797626e-01
9.984314582711774078e-01
9.999084278840045803e-01
1.012610366554318464e+00
1.002862367109659036e+00
1.007588669870705944e+00
9.815940046849475076e-01
9.742091566208115339e-01
9.869110952911254175e-01
9.928189737424341077e-01
9.957729129680884528e-01
9.954775190455230627e-01
1.002566973187093424e+00
1.016155093625103589e+00
1.019995214618454327e+00
9.963637008132193440e-01
1.016450487547668979e+00
1.001090003574266252e+00
1.006407094180444162e+00
9.851387317557327439e-01
1.007293275948140554e+00
1.001090003574266252e+00
1.030924789753375537e+00
1.010838003018925679e+00
1.011133396941491291e+00
9.798216411495548339e-01
9.945913372778267814e-01
1.013201154399449244e+00
1.000499215729135472e+00
9.866157013685599164e-01
9.854341256782981340e-01
1.016450487547668979e+00
9.889788527490833703e-01
1.002862367109659036e+00
9.880926709813870890e-01
9.922281858973032165e-01
9.665289146341101700e-01
8.891357069219656406e-01
1.018813638928192544e+00
1.026493880914894019e+00
9.647565510987176074e-01
9.987268521937427979e-01
9.987268521937427979e-01
1.011428790864056682e+00
1.002566973187093424e+00
9.854341256782981340e-01
9.866157013685599164e-01
9.948867312003921715e-01
1.002566973187093424e+00
1.014087336167145637e+00
1.024721517379501234e+00
1.004339336722486209e+00
1.018813638928192544e+00
9.916373980521723253e-01
9.951821251229575616e-01
9.818893986075128977e-01
9.984314582711774078e-01
9.975452765034811264e-01
1.008474851638402336e+00
9.922281858973032165e-01
1.006702488103009552e+00
9.990222461163082990e-01
9.842525499880364626e-01
1.009065639483533117e+00
9.644611571761521063e-01
1.006407094180444162e+00
1.001680791419397254e+00
9.818893986075128977e-01
1.003157761032224427e+00
1.020881396386150719e+00
1.003748548877355207e+00
1.038309637817511399e+00
1.009951821251229509e+00
9.700736417048954063e-01
9.931143676649994978e-01
9.821847925300783988e-01
1.020586002463585107e+00
1.014087336167145637e+00
9.895696405942142615e-01
1.024721517379501234e+00
9.957729129680884528e-01
1.006407094180444162e+00
1.009361033406098507e+00
1.005520912412747991e+00
9.665289146341101700e-01
9.798216411495548339e-01
9.863203074459945263e-01
9.910466102070414340e-01
9.889788527490833703e-01
9.792308533044240537e-01
1.015268911857407419e+00
1.008179457715836724e+00
1.036241880359553447e+00
1.010542609096360289e+00
9.709598234725917987e-01
1.024130729534370454e+00
1.001090003574266252e+00
9.966590947357847341e-01
9.830709742977746801e-01
9.966590947357847341e-01
9.922281858973032165e-01
9.697782477823300162e-01
1.024426123456935844e+00
1.002271579264528034e+00
1.035651092514422444e+00
1.032401759366202709e+00
1.011428790864056682e+00
9.984314582711774078e-01
9.647565510987176074e-01
9.984314582711774078e-01
1.012019578709187462e+00
9.937051555101303890e-01
1.003157761032224427e+00
1.012314972631752852e+00
1.013791942244580246e+00
1.014678124012276417e+00
9.960683068906539539e-01
9.812986107623820065e-01
9.842525499880364626e-01
1.030334001908244534e+00
9.922281858973032165e-01
9.798216411495548339e-01
9.916373980521723253e-01
9.609164301053668700e-01
9.833663682203400702e-01
9.783446715367276614e-01
1.012019578709187462e+00
9.449651582868332511e-01
1.032401759366202709e+00
1.024426123456935844e+00
9.990222461163082990e-01
9.901604284393451527e-01
1.000794609651700862e+00
9.656427328664138887e-01
1.004634730645051599e+00
1.004634730645051599e+00
9.872064892136908076e-01

# time bin value
-1.000000000000000000e+02
-9.900000000000000000e+01
-9.800000000000000000e+01
-9.700000000000000000e+01
-9.600000000000000000e+01
-9.500000000000000000e+01
-9.400000000000000000e+01
-9.300000000000000000e+01
-9.200000000000000000e+01
-9.100000000000000000e+01
-9.000000000000000000e+01
-8.900000000000000000e+01
-8.800000000000000000e+01
-8.700000000000000000e+01
-8.600000000000000000e+01
-8.500000000000000000e+01
-8.400000000000000000e+01
-8.300000000000000000e+01
-8.200000000000000000e+01
-8.100000000000000000e+01
-8.000000000000000000e+01
-7.900000000000000000e+01
-7.800000000000000000e+01
-7.700000000000000000e+01
-7.600000000000000000e+01
-7.500000000000000000e+01
-7.400000000000000000e+01
-7.300000000000000000e+01
-7.200000000000000000e+01
-7.100000000000000000e+01
-7.000000000000000000e+01
-6.900000000000000000e+01
-6.800000000000000000e+01
-6.700000000000000000e+01
-6.600000000000000000e+01
-6.500000000000000000e+01
-6.400000000000000000e+01
-6.300000000000000000e+01
-6.200000000000000000e+01
-6.100000000000000000e+01
-6.000000000000000000e+01
-5.900000000000000000e+01
-5.800000000000000000e+01
-5.700000000000000000e+01
-5.600000000000000000e+01
-5.500000000000000000e+01
-5.400000000000000000e+01
-5.300000000000000000e+01
-5.200000000000000000e+01
-5.100000000000000000e+01
-5.000000000000000000e+01
-4.900000000000000000e+01
-4.800000000000000000e+01
-4.700000000000000000e+01
-4.600000000000000000e+01
-4.500000000000000000e+01
-4.400000000000000000e+01
-4.300000000000000000e+01
-4.200000000000000000e+01
-4.100000000000000000e+01
-4.000000000000000000e+01
-3.900000000000000000e+01
-3.800000000000000000e+01
-3.700000000000000000e+01
-3.600000000000000000e+01
-3.500000000000000000e+01
-3.400000000000000000e+01
-3.300000000000000000e+01
-3.200000000000000000e+01
-3.100000000000000000e+01
-3.000000000000000000e+01
-2.900000000000000000e+01
-2.800000000000000000e+01
-2.700000000000000000e+01
-2.600000000000000000e+01
-2.500000000000000000e+01
-2.400000000000000000e+01
-2.300000000000000000e+01
-2.200000000000000000e+01
-2.100000000000000000e+01
-2.000000000000000000e+01
-1.900000000000000000e+01
-1.800000000000000000e+01
-1.700000000000000000e+01
-1.600000000000000000e+01
-1.500000000000000000e+01
-1.400000000000000000e+01
-1.300000000000000000e+01
-1.200000000000000000e+01
-1.100000000000000000e+01
-1.000000000000000000e+01
-9.000000000000000000e+00
-8.000000000000000000e+00
-7.000000000000000000e+00
-6.000000000000000000e+00
-5.000000000000000000e+00
-4.000000000000000000e+00
-3.000000000000000000e+00
-2.000000000000000000e+00
-1.000000000000000000e+00
0.000000000000000000e+00
1.000000000000000000e+00
2.000000000000000000e+00
3.000000000000000000e+00
4.000000000000000000e+00
5.000000000000000000e+00
6.000000000000000000e+00
7.000000000000000000e+00
8.000000000000000000e+00
9.000000000000000000e+00
1.000000000000000000e+01
1.100000000000000000e+01
1.200000000000000000e+01
1.300000000000000000e+01
1.400000000000000000e+01
1.500000000000000000e+01
1.600000000000000000e+01
1.700000000000000000e+01
1.800000000000000000e+01
1.900000000000000000e+01
2.000000000000000000e+01
2.100000000000000000e+01
2.200000000000000000e+01
2.300000000000000000e+01
2.400000000000000000e+01
2.500000000000000000e+01
2.600000000000000000e+01
2.700000000000000000e+01
2.800000000000000000e+01
2.900000000000000000e+01
3.000000000000000000e+01
3.100000000000000000e+01
3.200000000000000000e+01
3.300000000000000000e+01
3.400000000000000000e+01
3.500000000000000000e+01
3.600000000000000000e+01
3.700000000000000000e+01
3.800000000000000000e+01
3.900000000000000000e+01
4.000000000000000000e+01
4.100000000000000000e+01
4.200000000000000000e+01
4.300000000000000000e+01
4.400000000000000000e+01
4.500000000000000000e+01
4.600000000000000000e+01
4.700000000000000000e+01
4.800000000000000000e+01
4.900000000000000000e+01
5.000000000000000000e+01
5.100000000000000000e+01
5.200000000000000000e+01
5.300000000000000000e+01
5.400000000000000000e+01
5.500000000000000000e+01
5.600000000000000000e+01
5.700000000000000000e+01
5.800000000000000000e+01
5.900000000000000000e+01
6.000000000000000000e+01
6.100000000000000000e+01
6.200000000000000000e+01
6.300000000000000000e+01
6.400000000000000000e+01
6.500000000000000000e+01
6.600000000000000000e+01
6.700000000000000000e+01
6.800000000000000000e+01
6.900000000000000000e+01
7.000000000000000000e+01
7.100000000000000000e+01
7.200000000000000000e+01
7.300000000000000000e+01
7.400000000000000000e+01
7.500000000000000000e+01
7.600000000000000000e+01
7.700000000000000000e+01
7.800000000000000000e+01
7.900000000000000000e+01
8.000000000000000000e+01
8.100000000000000000e+01
8.200000000000000000e+01
8.300000000000000000e+01
8.400000000000000000e+01
8.500000000000000000e+01
8.600000000000000000e+01
8.700000000000000000e+01
8.800000000000000000e+01
8.900000000000000000e+01
9.000000000000000000e+01
9.100000000000000000e+01
9.200000000000000000e+01
9.300000000000000000e+01
9.400000000000000000e+01
9.500000000000000000e+01
9.600000000000000000e+01
9.700000000000000000e+01
9.800000000000000000e+01
9.900000000000000000e+01
