single photon fraction:    0.3762
laser fraction:    0.3762
thermal source fraction:    0.0396
non-detected fraction:    0.2079
number of bins:  200.0000
bin width (ns):    1.0000
average detection events per bin: 5000.0000

# binary result
0.000000000000000000e+00

# g2 signal
1.009431181844974823e+00
9.784343018587964291e-01
1.019594093315853156e+00
9.929164507047978372e-01
9.789424474323403791e-01
9.992682703740967121e-01
9.718284094027256348e-01
1.003333434962448090e+00
9.776720834984806707e-01
1.019085947742309095e+00
9.906297956238503399e-01
9.878349949693587817e-01
1.032805878227994745e+00
1.002571216602132109e+00
9.725906277630415042e-01
1.013496346433326201e+00
9.779261562852525902e-01
9.941868146386576566e-01
1.000538634307956531e+00
9.977438336534649732e-01
9.913920139841662094e-01
9.934245962783417871e-01
1.005111944469851748e+00
9.741150644836732431e-01
1.018831874955537176e+00
9.959653241460613149e-01
1.009685254631746965e+00
9.982519792270089232e-01
1.005874162830167506e+00
9.921542323444819678e-01
9.944408874254295760e-01
9.969816152931491038e-01
9.746232100572171930e-01
9.891053589032186011e-01
1.038903625110521700e+00
9.921542323444819678e-01
1.001554925455044431e+00
9.761476467778489319e-01
9.992682703740967121e-01
9.901216500503063900e-01
1.023913330690976231e+00
1.012734128073010220e+00
1.006636381190483487e+00
1.021372602823256814e+00
9.893594316899905206e-01
1.034584387735398403e+00
1.003841580535991929e+00
1.005874162830167506e+00
9.845320487413233845e-01
9.769098651381648013e-01
1.014512637580414101e+00
1.002571216602132109e+00
9.939327418518857371e-01
9.946949602122016065e-01
9.855483398884111734e-01
9.794505930058843290e-01
1.011971909712694462e+00
9.888512861164465706e-01
9.962193969328333454e-01
9.878349949693587817e-01
1.012225982499466381e+00
9.860564854619551234e-01
1.005366017256623667e+00
1.028740713639643367e+00
1.018323729381993337e+00
1.017053365448133517e+00
1.020102238889396995e+00
1.029248859213187428e+00
1.004603798896307687e+00
1.009431181844974823e+00
1.002571216602132109e+00
1.005111944469851748e+00
1.006382308403711567e+00
9.817372480868319373e-01
1.020610384462940834e+00
9.990141975873247926e-01
1.004095653322763848e+00
9.911379411973941789e-01
9.855483398884111734e-01
9.710661910424097654e-01
1.034330314948626484e+00
1.010193400205290803e+00
9.873268493958148317e-01
1.003587507749220009e+00
9.977438336534649732e-01
9.776720834984806707e-01
1.008668963484659065e+00
9.982519792270089232e-01
1.006128235616939426e+00
1.010447472992062723e+00
9.919001595577100483e-01
1.000792707094728451e+00
1.007906745124343084e+00
1.025691840198380111e+00
9.911379411973941789e-01
1.028994786426415509e+00
1.016037074301045839e+00
9.916460867709381288e-01
1.009177109058202904e+00
9.908838684106222594e-01
5.584519853247558174e-01
1.036616970029573981e+00
9.875809221825868622e-01
9.964734697196052648e-01
9.903757228370783094e-01
1.015528928727501778e+00
1.027724422492555689e+00
9.964734697196052648e-01
1.034076242161854564e+00
1.033059951014766664e+00
9.893594316899905206e-01
1.007906745124343084e+00
9.990141975873247926e-01
9.695417543217780265e-01
9.830076120206916457e-01
1.002317143815360190e+00
1.017307438234905437e+00
1.018831874955537176e+00
9.776720834984806707e-01
1.008414890697887145e+00
9.901216500503063900e-01
1.025691840198380111e+00
9.972356880799211343e-01
9.769098651381648013e-01
9.987601248005528731e-01
9.863105582487270429e-01
9.954571785725174760e-01
9.929164507047978372e-01
9.979979064402370037e-01
1.005874162830167506e+00
1.011971909712694462e+00
1.023405185117432392e+00
1.024421476264520292e+00
9.832616848074635651e-01
1.005111944469851748e+00
1.002317143815360190e+00
9.944408874254295760e-01
1.006128235616939426e+00
1.028740713639643367e+00
1.012988200859782362e+00
1.008414890697887145e+00
1.030773295933819167e+00
9.979979064402370037e-01
9.880890677561307012e-01
1.015020783153957940e+00
1.017561511021677356e+00
9.906297956238503399e-01
1.002571216602132109e+00
9.804668841529721179e-01
1.020102238889396995e+00
1.001808998241816351e+00
9.898675772635344705e-01
9.934245962783417871e-01
1.001046779881500370e+00
1.029757004786731267e+00
1.007144526764027326e+00
1.003587507749220009e+00
1.020102238889396995e+00
1.001808998241816351e+00
9.924083051312539983e-01
1.002571216602132109e+00
1.011463764139150623e+00
1.011971909712694462e+00
1.012734128073010220e+00
1.023151112330660473e+00
1.023405185117432392e+00
1.005620090043395587e+00
9.893594316899905206e-01
9.982519792270089232e-01
1.014258564793641959e+00
1.020102238889396995e+00
9.756395012043049819e-01
1.011971909712694462e+00
9.776720834984806707e-01
1.030011077573503186e+00
9.896135044767624400e-01
1.017307438234905437e+00
1.040173989044381297e+00
1.009431181844974823e+00
1.025437767411607970e+00
1.017307438234905437e+00
9.743691372704451625e-01
9.936786690651137066e-01
1.021880748396800653e+00
9.850401943148673345e-01
9.835157575942355956e-01
1.007906745124343084e+00
9.924083051312539983e-01
1.030773295933819167e+00
1.020356311676168914e+00
1.013242273646554281e+00
1.017307438234905437e+00
9.995223431608687426e-01
9.949490329989735260e-01
9.908838684106222594e-01
1.008923036271430984e+00
1.011717836925922542e+00
1.021626675610028734e+00
1.017815583808449498e+00
1.005620090043395587e+00

# time bin value
-1.000000000000000000e+02
-9.900000000000000000e+01
-9.800000000000000000e+01
-9.700000000000000000e+01
-9.600000000000000000e+01
-9.500000000000000000e+01
-9.400000000000000000e+01
-9.300000000000000000e+01
-9.200000000000000000e+01
-9.100000000000000000e+01
-9.000000000000000000e+01
-8.900000000000000000e+01
-8.800000000000000000e+01
-8.700000000000000000e+01
-8.600000000000000000e+01
-8.500000000000000000e+01
-8.400000000000000000e+01
-8.300000000000000000e+01
-8.200000000000000000e+01
-8.100000000000000000e+01
-8.000000000000000000e+01
-7.900000000000000000e+01
-7.800000000000000000e+01
-7.700000000000000000e+01
-7.600000000000000000e+01
-7.500000000000000000e+01
-7.400000000000000000e+01
-7.300000000000000000e+01
-7.200000000000000000e+01
-7.100000000000000000e+01
-7.000000000000000000e+01
-6.900000000000000000e+01
-6.800000000000000000e+01
-6.700000000000000000e+01
-6.600000000000000000e+01
-6.500000000000000000e+01
-6.400000000000000000e+01
-6.300000000000000000e+01
-6.200000000000000000e+01
-6.100000000000000000e+01
-6.000000000000000000e+01
-5.900000000000000000e+01
-5.800000000000000000e+01
-5.700000000000000000e+01
-5.600000000000000000e+01
-5.500000000000000000e+01
-5.400000000000000000e+01
-5.300000000000000000e+01
-5.200000000000000000e+01
-5.100000000000000000e+01
-5.000000000000000000e+01
-4.900000000000000000e+01
-4.800000000000000000e+01
-4.700000000000000000e+01
-4.600000000000000000e+01
-4.500000000000000000e+01
-4.400000000000000000e+01
-4.300000000000000000e+01
-4.200000000000000000e+01
-4.100000000000000000e+01
-4.000000000000000000e+01
-3.900000000000000000e+01
-3.800000000000000000e+01
-3.700000000000000000e+01
-3.600000000000000000e+01
-3.500000000000000000e+01
-3.400000000000000000e+01
-3.300000000000000000e+01
-3.200000000000000000e+01
-3.100000000000000000e+01
-3.000000000000000000e+01
-2.900000000000000000e+01
-2.800000000000000000e+01
-2.700000000000000000e+01
-2.600000000000000000e+01
-2.500000000000000000e+01
-2.400000000000000000e+01
-2.300000000000000000e+01
-2.200000000000000000e+01
-2.100000000000000000e+01
-2.000000000000000000e+01
-1.900000000000000000e+01
-1.800000000000000000e+01
-1.700000000000000000e+01
-1.600000000000000000e+01
-1.500000000000000000e+01
-1.400000000000000000e+01
-1.300000000000000000e+01
-1.200000000000000000e+01
-1.100000000000000000e+01
-1.000000000000000000e+01
-9.000000000000000000e+00
-8.000000000000000000e+00
-7.000000000000000000e+00
-6.000000000000000000e+00
-5.000000000000000000e+00
-4.000000000000000000e+00
-3.000000000000000000e+00
-2.000000000000000000e+00
-1.000000000000000000e+00
0.000000000000000000e+00
1.000000000000000000e+00
2.000000000000000000e+00
3.000000000000000000e+00
4.000000000000000000e+00
5.000000000000000000e+00
6.000000000000000000e+00
7.000000000000000000e+00
8.000000000000000000e+00
9.000000000000000000e+00
1.000000000000000000e+01
1.100000000000000000e+01
1.200000000000000000e+01
1.300000000000000000e+01
1.400000000000000000e+01
1.500000000000000000e+01
1.600000000000000000e+01
1.700000000000000000e+01
1.800000000000000000e+01
1.900000000000000000e+01
2.000000000000000000e+01
2.100000000000000000e+01
2.200000000000000000e+01
2.300000000000000000e+01
2.400000000000000000e+01
2.500000000000000000e+01
2.600000000000000000e+01
2.700000000000000000e+01
2.800000000000000000e+01
2.900000000000000000e+01
3.000000000000000000e+01
3.100000000000000000e+01
3.200000000000000000e+01
3.300000000000000000e+01
3.400000000000000000e+01
3.500000000000000000e+01
3.600000000000000000e+01
3.700000000000000000e+01
3.800000000000000000e+01
3.900000000000000000e+01
4.000000000000000000e+01
4.100000000000000000e+01
4.200000000000000000e+01
4.300000000000000000e+01
4.400000000000000000e+01
4.500000000000000000e+01
4.600000000000000000e+01
4.700000000000000000e+01
4.800000000000000000e+01
4.900000000000000000e+01
5.000000000000000000e+01
5.100000000000000000e+01
5.200000000000000000e+01
5.300000000000000000e+01
5.400000000000000000e+01
5.500000000000000000e+01
5.600000000000000000e+01
5.700000000000000000e+01
5.800000000000000000e+01
5.900000000000000000e+01
6.000000000000000000e+01
6.100000000000000000e+01
6.200000000000000000e+01
6.300000000000000000e+01
6.400000000000000000e+01
6.500000000000000000e+01
6.600000000000000000e+01
6.700000000000000000e+01
6.800000000000000000e+01
6.900000000000000000e+01
7.000000000000000000e+01
7.100000000000000000e+01
7.200000000000000000e+01
7.300000000000000000e+01
7.400000000000000000e+01
7.500000000000000000e+01
7.600000000000000000e+01
7.700000000000000000e+01
7.800000000000000000e+01
7.900000000000000000e+01
8.000000000000000000e+01
8.100000000000000000e+01
8.200000000000000000e+01
8.300000000000000000e+01
8.400000000000000000e+01
8.500000000000000000e+01
8.600000000000000000e+01
8.700000000000000000e+01
8.800000000000000000e+01
8.900000000000000000e+01
9.000000000000000000e+01
9.100000000000000000e+01
9.200000000000000000e+01
9.300000000000000000e+01
9.400000000000000000e+01
9.500000000000000000e+01
9.600000000000000000e+01
9.700000000000000000e+01
9.800000000000000000e+01
9.900000000000000000e+01
