single photon fraction:    0.1069
laser fraction:    0.1950
thermal source fraction:    0.5912
non-detected fraction:    0.1069
number of bins:  200.0000
bin width (ns):    1.0000
average detection events per bin: 5000.0000

# binary result
0.000000000000000000e+00

# g2 signal
9.941164384280706257e-01
1.015488029659269209e+00
9.902920484182772265e-01
9.851178736991449414e-01
1.010088890821913887e+00
9.956911872556326593e-01
1.009638962585467592e+00
9.905170125365003742e-01
9.914168690093929648e-01
1.001765218447657535e+00
1.014138244949930323e+00
1.008964070230798038e+00
1.019987312023732162e+00
9.828682325169134648e-01
1.010313854940136924e+00
9.765692372066654414e-01
9.927666537187317397e-01
1.002440110802326867e+00
1.016162922013938763e+00
1.014138244949930323e+00
1.000415433738318649e+00
9.785939142706737703e-01
1.035734800299352276e+00
9.896171560636077835e-01
1.009413998467244333e+00
9.927666537187317397e-01
1.008064213757905447e+00
9.911919048911698171e-01
9.745445601426572235e-01
1.008739106112575001e+00
9.938914743098474780e-01
9.902920484182772265e-01
1.008514141994351743e+00
1.003339967275219458e+00
9.896171560636077835e-01
1.006939393166789820e+00
1.008964070230798038e+00
9.835431248715829078e-01
1.020662204378401494e+00
9.986157207925334678e-01
9.747695242608803712e-01
1.003789895511665753e+00
1.015712993777492468e+00
1.021562060851294085e+00
1.010988747294806478e+00
1.025161486742864447e+00
1.002890039038773162e+00
9.929916178369548874e-01
9.986157207925334678e-01
9.788188783888969180e-01
1.022236953205963639e+00
9.799436989800126563e-01
9.749944883791035188e-01
1.004014859629889012e+00
9.779190219160043274e-01
9.806185913346820993e-01
9.932165819551780350e-01
9.806185913346820993e-01
9.745445601426572235e-01
1.004014859629889012e+00
9.923167254822855554e-01
9.961411154920789546e-01
9.891672278271614882e-01
1.017962634959723944e+00
9.817434119257977265e-01
1.014363209068153582e+00
9.887172995907151929e-01
9.702702418964174180e-01
1.009189034349021297e+00
9.893921919453846359e-01
9.808435554529052469e-01
1.008964070230798038e+00
9.788188783888969180e-01
1.022911845560632971e+00
9.900670843000540788e-01
9.844429813444754984e-01
9.983907566743104312e-01
9.979408284378641358e-01
9.970409719649715452e-01
9.979408284378641358e-01
9.941164384280706257e-01
9.898421201818309312e-01
1.015263065541046172e+00
1.008064213757905447e+00
9.794937707435663610e-01
1.007164357285013079e+00
1.013688316713484028e+00
9.954662231374095116e-01
9.986157207925334678e-01
1.011438675531252773e+00
9.578972153941445189e-01
1.014363209068153582e+00
9.866926225267069750e-01
1.012338532004145364e+00
9.844429813444754984e-01
9.718449907239794516e-01
9.731947754333183376e-01
9.887172995907151929e-01
9.974909002014178405e-01
9.704952060146405657e-01
1.529306075680928689e+00
9.882673713542688976e-01
9.830931966351366125e-01
1.002890039038773162e+00
9.927666537187317397e-01
9.632963542315000627e-01
9.992906131472029108e-01
9.950162949009632163e-01
9.803936272164589516e-01
9.920917613640624078e-01
9.772441295613348844e-01
9.934415460734011827e-01
1.001540254329434276e+00
9.943414025462937733e-01
9.866926225267069750e-01
1.009863926703690629e+00
1.014588173186376618e+00
1.006489464930343525e+00
9.677956365959629048e-01
1.056656463294104453e+00
9.866926225267069750e-01
9.983907566743104312e-01
1.006264500812120488e+00
1.007389321403236115e+00
9.990656490289797631e-01
1.016612850250385058e+00
9.997405413836492061e-01
9.992906131472029108e-01
1.009638962585467592e+00
1.007164357285013079e+00
9.824183042804671695e-01
9.772441295613348844e-01
9.729698113150951899e-01
9.997405413836492061e-01
9.824183042804671695e-01
1.006714429048566783e+00
1.010088890821913887e+00
9.808435554529052469e-01
9.857927660538143844e-01
9.997405413836492061e-01
1.017962634959723944e+00
1.015488029659269209e+00
1.016612850250385058e+00
1.023361773797079266e+00
9.830931966351366125e-01
1.023136809678856229e+00
9.972659360831946929e-01
1.000640397856541908e+00
1.020212276141955199e+00
9.907419766547235218e-01
9.932165819551780350e-01
9.932165819551780350e-01
1.009189034349021297e+00
9.905170125365003742e-01
1.002440110802326867e+00
1.015712993777492468e+00
1.010763783176583219e+00
1.004689751984558344e+00
1.004914716102781602e+00
1.001765218447657535e+00
9.923167254822855554e-01
1.000190469620095612e+00
9.833181607533597601e-01
9.929916178369548874e-01
1.016162922013938763e+00
1.009863926703690629e+00
1.033260194998897541e+00
1.006714429048566783e+00
9.945663666645169210e-01
1.006039536693897229e+00
9.871425507631531593e-01
1.000640397856541908e+00
1.021337096733071048e+00
9.702702418964174180e-01
9.959161513738558069e-01
9.790438425071200657e-01
1.008289177876128706e+00
1.000415433738318649e+00
9.752194524973265555e-01
1.006714429048566783e+00
9.916418331276161124e-01
1.013913280831707286e+00
9.653210312955082806e-01
9.783689501524506227e-01
9.520481483203427908e-01
9.844429813444754984e-01
9.938914743098474780e-01
9.821933401622440218e-01
9.938914743098474780e-01
9.979408284378641358e-01
9.902920484182772265e-01
9.684705289506323478e-01
9.731947754333183376e-01
9.952412590191863639e-01
9.945663666645169210e-01
9.747695242608803712e-01
1.024711558506418152e+00
9.893921919453846359e-01
9.761193089702191461e-01
1.007839249639682411e+00

# time bin value
-1.000000000000000000e+02
-9.900000000000000000e+01
-9.800000000000000000e+01
-9.700000000000000000e+01
-9.600000000000000000e+01
-9.500000000000000000e+01
-9.400000000000000000e+01
-9.300000000000000000e+01
-9.200000000000000000e+01
-9.100000000000000000e+01
-9.000000000000000000e+01
-8.900000000000000000e+01
-8.800000000000000000e+01
-8.700000000000000000e+01
-8.600000000000000000e+01
-8.500000000000000000e+01
-8.400000000000000000e+01
-8.300000000000000000e+01
-8.200000000000000000e+01
-8.100000000000000000e+01
-8.000000000000000000e+01
-7.900000000000000000e+01
-7.800000000000000000e+01
-7.700000000000000000e+01
-7.600000000000000000e+01
-7.500000000000000000e+01
-7.400000000000000000e+01
-7.300000000000000000e+01
-7.200000000000000000e+01
-7.100000000000000000e+01
-7.000000000000000000e+01
-6.900000000000000000e+01
-6.800000000000000000e+01
-6.700000000000000000e+01
-6.600000000000000000e+01
-6.500000000000000000e+01
-6.400000000000000000e+01
-6.300000000000000000e+01
-6.200000000000000000e+01
-6.100000000000000000e+01
-6.000000000000000000e+01
-5.900000000000000000e+01
-5.800000000000000000e+01
-5.700000000000000000e+01
-5.600000000000000000e+01
-5.500000000000000000e+01
-5.400000000000000000e+01
-5.300000000000000000e+01
-5.200000000000000000e+01
-5.100000000000000000e+01
-5.000000000000000000e+01
-4.900000000000000000e+01
-4.800000000000000000e+01
-4.700000000000000000e+01
-4.600000000000000000e+01
-4.500000000000000000e+01
-4.400000000000000000e+01
-4.300000000000000000e+01
-4.200000000000000000e+01
-4.100000000000000000e+01
-4.000000000000000000e+01
-3.900000000000000000e+01
-3.800000000000000000e+01
-3.700000000000000000e+01
-3.600000000000000000e+01
-3.500000000000000000e+01
-3.400000000000000000e+01
-3.300000000000000000e+01
-3.200000000000000000e+01
-3.100000000000000000e+01
-3.000000000000000000e+01
-2.900000000000000000e+01
-2.800000000000000000e+01
-2.700000000000000000e+01
-2.600000000000000000e+01
-2.500000000000000000e+01
-2.400000000000000000e+01
-2.300000000000000000e+01
-2.200000000000000000e+01
-2.100000000000000000e+01
-2.000000000000000000e+01
-1.900000000000000000e+01
-1.800000000000000000e+01
-1.700000000000000000e+01
-1.600000000000000000e+01
-1.500000000000000000e+01
-1.400000000000000000e+01
-1.300000000000000000e+01
-1.200000000000000000e+01
-1.100000000000000000e+01
-1.000000000000000000e+01
-9.000000000000000000e+00
-8.000000000000000000e+00
-7.000000000000000000e+00
-6.000000000000000000e+00
-5.000000000000000000e+00
-4.000000000000000000e+00
-3.000000000000000000e+00
-2.000000000000000000e+00
-1.000000000000000000e+00
0.000000000000000000e+00
1.000000000000000000e+00
2.000000000000000000e+00
3.000000000000000000e+00
4.000000000000000000e+00
5.000000000000000000e+00
6.000000000000000000e+00
7.000000000000000000e+00
8.000000000000000000e+00
9.000000000000000000e+00
1.000000000000000000e+01
1.100000000000000000e+01
1.200000000000000000e+01
1.300000000000000000e+01
1.400000000000000000e+01
1.500000000000000000e+01
1.600000000000000000e+01
1.700000000000000000e+01
1.800000000000000000e+01
1.900000000000000000e+01
2.000000000000000000e+01
2.100000000000000000e+01
2.200000000000000000e+01
2.300000000000000000e+01
2.400000000000000000e+01
2.500000000000000000e+01
2.600000000000000000e+01
2.700000000000000000e+01
2.800000000000000000e+01
2.900000000000000000e+01
3.000000000000000000e+01
3.100000000000000000e+01
3.200000000000000000e+01
3.300000000000000000e+01
3.400000000000000000e+01
3.500000000000000000e+01
3.600000000000000000e+01
3.700000000000000000e+01
3.800000000000000000e+01
3.900000000000000000e+01
4.000000000000000000e+01
4.100000000000000000e+01
4.200000000000000000e+01
4.300000000000000000e+01
4.400000000000000000e+01
4.500000000000000000e+01
4.600000000000000000e+01
4.700000000000000000e+01
4.800000000000000000e+01
4.900000000000000000e+01
5.000000000000000000e+01
5.100000000000000000e+01
5.200000000000000000e+01
5.300000000000000000e+01
5.400000000000000000e+01
5.500000000000000000e+01
5.600000000000000000e+01
5.700000000000000000e+01
5.800000000000000000e+01
5.900000000000000000e+01
6.000000000000000000e+01
6.100000000000000000e+01
6.200000000000000000e+01
6.300000000000000000e+01
6.400000000000000000e+01
6.500000000000000000e+01
6.600000000000000000e+01
6.700000000000000000e+01
6.800000000000000000e+01
6.900000000000000000e+01
7.000000000000000000e+01
7.100000000000000000e+01
7.200000000000000000e+01
7.300000000000000000e+01
7.400000000000000000e+01
7.500000000000000000e+01
7.600000000000000000e+01
7.700000000000000000e+01
7.800000000000000000e+01
7.900000000000000000e+01
8.000000000000000000e+01
8.100000000000000000e+01
8.200000000000000000e+01
8.300000000000000000e+01
8.400000000000000000e+01
8.500000000000000000e+01
8.600000000000000000e+01
8.700000000000000000e+01
8.800000000000000000e+01
8.900000000000000000e+01
9.000000000000000000e+01
9.100000000000000000e+01
9.200000000000000000e+01
9.300000000000000000e+01
9.400000000000000000e+01
9.500000000000000000e+01
9.600000000000000000e+01
9.700000000000000000e+01
9.800000000000000000e+01
9.900000000000000000e+01
