single photon fraction:    0.3498
laser fraction:    0.2414
thermal source fraction:    0.3645
non-detected fraction:    0.0443
number of bins:  200.0000
bin width (ns):    1.0000
average detection events per bin: 5000.0000

# binary result
0.000000000000000000e+00

# g2 signal
1.008795762328615897e+00
9.690413004687099541e-01
9.869202912522655469e-01
1.022888613887418474e+00
9.909167715450603042e-01
1.001644166015193571e+00
9.953339339739387670e-01
9.919684768852694567e-01
9.986993910626079662e-01
9.892340430007257046e-01
1.002275189219319129e+00
9.724067575573792643e-01
1.022678272819376621e+00
1.025202365635878632e+00
1.021836908547209211e+00
9.930201822254786093e-01
1.027095435248255084e+00
1.015737017573996148e+00
9.825031288233870841e-01
9.993304142667335244e-01
9.793480128027596265e-01
1.002275189219319129e+00
9.780859663945087323e-01
9.852375627079309472e-01
9.808204002790524845e-01
9.957546161100223614e-01
9.911271126131021569e-01
1.002485530287360982e+00
1.031512597677133547e+00
9.902857483409348571e-01
9.867099501842236942e-01
9.869202912522655469e-01
9.934408643615623147e-01
1.010899173009034202e+00
1.011530196213159538e+00
9.991200731986916717e-01
1.018471451458540011e+00
1.007954398056448486e+00
1.016999063982247264e+00
9.923891590213531622e-01
1.018050769322456306e+00
1.003957917763653729e+00
9.892340430007257046e-01
1.014054289029661549e+00
1.014685312233787107e+00
9.818721056192616370e-01
1.007113033784281297e+00
9.877616555244328467e-01
9.907064304770184515e-01
1.001854507083235424e+00
1.001223483879109866e+00
1.011109514077076055e+00
9.968063214502315139e-01
1.018261110390498159e+00
9.856582448440145416e-01
1.005430305239946476e+00
9.896547251368092990e-01
1.011319855145117685e+00
1.024361001363711221e+00
1.001644166015193571e+00
1.022888613887418474e+00
1.003957917763653729e+00
1.019733497866790906e+00
1.000171778538900824e+00
9.951235929058969143e-01
9.614690220192041448e-01
1.003747576695611876e+00
9.848168805718472418e-01
1.037612488650346609e+00
1.004168258831695582e+00
9.989097321306498189e-01
9.963856393141479195e-01
1.002906212423444687e+00
9.923891590213531622e-01
1.017630087186372601e+00
1.021836908547209211e+00
1.022888613887418474e+00
9.913374536811440096e-01
9.953339339739387670e-01
9.993304142667335244e-01
1.029409186996715242e+00
1.026464412044129526e+00
1.003537235627570023e+00
9.999614374708589715e-01
1.021416226411125727e+00
9.909167715450603042e-01
1.017840428254414453e+00
9.852375627079309472e-01
9.711447111491282591e-01
1.001013142811068235e+00
1.003326894559528171e+00
1.014054289029661549e+00
9.801893770749269263e-01
9.991200731986916717e-01
9.957546161100223614e-01
9.703033468769609593e-01
1.002485530287360982e+00
1.019102474662665569e+00
1.012792242621410654e+00
1.010057808736866791e+00
1.004168258831695582e+00
1.012581901553368802e+00
9.793480128027596265e-01
9.976476857223988137e-01
9.930201822254786093e-01
1.006061328444072034e+00
1.011109514077076055e+00
9.980683678584825191e-01
9.913374536811440096e-01
1.005430305239946476e+00
1.006482010580155739e+00
9.972270035863152193e-01
9.886030197966001465e-01
9.898650662048511517e-01
9.915477947491857513e-01
9.932305232935204620e-01
9.938615464976459091e-01
1.006692351648197592e+00
9.881823376605165521e-01
1.005219964171904623e+00
9.921788179533113095e-01
1.012371560485326949e+00
9.928098411574367566e-01
9.778756253264668796e-01
1.011950878349243244e+00
9.818721056192616370e-01
1.006482010580155739e+00
1.007954398056448486e+00
9.873409733883491413e-01
1.024781683499794926e+00
9.896547251368092990e-01
9.770342610542995798e-01
9.673585719243753545e-01
1.006692351648197592e+00
9.867099501842236942e-01
1.005850987376030181e+00
9.936512054296040564e-01
1.003957917763653729e+00
9.637827737676643025e-01
1.022888613887418474e+00
1.003326894559528171e+00
1.008795762328615897e+00
9.970166625182733666e-01
1.044343402827685008e+00
9.947029107698132089e-01
1.014685312233787107e+00
9.986993910626079662e-01
1.016788722914205412e+00
9.776652842584250269e-01
9.869202912522655469e-01
9.820824466873034897e-01
9.894443840687674463e-01
9.999614374708589715e-01
9.864996091161818415e-01
9.936512054296040564e-01
9.991200731986916717e-01
9.978580267904406664e-01
9.997510964028171188e-01
9.999614374708589715e-01
1.025202365635878632e+00
1.005219964171904623e+00
9.928098411574367566e-01
9.825031288233870841e-01
9.995407553347753771e-01
1.014474971165745254e+00
1.011530196213159538e+00
9.791376717347178849e-01
1.015105994369870812e+00
1.011319855145117685e+00
1.011740537281201391e+00
1.008795762328615897e+00
9.976476857223988137e-01
9.999614374708589715e-01
9.917581358172276040e-01
9.766135789182158744e-01
1.009847467668824939e+00
1.001644166015193571e+00
9.820824466873034897e-01
9.862892680481400998e-01
1.003747576695611876e+00
9.995407553347753771e-01
9.955442750419805087e-01
9.879719965924746994e-01
9.818721056192616370e-01
1.001644166015193571e+00
1.002906212423444687e+00
1.008375080192532192e+00
9.930201822254786093e-01
1.008585421260574044e+00
9.736688039656302696e-01
1.000802801743026382e+00
9.831341520275126422e-01
1.009426785532741233e+00
1.012792242621410654e+00
1.029409186996715242e+00
1.019733497866790906e+00
9.871306323203073996e-01
1.009426785532741233e+00
9.942822286337296145e-01
9.928098411574367566e-01

# time bin value
-1.000000000000000000e+02
-9.900000000000000000e+01
-9.800000000000000000e+01
-9.700000000000000000e+01
-9.600000000000000000e+01
-9.500000000000000000e+01
-9.400000000000000000e+01
-9.300000000000000000e+01
-9.200000000000000000e+01
-9.100000000000000000e+01
-9.000000000000000000e+01
-8.900000000000000000e+01
-8.800000000000000000e+01
-8.700000000000000000e+01
-8.600000000000000000e+01
-8.500000000000000000e+01
-8.400000000000000000e+01
-8.300000000000000000e+01
-8.200000000000000000e+01
-8.100000000000000000e+01
-8.000000000000000000e+01
-7.900000000000000000e+01
-7.800000000000000000e+01
-7.700000000000000000e+01
-7.600000000000000000e+01
-7.500000000000000000e+01
-7.400000000000000000e+01
-7.300000000000000000e+01
-7.200000000000000000e+01
-7.100000000000000000e+01
-7.000000000000000000e+01
-6.900000000000000000e+01
-6.800000000000000000e+01
-6.700000000000000000e+01
-6.600000000000000000e+01
-6.500000000000000000e+01
-6.400000000000000000e+01
-6.300000000000000000e+01
-6.200000000000000000e+01
-6.100000000000000000e+01
-6.000000000000000000e+01
-5.900000000000000000e+01
-5.800000000000000000e+01
-5.700000000000000000e+01
-5.600000000000000000e+01
-5.500000000000000000e+01
-5.400000000000000000e+01
-5.300000000000000000e+01
-5.200000000000000000e+01
-5.100000000000000000e+01
-5.000000000000000000e+01
-4.900000000000000000e+01
-4.800000000000000000e+01
-4.700000000000000000e+01
-4.600000000000000000e+01
-4.500000000000000000e+01
-4.400000000000000000e+01
-4.300000000000000000e+01
-4.200000000000000000e+01
-4.100000000000000000e+01
-4.000000000000000000e+01
-3.900000000000000000e+01
-3.800000000000000000e+01
-3.700000000000000000e+01
-3.600000000000000000e+01
-3.500000000000000000e+01
-3.400000000000000000e+01
-3.300000000000000000e+01
-3.200000000000000000e+01
-3.100000000000000000e+01
-3.000000000000000000e+01
-2.900000000000000000e+01
-2.800000000000000000e+01
-2.700000000000000000e+01
-2.600000000000000000e+01
-2.500000000000000000e+01
-2.400000000000000000e+01
-2.300000000000000000e+01
-2.200000000000000000e+01
-2.100000000000000000e+01
-2.000000000000000000e+01
-1.900000000000000000e+01
-1.800000000000000000e+01
-1.700000000000000000e+01
-1.600000000000000000e+01
-1.500000000000000000e+01
-1.400000000000000000e+01
-1.300000000000000000e+01
-1.200000000000000000e+01
-1.100000000000000000e+01
-1.000000000000000000e+01
-9.000000000000000000e+00
-8.000000000000000000e+00
-7.000000000000000000e+00
-6.000000000000000000e+00
-5.000000000000000000e+00
-4.000000000000000000e+00
-3.000000000000000000e+00
-2.000000000000000000e+00
-1.000000000000000000e+00
0.000000000000000000e+00
1.000000000000000000e+00
2.000000000000000000e+00
3.000000000000000000e+00
4.000000000000000000e+00
5.000000000000000000e+00
6.000000000000000000e+00
7.000000000000000000e+00
8.000000000000000000e+00
9.000000000000000000e+00
1.000000000000000000e+01
1.100000000000000000e+01
1.200000000000000000e+01
1.300000000000000000e+01
1.400000000000000000e+01
1.500000000000000000e+01
1.600000000000000000e+01
1.700000000000000000e+01
1.800000000000000000e+01
1.900000000000000000e+01
2.000000000000000000e+01
2.100000000000000000e+01
2.200000000000000000e+01
2.300000000000000000e+01
2.400000000000000000e+01
2.500000000000000000e+01
2.600000000000000000e+01
2.700000000000000000e+01
2.800000000000000000e+01
2.900000000000000000e+01
3.000000000000000000e+01
3.100000000000000000e+01
3.200000000000000000e+01
3.300000000000000000e+01
3.400000000000000000e+01
3.500000000000000000e+01
3.600000000000000000e+01
3.700000000000000000e+01
3.800000000000000000e+01
3.900000000000000000e+01
4.000000000000000000e+01
4.100000000000000000e+01
4.200000000000000000e+01
4.300000000000000000e+01
4.400000000000000000e+01
4.500000000000000000e+01
4.600000000000000000e+01
4.700000000000000000e+01
4.800000000000000000e+01
4.900000000000000000e+01
5.000000000000000000e+01
5.100000000000000000e+01
5.200000000000000000e+01
5.300000000000000000e+01
5.400000000000000000e+01
5.500000000000000000e+01
5.600000000000000000e+01
5.700000000000000000e+01
5.800000000000000000e+01
5.900000000000000000e+01
6.000000000000000000e+01
6.100000000000000000e+01
6.200000000000000000e+01
6.300000000000000000e+01
6.400000000000000000e+01
6.500000000000000000e+01
6.600000000000000000e+01
6.700000000000000000e+01
6.800000000000000000e+01
6.900000000000000000e+01
7.000000000000000000e+01
7.100000000000000000e+01
7.200000000000000000e+01
7.300000000000000000e+01
7.400000000000000000e+01
7.500000000000000000e+01
7.600000000000000000e+01
7.700000000000000000e+01
7.800000000000000000e+01
7.900000000000000000e+01
8.000000000000000000e+01
8.100000000000000000e+01
8.200000000000000000e+01
8.300000000000000000e+01
8.400000000000000000e+01
8.500000000000000000e+01
8.600000000000000000e+01
8.700000000000000000e+01
8.800000000000000000e+01
8.900000000000000000e+01
9.000000000000000000e+01
9.100000000000000000e+01
9.200000000000000000e+01
9.300000000000000000e+01
9.400000000000000000e+01
9.500000000000000000e+01
9.600000000000000000e+01
9.700000000000000000e+01
9.800000000000000000e+01
9.900000000000000000e+01
