single photon fraction:    0.4706
laser fraction:    0.1569
thermal source fraction:    0.1520
non-detected fraction:    0.2206
number of bins:  200.0000
bin width (ns):    1.0000
average detection events per bin: 5000.0000

# binary result
0.000000000000000000e+00

# g2 signal
1.018115596230882769e+00
1.036945704800645851e+00
9.812292191695662913e-01
9.595616969797020612e-01
9.745226051584178206e-01
9.985116475829104443e-01
9.972219141192280034e-01
1.005734154979531780e+00
9.789076989349380087e-01
9.992854876611197978e-01
1.027917570554869098e+00
9.781338588567285441e-01
1.012182822297943874e+00
1.008313621906896662e+00
9.967060207337550271e-01
1.010119248756051968e+00
1.001349061203011592e+00
1.013214609068889605e+00
9.894835133371336910e-01
1.005218261594058804e+00
1.001091114510275215e+00
1.018889436309092345e+00
9.943845004991267444e-01
1.011666928912470897e+00
1.008055675214160063e+00
9.804553790913568267e-01
9.858722596388229675e-01
9.647206308344316028e-01
9.936106604209172799e-01
1.007023888443214110e+00
1.002380847973957545e+00
1.003154688052167121e+00
1.003412634744903498e+00
1.020179169772774674e+00
1.005476208286795403e+00
9.967060207337550271e-01
9.799394857058839614e-01
1.004186474823112851e+00
1.006765941750477733e+00
1.038751331649801157e+00
9.959321806555455625e-01
1.017341756152673415e+00
9.910311934935525091e-01
9.938686071136537681e-01
9.830348460187217086e-01
9.964480740410185389e-01
1.010119248756051968e+00
9.905153001080795327e-01
1.001091114510275215e+00
1.026885783783923145e+00
1.022500690007402957e+00
9.928368203427078154e-01
1.027659623862132499e+00
1.015278182610781510e+00
9.956742339628091853e-01
1.005218261594058804e+00
9.982537008901739561e-01
9.949003938845997208e-01
9.881937798734512501e-01
9.850984195606135030e-01
9.995434343538562860e-01
1.015278182610781510e+00
1.009861302063315591e+00
9.956742339628091853e-01
1.037203651493382228e+00
9.809712724768298031e-01
1.022242743314666580e+00
9.752964452366272852e-01
9.920629802644984618e-01
9.995434343538562860e-01
9.938686071136537681e-01
9.773600187785190796e-01
9.995434343538562860e-01
9.969639674264915152e-01
9.969639674264915152e-01
1.014246395839835557e+00
1.009087461985106016e+00
1.013988449147099180e+00
9.928368203427078154e-01
9.869040464097688092e-01
9.956742339628091853e-01
9.918050335717619737e-01
1.008571568599633039e+00
1.011151035526997921e+00
1.005734154979531780e+00
9.804553790913568267e-01
9.801974323986203386e-01
1.001864954588484569e+00
9.915470868790254855e-01
9.840666327896675503e-01
1.009861302063315591e+00
9.758123386221002615e-01
9.925788736499714382e-01
1.049585092744733217e+00
9.992854876611197978e-01
1.007539781828687087e+00
9.858722596388229675e-01
9.941265538063902563e-01
9.933527137281807917e-01
1.020695063158247651e+00
5.765108582660306569e-01
1.017341756152673415e+00
1.008055675214160063e+00
9.956742339628091853e-01
9.979957541974374680e-01
1.017599702845409793e+00
1.034624184566017568e+00
1.002638794666694144e+00
9.799394857058839614e-01
9.899994067226065564e-01
1.026627837091186546e+00
1.018631489616355745e+00
9.789076989349380087e-01
9.992854876611197978e-01
1.012698715683416850e+00
1.009603355370578992e+00
1.024564263549294862e+00
1.014246395839835557e+00
9.998013810465927742e-01
1.009345408677842615e+00
9.863881530242958329e-01
1.015020235918045133e+00
9.840666327896675503e-01
9.848404728678770148e-01
1.014762289225308534e+00
9.590458035942290849e-01
1.009603355370578992e+00
1.020179169772774674e+00
1.021210956543720627e+00
1.018889436309092345e+00
1.031012930867706734e+00
9.961901273482820507e-01
1.001607007895748191e+00
9.858722596388229675e-01
1.017341756152673415e+00
9.866460997170323211e-01
9.892255666443972029e-01
1.041072851884429440e+00
1.043394372119057723e+00
1.005992101672268380e+00
1.011666928912470897e+00
1.001864954588484569e+00
1.006250048365004757e+00
1.022242743314666580e+00
9.995434343538562860e-01
9.863881530242958329e-01
9.665262576835870201e-01
9.987695942756469325e-01
1.000575221124802239e+00
9.871619931025052974e-01
1.002638794666694144e+00
9.899994067226065564e-01
1.002122901281221168e+00
9.992854876611197978e-01
9.593037502869655730e-01
1.009087461985106016e+00
9.773600187785190796e-01
9.979957541974374680e-01
1.063772160845239512e+00
1.017341756152673415e+00
9.949003938845997208e-01
1.002380847973957545e+00
1.001091114510275215e+00
1.017341756152673415e+00
9.814871658623027795e-01
9.848404728678770148e-01
1.004702368208585828e+00
1.003412634744903498e+00
9.719431382310530498e-01
9.990275409683833097e-01
1.033850344487807993e+00
1.017599702845409793e+00
9.990275409683833097e-01
9.892255666443972029e-01
1.012956662376153227e+00
1.005476208286795403e+00
1.021468903236457004e+00
9.804553790913568267e-01
9.972219141192280034e-01
1.002638794666694144e+00
1.003154688052167121e+00
1.013472555761626204e+00
1.004960314901322427e+00
9.979957541974374680e-01
1.001864954588484569e+00
1.011151035526997921e+00
9.964480740410185389e-01
1.047779465895577911e+00
1.000059327739329262e+00
9.936106604209172799e-01
1.003412634744903498e+00
1.011408982219734298e+00
9.941265538063902563e-01
9.745226051584178206e-01
1.030239090789497380e+00
9.949003938845997208e-01
9.773600187785190796e-01
9.923209269572349500e-01
1.004186474823112851e+00
1.007797728521423686e+00

# time bin value
-1.000000000000000000e+02
-9.900000000000000000e+01
-9.800000000000000000e+01
-9.700000000000000000e+01
-9.600000000000000000e+01
-9.500000000000000000e+01
-9.400000000000000000e+01
-9.300000000000000000e+01
-9.200000000000000000e+01
-9.100000000000000000e+01
-9.000000000000000000e+01
-8.900000000000000000e+01
-8.800000000000000000e+01
-8.700000000000000000e+01
-8.600000000000000000e+01
-8.500000000000000000e+01
-8.400000000000000000e+01
-8.300000000000000000e+01
-8.200000000000000000e+01
-8.100000000000000000e+01
-8.000000000000000000e+01
-7.900000000000000000e+01
-7.800000000000000000e+01
-7.700000000000000000e+01
-7.600000000000000000e+01
-7.500000000000000000e+01
-7.400000000000000000e+01
-7.300000000000000000e+01
-7.200000000000000000e+01
-7.100000000000000000e+01
-7.000000000000000000e+01
-6.900000000000000000e+01
-6.800000000000000000e+01
-6.700000000000000000e+01
-6.600000000000000000e+01
-6.500000000000000000e+01
-6.400000000000000000e+01
-6.300000000000000000e+01
-6.200000000000000000e+01
-6.100000000000000000e+01
-6.000000000000000000e+01
-5.900000000000000000e+01
-5.800000000000000000e+01
-5.700000000000000000e+01
-5.600000000000000000e+01
-5.500000000000000000e+01
-5.400000000000000000e+01
-5.300000000000000000e+01
-5.200000000000000000e+01
-5.100000000000000000e+01
-5.000000000000000000e+01
-4.900000000000000000e+01
-4.800000000000000000e+01
-4.700000000000000000e+01
-4.600000000000000000e+01
-4.500000000000000000e+01
-4.400000000000000000e+01
-4.300000000000000000e+01
-4.200000000000000000e+01
-4.100000000000000000e+01
-4.000000000000000000e+01
-3.900000000000000000e+01
-3.800000000000000000e+01
-3.700000000000000000e+01
-3.600000000000000000e+01
-3.500000000000000000e+01
-3.400000000000000000e+01
-3.300000000000000000e+01
-3.200000000000000000e+01
-3.100000000000000000e+01
-3.000000000000000000e+01
-2.900000000000000000e+01
-2.800000000000000000e+01
-2.700000000000000000e+01
-2.600000000000000000e+01
-2.500000000000000000e+01
-2.400000000000000000e+01
-2.300000000000000000e+01
-2.200000000000000000e+01
-2.100000000000000000e+01
-2.000000000000000000e+01
-1.900000000000000000e+01
-1.800000000000000000e+01
-1.700000000000000000e+01
-1.600000000000000000e+01
-1.500000000000000000e+01
-1.400000000000000000e+01
-1.300000000000000000e+01
-1.200000000000000000e+01
-1.100000000000000000e+01
-1.000000000000000000e+01
-9.000000000000000000e+00
-8.000000000000000000e+00
-7.000000000000000000e+00
-6.000000000000000000e+00
-5.000000000000000000e+00
-4.000000000000000000e+00
-3.000000000000000000e+00
-2.000000000000000000e+00
-1.000000000000000000e+00
0.000000000000000000e+00
1.000000000000000000e+00
2.000000000000000000e+00
3.000000000000000000e+00
4.000000000000000000e+00
5.000000000000000000e+00
6.000000000000000000e+00
7.000000000000000000e+00
8.000000000000000000e+00
9.000000000000000000e+00
1.000000000000000000e+01
1.100000000000000000e+01
1.200000000000000000e+01
1.300000000000000000e+01
1.400000000000000000e+01
1.500000000000000000e+01
1.600000000000000000e+01
1.700000000000000000e+01
1.800000000000000000e+01
1.900000000000000000e+01
2.000000000000000000e+01
2.100000000000000000e+01
2.200000000000000000e+01
2.300000000000000000e+01
2.400000000000000000e+01
2.500000000000000000e+01
2.600000000000000000e+01
2.700000000000000000e+01
2.800000000000000000e+01
2.900000000000000000e+01
3.000000000000000000e+01
3.100000000000000000e+01
3.200000000000000000e+01
3.300000000000000000e+01
3.400000000000000000e+01
3.500000000000000000e+01
3.600000000000000000e+01
3.700000000000000000e+01
3.800000000000000000e+01
3.900000000000000000e+01
4.000000000000000000e+01
4.100000000000000000e+01
4.200000000000000000e+01
4.300000000000000000e+01
4.400000000000000000e+01
4.500000000000000000e+01
4.600000000000000000e+01
4.700000000000000000e+01
4.800000000000000000e+01
4.900000000000000000e+01
5.000000000000000000e+01
5.100000000000000000e+01
5.200000000000000000e+01
5.300000000000000000e+01
5.400000000000000000e+01
5.500000000000000000e+01
5.600000000000000000e+01
5.700000000000000000e+01
5.800000000000000000e+01
5.900000000000000000e+01
6.000000000000000000e+01
6.100000000000000000e+01
6.200000000000000000e+01
6.300000000000000000e+01
6.400000000000000000e+01
6.500000000000000000e+01
6.600000000000000000e+01
6.700000000000000000e+01
6.800000000000000000e+01
6.900000000000000000e+01
7.000000000000000000e+01
7.100000000000000000e+01
7.200000000000000000e+01
7.300000000000000000e+01
7.400000000000000000e+01
7.500000000000000000e+01
7.600000000000000000e+01
7.700000000000000000e+01
7.800000000000000000e+01
7.900000000000000000e+01
8.000000000000000000e+01
8.100000000000000000e+01
8.200000000000000000e+01
8.300000000000000000e+01
8.400000000000000000e+01
8.500000000000000000e+01
8.600000000000000000e+01
8.700000000000000000e+01
8.800000000000000000e+01
8.900000000000000000e+01
9.000000000000000000e+01
9.100000000000000000e+01
9.200000000000000000e+01
9.300000000000000000e+01
9.400000000000000000e+01
9.500000000000000000e+01
9.600000000000000000e+01
9.700000000000000000e+01
9.800000000000000000e+01
9.900000000000000000e+01
