single photon fraction:    0.0619
laser fraction:    0.3186
thermal source fraction:    0.3540
non-detected fraction:    0.2655
number of bins:  200.0000
bin width (ns):    1.0000
average detection events per bin: 5000.0000

# binary result
0.000000000000000000e+00

# g2 signal
1.008888544312745550e+00
1.024759316097431983e+00
9.856296546282911075e-01
9.839878506505649325e-01
1.032147433997199881e+00
9.900077985688943150e-01
1.005057668364717660e+00
9.971222824723744438e-01
9.935650405206343239e-01
9.755051967656461764e-01
1.016276662212513449e+00
1.004784034368430001e+00
1.020381172156828775e+00
9.968486484760867850e-01
9.765997327507970338e-01
9.779679027322355500e-01
9.968486484760867850e-01
9.776942687359477802e-01
9.689379808547414763e-01
1.007246740335019375e+00
9.886396285874557988e-01
9.976695504649498725e-01
1.008341276320170010e+00
1.020381172156828775e+00
9.845351186431402501e-01
9.927441385317712363e-01
1.014087590242211734e+00
9.744106607804954301e-01
1.031600166004624564e+00
1.013813956245924075e+00
1.017918466190239624e+00
1.020381172156828775e+00
9.957541124909359276e-01
9.642862029178506100e-01
1.028316558049171991e+00
1.008341276320170010e+00
9.859032886245787664e-01
1.008341276320170010e+00
1.026948388067733697e+00
9.864505566171541950e-01
9.973959164686621026e-01
9.530672090700549326e-01
9.867241906134418539e-01
9.807042426951124714e-01
1.000132256431539135e+00
9.984904524538129600e-01
1.010256714294184066e+00
1.016550296208801107e+00
1.023938414108569006e+00
9.952068444983604989e-01
9.919232365429081488e-01
1.002321328401840628e+00
1.008614910316457891e+00
9.894605305763188863e-01
9.859032886245787664e-01
1.014361224238499393e+00
1.021475708141979633e+00
9.935650405206343239e-01
1.009709446301608526e+00
9.837142166542771626e-01
1.014087590242211734e+00
9.911023345540450613e-01
9.979431844612375313e-01
9.987640864501006188e-01
9.954804784946482688e-01
9.859032886245787664e-01
1.020107538160541116e+00
9.971222824723744438e-01
9.886396285874557988e-01
9.807042426951124714e-01
9.952068444983604989e-01
9.705797848324676513e-01
1.007794008327594693e+00
1.019560270167965799e+00
9.971222824723744438e-01
1.007520374331307034e+00
1.002047694405552969e+00
1.016003028216225568e+00
9.694852488473169050e-01
1.009162178309033209e+00
9.905550665614696326e-01
9.828933146654140751e-01
9.738633927879200014e-01
1.019833904164253457e+00
1.016276662212513449e+00
9.768733667470846926e-01
9.984904524538129600e-01
9.744106607804954301e-01
9.577189870069457989e-01
9.911023345540450613e-01
1.006699472342443835e+00
9.724952228064815962e-01
9.941123085132097525e-01
9.952068444983604989e-01
1.023391146115993466e+00
9.867241906134418539e-01
1.020654806153116434e+00
9.801569747025371537e-01
1.004784034368430001e+00
1.015729394219937909e+00
1.409762348874224136e+00
1.001774060409265310e+00
9.733161247953446837e-01
1.018465734182814941e+00
1.013813956245924075e+00
1.026674754071445816e+00
9.787888047210986375e-01
9.853560206320033377e-01
9.987640864501006188e-01
9.924705045354835775e-01
1.025032950093719641e+00
1.008888544312745550e+00
9.845351186431402501e-01
1.008341276320170010e+00
9.779679027322355500e-01
9.842614846468525913e-01
1.028316558049171991e+00
1.001226792416689992e+00
9.804306086988248126e-01
9.831669486617018450e-01
9.965750144797990151e-01
9.837142166542771626e-01
9.848087526394280200e-01
9.817987786802633288e-01
9.817987786802633288e-01
1.023391146115993466e+00
1.016003028216225568e+00
1.010803982286759384e+00
9.823460466728386464e-01
9.765997327507970338e-01
1.001774060409265310e+00
1.011077616283047043e+00
1.003415864386991485e+00
9.672961768770153013e-01
1.001774060409265310e+00
9.867241906134418539e-01
1.025580218086295181e+00
9.834405826579895038e-01
1.005878570353580859e+00
9.921968705391958077e-01
1.013266688253348757e+00
1.012445786264485559e+00
1.028590192045459872e+00
9.968486484760867850e-01
9.796097067099617250e-01
1.029137460038035190e+00
1.007520374331307034e+00
9.891868965800311164e-01
9.941123085132097525e-01
1.026401120075158158e+00
9.774206347396601213e-01
1.024485682101144324e+00
9.727688568027692551e-01
1.024759316097431983e+00
1.008067642323882351e+00
9.941123085132097525e-01
9.828933146654140751e-01
9.869978246097296237e-01
1.002047694405552969e+00
1.007520374331307034e+00
9.585398889958088864e-01
1.008614910316457891e+00
9.686643468584537064e-01
1.002047694405552969e+00
9.733161247953446837e-01
9.941123085132097525e-01
1.030505630019473706e+00
9.908287005577574025e-01
1.023117512119705808e+00
1.012445786264485559e+00
1.001500426412977651e+00
9.880923605948803701e-01
9.990377204463882777e-01
9.817987786802633288e-01
9.943859425094974114e-01
9.927441385317712363e-01
9.763260987545093750e-01
1.007520374331307034e+00
1.015182126227362591e+00
1.034336505967501374e+00
9.990377204463882777e-01
9.752315627693585176e-01
9.834405826579895038e-01
9.973959164686621026e-01
1.016003028216225568e+00
1.006152204349868517e+00
9.965750144797990151e-01
1.012172152268197900e+00
9.845351186431402501e-01
1.004510400372142342e+00
1.005604936357293200e+00
9.998586224352514762e-01
9.878187265985927112e-01
9.968486484760867850e-01
1.016276662212513449e+00
9.954804784946482688e-01
9.883659945911680289e-01
9.823460466728386464e-01
9.921968705391958077e-01
9.883659945911680289e-01

# time bin value
-1.000000000000000000e+02
-9.900000000000000000e+01
-9.800000000000000000e+01
-9.700000000000000000e+01
-9.600000000000000000e+01
-9.500000000000000000e+01
-9.400000000000000000e+01
-9.300000000000000000e+01
-9.200000000000000000e+01
-9.100000000000000000e+01
-9.000000000000000000e+01
-8.900000000000000000e+01
-8.800000000000000000e+01
-8.700000000000000000e+01
-8.600000000000000000e+01
-8.500000000000000000e+01
-8.400000000000000000e+01
-8.300000000000000000e+01
-8.200000000000000000e+01
-8.100000000000000000e+01
-8.000000000000000000e+01
-7.900000000000000000e+01
-7.800000000000000000e+01
-7.700000000000000000e+01
-7.600000000000000000e+01
-7.500000000000000000e+01
-7.400000000000000000e+01
-7.300000000000000000e+01
-7.200000000000000000e+01
-7.100000000000000000e+01
-7.000000000000000000e+01
-6.900000000000000000e+01
-6.800000000000000000e+01
-6.700000000000000000e+01
-6.600000000000000000e+01
-6.500000000000000000e+01
-6.400000000000000000e+01
-6.300000000000000000e+01
-6.200000000000000000e+01
-6.100000000000000000e+01
-6.000000000000000000e+01
-5.900000000000000000e+01
-5.800000000000000000e+01
-5.700000000000000000e+01
-5.600000000000000000e+01
-5.500000000000000000e+01
-5.400000000000000000e+01
-5.300000000000000000e+01
-5.200000000000000000e+01
-5.100000000000000000e+01
-5.000000000000000000e+01
-4.900000000000000000e+01
-4.800000000000000000e+01
-4.700000000000000000e+01
-4.600000000000000000e+01
-4.500000000000000000e+01
-4.400000000000000000e+01
-4.300000000000000000e+01
-4.200000000000000000e+01
-4.100000000000000000e+01
-4.000000000000000000e+01
-3.900000000000000000e+01
-3.800000000000000000e+01
-3.700000000000000000e+01
-3.600000000000000000e+01
-3.500000000000000000e+01
-3.400000000000000000e+01
-3.300000000000000000e+01
-3.200000000000000000e+01
-3.100000000000000000e+01
-3.000000000000000000e+01
-2.900000000000000000e+01
-2.800000000000000000e+01
-2.700000000000000000e+01
-2.600000000000000000e+01
-2.500000000000000000e+01
-2.400000000000000000e+01
-2.300000000000000000e+01
-2.200000000000000000e+01
-2.100000000000000000e+01
-2.000000000000000000e+01
-1.900000000000000000e+01
-1.800000000000000000e+01
-1.700000000000000000e+01
-1.600000000000000000e+01
-1.500000000000000000e+01
-1.400000000000000000e+01
-1.300000000000000000e+01
-1.200000000000000000e+01
-1.100000000000000000e+01
-1.000000000000000000e+01
-9.000000000000000000e+00
-8.000000000000000000e+00
-7.000000000000000000e+00
-6.000000000000000000e+00
-5.000000000000000000e+00
-4.000000000000000000e+00
-3.000000000000000000e+00
-2.000000000000000000e+00
-1.000000000000000000e+00
0.000000000000000000e+00
1.000000000000000000e+00
2.000000000000000000e+00
3.000000000000000000e+00
4.000000000000000000e+00
5.000000000000000000e+00
6.000000000000000000e+00
7.000000000000000000e+00
8.000000000000000000e+00
9.000000000000000000e+00
1.000000000000000000e+01
1.100000000000000000e+01
1.200000000000000000e+01
1.300000000000000000e+01
1.400000000000000000e+01
1.500000000000000000e+01
1.600000000000000000e+01
1.700000000000000000e+01
1.800000000000000000e+01
1.900000000000000000e+01
2.000000000000000000e+01
2.100000000000000000e+01
2.200000000000000000e+01
2.300000000000000000e+01
2.400000000000000000e+01
2.500000000000000000e+01
2.600000000000000000e+01
2.700000000000000000e+01
2.800000000000000000e+01
2.900000000000000000e+01
3.000000000000000000e+01
3.100000000000000000e+01
3.200000000000000000e+01
3.300000000000000000e+01
3.400000000000000000e+01
3.500000000000000000e+01
3.600000000000000000e+01
3.700000000000000000e+01
3.800000000000000000e+01
3.900000000000000000e+01
4.000000000000000000e+01
4.100000000000000000e+01
4.200000000000000000e+01
4.300000000000000000e+01
4.400000000000000000e+01
4.500000000000000000e+01
4.600000000000000000e+01
4.700000000000000000e+01
4.800000000000000000e+01
4.900000000000000000e+01
5.000000000000000000e+01
5.100000000000000000e+01
5.200000000000000000e+01
5.300000000000000000e+01
5.400000000000000000e+01
5.500000000000000000e+01
5.600000000000000000e+01
5.700000000000000000e+01
5.800000000000000000e+01
5.900000000000000000e+01
6.000000000000000000e+01
6.100000000000000000e+01
6.200000000000000000e+01
6.300000000000000000e+01
6.400000000000000000e+01
6.500000000000000000e+01
6.600000000000000000e+01
6.700000000000000000e+01
6.800000000000000000e+01
6.900000000000000000e+01
7.000000000000000000e+01
7.100000000000000000e+01
7.200000000000000000e+01
7.300000000000000000e+01
7.400000000000000000e+01
7.500000000000000000e+01
7.600000000000000000e+01
7.700000000000000000e+01
7.800000000000000000e+01
7.900000000000000000e+01
8.000000000000000000e+01
8.100000000000000000e+01
8.200000000000000000e+01
8.300000000000000000e+01
8.400000000000000000e+01
8.500000000000000000e+01
8.600000000000000000e+01
8.700000000000000000e+01
8.800000000000000000e+01
8.900000000000000000e+01
9.000000000000000000e+01
9.100000000000000000e+01
9.200000000000000000e+01
9.300000000000000000e+01
9.400000000000000000e+01
9.500000000000000000e+01
9.600000000000000000e+01
9.700000000000000000e+01
9.800000000000000000e+01
9.900000000000000000e+01
