single photon fraction:    0.1111
laser fraction:    0.5648
thermal source fraction:    0.3241
non-detected fraction:    0.0000
number of bins:  200.0000
bin width (ns):    1.0000
average detection events per bin: 5000.0000

# binary result
0.000000000000000000e+00

# g2 signal
9.746819919057967407e-01
9.915700462209962041e-01
9.996119768472816469e-01
9.996119768472816469e-01
9.871469843765392493e-01
9.935805288775675370e-01
9.953899632684818366e-01
1.008458100536195667e+00
9.893585152987677267e-01
1.018711562084709588e+00
1.002627700832138702e+00
1.008860197067509956e+00
1.001019314706881547e+00
9.895595635644248711e-01
9.863427913139106717e-01
1.009061245333167101e+00
1.004638183488710146e+00
9.994109285816245025e-01
1.018108417287738154e+00
9.881522257048248603e-01
1.006849714410938512e+00
1.007050762676595657e+00
1.018309465553395299e+00
1.020520996475623887e+00
9.821207777351108614e-01
9.935805288775675370e-01
1.002426652566481557e+00
1.003431893894767279e+00
9.990088320503102137e-01
1.014288500240252633e+00
9.726715092492254078e-01
1.011674872786709756e+00
9.917710944866533485e-01
9.931784323462533592e-01
9.909669014240247709e-01
1.020722044741281032e+00
1.008056004004881379e+00
9.949878667371675478e-01
9.778987641563109401e-01
1.013484307177624055e+00
9.917710944866533485e-01
9.925752875492819260e-01
9.837291638603679056e-01
1.026552444445337997e+00
9.897606118300820155e-01
9.853375499856249498e-01
9.791050537502538065e-01
1.013082210646309766e+00
1.016902127693795288e+00
1.002024556035167269e+00
9.911679496896819153e-01
9.891574670331105823e-01
9.965962528624245920e-01
9.696557852643683528e-01
1.003230845629110135e+00
1.019716803412995310e+00
1.003029797363452991e+00
1.003632942160424424e+00
9.833270673290536168e-01
1.001622459503852980e+00
1.012076969318024044e+00
9.851365017199678054e-01
1.012680114114995478e+00
9.887553705017962935e-01
1.003029797363452991e+00
1.011875921052366900e+00
9.992098803159673581e-01
1.014288500240252633e+00
1.002024556035167269e+00
9.887553705017962935e-01
9.917710944866533485e-01
1.005442376551338723e+00
9.855385982512820942e-01
1.006648666145281368e+00
9.937815771432246814e-01
1.012076969318024044e+00
1.006246569613967079e+00
9.945857702058532590e-01
1.003632942160424424e+00
9.875490809078535381e-01
1.009865438395795678e+00
9.947868184715104034e-01
1.024340913523109409e+00
1.009463341864481389e+00
9.921731910179676373e-01
1.034192278540309040e+00
9.925752875492819260e-01
9.825228742664250392e-01
1.009262293598824245e+00
1.017706320756423866e+00
1.018711562084709588e+00
1.007653907473567090e+00
9.851365017199678054e-01
9.903637566270534487e-01
1.017706320756423866e+00
9.923742392836247816e-01
9.694547369987112084e-01
9.815176329381394282e-01
9.990088320503102137e-01
1.009061245333167101e+00
1.212723138443846160e+00
9.905648048927104821e-01
1.002627700832138702e+00
1.000014073378596047e+00
1.000215121644252969e+00
1.004437135223053001e+00
1.023938816991795120e+00
9.805123916098537062e-01
9.738777988431682742e-01
1.001622459503852980e+00
1.027758734039280641e+00
9.951889150028246922e-01
1.011674872786709756e+00
1.012278017583681189e+00
9.951889150028246922e-01
9.978025424563674584e-01
9.986067355189960359e-01
9.841312603916821944e-01
9.869459361108821049e-01
9.879511774391677159e-01
9.785019089532823733e-01
1.005442376551338723e+00
1.001622459503852980e+00
1.005643424816995868e+00
1.010669631458424256e+00
1.019716803412995310e+00
9.807134398755108506e-01
9.841312603916821944e-01
1.002627700832138702e+00
1.009262293598824245e+00
9.988077837846530693e-01
1.002627700832138702e+00
9.871469843765392493e-01
9.923742392836247816e-01
1.007653907473567090e+00
1.008056004004881379e+00
9.959931080654532698e-01
1.023536720460480831e+00
9.865438395795678161e-01
9.835281155947107612e-01
9.907658531583676265e-01
1.017304224225109577e+00
9.827239225320821836e-01
9.841312603916821944e-01
9.925752875492819260e-01
9.849354534543107720e-01
9.903637566270534487e-01
9.996119768472816469e-01
1.000215121644252969e+00
9.967973011280817364e-01
9.861417430482535273e-01
1.016500031162481221e+00
1.027758734039280641e+00
9.996119768472816469e-01
9.959931080654532698e-01
1.001622459503852980e+00
1.008659148801852812e+00
9.865438395795678161e-01
1.019314706881681021e+00
9.789040054845966621e-01
1.010066486661452823e+00
1.012881162380652622e+00
9.980035907220246028e-01
9.752851367027681739e-01
9.873480326421963937e-01
1.006648666145281368e+00
1.022732527397852254e+00
1.016500031162481221e+00
9.793061020159109509e-01
1.004236086957395857e+00
1.012479065849338333e+00
1.010468583192767111e+00
9.849354534543107720e-01
9.961941563311103032e-01
9.774966676249966513e-01
9.885543222361391491e-01
9.879511774391677159e-01
1.017907369022081010e+00
9.867448878452249605e-01
9.965962528624245920e-01
1.001019314706881547e+00
9.929773840805962148e-01
9.899616600957391599e-01
1.003632942160424424e+00
1.003431893894767279e+00
1.006849714410938512e+00
9.700578817956826416e-01
1.010870679724081400e+00
9.760893297653967515e-01
1.003029797363452991e+00
9.875490809078535381e-01
9.965962528624245920e-01
1.018108417287738154e+00
1.010468583192767111e+00
9.925752875492819260e-01
1.003632942160424424e+00
1.009865438395795678e+00
9.905648048927104821e-01
1.013283258911966911e+00
1.000617218175567258e+00

# time bin value
-1.000000000000000000e+02
-9.900000000000000000e+01
-9.800000000000000000e+01
-9.700000000000000000e+01
-9.600000000000000000e+01
-9.500000000000000000e+01
-9.400000000000000000e+01
-9.300000000000000000e+01
-9.200000000000000000e+01
-9.100000000000000000e+01
-9.000000000000000000e+01
-8.900000000000000000e+01
-8.800000000000000000e+01
-8.700000000000000000e+01
-8.600000000000000000e+01
-8.500000000000000000e+01
-8.400000000000000000e+01
-8.300000000000000000e+01
-8.200000000000000000e+01
-8.100000000000000000e+01
-8.000000000000000000e+01
-7.900000000000000000e+01
-7.800000000000000000e+01
-7.700000000000000000e+01
-7.600000000000000000e+01
-7.500000000000000000e+01
-7.400000000000000000e+01
-7.300000000000000000e+01
-7.200000000000000000e+01
-7.100000000000000000e+01
-7.000000000000000000e+01
-6.900000000000000000e+01
-6.800000000000000000e+01
-6.700000000000000000e+01
-6.600000000000000000e+01
-6.500000000000000000e+01
-6.400000000000000000e+01
-6.300000000000000000e+01
-6.200000000000000000e+01
-6.100000000000000000e+01
-6.000000000000000000e+01
-5.900000000000000000e+01
-5.800000000000000000e+01
-5.700000000000000000e+01
-5.600000000000000000e+01
-5.500000000000000000e+01
-5.400000000000000000e+01
-5.300000000000000000e+01
-5.200000000000000000e+01
-5.100000000000000000e+01
-5.000000000000000000e+01
-4.900000000000000000e+01
-4.800000000000000000e+01
-4.700000000000000000e+01
-4.600000000000000000e+01
-4.500000000000000000e+01
-4.400000000000000000e+01
-4.300000000000000000e+01
-4.200000000000000000e+01
-4.100000000000000000e+01
-4.000000000000000000e+01
-3.900000000000000000e+01
-3.800000000000000000e+01
-3.700000000000000000e+01
-3.600000000000000000e+01
-3.500000000000000000e+01
-3.400000000000000000e+01
-3.300000000000000000e+01
-3.200000000000000000e+01
-3.100000000000000000e+01
-3.000000000000000000e+01
-2.900000000000000000e+01
-2.800000000000000000e+01
-2.700000000000000000e+01
-2.600000000000000000e+01
-2.500000000000000000e+01
-2.400000000000000000e+01
-2.300000000000000000e+01
-2.200000000000000000e+01
-2.100000000000000000e+01
-2.000000000000000000e+01
-1.900000000000000000e+01
-1.800000000000000000e+01
-1.700000000000000000e+01
-1.600000000000000000e+01
-1.500000000000000000e+01
-1.400000000000000000e+01
-1.300000000000000000e+01
-1.200000000000000000e+01
-1.100000000000000000e+01
-1.000000000000000000e+01
-9.000000000000000000e+00
-8.000000000000000000e+00
-7.000000000000000000e+00
-6.000000000000000000e+00
-5.000000000000000000e+00
-4.000000000000000000e+00
-3.000000000000000000e+00
-2.000000000000000000e+00
-1.000000000000000000e+00
0.000000000000000000e+00
1.000000000000000000e+00
2.000000000000000000e+00
3.000000000000000000e+00
4.000000000000000000e+00
5.000000000000000000e+00
6.000000000000000000e+00
7.000000000000000000e+00
8.000000000000000000e+00
9.000000000000000000e+00
1.000000000000000000e+01
1.100000000000000000e+01
1.200000000000000000e+01
1.300000000000000000e+01
1.400000000000000000e+01
1.500000000000000000e+01
1.600000000000000000e+01
1.700000000000000000e+01
1.800000000000000000e+01
1.900000000000000000e+01
2.000000000000000000e+01
2.100000000000000000e+01
2.200000000000000000e+01
2.300000000000000000e+01
2.400000000000000000e+01
2.500000000000000000e+01
2.600000000000000000e+01
2.700000000000000000e+01
2.800000000000000000e+01
2.900000000000000000e+01
3.000000000000000000e+01
3.100000000000000000e+01
3.200000000000000000e+01
3.300000000000000000e+01
3.400000000000000000e+01
3.500000000000000000e+01
3.600000000000000000e+01
3.700000000000000000e+01
3.800000000000000000e+01
3.900000000000000000e+01
4.000000000000000000e+01
4.100000000000000000e+01
4.200000000000000000e+01
4.300000000000000000e+01
4.400000000000000000e+01
4.500000000000000000e+01
4.600000000000000000e+01
4.700000000000000000e+01
4.800000000000000000e+01
4.900000000000000000e+01
5.000000000000000000e+01
5.100000000000000000e+01
5.200000000000000000e+01
5.300000000000000000e+01
5.400000000000000000e+01
5.500000000000000000e+01
5.600000000000000000e+01
5.700000000000000000e+01
5.800000000000000000e+01
5.900000000000000000e+01
6.000000000000000000e+01
6.100000000000000000e+01
6.200000000000000000e+01
6.300000000000000000e+01
6.400000000000000000e+01
6.500000000000000000e+01
6.600000000000000000e+01
6.700000000000000000e+01
6.800000000000000000e+01
6.900000000000000000e+01
7.000000000000000000e+01
7.100000000000000000e+01
7.200000000000000000e+01
7.300000000000000000e+01
7.400000000000000000e+01
7.500000000000000000e+01
7.600000000000000000e+01
7.700000000000000000e+01
7.800000000000000000e+01
7.900000000000000000e+01
8.000000000000000000e+01
8.100000000000000000e+01
8.200000000000000000e+01
8.300000000000000000e+01
8.400000000000000000e+01
8.500000000000000000e+01
8.600000000000000000e+01
8.700000000000000000e+01
8.800000000000000000e+01
8.900000000000000000e+01
9.000000000000000000e+01
9.100000000000000000e+01
9.200000000000000000e+01
9.300000000000000000e+01
9.400000000000000000e+01
9.500000000000000000e+01
9.600000000000000000e+01
9.700000000000000000e+01
9.800000000000000000e+01
9.900000000000000000e+01
