single photon fraction:    0.0205
laser fraction:    0.2615
thermal source fraction:    0.4615
non-detected fraction:    0.2564
number of bins:  200.0000
bin width (ns):    1.0000
average detection events per bin: 5000.0000

# binary result
0.000000000000000000e+00

# g2 signal
9.923801155927534090e-01
1.014571326249586125e+00
9.810138857441317306e-01
1.031079421982108002e+00
9.972513569564483982e-01
9.642351654914045334e-01
1.009158835845480606e+00
1.012947579128354425e+00
1.006452590643427847e+00
1.023501935416360364e+00
1.018089445012254846e+00
9.912976175119322386e-01
1.005370092562606787e+00
9.831788819057739603e-01
1.022960686375949724e+00
1.010511958446506986e+00
9.894032458704953292e-01
9.931919891533692590e-01
9.967101079160378685e-01
9.986044795574747779e-01
9.986044795574747779e-01
9.761426443804367414e-01
1.017818820492049525e+00
9.734363991783839820e-01
9.972513569564483982e-01
9.861557516280320401e-01
1.005640717082811886e+00
9.639645409711992130e-01
1.011323832007122725e+00
9.899444949109058589e-01
9.831788819057739603e-01
9.991457285978853076e-01
9.866970006684425698e-01
9.953569853150113778e-01
9.742482727389997210e-01
9.934626136735744684e-01
1.015924448850612505e+00
1.016736322411228466e+00
9.996869776382958372e-01
1.016465697891023146e+00
9.888619968300847995e-01
9.850732535472108697e-01
9.864263761482372495e-01
9.866970006684425698e-01
9.964394833958325481e-01
1.007535088724248906e+00
9.701889049359205819e-01
9.996869776382958372e-01
1.022960686375949724e+00
1.017006946931433564e+00
1.003475720921169767e+00
1.002663847360554028e+00
9.975219814766536075e-01
9.983338550372694575e-01
1.004828843522196147e+00
9.850732535472108697e-01
9.669414106934572928e-01
9.991457285978853076e-01
9.945451117543956387e-01
1.011594456527328045e+00
9.953569853150113778e-01
1.010241333926301666e+00
9.999576021585011576e-01
9.837201309461844900e-01
1.004558219001990826e+00
1.009429460365685927e+00
1.011053207486917627e+00
9.850732535472108697e-01
9.877794987492636292e-01
1.003205096400964447e+00
9.980632305170642482e-01
9.910269929917270293e-01
9.918388665523427683e-01
9.877794987492636292e-01
9.999576021585011576e-01
9.902151194311111793e-01
1.004016969961580408e+00
1.021878188295128664e+00
1.014841950769791445e+00
9.945451117543956387e-01
9.872382497088530995e-01
9.785782650622841805e-01
9.988751040776799872e-01
9.799313876633105602e-01
1.001040100239322328e+00
9.747895217794103617e-01
1.014030077209175484e+00
9.904857439513163886e-01
9.931919891533692590e-01
1.008346962284864867e+00
1.010511958446506986e+00
1.010241333926301666e+00
9.731657746581786617e-01
1.005370092562606787e+00
1.026749429658823543e+00
1.017818820492049525e+00
1.002393222840348708e+00
1.012135705567738686e+00
9.977926059968589279e-01
1.006993839683838265e+00
1.554467244059115183e+00
1.029996923901286943e+00
1.005640717082811886e+00
9.853438780674161901e-01
9.904857439513163886e-01
9.956276098352166981e-01
9.856145025876213994e-01
9.942744872341903184e-01
9.728951501379733413e-01
1.009970709406096345e+00
9.823670083451581103e-01
1.021607563774923344e+00
9.772251424612578008e-01
1.002393222840348708e+00
1.002122598320143387e+00
9.858851271078267198e-01
9.831788819057739603e-01
9.872382497088530995e-01
1.015653824330407184e+00
1.007264464204043586e+00
1.007535088724248906e+00
9.972513569564483982e-01
9.810138857441317306e-01
9.853438780674161901e-01
9.864263761482372495e-01
1.004828843522196147e+00
9.885913723098794792e-01
9.758720198602314211e-01
1.012135705567738686e+00
9.910269929917270293e-01
1.014571326249586125e+00
1.012135705567738686e+00
9.977926059968589279e-01
1.003475720921169767e+00
9.799313876633105602e-01
9.791195141026948212e-01
9.912976175119322386e-01
9.837201309461844900e-01
1.026749429658823543e+00
9.915682420321375590e-01
1.018089445012254846e+00
1.007535088724248906e+00
1.002393222840348708e+00
9.902151194311111793e-01
1.002393222840348708e+00
1.005370092562606787e+00
9.902151194311111793e-01
9.977926059968589279e-01
1.001581349279732747e+00
1.012676954608149105e+00
1.017548195971844205e+00
1.015112575289996766e+00
1.002663847360554028e+00
9.929213646331639387e-01
1.002122598320143387e+00
1.018089445012254846e+00
1.007264464204043586e+00
9.861557516280320401e-01
9.818257593047475806e-01
9.858851271078267198e-01
9.869676251886477791e-01
9.958982343554220185e-01
1.005911341603017206e+00
1.004828843522196147e+00
9.948157362746008481e-01
1.008617586805069966e+00
9.704595294561259022e-01
1.014571326249586125e+00
9.718126520571522819e-01
1.024313808976976103e+00
9.934626136735744684e-01
9.950863607948061684e-01
1.001851973799938067e+00
9.894032458704953292e-01
9.858851271078267198e-01
9.783076405420789712e-01
9.826376328653634307e-01
9.950863607948061684e-01
1.016736322411228466e+00
1.026208180618413124e+00
1.020254441173896964e+00
1.033244418143750343e+00
1.020254441173896964e+00
1.029185050340671204e+00
9.837201309461844900e-01
9.880501232694689495e-01
9.907563684715217089e-01
9.880501232694689495e-01
1.009700084885891247e+00
1.014571326249586125e+00
9.764132689006419508e-01
1.012406330087944006e+00
9.753307708198208914e-01
9.988751040776799872e-01
9.967101079160378685e-01
9.728951501379733413e-01
1.005370092562606787e+00
9.918388665523427683e-01
9.766838934208472711e-01
9.850732535472108697e-01

# time bin value
-1.000000000000000000e+02
-9.900000000000000000e+01
-9.800000000000000000e+01
-9.700000000000000000e+01
-9.600000000000000000e+01
-9.500000000000000000e+01
-9.400000000000000000e+01
-9.300000000000000000e+01
-9.200000000000000000e+01
-9.100000000000000000e+01
-9.000000000000000000e+01
-8.900000000000000000e+01
-8.800000000000000000e+01
-8.700000000000000000e+01
-8.600000000000000000e+01
-8.500000000000000000e+01
-8.400000000000000000e+01
-8.300000000000000000e+01
-8.200000000000000000e+01
-8.100000000000000000e+01
-8.000000000000000000e+01
-7.900000000000000000e+01
-7.800000000000000000e+01
-7.700000000000000000e+01
-7.600000000000000000e+01
-7.500000000000000000e+01
-7.400000000000000000e+01
-7.300000000000000000e+01
-7.200000000000000000e+01
-7.100000000000000000e+01
-7.000000000000000000e+01
-6.900000000000000000e+01
-6.800000000000000000e+01
-6.700000000000000000e+01
-6.600000000000000000e+01
-6.500000000000000000e+01
-6.400000000000000000e+01
-6.300000000000000000e+01
-6.200000000000000000e+01
-6.100000000000000000e+01
-6.000000000000000000e+01
-5.900000000000000000e+01
-5.800000000000000000e+01
-5.700000000000000000e+01
-5.600000000000000000e+01
-5.500000000000000000e+01
-5.400000000000000000e+01
-5.300000000000000000e+01
-5.200000000000000000e+01
-5.100000000000000000e+01
-5.000000000000000000e+01
-4.900000000000000000e+01
-4.800000000000000000e+01
-4.700000000000000000e+01
-4.600000000000000000e+01
-4.500000000000000000e+01
-4.400000000000000000e+01
-4.300000000000000000e+01
-4.200000000000000000e+01
-4.100000000000000000e+01
-4.000000000000000000e+01
-3.900000000000000000e+01
-3.800000000000000000e+01
-3.700000000000000000e+01
-3.600000000000000000e+01
-3.500000000000000000e+01
-3.400000000000000000e+01
-3.300000000000000000e+01
-3.200000000000000000e+01
-3.100000000000000000e+01
-3.000000000000000000e+01
-2.900000000000000000e+01
-2.800000000000000000e+01
-2.700000000000000000e+01
-2.600000000000000000e+01
-2.500000000000000000e+01
-2.400000000000000000e+01
-2.300000000000000000e+01
-2.200000000000000000e+01
-2.100000000000000000e+01
-2.000000000000000000e+01
-1.900000000000000000e+01
-1.800000000000000000e+01
-1.700000000000000000e+01
-1.600000000000000000e+01
-1.500000000000000000e+01
-1.400000000000000000e+01
-1.300000000000000000e+01
-1.200000000000000000e+01
-1.100000000000000000e+01
-1.000000000000000000e+01
-9.000000000000000000e+00
-8.000000000000000000e+00
-7.000000000000000000e+00
-6.000000000000000000e+00
-5.000000000000000000e+00
-4.000000000000000000e+00
-3.000000000000000000e+00
-2.000000000000000000e+00
-1.000000000000000000e+00
0.000000000000000000e+00
1.000000000000000000e+00
2.000000000000000000e+00
3.000000000000000000e+00
4.000000000000000000e+00
5.000000000000000000e+00
6.000000000000000000e+00
7.000000000000000000e+00
8.000000000000000000e+00
9.000000000000000000e+00
1.000000000000000000e+01
1.100000000000000000e+01
1.200000000000000000e+01
1.300000000000000000e+01
1.400000000000000000e+01
1.500000000000000000e+01
1.600000000000000000e+01
1.700000000000000000e+01
1.800000000000000000e+01
1.900000000000000000e+01
2.000000000000000000e+01
2.100000000000000000e+01
2.200000000000000000e+01
2.300000000000000000e+01
2.400000000000000000e+01
2.500000000000000000e+01
2.600000000000000000e+01
2.700000000000000000e+01
2.800000000000000000e+01
2.900000000000000000e+01
3.000000000000000000e+01
3.100000000000000000e+01
3.200000000000000000e+01
3.300000000000000000e+01
3.400000000000000000e+01
3.500000000000000000e+01
3.600000000000000000e+01
3.700000000000000000e+01
3.800000000000000000e+01
3.900000000000000000e+01
4.000000000000000000e+01
4.100000000000000000e+01
4.200000000000000000e+01
4.300000000000000000e+01
4.400000000000000000e+01
4.500000000000000000e+01
4.600000000000000000e+01
4.700000000000000000e+01
4.800000000000000000e+01
4.900000000000000000e+01
5.000000000000000000e+01
5.100000000000000000e+01
5.200000000000000000e+01
5.300000000000000000e+01
5.400000000000000000e+01
5.500000000000000000e+01
5.600000000000000000e+01
5.700000000000000000e+01
5.800000000000000000e+01
5.900000000000000000e+01
6.000000000000000000e+01
6.100000000000000000e+01
6.200000000000000000e+01
6.300000000000000000e+01
6.400000000000000000e+01
6.500000000000000000e+01
6.600000000000000000e+01
6.700000000000000000e+01
6.800000000000000000e+01
6.900000000000000000e+01
7.000000000000000000e+01
7.100000000000000000e+01
7.200000000000000000e+01
7.300000000000000000e+01
7.400000000000000000e+01
7.500000000000000000e+01
7.600000000000000000e+01
7.700000000000000000e+01
7.800000000000000000e+01
7.900000000000000000e+01
8.000000000000000000e+01
8.100000000000000000e+01
8.200000000000000000e+01
8.300000000000000000e+01
8.400000000000000000e+01
8.500000000000000000e+01
8.600000000000000000e+01
8.700000000000000000e+01
8.800000000000000000e+01
8.900000000000000000e+01
9.000000000000000000e+01
9.100000000000000000e+01
9.200000000000000000e+01
9.300000000000000000e+01
9.400000000000000000e+01
9.500000000000000000e+01
9.600000000000000000e+01
9.700000000000000000e+01
9.800000000000000000e+01
9.900000000000000000e+01
