single photon fraction:    0.3780
laser fraction:    0.0407
thermal source fraction:    0.3293
non-detected fraction:    0.2520
number of bins:  200.0000
bin width (ns):    1.0000
average detection events per bin: 5000.0000

# binary result
0.000000000000000000e+00

# g2 signal
1.017592907245630895e+00
9.694435204105879000e-01
9.941906912978726307e-01
9.697125113984932376e-01
9.791271959751776111e-01
1.004412348838272795e+00
1.006026294765704376e+00
9.944596822857778573e-01
9.815481148663249833e-01
9.882728895639567579e-01
1.004950330814083470e+00
9.858519706728092746e-01
1.009792168596378215e+00
9.734783852291669648e-01
9.896178445034831128e-01
9.963426192011147764e-01
1.007102258717325505e+00
9.877349075881461937e-01
9.949976642615884215e-01
1.021896763052115187e+00
9.718644393017353833e-01
9.915007814188199209e-01
9.729404032533564006e-01
1.010330150572188668e+00
1.003874366862462342e+00
9.939217003099674042e-01
9.933837183341568400e-01
9.845070157332829197e-01
1.009254186620567761e+00
1.021358781076304734e+00
1.017323916257725669e+00
9.990325290801674862e-01
1.014902997366578408e+00
9.748233401686933197e-01
1.007640240693135958e+00
1.020013826136778379e+00
9.715954483138300457e-01
1.008716204644757086e+00
1.004681339826178021e+00
9.861209616607146122e-01
1.016785934281915216e+00
9.777822410356512561e-01
1.031580438616704898e+00
1.009254186620567761e+00
1.011137123535904569e+00
9.869279346244304030e-01
1.016785934281915216e+00
9.869279346244304030e-01
9.869279346244304030e-01
1.006833267729420278e+00
1.007909231681041407e+00
1.014096024402862506e+00
1.018130889221441571e+00
9.987635380922621486e-01
9.694435204105879000e-01
9.635257186766720272e-01
1.033463375532041928e+00
1.027814564786031282e+00
9.871969256123356296e-01
9.976875741406411313e-01
1.018130889221441571e+00
9.976875741406411313e-01
1.011675105511715023e+00
1.006564276741515052e+00
9.640637006524825914e-01
1.009254186620567761e+00
1.009792168596378215e+00
1.006295285753609825e+00
1.003067393898746440e+00
9.920387633946304851e-01
9.898868354913883394e-01
1.005757303777799150e+00
9.828930698058513382e-01
9.748233401686933197e-01
1.000646475007599179e+00
1.019475844160967926e+00
1.014096024402862506e+00
1.000915465995504405e+00
1.006295285753609825e+00
1.011406114523809796e+00
1.015440979342388861e+00
9.863899526486198388e-01
9.990325290801674862e-01
9.890798625276725486e-01
1.014634006378672959e+00
1.021358781076304734e+00
9.933837183341568400e-01
9.750923311565985463e-01
1.012482078475430924e+00
9.898868354913883394e-01
9.947286732736831949e-01
1.015171988354483634e+00
1.010061159584283441e+00
9.933837183341568400e-01
1.007640240693135958e+00
9.925767453704410492e-01
1.008716204644757086e+00
1.002260420935030760e+00
1.006295285753609825e+00
9.917697724067252585e-01
9.161833048053447115e-01
1.004681339826178021e+00
1.014096024402862506e+00
1.018937862185157250e+00
9.826240788179461116e-01
9.858519706728092746e-01
9.861209616607146122e-01
1.034808330471568283e+00
9.990325290801674862e-01
9.855829796849040481e-01
9.998395020438832770e-01
1.042609069120820964e+00
9.920387633946304851e-01
9.955356462373989856e-01
9.952666552494937591e-01
9.845070157332829197e-01
9.869279346244304030e-01
9.968806011769253406e-01
9.955356462373989856e-01
9.949976642615884215e-01
1.005757303777799150e+00
1.057134582467705419e+00
9.906938084551041301e-01
1.022165754040020635e+00
1.005488312789893923e+00
1.016516943294009989e+00
1.015978961318199314e+00
1.014634006378672959e+00
9.880038985760514203e-01
9.863899526486198388e-01
1.008985195632662313e+00
1.021896763052115187e+00
9.990325290801674862e-01
1.031042456640894445e+00
1.020820799100494281e+00
1.006833267729420278e+00
1.027276582810220606e+00
1.014096024402862506e+00
1.010599141560094116e+00
1.007640240693135958e+00
9.933837183341568400e-01
1.017592907245630895e+00
9.976875741406411313e-01
1.008178222668946633e+00
9.958046372253042122e-01
1.007909231681041407e+00
9.917697724067252585e-01
1.029428510713462863e+00
1.019206853173062699e+00
1.000915465995504405e+00
1.000377484019693730e+00
1.021896763052115187e+00
1.010061159584283441e+00
9.565319529911350260e-01
1.001184456983409632e+00
9.928457363583462758e-01
1.025931627870694252e+00
1.013289051439146604e+00
1.015440979342388861e+00
1.002529411922935987e+00
9.839690337574724666e-01
1.013827033414957279e+00
1.003067393898746440e+00
1.027007591822315380e+00
1.008178222668946633e+00
9.745543491807879821e-01
1.004950330814083470e+00
1.021896763052115187e+00
9.705194843622090284e-01
1.013289051439146604e+00
1.010868132547999343e+00
1.009254186620567761e+00
1.022434745027925862e+00
1.013558042427052053e+00
1.029697501701368090e+00
9.788582049872722735e-01
1.018668871197252024e+00
1.017592907245630895e+00
9.890798625276725486e-01
9.885418805518619845e-01
1.018399880209346797e+00
9.901558264792935660e-01
9.931147273462516134e-01
1.011675105511715023e+00
9.753613221445038839e-01
9.901558264792935660e-01
9.785892139993670469e-01
9.931147273462516134e-01
9.949976642615884215e-01
1.007371249705230731e+00
1.020551808112589054e+00
9.869279346244304030e-01
9.737473762170721914e-01
9.947286732736831949e-01
1.008985195632662313e+00
1.031580438616704898e+00
1.021627772064209960e+00
1.013827033414957279e+00
9.847760067211882573e-01
9.874659166002409671e-01

# time bin value
-1.000000000000000000e+02
-9.900000000000000000e+01
-9.800000000000000000e+01
-9.700000000000000000e+01
-9.600000000000000000e+01
-9.500000000000000000e+01
-9.400000000000000000e+01
-9.300000000000000000e+01
-9.200000000000000000e+01
-9.100000000000000000e+01
-9.000000000000000000e+01
-8.900000000000000000e+01
-8.800000000000000000e+01
-8.700000000000000000e+01
-8.600000000000000000e+01
-8.500000000000000000e+01
-8.400000000000000000e+01
-8.300000000000000000e+01
-8.200000000000000000e+01
-8.100000000000000000e+01
-8.000000000000000000e+01
-7.900000000000000000e+01
-7.800000000000000000e+01
-7.700000000000000000e+01
-7.600000000000000000e+01
-7.500000000000000000e+01
-7.400000000000000000e+01
-7.300000000000000000e+01
-7.200000000000000000e+01
-7.100000000000000000e+01
-7.000000000000000000e+01
-6.900000000000000000e+01
-6.800000000000000000e+01
-6.700000000000000000e+01
-6.600000000000000000e+01
-6.500000000000000000e+01
-6.400000000000000000e+01
-6.300000000000000000e+01
-6.200000000000000000e+01
-6.100000000000000000e+01
-6.000000000000000000e+01
-5.900000000000000000e+01
-5.800000000000000000e+01
-5.700000000000000000e+01
-5.600000000000000000e+01
-5.500000000000000000e+01
-5.400000000000000000e+01
-5.300000000000000000e+01
-5.200000000000000000e+01
-5.100000000000000000e+01
-5.000000000000000000e+01
-4.900000000000000000e+01
-4.800000000000000000e+01
-4.700000000000000000e+01
-4.600000000000000000e+01
-4.500000000000000000e+01
-4.400000000000000000e+01
-4.300000000000000000e+01
-4.200000000000000000e+01
-4.100000000000000000e+01
-4.000000000000000000e+01
-3.900000000000000000e+01
-3.800000000000000000e+01
-3.700000000000000000e+01
-3.600000000000000000e+01
-3.500000000000000000e+01
-3.400000000000000000e+01
-3.300000000000000000e+01
-3.200000000000000000e+01
-3.100000000000000000e+01
-3.000000000000000000e+01
-2.900000000000000000e+01
-2.800000000000000000e+01
-2.700000000000000000e+01
-2.600000000000000000e+01
-2.500000000000000000e+01
-2.400000000000000000e+01
-2.300000000000000000e+01
-2.200000000000000000e+01
-2.100000000000000000e+01
-2.000000000000000000e+01
-1.900000000000000000e+01
-1.800000000000000000e+01
-1.700000000000000000e+01
-1.600000000000000000e+01
-1.500000000000000000e+01
-1.400000000000000000e+01
-1.300000000000000000e+01
-1.200000000000000000e+01
-1.100000000000000000e+01
-1.000000000000000000e+01
-9.000000000000000000e+00
-8.000000000000000000e+00
-7.000000000000000000e+00
-6.000000000000000000e+00
-5.000000000000000000e+00
-4.000000000000000000e+00
-3.000000000000000000e+00
-2.000000000000000000e+00
-1.000000000000000000e+00
0.000000000000000000e+00
1.000000000000000000e+00
2.000000000000000000e+00
3.000000000000000000e+00
4.000000000000000000e+00
5.000000000000000000e+00
6.000000000000000000e+00
7.000000000000000000e+00
8.000000000000000000e+00
9.000000000000000000e+00
1.000000000000000000e+01
1.100000000000000000e+01
1.200000000000000000e+01
1.300000000000000000e+01
1.400000000000000000e+01
1.500000000000000000e+01
1.600000000000000000e+01
1.700000000000000000e+01
1.800000000000000000e+01
1.900000000000000000e+01
2.000000000000000000e+01
2.100000000000000000e+01
2.200000000000000000e+01
2.300000000000000000e+01
2.400000000000000000e+01
2.500000000000000000e+01
2.600000000000000000e+01
2.700000000000000000e+01
2.800000000000000000e+01
2.900000000000000000e+01
3.000000000000000000e+01
3.100000000000000000e+01
3.200000000000000000e+01
3.300000000000000000e+01
3.400000000000000000e+01
3.500000000000000000e+01
3.600000000000000000e+01
3.700000000000000000e+01
3.800000000000000000e+01
3.900000000000000000e+01
4.000000000000000000e+01
4.100000000000000000e+01
4.200000000000000000e+01
4.300000000000000000e+01
4.400000000000000000e+01
4.500000000000000000e+01
4.600000000000000000e+01
4.700000000000000000e+01
4.800000000000000000e+01
4.900000000000000000e+01
5.000000000000000000e+01
5.100000000000000000e+01
5.200000000000000000e+01
5.300000000000000000e+01
5.400000000000000000e+01
5.500000000000000000e+01
5.600000000000000000e+01
5.700000000000000000e+01
5.800000000000000000e+01
5.900000000000000000e+01
6.000000000000000000e+01
6.100000000000000000e+01
6.200000000000000000e+01
6.300000000000000000e+01
6.400000000000000000e+01
6.500000000000000000e+01
6.600000000000000000e+01
6.700000000000000000e+01
6.800000000000000000e+01
6.900000000000000000e+01
7.000000000000000000e+01
7.100000000000000000e+01
7.200000000000000000e+01
7.300000000000000000e+01
7.400000000000000000e+01
7.500000000000000000e+01
7.600000000000000000e+01
7.700000000000000000e+01
7.800000000000000000e+01
7.900000000000000000e+01
8.000000000000000000e+01
8.100000000000000000e+01
8.200000000000000000e+01
8.300000000000000000e+01
8.400000000000000000e+01
8.500000000000000000e+01
8.600000000000000000e+01
8.700000000000000000e+01
8.800000000000000000e+01
8.900000000000000000e+01
9.000000000000000000e+01
9.100000000000000000e+01
9.200000000000000000e+01
9.300000000000000000e+01
9.400000000000000000e+01
9.500000000000000000e+01
9.600000000000000000e+01
9.700000000000000000e+01
9.800000000000000000e+01
9.900000000000000000e+01
