single photon fraction:    0.1138
laser fraction:    0.1617
thermal source fraction:    0.4731
non-detected fraction:    0.2515
number of bins:  200.0000
bin width (ns):    1.0000
average detection events per bin: 5000.0000

# binary result
0.000000000000000000e+00

# g2 signal
9.908944111728181792e-01
9.959993444190989864e-01
9.849834358350193497e-01
1.023404775530711630e+00
9.817592674689472609e-01
9.734301658565943649e-01
9.962680251162716605e-01
9.634889800612055355e-01
1.001910319756897705e+00
1.027972347382646978e+00
1.006746572306005838e+00
1.006209210911660490e+00
9.841773937435013275e-01
1.008896017883387231e+00
9.951933023275809642e-01
1.009433379277732579e+00
1.017493800192912801e+00
1.012388866946631882e+00
1.003253723242761186e+00
9.906257304756455051e-01
9.876702428067460904e-01
9.954619830247536383e-01
1.006477891608833275e+00
9.957306637219263123e-01
1.026897624593956282e+00
1.000835596968207009e+00
9.951933023275809642e-01
9.949246216304082902e-01
1.020449287861812104e+00
9.992235127851709642e-01
9.900883690813001570e-01
9.903570497784728310e-01
1.000566916271034446e+00
9.833713516519833053e-01
9.825653095604652831e-01
1.028778389474165111e+00
1.000566916271034446e+00
9.906257304756455051e-01
9.882076042010914385e-01
9.970740672077895717e-01
1.004865807425797231e+00
9.925064953558542236e-01
9.704746781876949502e-01
1.019105884375948845e+00
9.750422500396304093e-01
1.008627337186214667e+00
1.001910319756897705e+00
1.014538312524013275e+00
1.005940530214487927e+00
9.790724604972205203e-01
9.930438567501995717e-01
9.898196883841274829e-01
1.017493800192912801e+00
9.817592674689472609e-01
1.000029554876689097e+00
9.911630918699908532e-01
9.892823269897821348e-01
1.003522403939933749e+00
9.989548320879982901e-01
9.968053865106168976e-01
1.004328446031451882e+00
9.994921934823436382e-01
1.016419077404222104e+00
9.750422500396304093e-01
1.001910319756897705e+00
1.002985042545588401e+00
1.000835596968207009e+00
9.624142572725148392e-01
1.004059765334279097e+00
1.009970740672077927e+00
9.839087130463286535e-01
1.022867414136366282e+00
1.028509708776992326e+00
1.002985042545588401e+00
1.031196515748719067e+00
9.917004532643362014e-01
1.005671849517315142e+00
9.847147551378466757e-01
1.014000951129667927e+00
9.863268393208827201e-01
9.766543342226664537e-01
1.002447681151243053e+00
9.906257304756455051e-01
9.785350991028751722e-01
1.017493800192912801e+00
1.000835596968207009e+00
9.911630918699908532e-01
1.002179000454070490e+00
9.758482921311484315e-01
9.976114286021349198e-01
9.994921934823436382e-01
1.007552614397523971e+00
9.959993444190989864e-01
9.804158639830838906e-01
9.796098218915658684e-01
1.003791084637106534e+00
9.707433588848676242e-01
1.018837203678776060e+00
1.005403168820142579e+00
9.895510076869548088e-01
1.490640507913989943e+00
9.943872602360629420e-01
1.016956438798567453e+00
1.003791084637106534e+00
1.038719575269553941e+00
1.004597126728624445e+00
9.919691339615088754e-01
1.007552614397523971e+00
9.610708537866514689e-01
1.019105884375948845e+00
1.020717968558984889e+00
9.865955200180553941e-01
1.009970740672077927e+00
1.005403168820142579e+00
9.879389235039187644e-01
1.014000951129667927e+00
9.914317725671635273e-01
9.769230149198391278e-01
9.959993444190989864e-01
9.962680251162716605e-01
9.992235127851709642e-01
1.005134488122969794e+00
9.965367058134442235e-01
9.616082151809968170e-01
9.906257304756455051e-01
9.978801092993075939e-01
1.001641639059725142e+00
1.001910319756897705e+00
1.002447681151243053e+00
9.949246216304082902e-01
1.023942136925056978e+00
1.007283933700351186e+00
9.879389235039187644e-01
9.616082151809968170e-01
9.984174706936529420e-01
9.906257304756455051e-01
9.788037798000478462e-01
1.007015253003178623e+00
1.013732270432495364e+00
9.707433588848676242e-01
1.004865807425797231e+00
1.009702059974905364e+00
9.900883690813001570e-01
1.003253723242761186e+00
9.917004532643362014e-01
1.021255329953330238e+00
9.728928044622490168e-01
1.008089975791869319e+00
9.777290570113571500e-01
1.043555827818662074e+00
1.026091582502438371e+00
1.010239421369250712e+00
9.852521165321920238e-01
1.005403168820142579e+00
9.938498988417175939e-01
9.782664184057024981e-01
9.968053865106168976e-01
9.890136462926094607e-01
9.997608741795163123e-01
1.011582824855113971e+00
9.895510076869548088e-01
1.015881716009876756e+00
9.965367058134442235e-01
9.965367058134442235e-01
9.804158639830838906e-01
1.025554221108093023e+00
9.976114286021349198e-01
1.009702059974905364e+00
9.855207972293646979e-01
9.865955200180553941e-01
9.852521165321920238e-01
1.000835596968207009e+00
9.871328814124007422e-01
9.849834358350193497e-01
9.683252326103135577e-01
9.933125374473722458e-01
1.008627337186214667e+00
9.774603763141844759e-01
9.796098218915658684e-01
1.006209210911660490e+00
9.922378146586815495e-01
1.021524010650502801e+00
9.959993444190989864e-01
1.002447681151243053e+00
1.022867414136366282e+00
1.008089975791869319e+00
1.017225119495740016e+00
9.882076042010914385e-01
9.989548320879982901e-01
9.935812181445449198e-01
1.020180607164639541e+00
9.879389235039187644e-01
9.943872602360629420e-01
9.847147551378466757e-01
9.978801092993075939e-01
9.852521165321920238e-01
1.033883322720445808e+00
1.011582824855113971e+00
1.008358656489041882e+00
9.925064953558542236e-01

# time bin value
-1.000000000000000000e+02
-9.900000000000000000e+01
-9.800000000000000000e+01
-9.700000000000000000e+01
-9.600000000000000000e+01
-9.500000000000000000e+01
-9.400000000000000000e+01
-9.300000000000000000e+01
-9.200000000000000000e+01
-9.100000000000000000e+01
-9.000000000000000000e+01
-8.900000000000000000e+01
-8.800000000000000000e+01
-8.700000000000000000e+01
-8.600000000000000000e+01
-8.500000000000000000e+01
-8.400000000000000000e+01
-8.300000000000000000e+01
-8.200000000000000000e+01
-8.100000000000000000e+01
-8.000000000000000000e+01
-7.900000000000000000e+01
-7.800000000000000000e+01
-7.700000000000000000e+01
-7.600000000000000000e+01
-7.500000000000000000e+01
-7.400000000000000000e+01
-7.300000000000000000e+01
-7.200000000000000000e+01
-7.100000000000000000e+01
-7.000000000000000000e+01
-6.900000000000000000e+01
-6.800000000000000000e+01
-6.700000000000000000e+01
-6.600000000000000000e+01
-6.500000000000000000e+01
-6.400000000000000000e+01
-6.300000000000000000e+01
-6.200000000000000000e+01
-6.100000000000000000e+01
-6.000000000000000000e+01
-5.900000000000000000e+01
-5.800000000000000000e+01
-5.700000000000000000e+01
-5.600000000000000000e+01
-5.500000000000000000e+01
-5.400000000000000000e+01
-5.300000000000000000e+01
-5.200000000000000000e+01
-5.100000000000000000e+01
-5.000000000000000000e+01
-4.900000000000000000e+01
-4.800000000000000000e+01
-4.700000000000000000e+01
-4.600000000000000000e+01
-4.500000000000000000e+01
-4.400000000000000000e+01
-4.300000000000000000e+01
-4.200000000000000000e+01
-4.100000000000000000e+01
-4.000000000000000000e+01
-3.900000000000000000e+01
-3.800000000000000000e+01
-3.700000000000000000e+01
-3.600000000000000000e+01
-3.500000000000000000e+01
-3.400000000000000000e+01
-3.300000000000000000e+01
-3.200000000000000000e+01
-3.100000000000000000e+01
-3.000000000000000000e+01
-2.900000000000000000e+01
-2.800000000000000000e+01
-2.700000000000000000e+01
-2.600000000000000000e+01
-2.500000000000000000e+01
-2.400000000000000000e+01
-2.300000000000000000e+01
-2.200000000000000000e+01
-2.100000000000000000e+01
-2.000000000000000000e+01
-1.900000000000000000e+01
-1.800000000000000000e+01
-1.700000000000000000e+01
-1.600000000000000000e+01
-1.500000000000000000e+01
-1.400000000000000000e+01
-1.300000000000000000e+01
-1.200000000000000000e+01
-1.100000000000000000e+01
-1.000000000000000000e+01
-9.000000000000000000e+00
-8.000000000000000000e+00
-7.000000000000000000e+00
-6.000000000000000000e+00
-5.000000000000000000e+00
-4.000000000000000000e+00
-3.000000000000000000e+00
-2.000000000000000000e+00
-1.000000000000000000e+00
0.000000000000000000e+00
1.000000000000000000e+00
2.000000000000000000e+00
3.000000000000000000e+00
4.000000000000000000e+00
5.000000000000000000e+00
6.000000000000000000e+00
7.000000000000000000e+00
8.000000000000000000e+00
9.000000000000000000e+00
1.000000000000000000e+01
1.100000000000000000e+01
1.200000000000000000e+01
1.300000000000000000e+01
1.400000000000000000e+01
1.500000000000000000e+01
1.600000000000000000e+01
1.700000000000000000e+01
1.800000000000000000e+01
1.900000000000000000e+01
2.000000000000000000e+01
2.100000000000000000e+01
2.200000000000000000e+01
2.300000000000000000e+01
2.400000000000000000e+01
2.500000000000000000e+01
2.600000000000000000e+01
2.700000000000000000e+01
2.800000000000000000e+01
2.900000000000000000e+01
3.000000000000000000e+01
3.100000000000000000e+01
3.200000000000000000e+01
3.300000000000000000e+01
3.400000000000000000e+01
3.500000000000000000e+01
3.600000000000000000e+01
3.700000000000000000e+01
3.800000000000000000e+01
3.900000000000000000e+01
4.000000000000000000e+01
4.100000000000000000e+01
4.200000000000000000e+01
4.300000000000000000e+01
4.400000000000000000e+01
4.500000000000000000e+01
4.600000000000000000e+01
4.700000000000000000e+01
4.800000000000000000e+01
4.900000000000000000e+01
5.000000000000000000e+01
5.100000000000000000e+01
5.200000000000000000e+01
5.300000000000000000e+01
5.400000000000000000e+01
5.500000000000000000e+01
5.600000000000000000e+01
5.700000000000000000e+01
5.800000000000000000e+01
5.900000000000000000e+01
6.000000000000000000e+01
6.100000000000000000e+01
6.200000000000000000e+01
6.300000000000000000e+01
6.400000000000000000e+01
6.500000000000000000e+01
6.600000000000000000e+01
6.700000000000000000e+01
6.800000000000000000e+01
6.900000000000000000e+01
7.000000000000000000e+01
7.100000000000000000e+01
7.200000000000000000e+01
7.300000000000000000e+01
7.400000000000000000e+01
7.500000000000000000e+01
7.600000000000000000e+01
7.700000000000000000e+01
7.800000000000000000e+01
7.900000000000000000e+01
8.000000000000000000e+01
8.100000000000000000e+01
8.200000000000000000e+01
8.300000000000000000e+01
8.400000000000000000e+01
8.500000000000000000e+01
8.600000000000000000e+01
8.700000000000000000e+01
8.800000000000000000e+01
8.900000000000000000e+01
9.000000000000000000e+01
9.100000000000000000e+01
9.200000000000000000e+01
9.300000000000000000e+01
9.400000000000000000e+01
9.500000000000000000e+01
9.600000000000000000e+01
9.700000000000000000e+01
9.800000000000000000e+01
9.900000000000000000e+01
