single photon fraction:    0.3265
laser fraction:    0.0136
thermal source fraction:    0.3129
non-detected fraction:    0.3469
number of bins:  200.0000
bin width (ns):    1.0000
average detection events per bin: 5000.0000

# binary result
0.000000000000000000e+00

# g2 signal
1.009270887198049804e+00
9.978823471473245998e-01
9.901873876535913777e-01
9.852626135776021421e-01
1.006500701780305818e+00
1.008963088818300324e+00
9.911107827928393732e-01
1.012656669375292307e+00
1.052670458742705151e+00
9.954199601093299821e-01
9.904951860333406355e-01
9.898795892738420088e-01
9.969589520080766043e-01
9.935731698308339910e-01
9.732584767673783110e-01
1.000344734185319107e+00
9.717194848686315778e-01
1.010502080717047058e+00
1.012964467755041786e+00
9.806456378813621644e-01
1.020043830489276271e+00
1.002807121223313835e+00
1.004346113122060569e+00
9.861860087168500266e-01
1.005885105020807080e+00
9.923419763118366266e-01
1.005269508261308564e+00
1.006808500160055075e+00
1.003114919603063093e+00
9.775676540838689199e-01
1.009270887198049804e+00
9.920341779320873687e-01
1.011425475856295053e+00
9.754130654256235600e-01
1.006808500160055075e+00
1.018812636970279017e+00
1.001883726084065840e+00
1.004038314742311089e+00
1.030508975400753480e+00
1.000960330944817844e+00
9.809534362611115332e-01
1.020351628869025529e+00
9.932653714510846221e-01
1.014195661274039040e+00
1.010809879096796315e+00
1.024353007805766769e+00
9.935731698308339910e-01
9.624855334761517334e-01
1.010194282337297800e+00
1.023429612666518995e+00
9.984979439068232265e-01
9.732584767673783110e-01
1.012656669375292307e+00
1.004653911501809826e+00
1.008963088818300324e+00
9.800300411218635377e-01
9.714116864888823200e-01
1.014195661274039040e+00
1.003422717982812573e+00
9.707960897293835822e-01
9.892639925143433821e-01
1.020659427248775009e+00
1.000344734185319107e+00
9.972667503878259732e-01
9.741818719066261956e-01
1.015119056413287035e+00
1.021275024008273524e+00
9.864938070965993955e-01
1.002191524463815098e+00
1.032047967299499991e+00
9.948043633498312444e-01
1.022814015907020258e+00
1.042513112210977200e+00
1.002499322843564578e+00
9.781832508433675466e-01
1.002191524463815098e+00
9.778754524636181777e-01
1.010809879096796315e+00
9.858782103371007688e-01
1.011425475856295053e+00
9.901873876535913777e-01
1.000344734185319107e+00
1.001575927704316582e+00
1.021582822388023004e+00
1.026199798084262760e+00
1.020659427248775009e+00
9.978823471473245998e-01
1.024045209426017511e+00
9.837236216788554088e-01
1.018197040210780280e+00
1.018812636970279017e+00
1.002499322843564578e+00
1.016042451552535031e+00
9.803378395016127955e-01
9.775676540838689199e-01
9.951121617295806132e-01
9.978823471473245998e-01
9.483268080076826534e-01
9.723350816281303155e-01
1.004038314742311089e+00
9.649479205141463511e-01
1.026815394843761498e+00
9.760286621851221867e-01
1.016658048312033547e+00
1.012041072615793791e+00
9.775676540838689199e-01
1.026507596464012240e+00
9.726428800078795733e-01
9.824924281598581555e-01
9.818768314003595288e-01
9.929575730713353643e-01
1.006192903400556560e+00
9.874172022358473910e-01
1.013272266134791044e+00
9.932653714510846221e-01
1.014503459653788298e+00
9.975745487675752310e-01
9.803378395016127955e-01
1.010809879096796315e+00
9.932653714510846221e-01
1.018812636970279017e+00
9.615621383369037378e-01
1.006500701780305818e+00
1.001268129324567102e+00
9.984979439068232265e-01
1.034510354337494720e+00
1.010502080717047058e+00
9.858782103371007688e-01
1.018504838590529538e+00
9.769520573243701822e-01
9.852626135776021421e-01
1.001575927704316582e+00
9.978823471473245998e-01
1.005885105020807080e+00
9.966511536283272354e-01
1.041897515451478684e+00
1.021890620767772262e+00
9.997291374258205909e-01
9.787988476028661733e-01
9.960355568688286088e-01
9.578685577799118667e-01
9.840314200586047777e-01
9.877250006155967599e-01
9.812612346408607911e-01
9.800300411218635377e-01
1.002191524463815098e+00
9.991135406663218532e-01
1.021275024008273524e+00
9.818768314003595288e-01
1.000036935805569849e+00
9.809534362611115332e-01
9.818768314003595288e-01
1.003114919603063093e+00
9.972667503878259732e-01
9.954199601093299821e-01
9.791066459826155421e-01
1.021890620767772262e+00
1.003730516362561831e+00
9.944965649700819865e-01
9.781832508433675466e-01
1.008039693679052329e+00
1.000344734185319107e+00
1.014811258033537777e+00
9.898795892738420088e-01
9.904951860333406355e-01
9.935731698308339910e-01
1.006808500160055075e+00
1.004346113122060569e+00
9.846470168181034044e-01
9.997291374258205909e-01
1.016965846691783026e+00
9.898795892738420088e-01
9.966511536283272354e-01
1.011425475856295053e+00
9.954199601093299821e-01
1.020659427248775009e+00
9.880327989953460177e-01
1.007731895299303071e+00
1.004961709881559084e+00
1.014811258033537777e+00
9.941887665903326177e-01
1.017581443451281542e+00
9.991135406663218532e-01
1.032047967299499991e+00
9.760286621851221867e-01
1.008347492058801809e+00
9.797222427421141688e-01
1.006500701780305818e+00
9.972667503878259732e-01
9.791066459826155421e-01
9.747974686661249333e-01
9.904951860333406355e-01
1.004038314742311089e+00
9.797222427421141688e-01
1.044052104109723933e+00
9.667947107926423422e-01
1.027123193223510755e+00
9.963433552485779776e-01
9.914185811725886310e-01
1.017581443451281542e+00

# time bin value
-1.000000000000000000e+02
-9.900000000000000000e+01
-9.800000000000000000e+01
-9.700000000000000000e+01
-9.600000000000000000e+01
-9.500000000000000000e+01
-9.400000000000000000e+01
-9.300000000000000000e+01
-9.200000000000000000e+01
-9.100000000000000000e+01
-9.000000000000000000e+01
-8.900000000000000000e+01
-8.800000000000000000e+01
-8.700000000000000000e+01
-8.600000000000000000e+01
-8.500000000000000000e+01
-8.400000000000000000e+01
-8.300000000000000000e+01
-8.200000000000000000e+01
-8.100000000000000000e+01
-8.000000000000000000e+01
-7.900000000000000000e+01
-7.800000000000000000e+01
-7.700000000000000000e+01
-7.600000000000000000e+01
-7.500000000000000000e+01
-7.400000000000000000e+01
-7.300000000000000000e+01
-7.200000000000000000e+01
-7.100000000000000000e+01
-7.000000000000000000e+01
-6.900000000000000000e+01
-6.800000000000000000e+01
-6.700000000000000000e+01
-6.600000000000000000e+01
-6.500000000000000000e+01
-6.400000000000000000e+01
-6.300000000000000000e+01
-6.200000000000000000e+01
-6.100000000000000000e+01
-6.000000000000000000e+01
-5.900000000000000000e+01
-5.800000000000000000e+01
-5.700000000000000000e+01
-5.600000000000000000e+01
-5.500000000000000000e+01
-5.400000000000000000e+01
-5.300000000000000000e+01
-5.200000000000000000e+01
-5.100000000000000000e+01
-5.000000000000000000e+01
-4.900000000000000000e+01
-4.800000000000000000e+01
-4.700000000000000000e+01
-4.600000000000000000e+01
-4.500000000000000000e+01
-4.400000000000000000e+01
-4.300000000000000000e+01
-4.200000000000000000e+01
-4.100000000000000000e+01
-4.000000000000000000e+01
-3.900000000000000000e+01
-3.800000000000000000e+01
-3.700000000000000000e+01
-3.600000000000000000e+01
-3.500000000000000000e+01
-3.400000000000000000e+01
-3.300000000000000000e+01
-3.200000000000000000e+01
-3.100000000000000000e+01
-3.000000000000000000e+01
-2.900000000000000000e+01
-2.800000000000000000e+01
-2.700000000000000000e+01
-2.600000000000000000e+01
-2.500000000000000000e+01
-2.400000000000000000e+01
-2.300000000000000000e+01
-2.200000000000000000e+01
-2.100000000000000000e+01
-2.000000000000000000e+01
-1.900000000000000000e+01
-1.800000000000000000e+01
-1.700000000000000000e+01
-1.600000000000000000e+01
-1.500000000000000000e+01
-1.400000000000000000e+01
-1.300000000000000000e+01
-1.200000000000000000e+01
-1.100000000000000000e+01
-1.000000000000000000e+01
-9.000000000000000000e+00
-8.000000000000000000e+00
-7.000000000000000000e+00
-6.000000000000000000e+00
-5.000000000000000000e+00
-4.000000000000000000e+00
-3.000000000000000000e+00
-2.000000000000000000e+00
-1.000000000000000000e+00
0.000000000000000000e+00
1.000000000000000000e+00
2.000000000000000000e+00
3.000000000000000000e+00
4.000000000000000000e+00
5.000000000000000000e+00
6.000000000000000000e+00
7.000000000000000000e+00
8.000000000000000000e+00
9.000000000000000000e+00
1.000000000000000000e+01
1.100000000000000000e+01
1.200000000000000000e+01
1.300000000000000000e+01
1.400000000000000000e+01
1.500000000000000000e+01
1.600000000000000000e+01
1.700000000000000000e+01
1.800000000000000000e+01
1.900000000000000000e+01
2.000000000000000000e+01
2.100000000000000000e+01
2.200000000000000000e+01
2.300000000000000000e+01
2.400000000000000000e+01
2.500000000000000000e+01
2.600000000000000000e+01
2.700000000000000000e+01
2.800000000000000000e+01
2.900000000000000000e+01
3.000000000000000000e+01
3.100000000000000000e+01
3.200000000000000000e+01
3.300000000000000000e+01
3.400000000000000000e+01
3.500000000000000000e+01
3.600000000000000000e+01
3.700000000000000000e+01
3.800000000000000000e+01
3.900000000000000000e+01
4.000000000000000000e+01
4.100000000000000000e+01
4.200000000000000000e+01
4.300000000000000000e+01
4.400000000000000000e+01
4.500000000000000000e+01
4.600000000000000000e+01
4.700000000000000000e+01
4.800000000000000000e+01
4.900000000000000000e+01
5.000000000000000000e+01
5.100000000000000000e+01
5.200000000000000000e+01
5.300000000000000000e+01
5.400000000000000000e+01
5.500000000000000000e+01
5.600000000000000000e+01
5.700000000000000000e+01
5.800000000000000000e+01
5.900000000000000000e+01
6.000000000000000000e+01
6.100000000000000000e+01
6.200000000000000000e+01
6.300000000000000000e+01
6.400000000000000000e+01
6.500000000000000000e+01
6.600000000000000000e+01
6.700000000000000000e+01
6.800000000000000000e+01
6.900000000000000000e+01
7.000000000000000000e+01
7.100000000000000000e+01
7.200000000000000000e+01
7.300000000000000000e+01
7.400000000000000000e+01
7.500000000000000000e+01
7.600000000000000000e+01
7.700000000000000000e+01
7.800000000000000000e+01
7.900000000000000000e+01
8.000000000000000000e+01
8.100000000000000000e+01
8.200000000000000000e+01
8.300000000000000000e+01
8.400000000000000000e+01
8.500000000000000000e+01
8.600000000000000000e+01
8.700000000000000000e+01
8.800000000000000000e+01
8.900000000000000000e+01
9.000000000000000000e+01
9.100000000000000000e+01
9.200000000000000000e+01
9.300000000000000000e+01
9.400000000000000000e+01
9.500000000000000000e+01
9.600000000000000000e+01
9.700000000000000000e+01
9.800000000000000000e+01
9.900000000000000000e+01
