single photon fraction:    0.3672
laser fraction:    0.0859
thermal source fraction:    0.1250
non-detected fraction:    0.4219
number of bins:  200.0000
bin width (ns):    1.0000
average detection events per bin: 5000.0000

# binary result
0.000000000000000000e+00

# g2 signal
9.814226576897787657e-01
9.984395402894953309e-01
1.033167872125651643e+00
1.013720006297404108e+00
9.824645076448634828e-01
9.803808077346940486e-01
1.015109139570850472e+00
9.887156073753715635e-01
1.035598855354182612e+00
9.956612737426028259e-01
1.027611339031866633e+00
1.016498272844296613e+00
9.994813902445800480e-01
9.939248571507950381e-01
9.904520239671794624e-01
9.904520239671794624e-01
9.928830071957103209e-01
9.748242746409090387e-01
9.935775738324335027e-01
1.014761856252488936e+00
1.000523240199664654e+00
1.032820588807290108e+00
1.002954223428195624e+00
9.904520239671794624e-01
1.003996073383280452e+00
1.001217806836387947e+00
9.619747918615312310e-01
9.758661245959937558e-01
9.932302905140719673e-01
9.994813902445800480e-01
1.027264055713505098e+00
1.050879321362091501e+00
9.730878580491012508e-01
9.609329419064465139e-01
1.006427056611811421e+00
1.004690640020003523e+00
1.020318389346273946e+00
9.935775738324335027e-01
1.016150989525935078e+00
9.859373408284790585e-01
9.727405747307397155e-01
1.013720006297404108e+00
9.980922569711337955e-01
1.009899889795426997e+00
1.025874922440058956e+00
9.942721404691565734e-01
1.024485789166612593e+00
9.859373408284790585e-01
1.008858039840342391e+00
1.020318389346273946e+00
9.911465906039025331e-01
1.004690640020003523e+00
1.012330873023957967e+00
1.010594456432150068e+00
9.890628906937332099e-01
1.019623822709550653e+00
1.005037923338365058e+00
9.782971078245247254e-01
9.980922569711337955e-01
1.057130421092599581e+00
9.765606912327168265e-01
9.550291254942999686e-01
1.018234689436104512e+00
1.035946138672544148e+00
1.003996073383280452e+00
9.928830071957103209e-01
9.911465906039025331e-01
1.035946138672544148e+00
9.935775738324335027e-01
9.928830071957103209e-01
9.894101740120947452e-01
9.807280910530555840e-01
9.744769913225475033e-01
1.020318389346273946e+00
1.014761856252488936e+00
1.015109139570850472e+00
1.024138505848251057e+00
1.023791222529889522e+00
1.036640705309267441e+00
1.001217806836387947e+00
9.838536409183097353e-01
1.008163473203619098e+00
9.942721404691565734e-01
1.046364638223391097e+00
1.011289023068873139e+00
1.006079773293449664e+00
9.703095915022087459e-01
1.004690640020003523e+00
9.793389577796093315e-01
1.004690640020003523e+00
9.994813902445800480e-01
9.946194237875182198e-01
1.005037923338365058e+00
9.880210407386484928e-01
1.002259656791472553e+00
1.029695038942036067e+00
9.880210407386484928e-01
1.015109139570850472e+00
9.845482075550328060e-01
1.005732489975088129e+00
5.855196747575962535e-01
1.017540122799381441e+00
9.800335244163325132e-01
9.876737574202868464e-01
1.019623822709550653e+00
9.703095915022087459e-01
1.011983589705596431e+00
1.023791222529889522e+00
1.011983589705596431e+00
9.845482075550328060e-01
9.838536409183097353e-01
9.928830071957103209e-01
1.004690640020003523e+00
9.852427741917559878e-01
1.013025439660681037e+00
1.027264055713505098e+00
9.848954908733943414e-01
9.887156073753715635e-01
1.016845556162658148e+00
9.831590742815865536e-01
1.019276539391189118e+00
1.027958622350228168e+00
9.880210407386484928e-01
9.789916744612477961e-01
1.011289023068873139e+00
9.883683240570100281e-01
1.003648790064918916e+00
1.006079773293449664e+00
9.852427741917559878e-01
1.010941739750511603e+00
1.023791222529889522e+00
1.000523240199664654e+00
1.010247173113788532e+00
9.991341069262185126e-01
1.022749372574804916e+00
1.011289023068873139e+00
1.002259656791472553e+00
9.807280910530555840e-01
9.897574573304562806e-01
9.828117909632250182e-01
9.977449736527722601e-01
9.835063575999480889e-01
9.852427741917559878e-01
9.862846241468405939e-01
9.671840416369545945e-01
9.723932914123780691e-01
9.536399922208537161e-01
1.017887406117742977e+00
9.737824246858243216e-01
9.782971078245247254e-01
1.009205323158703926e+00
9.890628906937332099e-01
9.845482075550328060e-01
9.473888924903455244e-01
1.016498272844296613e+00
1.006079773293449664e+00
1.016845556162658148e+00
1.033515155444013400e+00
9.953139904242412905e-01
1.009552606477065462e+00
1.052268454635537642e+00
1.006079773293449664e+00
9.824645076448634828e-01
9.998286735629415833e-01
9.977449736527722601e-01
9.817699410081403011e-01
1.010247173113788532e+00
9.845482075550328060e-01
1.025180355803335663e+00
1.015109139570850472e+00
9.953139904242412905e-01
9.946194237875182198e-01
1.032126022170567037e+00
1.012330873023957967e+00
9.710041581389318166e-01
1.009552606477065462e+00
1.017192839481019906e+00
1.020318389346273946e+00
1.008163473203619098e+00
1.024833072484974128e+00
1.021012955982997017e+00
1.009205323158703926e+00
1.000175956881303119e+00
1.004343356701641987e+00
9.897574573304562806e-01
1.009205323158703926e+00
1.006079773293449664e+00
9.921884405589872502e-01
9.914938739222640685e-01
9.991341069262185126e-01
9.810753743714172304e-01
1.008510756521980634e+00
9.890628906937332099e-01
1.013025439660681037e+00
1.002606940109834088e+00
1.026222205758420492e+00
1.019971106027912411e+00
1.005732489975088129e+00
9.762134079143552912e-01
9.838536409183097353e-01

# time bin value
-1.000000000000000000e+02
-9.900000000000000000e+01
-9.800000000000000000e+01
-9.700000000000000000e+01
-9.600000000000000000e+01
-9.500000000000000000e+01
-9.400000000000000000e+01
-9.300000000000000000e+01
-9.200000000000000000e+01
-9.100000000000000000e+01
-9.000000000000000000e+01
-8.900000000000000000e+01
-8.800000000000000000e+01
-8.700000000000000000e+01
-8.600000000000000000e+01
-8.500000000000000000e+01
-8.400000000000000000e+01
-8.300000000000000000e+01
-8.200000000000000000e+01
-8.100000000000000000e+01
-8.000000000000000000e+01
-7.900000000000000000e+01
-7.800000000000000000e+01
-7.700000000000000000e+01
-7.600000000000000000e+01
-7.500000000000000000e+01
-7.400000000000000000e+01
-7.300000000000000000e+01
-7.200000000000000000e+01
-7.100000000000000000e+01
-7.000000000000000000e+01
-6.900000000000000000e+01
-6.800000000000000000e+01
-6.700000000000000000e+01
-6.600000000000000000e+01
-6.500000000000000000e+01
-6.400000000000000000e+01
-6.300000000000000000e+01
-6.200000000000000000e+01
-6.100000000000000000e+01
-6.000000000000000000e+01
-5.900000000000000000e+01
-5.800000000000000000e+01
-5.700000000000000000e+01
-5.600000000000000000e+01
-5.500000000000000000e+01
-5.400000000000000000e+01
-5.300000000000000000e+01
-5.200000000000000000e+01
-5.100000000000000000e+01
-5.000000000000000000e+01
-4.900000000000000000e+01
-4.800000000000000000e+01
-4.700000000000000000e+01
-4.600000000000000000e+01
-4.500000000000000000e+01
-4.400000000000000000e+01
-4.300000000000000000e+01
-4.200000000000000000e+01
-4.100000000000000000e+01
-4.000000000000000000e+01
-3.900000000000000000e+01
-3.800000000000000000e+01
-3.700000000000000000e+01
-3.600000000000000000e+01
-3.500000000000000000e+01
-3.400000000000000000e+01
-3.300000000000000000e+01
-3.200000000000000000e+01
-3.100000000000000000e+01
-3.000000000000000000e+01
-2.900000000000000000e+01
-2.800000000000000000e+01
-2.700000000000000000e+01
-2.600000000000000000e+01
-2.500000000000000000e+01
-2.400000000000000000e+01
-2.300000000000000000e+01
-2.200000000000000000e+01
-2.100000000000000000e+01
-2.000000000000000000e+01
-1.900000000000000000e+01
-1.800000000000000000e+01
-1.700000000000000000e+01
-1.600000000000000000e+01
-1.500000000000000000e+01
-1.400000000000000000e+01
-1.300000000000000000e+01
-1.200000000000000000e+01
-1.100000000000000000e+01
-1.000000000000000000e+01
-9.000000000000000000e+00
-8.000000000000000000e+00
-7.000000000000000000e+00
-6.000000000000000000e+00
-5.000000000000000000e+00
-4.000000000000000000e+00
-3.000000000000000000e+00
-2.000000000000000000e+00
-1.000000000000000000e+00
0.000000000000000000e+00
1.000000000000000000e+00
2.000000000000000000e+00
3.000000000000000000e+00
4.000000000000000000e+00
5.000000000000000000e+00
6.000000000000000000e+00
7.000000000000000000e+00
8.000000000000000000e+00
9.000000000000000000e+00
1.000000000000000000e+01
1.100000000000000000e+01
1.200000000000000000e+01
1.300000000000000000e+01
1.400000000000000000e+01
1.500000000000000000e+01
1.600000000000000000e+01
1.700000000000000000e+01
1.800000000000000000e+01
1.900000000000000000e+01
2.000000000000000000e+01
2.100000000000000000e+01
2.200000000000000000e+01
2.300000000000000000e+01
2.400000000000000000e+01
2.500000000000000000e+01
2.600000000000000000e+01
2.700000000000000000e+01
2.800000000000000000e+01
2.900000000000000000e+01
3.000000000000000000e+01
3.100000000000000000e+01
3.200000000000000000e+01
3.300000000000000000e+01
3.400000000000000000e+01
3.500000000000000000e+01
3.600000000000000000e+01
3.700000000000000000e+01
3.800000000000000000e+01
3.900000000000000000e+01
4.000000000000000000e+01
4.100000000000000000e+01
4.200000000000000000e+01
4.300000000000000000e+01
4.400000000000000000e+01
4.500000000000000000e+01
4.600000000000000000e+01
4.700000000000000000e+01
4.800000000000000000e+01
4.900000000000000000e+01
5.000000000000000000e+01
5.100000000000000000e+01
5.200000000000000000e+01
5.300000000000000000e+01
5.400000000000000000e+01
5.500000000000000000e+01
5.600000000000000000e+01
5.700000000000000000e+01
5.800000000000000000e+01
5.900000000000000000e+01
6.000000000000000000e+01
6.100000000000000000e+01
6.200000000000000000e+01
6.300000000000000000e+01
6.400000000000000000e+01
6.500000000000000000e+01
6.600000000000000000e+01
6.700000000000000000e+01
6.800000000000000000e+01
6.900000000000000000e+01
7.000000000000000000e+01
7.100000000000000000e+01
7.200000000000000000e+01
7.300000000000000000e+01
7.400000000000000000e+01
7.500000000000000000e+01
7.600000000000000000e+01
7.700000000000000000e+01
7.800000000000000000e+01
7.900000000000000000e+01
8.000000000000000000e+01
8.100000000000000000e+01
8.200000000000000000e+01
8.300000000000000000e+01
8.400000000000000000e+01
8.500000000000000000e+01
8.600000000000000000e+01
8.700000000000000000e+01
8.800000000000000000e+01
8.900000000000000000e+01
9.000000000000000000e+01
9.100000000000000000e+01
9.200000000000000000e+01
9.300000000000000000e+01
9.400000000000000000e+01
9.500000000000000000e+01
9.600000000000000000e+01
9.700000000000000000e+01
9.800000000000000000e+01
9.900000000000000000e+01
