single photon fraction:    0.3750
laser fraction:    0.1207
thermal source fraction:    0.1810
non-detected fraction:    0.3233
number of bins:  200.0000
bin width (ns):    1.0000
average detection events per bin: 5000.0000

# binary result
0.000000000000000000e+00

# g2 signal
1.006483525282189984e+00
1.020421275926934435e+00
9.878010084605111096e-01
1.007076621054306731e+00
1.003221498535547651e+00
1.003221498535547651e+00
9.987732802446717129e-01
1.032876287141387017e+00
9.990698281307300865e-01
1.010931743573065811e+00
1.015973057636058607e+00
9.839458859417520298e-01
1.002924950649489277e+00
9.714908747272994471e-01
1.006186977396131610e+00
9.916561309792703005e-01
9.955112534980293804e-01
1.007373168940365105e+00
1.027241877306277695e+00
1.034062478685620734e+00
9.792011197648177179e-01
1.002331854877372530e+00
1.024572946331752110e+00
9.759390930181753854e-01
1.002628402763430904e+00
1.002628402763430904e+00
9.783114761066425968e-01
9.839458859417520298e-01
9.931388704095622799e-01
9.966974450422629861e-01
1.010635195687007437e+00
9.706012310691243261e-01
1.007966264712482074e+00
1.046220942014014721e+00
1.020717823812992808e+00
1.009449004142773942e+00
1.001738759105255783e+00
9.955112534980293804e-01
9.880975563465695943e-01
9.978836365864965918e-01
1.001145663333138813e+00
1.009745552028832316e+00
9.851320774859856355e-01
1.022497111129343272e+00
1.008559360484598821e+00
1.006780073168248357e+00
1.003221498535547651e+00
9.913595830932119268e-01
9.836493380556936561e-01
1.021904015357226525e+00
1.021014371699051404e+00
1.019235084382700940e+00
1.002331854877372530e+00
1.007669716826423478e+00
1.015676509750000234e+00
1.013304126661533022e+00
9.809804070811680710e-01
9.996629239028469449e-01
1.016566153408175355e+00
1.005593881624014863e+00
9.990698281307300865e-01
9.925457746374454215e-01
1.008855908370657195e+00
1.018641988610584193e+00
9.901733915489783211e-01
9.925457746374454215e-01
1.001738759105255783e+00
9.803873113090513236e-01
1.029910808280803058e+00
1.009152456256715569e+00
1.007076621054306731e+00
1.023979850559635363e+00
1.013007578775474649e+00
9.611116987152557023e-01
9.955112534980293804e-01
9.913595830932119268e-01
9.771252845624089911e-01
1.016862701294233728e+00
9.987732802446717129e-01
9.919526788653286742e-01
1.015083413977883486e+00
9.720839704994163055e-01
9.943250619537958856e-01
9.996629239028469449e-01
1.003814594307664398e+00
9.854286253720440092e-01
9.990698281307300865e-01
1.011524839345182780e+00
1.011228291459124407e+00
9.993663760167885712e-01
1.013007578775474649e+00
9.943250619537958856e-01
1.005890429510073236e+00
1.015973057636058607e+00
1.003221498535547651e+00
9.789045718787593442e-01
9.676357522085403673e-01
1.004407690079781146e+00
1.005890429510073236e+00
1.004111142193722772e+00
7.203148152358396228e-01
1.011524839345182780e+00
9.984767323586133392e-01
1.006483525282189984e+00
9.806838591951096973e-01
1.010042099914890690e+00
9.652633691200731558e-01
1.030800451938978402e+00
9.961043492701462387e-01
9.895802957768615737e-01
1.026055685762043979e+00
1.019828180154817687e+00
1.015083413977883486e+00
1.008262812598540448e+00
1.018345440724525819e+00
9.889872000047447154e-01
1.011524839345182780e+00
1.018938536496642566e+00
9.815735028532849293e-01
9.860217211441607565e-01
1.019828180154817687e+00
1.022793659015401646e+00
9.762356409042337591e-01
9.714908747272994471e-01
9.996629239028469449e-01
9.937319661816790273e-01
9.892837478908030890e-01
9.780149282205841121e-01
1.004111142193722772e+00
1.010042099914890690e+00
9.688219437527739730e-01
9.895802957768615737e-01
1.014490318205766739e+00
1.001145663333138813e+00
1.024572946331752110e+00
1.011821387231241154e+00
9.886906521186863417e-01
1.007373168940365105e+00
9.848355295999272618e-01
9.872079126883943623e-01
1.038807244862554935e+00
1.029614260394744685e+00
9.916561309792703005e-01
1.029021164622627937e+00
1.002331854877372530e+00
1.007966264712482074e+00
9.934354182956206536e-01
1.004111142193722772e+00
9.925457746374454215e-01
1.000256019674963692e+00
1.013304126661533022e+00
1.009449004142773942e+00
9.806838591951096973e-01
9.916561309792703005e-01
9.901733915489783211e-01
1.015379961863941860e+00
9.857251732581023829e-01
9.996629239028469449e-01
9.824631465114600504e-01
1.002035306991314156e+00
9.919526788653286742e-01
9.830562422835767977e-01
9.800907634229929499e-01
1.002035306991314156e+00
9.972905408143797334e-01
1.001145663333138813e+00
9.978836365864965918e-01
9.812769549672264446e-01
1.015676509750000234e+00
1.021904015357226525e+00
1.025166042103868858e+00
9.812769549672264446e-01
9.978836365864965918e-01
9.735667099297082849e-01
9.789045718787593442e-01
1.019235084382700940e+00
9.904699394350366948e-01
9.943250619537958856e-01
1.023386754787518393e+00
1.005593881624014863e+00
9.706012310691243261e-01
1.021904015357226525e+00
9.771252845624089911e-01
9.732701620436498002e-01
9.981801844725549655e-01
1.014786866091825113e+00
9.581462198546717435e-01
9.682288479806571146e-01
1.020717823812992808e+00
9.759390930181753854e-01
9.700081352970074677e-01
9.966974450422629861e-01
1.010931743573065811e+00
1.008559360484598821e+00
9.916561309792703005e-01
1.020124728040876061e+00
9.818700507393433030e-01
9.670426564364235089e-01
9.714908747272994471e-01
1.000552567561022066e+00

# time bin value
-1.000000000000000000e+02
-9.900000000000000000e+01
-9.800000000000000000e+01
-9.700000000000000000e+01
-9.600000000000000000e+01
-9.500000000000000000e+01
-9.400000000000000000e+01
-9.300000000000000000e+01
-9.200000000000000000e+01
-9.100000000000000000e+01
-9.000000000000000000e+01
-8.900000000000000000e+01
-8.800000000000000000e+01
-8.700000000000000000e+01
-8.600000000000000000e+01
-8.500000000000000000e+01
-8.400000000000000000e+01
-8.300000000000000000e+01
-8.200000000000000000e+01
-8.100000000000000000e+01
-8.000000000000000000e+01
-7.900000000000000000e+01
-7.800000000000000000e+01
-7.700000000000000000e+01
-7.600000000000000000e+01
-7.500000000000000000e+01
-7.400000000000000000e+01
-7.300000000000000000e+01
-7.200000000000000000e+01
-7.100000000000000000e+01
-7.000000000000000000e+01
-6.900000000000000000e+01
-6.800000000000000000e+01
-6.700000000000000000e+01
-6.600000000000000000e+01
-6.500000000000000000e+01
-6.400000000000000000e+01
-6.300000000000000000e+01
-6.200000000000000000e+01
-6.100000000000000000e+01
-6.000000000000000000e+01
-5.900000000000000000e+01
-5.800000000000000000e+01
-5.700000000000000000e+01
-5.600000000000000000e+01
-5.500000000000000000e+01
-5.400000000000000000e+01
-5.300000000000000000e+01
-5.200000000000000000e+01
-5.100000000000000000e+01
-5.000000000000000000e+01
-4.900000000000000000e+01
-4.800000000000000000e+01
-4.700000000000000000e+01
-4.600000000000000000e+01
-4.500000000000000000e+01
-4.400000000000000000e+01
-4.300000000000000000e+01
-4.200000000000000000e+01
-4.100000000000000000e+01
-4.000000000000000000e+01
-3.900000000000000000e+01
-3.800000000000000000e+01
-3.700000000000000000e+01
-3.600000000000000000e+01
-3.500000000000000000e+01
-3.400000000000000000e+01
-3.300000000000000000e+01
-3.200000000000000000e+01
-3.100000000000000000e+01
-3.000000000000000000e+01
-2.900000000000000000e+01
-2.800000000000000000e+01
-2.700000000000000000e+01
-2.600000000000000000e+01
-2.500000000000000000e+01
-2.400000000000000000e+01
-2.300000000000000000e+01
-2.200000000000000000e+01
-2.100000000000000000e+01
-2.000000000000000000e+01
-1.900000000000000000e+01
-1.800000000000000000e+01
-1.700000000000000000e+01
-1.600000000000000000e+01
-1.500000000000000000e+01
-1.400000000000000000e+01
-1.300000000000000000e+01
-1.200000000000000000e+01
-1.100000000000000000e+01
-1.000000000000000000e+01
-9.000000000000000000e+00
-8.000000000000000000e+00
-7.000000000000000000e+00
-6.000000000000000000e+00
-5.000000000000000000e+00
-4.000000000000000000e+00
-3.000000000000000000e+00
-2.000000000000000000e+00
-1.000000000000000000e+00
0.000000000000000000e+00
1.000000000000000000e+00
2.000000000000000000e+00
3.000000000000000000e+00
4.000000000000000000e+00
5.000000000000000000e+00
6.000000000000000000e+00
7.000000000000000000e+00
8.000000000000000000e+00
9.000000000000000000e+00
1.000000000000000000e+01
1.100000000000000000e+01
1.200000000000000000e+01
1.300000000000000000e+01
1.400000000000000000e+01
1.500000000000000000e+01
1.600000000000000000e+01
1.700000000000000000e+01
1.800000000000000000e+01
1.900000000000000000e+01
2.000000000000000000e+01
2.100000000000000000e+01
2.200000000000000000e+01
2.300000000000000000e+01
2.400000000000000000e+01
2.500000000000000000e+01
2.600000000000000000e+01
2.700000000000000000e+01
2.800000000000000000e+01
2.900000000000000000e+01
3.000000000000000000e+01
3.100000000000000000e+01
3.200000000000000000e+01
3.300000000000000000e+01
3.400000000000000000e+01
3.500000000000000000e+01
3.600000000000000000e+01
3.700000000000000000e+01
3.800000000000000000e+01
3.900000000000000000e+01
4.000000000000000000e+01
4.100000000000000000e+01
4.200000000000000000e+01
4.300000000000000000e+01
4.400000000000000000e+01
4.500000000000000000e+01
4.600000000000000000e+01
4.700000000000000000e+01
4.800000000000000000e+01
4.900000000000000000e+01
5.000000000000000000e+01
5.100000000000000000e+01
5.200000000000000000e+01
5.300000000000000000e+01
5.400000000000000000e+01
5.500000000000000000e+01
5.600000000000000000e+01
5.700000000000000000e+01
5.800000000000000000e+01
5.900000000000000000e+01
6.000000000000000000e+01
6.100000000000000000e+01
6.200000000000000000e+01
6.300000000000000000e+01
6.400000000000000000e+01
6.500000000000000000e+01
6.600000000000000000e+01
6.700000000000000000e+01
6.800000000000000000e+01
6.900000000000000000e+01
7.000000000000000000e+01
7.100000000000000000e+01
7.200000000000000000e+01
7.300000000000000000e+01
7.400000000000000000e+01
7.500000000000000000e+01
7.600000000000000000e+01
7.700000000000000000e+01
7.800000000000000000e+01
7.900000000000000000e+01
8.000000000000000000e+01
8.100000000000000000e+01
8.200000000000000000e+01
8.300000000000000000e+01
8.400000000000000000e+01
8.500000000000000000e+01
8.600000000000000000e+01
8.700000000000000000e+01
8.800000000000000000e+01
8.900000000000000000e+01
9.000000000000000000e+01
9.100000000000000000e+01
9.200000000000000000e+01
9.300000000000000000e+01
9.400000000000000000e+01
9.500000000000000000e+01
9.600000000000000000e+01
9.700000000000000000e+01
9.800000000000000000e+01
9.900000000000000000e+01
