single photon fraction:    1.0000
laser fraction:    0.0000
thermal source fraction:    0.0000
non-detected fraction:    0.0000
number of bins:  200.0000
bin width (ns):    1.0000
average detection events per bin: 5000.0000

# binary result
1.000000000000000000e+00

# g2 signal
1.003114243566628483e+00
9.890650244690565307e-01
1.000705806007044618e+00
9.880615088192299389e-01
1.027198619162465798e+00
9.824418211802012912e-01
9.896671338589524414e-01
1.020575415873610448e+00
9.892657275990218713e-01
1.000705806007044618e+00
1.028001431682326938e+00
9.898678369889177819e-01
1.012145884415067476e+00
1.006325493646073266e+00
1.004117759216454964e+00
1.014353618844685778e+00
1.012346587545032817e+00
1.002913540436663142e+00
9.952868214979812000e-01
9.856530712596462962e-01
1.015156431364547140e+00
1.020976822133541129e+00
1.028804244202188301e+00
9.742129928516234383e-01
9.772235398011031027e-01
1.015557837624477600e+00
9.828432274401318613e-01
9.980966653174955239e-01
9.958889308878771107e-01
1.010138853115414292e+00
1.002512134176732461e+00
1.008131821815761109e+00
1.005522681126212126e+00
9.972938527976343837e-01
1.008733931205657131e+00
9.980966653174955239e-01
1.010941665635275433e+00
1.011343071895206114e+00
9.912727588986749439e-01
1.009135337465587812e+00
1.001709321656871099e+00
1.001709321656871099e+00
9.806354930105134482e-01
1.015357134494512481e+00
9.960896340178424513e-01
1.017564868924130783e+00
9.972938527976343837e-01
1.010138853115414292e+00
1.012346587545032817e+00
1.004519165476385645e+00
1.015357134494512481e+00
9.980966653174955239e-01
1.001508618526905980e+00
9.906706495087790332e-01
1.010138853115414292e+00
9.900685401188831225e-01
1.005924087386142807e+00
1.014353618844685778e+00
1.005522681126212126e+00
9.938818995882240381e-01
1.011343071895206114e+00
9.906706495087790332e-01
1.017564868924130783e+00
1.015758540754442940e+00
9.920755714185361951e-01
9.972938527976343837e-01
9.922762745485015357e-01
1.004117759216454964e+00
1.026797212902535117e+00
9.868572900394381175e-01
1.010540259375344974e+00
9.926776808084321058e-01
1.021177525263506469e+00
1.005121274866281444e+00
1.006325493646073266e+00
1.014152915714720438e+00
1.019772603353749307e+00
9.892657275990218713e-01
1.009135337465587812e+00
1.025793697252708636e+00
9.964910402777731324e-01
1.009536743725518271e+00
9.962903371478077919e-01
1.011343071895206114e+00
9.792305711007562863e-01
1.001307915396940640e+00
1.016159947014373621e+00
1.016360650144338962e+00
1.007730415555830650e+00
1.017564868924130783e+00
1.013550806324824638e+00
1.026395806642604436e+00
1.016561353274304302e+00
1.015557837624477600e+00
1.023585962823090112e+00
9.978959621875302943e-01
9.940826027181893787e-01
9.916741651586056250e-01
1.012747993804963276e+00
1.001107212266975299e+00
0.000000000000000000e+00
1.003114243566628483e+00
9.948854152380506299e-01
1.012747993804963276e+00
1.013350103194859297e+00
9.916741651586056250e-01
1.017564868924130783e+00
1.000906509137009959e+00
9.962903371478077919e-01
9.607658831439476188e-01
1.010540259375344974e+00
1.023987369083020793e+00
9.968924465377037025e-01
9.866565869094727770e-01
9.962903371478077919e-01
1.026997916032500457e+00
1.027600025422396479e+00
1.003716352956524283e+00
1.001910024786836440e+00
9.954875246279465406e-01
1.005924087386142807e+00
1.001709321656871099e+00
1.007730415555830650e+00
1.003114243566628483e+00
1.022381744043298291e+00
1.020776119003575788e+00
9.776249460610337838e-01
1.005321977996246785e+00
1.022983853433194312e+00
9.980966653174955239e-01
1.015156431364547140e+00
1.001709321656871099e+00
1.023585962823090112e+00
1.003314946696593601e+00
9.874593994293340282e-01
1.020374712743645107e+00
1.006124790516108147e+00
9.926776808084321058e-01
9.902692432488484631e-01
1.009938149985448952e+00
9.892657275990218713e-01
9.999029934871833669e-01
9.926776808084321058e-01
9.868572900394381175e-01
1.006927603035969288e+00
1.015959243884408281e+00
9.802340867505828781e-01
1.019371197093818626e+00
1.003314946696593601e+00
9.966917434077383620e-01
1.009135337465587812e+00
1.021177525263506469e+00
9.934804933282933570e-01
9.982973684474608644e-01
1.003917056086489623e+00
9.991001809673221157e-01
1.004719868606350763e+00
9.952868214979812000e-01
1.011945181285102136e+00
1.007329009295899969e+00
9.906706495087790332e-01
1.008934634335622471e+00
9.952868214979812000e-01
1.014955728234581800e+00
1.006325493646073266e+00
9.846495556098197044e-01
1.010138853115414292e+00
1.015959243884408281e+00
1.003917056086489623e+00
1.022582447173263631e+00
9.746143991115541194e-01
9.860544775195768663e-01
1.005121274866281444e+00
9.926776808084321058e-01
9.864558837795075474e-01
9.822411180502359507e-01
9.942833058481546082e-01
1.000705806007044618e+00
1.005924087386142807e+00
1.011945181285102136e+00
1.003917056086489623e+00
1.008934634335622471e+00
1.003917056086489623e+00
9.952868214979812000e-01
9.900685401188831225e-01
9.944840089781199488e-01
1.002512134176732461e+00
9.982973684474608644e-01
1.010339556245379633e+00
1.017966275184061464e+00
1.010339556245379633e+00
1.030409869241910803e+00
9.956882277579118812e-01
9.942833058481546082e-01
1.013350103194859297e+00
9.886636182091259606e-01
9.984980715774262050e-01
1.003515649826558942e+00
1.012547290674997935e+00
9.976952590575649538e-01

# time bin value
-1.000000000000000000e+02
-9.900000000000000000e+01
-9.800000000000000000e+01
-9.700000000000000000e+01
-9.600000000000000000e+01
-9.500000000000000000e+01
-9.400000000000000000e+01
-9.300000000000000000e+01
-9.200000000000000000e+01
-9.100000000000000000e+01
-9.000000000000000000e+01
-8.900000000000000000e+01
-8.800000000000000000e+01
-8.700000000000000000e+01
-8.600000000000000000e+01
-8.500000000000000000e+01
-8.400000000000000000e+01
-8.300000000000000000e+01
-8.200000000000000000e+01
-8.100000000000000000e+01
-8.000000000000000000e+01
-7.900000000000000000e+01
-7.800000000000000000e+01
-7.700000000000000000e+01
-7.600000000000000000e+01
-7.500000000000000000e+01
-7.400000000000000000e+01
-7.300000000000000000e+01
-7.200000000000000000e+01
-7.100000000000000000e+01
-7.000000000000000000e+01
-6.900000000000000000e+01
-6.800000000000000000e+01
-6.700000000000000000e+01
-6.600000000000000000e+01
-6.500000000000000000e+01
-6.400000000000000000e+01
-6.300000000000000000e+01
-6.200000000000000000e+01
-6.100000000000000000e+01
-6.000000000000000000e+01
-5.900000000000000000e+01
-5.800000000000000000e+01
-5.700000000000000000e+01
-5.600000000000000000e+01
-5.500000000000000000e+01
-5.400000000000000000e+01
-5.300000000000000000e+01
-5.200000000000000000e+01
-5.100000000000000000e+01
-5.000000000000000000e+01
-4.900000000000000000e+01
-4.800000000000000000e+01
-4.700000000000000000e+01
-4.600000000000000000e+01
-4.500000000000000000e+01
-4.400000000000000000e+01
-4.300000000000000000e+01
-4.200000000000000000e+01
-4.100000000000000000e+01
-4.000000000000000000e+01
-3.900000000000000000e+01
-3.800000000000000000e+01
-3.700000000000000000e+01
-3.600000000000000000e+01
-3.500000000000000000e+01
-3.400000000000000000e+01
-3.300000000000000000e+01
-3.200000000000000000e+01
-3.100000000000000000e+01
-3.000000000000000000e+01
-2.900000000000000000e+01
-2.800000000000000000e+01
-2.700000000000000000e+01
-2.600000000000000000e+01
-2.500000000000000000e+01
-2.400000000000000000e+01
-2.300000000000000000e+01
-2.200000000000000000e+01
-2.100000000000000000e+01
-2.000000000000000000e+01
-1.900000000000000000e+01
-1.800000000000000000e+01
-1.700000000000000000e+01
-1.600000000000000000e+01
-1.500000000000000000e+01
-1.400000000000000000e+01
-1.300000000000000000e+01
-1.200000000000000000e+01
-1.100000000000000000e+01
-1.000000000000000000e+01
-9.000000000000000000e+00
-8.000000000000000000e+00
-7.000000000000000000e+00
-6.000000000000000000e+00
-5.000000000000000000e+00
-4.000000000000000000e+00
-3.000000000000000000e+00
-2.000000000000000000e+00
-1.000000000000000000e+00
0.000000000000000000e+00
1.000000000000000000e+00
2.000000000000000000e+00
3.000000000000000000e+00
4.000000000000000000e+00
5.000000000000000000e+00
6.000000000000000000e+00
7.000000000000000000e+00
8.000000000000000000e+00
9.000000000000000000e+00
1.000000000000000000e+01
1.100000000000000000e+01
1.200000000000000000e+01
1.300000000000000000e+01
1.400000000000000000e+01
1.500000000000000000e+01
1.600000000000000000e+01
1.700000000000000000e+01
1.800000000000000000e+01
1.900000000000000000e+01
2.000000000000000000e+01
2.100000000000000000e+01
2.200000000000000000e+01
2.300000000000000000e+01
2.400000000000000000e+01
2.500000000000000000e+01
2.600000000000000000e+01
2.700000000000000000e+01
2.800000000000000000e+01
2.900000000000000000e+01
3.000000000000000000e+01
3.100000000000000000e+01
3.200000000000000000e+01
3.300000000000000000e+01
3.400000000000000000e+01
3.500000000000000000e+01
3.600000000000000000e+01
3.700000000000000000e+01
3.800000000000000000e+01
3.900000000000000000e+01
4.000000000000000000e+01
4.100000000000000000e+01
4.200000000000000000e+01
4.300000000000000000e+01
4.400000000000000000e+01
4.500000000000000000e+01
4.600000000000000000e+01
4.700000000000000000e+01
4.800000000000000000e+01
4.900000000000000000e+01
5.000000000000000000e+01
5.100000000000000000e+01
5.200000000000000000e+01
5.300000000000000000e+01
5.400000000000000000e+01
5.500000000000000000e+01
5.600000000000000000e+01
5.700000000000000000e+01
5.800000000000000000e+01
5.900000000000000000e+01
6.000000000000000000e+01
6.100000000000000000e+01
6.200000000000000000e+01
6.300000000000000000e+01
6.400000000000000000e+01
6.500000000000000000e+01
6.600000000000000000e+01
6.700000000000000000e+01
6.800000000000000000e+01
6.900000000000000000e+01
7.000000000000000000e+01
7.100000000000000000e+01
7.200000000000000000e+01
7.300000000000000000e+01
7.400000000000000000e+01
7.500000000000000000e+01
7.600000000000000000e+01
7.700000000000000000e+01
7.800000000000000000e+01
7.900000000000000000e+01
8.000000000000000000e+01
8.100000000000000000e+01
8.200000000000000000e+01
8.300000000000000000e+01
8.400000000000000000e+01
8.500000000000000000e+01
8.600000000000000000e+01
8.700000000000000000e+01
8.800000000000000000e+01
8.900000000000000000e+01
9.000000000000000000e+01
9.100000000000000000e+01
9.200000000000000000e+01
9.300000000000000000e+01
9.400000000000000000e+01
9.500000000000000000e+01
9.600000000000000000e+01
9.700000000000000000e+01
9.800000000000000000e+01
9.900000000000000000e+01
