single photon fraction:    1.0000
laser fraction:    0.0000
thermal source fraction:    0.0000
non-detected fraction:    0.0000
number of bins:  200.0000
bin width (ns):    1.0000
average detection events per bin: 5000.0000

# binary result
1.000000000000000000e+00

# g2 signal
9.835565710525839833e-01
9.933861186727301895e-01
1.028491645887537942e+00
1.009434359685213778e+00
1.000006018090379589e+00
1.005422299432092714e+00
1.009033153659901538e+00
1.000206621103035598e+00
1.027488630824257676e+00
1.001610842191627881e+00
1.018862701280047744e+00
1.013245816925678611e+00
1.019464510318015993e+00
1.024278982621760870e+00
9.971975759131950223e-01
9.961945608499147564e-01
1.009033153659901538e+00
9.913800885461697687e-01
1.007027123533341229e+00
9.789427017614950044e-01
1.008431344621933512e+00
1.004419284368812670e+00
9.879698373310169535e-01
1.003015063280220387e+00
1.026886821786289428e+00
1.001610842191627881e+00
1.007027123533341229e+00
1.018461495254735727e+00
9.781402897108708583e-01
1.021470540444576303e+00
1.018060289229423487e+00
1.014449435001614885e+00
9.965957668752268850e-01
9.877692343183609447e-01
9.937873246980423181e-01
9.963951638625708762e-01
9.865656162424246700e-01
9.757330535589983089e-01
9.979999879638191684e-01
9.839577770778961119e-01
9.939879277106983269e-01
1.006024108470060963e+00
1.024479585634417100e+00
1.007027123533341229e+00
9.899758674575773743e-01
1.012042198849742336e+00
9.941885307233543356e-01
1.003817475330844422e+00
1.022874761533168586e+00
1.019865716343328010e+00
9.963951638625708762e-01
9.949909427739784817e-01
9.863650132297686612e-01
1.000006018090379589e+00
1.015452450064894929e+00
1.003616872318188413e+00
1.007027123533341229e+00
9.973981789258510311e-01
9.833559680399279745e-01
9.955927518119466191e-01
1.025281997685041135e+00
1.023877776596448852e+00
1.011039183786462070e+00
9.959939578372587476e-01
9.973981789258510311e-01
1.004018078343500431e+00
1.010236771735837813e+00
9.849607921411763778e-01
9.887722493816412106e-01
9.689125511286927894e-01
9.905776764955455116e-01
1.016455465128175195e+00
1.006425314495372980e+00
9.831553650272719658e-01
1.012844610900366371e+00
9.998054150777235805e-01
1.016656068140831204e+00
9.937873246980423181e-01
1.031500691077378518e+00
9.941885307233543356e-01
1.003817475330844422e+00
1.003817475330844422e+00
9.831553650272719658e-01
1.007227726545997237e+00
1.013446419938334619e+00
1.035312148317843350e+00
1.002012048216940121e+00
1.034509736267219315e+00
9.781402897108708583e-01
1.002212651229596130e+00
9.955927518119466191e-01
9.871674252803928074e-01
1.035111545305187342e+00
1.000407224115691829e+00
1.004018078343500431e+00
1.013847625963646637e+00
1.037117575431747873e+00
9.915806915588257775e-01
1.003616872318188413e+00
1.002413254242252139e+00
0.000000000000000000e+00
9.881704403436730733e-01
1.009033153659901538e+00
9.839577770778961119e-01
1.003817475330844422e+00
9.899758674575773743e-01
1.031300088064722509e+00
9.851613951538323866e-01
9.909788825208576402e-01
9.988024000144433145e-01
1.021671143457232311e+00
9.979999879638191684e-01
1.001610842191627881e+00
1.005422299432092714e+00
1.035312148317843350e+00
9.939879277106983269e-01
1.018260892242079718e+00
9.979999879638191684e-01
1.004419284368812670e+00
1.003616872318188413e+00
1.003015063280220387e+00
1.020266922368640028e+00
1.010838580773806061e+00
9.797451138121191505e-01
1.003215666292876396e+00
9.909788825208576402e-01
9.759336565716543177e-01
1.005823505457404954e+00
9.963951638625708762e-01
9.971975759131950223e-01
1.002212651229596130e+00
9.855626011791444041e-01
1.011640992824430096e+00
9.879698373310169535e-01
1.005422299432092714e+00
1.002212651229596130e+00
1.003416269305532404e+00
1.010637977761150053e+00
1.011039183786462070e+00
1.001811445204284112e+00
1.004619887381468679e+00
1.005622902444748945e+00
1.020266922368640028e+00
9.965957668752268850e-01
1.009434359685213778e+00
9.893740584196093479e-01
9.982005909764752882e-01
1.017458480191455461e+00
9.632956667743235446e-01
9.747300384957180430e-01
9.725234053565016135e-01
1.007829535583965264e+00
9.921825005967939148e-01
1.005823505457404954e+00
9.953921487992906103e-01
1.006625917508028989e+00
1.004820490394124688e+00
1.026084409735665393e+00
9.915806915588257775e-01
1.004419284368812670e+00
1.001009033153659855e+00
9.839577770778961119e-01
1.004820490394124688e+00
1.022674158520512577e+00
1.004820490394124688e+00
1.024880791659729118e+00
9.893740584196093479e-01
1.016054259102863178e+00
1.027488630824257676e+00
1.024479585634417100e+00
1.008631947634589521e+00
1.018461495254735727e+00
9.909788825208576402e-01
9.771372746475905924e-01
1.006826520520685220e+00
9.791433047741510132e-01
1.019665113330672002e+00
1.013245816925678611e+00
9.743288324704060255e-01
9.813499379133675538e-01
1.009434359685213778e+00
1.011640992824430096e+00
1.004820490394124688e+00
1.027689233836913685e+00
1.013245816925678611e+00
9.943891337360103444e-01
1.005021093406780697e+00
1.016455465128175195e+00
9.973981789258510311e-01
1.032904912165970801e+00
9.986017970017873058e-01
9.753318475336861804e-01
1.000006018090379589e+00
9.971975759131950223e-01
1.015051244039582912e+00
1.005221696419436705e+00
9.897752644449213655e-01
1.002814460267564156e+00
1.007227726545997237e+00
1.010236771735837813e+00

# time bin value
-1.000000000000000000e+02
-9.900000000000000000e+01
-9.800000000000000000e+01
-9.700000000000000000e+01
-9.600000000000000000e+01
-9.500000000000000000e+01
-9.400000000000000000e+01
-9.300000000000000000e+01
-9.200000000000000000e+01
-9.100000000000000000e+01
-9.000000000000000000e+01
-8.900000000000000000e+01
-8.800000000000000000e+01
-8.700000000000000000e+01
-8.600000000000000000e+01
-8.500000000000000000e+01
-8.400000000000000000e+01
-8.300000000000000000e+01
-8.200000000000000000e+01
-8.100000000000000000e+01
-8.000000000000000000e+01
-7.900000000000000000e+01
-7.800000000000000000e+01
-7.700000000000000000e+01
-7.600000000000000000e+01
-7.500000000000000000e+01
-7.400000000000000000e+01
-7.300000000000000000e+01
-7.200000000000000000e+01
-7.100000000000000000e+01
-7.000000000000000000e+01
-6.900000000000000000e+01
-6.800000000000000000e+01
-6.700000000000000000e+01
-6.600000000000000000e+01
-6.500000000000000000e+01
-6.400000000000000000e+01
-6.300000000000000000e+01
-6.200000000000000000e+01
-6.100000000000000000e+01
-6.000000000000000000e+01
-5.900000000000000000e+01
-5.800000000000000000e+01
-5.700000000000000000e+01
-5.600000000000000000e+01
-5.500000000000000000e+01
-5.400000000000000000e+01
-5.300000000000000000e+01
-5.200000000000000000e+01
-5.100000000000000000e+01
-5.000000000000000000e+01
-4.900000000000000000e+01
-4.800000000000000000e+01
-4.700000000000000000e+01
-4.600000000000000000e+01
-4.500000000000000000e+01
-4.400000000000000000e+01
-4.300000000000000000e+01
-4.200000000000000000e+01
-4.100000000000000000e+01
-4.000000000000000000e+01
-3.900000000000000000e+01
-3.800000000000000000e+01
-3.700000000000000000e+01
-3.600000000000000000e+01
-3.500000000000000000e+01
-3.400000000000000000e+01
-3.300000000000000000e+01
-3.200000000000000000e+01
-3.100000000000000000e+01
-3.000000000000000000e+01
-2.900000000000000000e+01
-2.800000000000000000e+01
-2.700000000000000000e+01
-2.600000000000000000e+01
-2.500000000000000000e+01
-2.400000000000000000e+01
-2.300000000000000000e+01
-2.200000000000000000e+01
-2.100000000000000000e+01
-2.000000000000000000e+01
-1.900000000000000000e+01
-1.800000000000000000e+01
-1.700000000000000000e+01
-1.600000000000000000e+01
-1.500000000000000000e+01
-1.400000000000000000e+01
-1.300000000000000000e+01
-1.200000000000000000e+01
-1.100000000000000000e+01
-1.000000000000000000e+01
-9.000000000000000000e+00
-8.000000000000000000e+00
-7.000000000000000000e+00
-6.000000000000000000e+00
-5.000000000000000000e+00
-4.000000000000000000e+00
-3.000000000000000000e+00
-2.000000000000000000e+00
-1.000000000000000000e+00
0.000000000000000000e+00
1.000000000000000000e+00
2.000000000000000000e+00
3.000000000000000000e+00
4.000000000000000000e+00
5.000000000000000000e+00
6.000000000000000000e+00
7.000000000000000000e+00
8.000000000000000000e+00
9.000000000000000000e+00
1.000000000000000000e+01
1.100000000000000000e+01
1.200000000000000000e+01
1.300000000000000000e+01
1.400000000000000000e+01
1.500000000000000000e+01
1.600000000000000000e+01
1.700000000000000000e+01
1.800000000000000000e+01
1.900000000000000000e+01
2.000000000000000000e+01
2.100000000000000000e+01
2.200000000000000000e+01
2.300000000000000000e+01
2.400000000000000000e+01
2.500000000000000000e+01
2.600000000000000000e+01
2.700000000000000000e+01
2.800000000000000000e+01
2.900000000000000000e+01
3.000000000000000000e+01
3.100000000000000000e+01
3.200000000000000000e+01
3.300000000000000000e+01
3.400000000000000000e+01
3.500000000000000000e+01
3.600000000000000000e+01
3.700000000000000000e+01
3.800000000000000000e+01
3.900000000000000000e+01
4.000000000000000000e+01
4.100000000000000000e+01
4.200000000000000000e+01
4.300000000000000000e+01
4.400000000000000000e+01
4.500000000000000000e+01
4.600000000000000000e+01
4.700000000000000000e+01
4.800000000000000000e+01
4.900000000000000000e+01
5.000000000000000000e+01
5.100000000000000000e+01
5.200000000000000000e+01
5.300000000000000000e+01
5.400000000000000000e+01
5.500000000000000000e+01
5.600000000000000000e+01
5.700000000000000000e+01
5.800000000000000000e+01
5.900000000000000000e+01
6.000000000000000000e+01
6.100000000000000000e+01
6.200000000000000000e+01
6.300000000000000000e+01
6.400000000000000000e+01
6.500000000000000000e+01
6.600000000000000000e+01
6.700000000000000000e+01
6.800000000000000000e+01
6.900000000000000000e+01
7.000000000000000000e+01
7.100000000000000000e+01
7.200000000000000000e+01
7.300000000000000000e+01
7.400000000000000000e+01
7.500000000000000000e+01
7.600000000000000000e+01
7.700000000000000000e+01
7.800000000000000000e+01
7.900000000000000000e+01
8.000000000000000000e+01
8.100000000000000000e+01
8.200000000000000000e+01
8.300000000000000000e+01
8.400000000000000000e+01
8.500000000000000000e+01
8.600000000000000000e+01
8.700000000000000000e+01
8.800000000000000000e+01
8.900000000000000000e+01
9.000000000000000000e+01
9.100000000000000000e+01
9.200000000000000000e+01
9.300000000000000000e+01
9.400000000000000000e+01
9.500000000000000000e+01
9.600000000000000000e+01
9.700000000000000000e+01
9.800000000000000000e+01
9.900000000000000000e+01
