single photon fraction:    1.0000
laser fraction:    0.0000
thermal source fraction:    0.0000
non-detected fraction:    0.0000
number of bins:  200.0000
bin width (ns):    1.0000
average detection events per bin: 5000.0000

# binary result
1.000000000000000000e+00

# g2 signal
1.002605221015494319e+00
9.640589249732486321e-01
9.688772119785292736e-01
1.015052462445802828e+00
9.987907438029803853e-01
1.009631889564861940e+00
1.019669987492530128e+00
9.827297871187113953e-01
9.913625513365059705e-01
1.008628079772095232e+00
1.003408268849707685e+00
1.013245604818822532e+00
9.875480741239920368e-01
9.935709328805929497e-01
9.985899818444270437e-01
9.863435023726718764e-01
1.022882178829384037e+00
9.965823622588934061e-01
9.871465502068853537e-01
1.022079130995170448e+00
1.017260843989889807e+00
9.983892198858737022e-01
1.000396839471407340e+00
9.801198816575176220e-01
9.967831242174467477e-01
1.012442556984609165e+00
1.012844080901715849e+00
1.010234175440521964e+00
1.007423508020774960e+00
9.945747426733597685e-01
1.011438747191842236e+00
9.873473121654386953e-01
1.017662367906996490e+00
1.023885988622150744e+00
9.835328349529247616e-01
1.006821222145114936e+00
1.014851700487249486e+00
1.011639509150395577e+00
1.010635699357628869e+00
1.018866939658316761e+00
1.010234175440521964e+00
1.006821222145114936e+00
9.985899818444270437e-01
9.959800763832332704e-01
1.002605221015494319e+00
9.991922677200870684e-01
1.019669987492530128e+00
1.022279892953723790e+00
9.859419784555651933e-01
9.829305490772647369e-01
1.009832651523415281e+00
1.012844080901715849e+00
1.008226555854988549e+00
1.008628079772095232e+00
9.989915057615337268e-01
1.009631889564861940e+00
1.029306561503091633e+00
1.020272273368190152e+00
1.019469225533976786e+00
9.987907438029803853e-01
9.951770285490199042e-01
1.003408268849707685e+00
1.004813602559581298e+00
9.891541697924189913e-01
1.000999125347067364e+00
9.983892198858737022e-01
9.983892198858737022e-01
9.931694089634862666e-01
1.005215126476687981e+00
1.003408268849707685e+00
9.951770285490199042e-01
9.931694089634862666e-01
9.917640752536126536e-01
1.015654748321462852e+00
9.883511219582055141e-01
1.018866939658316761e+00
9.867450262897785596e-01
9.656650206416754756e-01
1.011237985233288894e+00
9.977869340102135665e-01
1.001400649264174048e+00
1.029708085420198316e+00
1.013446366777375873e+00
1.009029603689201915e+00
9.777107381548773013e-01
1.019067701616870103e+00
1.018866939658316761e+00
9.969838861760000892e-01
9.668695923929956360e-01
1.018264653782656515e+00
1.015453986362909511e+00
1.002805982974047661e+00
9.809229294917310993e-01
1.001199887305620706e+00
9.797183577404109389e-01
1.024889798414917452e+00
1.032920276757052003e+00
1.024689036456364111e+00
1.005616650393794664e+00
9.985899818444270437e-01
0.000000000000000000e+00
9.905595035022924932e-01
9.919648372121659952e-01
9.903587415437391517e-01
9.771084522792171656e-01
9.955785524661265873e-01
1.016457796155676219e+00
1.012442556984609165e+00
1.032117228922838637e+00
1.007021984103668277e+00
9.941732187562530854e-01
1.009230365647755256e+00
9.965823622588934061e-01
1.001199887305620706e+00
9.951770285490199042e-01
1.019669987492530128e+00
9.963816003003400645e-01
9.955785524661265873e-01
1.029306561503091633e+00
9.941732187562530854e-01
1.028101989751771361e+00
9.853396925799050576e-01
1.013446366777375873e+00
1.023885988622150744e+00
9.971846481345534308e-01
9.871465502068853537e-01
9.937716948391462912e-01
1.006419698228008253e+00
1.012241795026055602e+00
1.016658558114229782e+00
1.005014364518134640e+00
9.919648372121659952e-01
1.040147707264973187e+00
9.753015946522369806e-01
1.010234175440521964e+00
9.925671230878261309e-01
9.951770285490199042e-01
9.943739807148064269e-01
1.014450176570142581e+00
1.004612840601027957e+00
1.011639509150395577e+00
1.004612840601027957e+00
9.787145479476441201e-01
1.000597601429960681e+00
9.823282632016046012e-01
1.002404459056940977e+00
1.008628079772095232e+00
9.877488360825453784e-01
1.005215126476687981e+00
1.001400649264174048e+00
9.827297871187113953e-01
1.011639509150395577e+00
1.002605221015494319e+00
9.859419784555651933e-01
9.759038805278970052e-01
1.012442556984609165e+00
1.021075321202403741e+00
1.024889798414917452e+00
1.010234175440521964e+00
1.018666177699763420e+00
1.000396839471407340e+00
9.987907438029803853e-01
1.009029603689201915e+00
1.011037223274735553e+00
1.017060082031336465e+00
1.007624269979328302e+00
1.023484464705044061e+00
9.873473121654386953e-01
1.029908847378751657e+00
9.855404545384583992e-01
1.029908847378751657e+00
9.979876959687669080e-01
1.019669987492530128e+00
1.025492084290577699e+00
1.001802173181280731e+00
1.003809792766814368e+00
9.981884579273202496e-01
9.997945535957472041e-01
1.007423508020774960e+00
1.024889798414917452e+00
9.973854100931068833e-01
1.002605221015494319e+00
1.009832651523415281e+00
1.008427317813541890e+00
1.004813602559581298e+00
1.008226555854988549e+00
1.030912657171518365e+00
1.019268463575423445e+00
1.022681416870830473e+00
9.871465502068853537e-01
1.007825031937881644e+00
1.026295132124791065e+00
1.016257034197122877e+00
1.011438747191842236e+00
9.935709328805929497e-01
9.911617893779526289e-01
9.797183577404109389e-01
1.017260843989889807e+00
9.981884579273202496e-01
9.919648372121659952e-01

# time bin value
-1.000000000000000000e+02
-9.900000000000000000e+01
-9.800000000000000000e+01
-9.700000000000000000e+01
-9.600000000000000000e+01
-9.500000000000000000e+01
-9.400000000000000000e+01
-9.300000000000000000e+01
-9.200000000000000000e+01
-9.100000000000000000e+01
-9.000000000000000000e+01
-8.900000000000000000e+01
-8.800000000000000000e+01
-8.700000000000000000e+01
-8.600000000000000000e+01
-8.500000000000000000e+01
-8.400000000000000000e+01
-8.300000000000000000e+01
-8.200000000000000000e+01
-8.100000000000000000e+01
-8.000000000000000000e+01
-7.900000000000000000e+01
-7.800000000000000000e+01
-7.700000000000000000e+01
-7.600000000000000000e+01
-7.500000000000000000e+01
-7.400000000000000000e+01
-7.300000000000000000e+01
-7.200000000000000000e+01
-7.100000000000000000e+01
-7.000000000000000000e+01
-6.900000000000000000e+01
-6.800000000000000000e+01
-6.700000000000000000e+01
-6.600000000000000000e+01
-6.500000000000000000e+01
-6.400000000000000000e+01
-6.300000000000000000e+01
-6.200000000000000000e+01
-6.100000000000000000e+01
-6.000000000000000000e+01
-5.900000000000000000e+01
-5.800000000000000000e+01
-5.700000000000000000e+01
-5.600000000000000000e+01
-5.500000000000000000e+01
-5.400000000000000000e+01
-5.300000000000000000e+01
-5.200000000000000000e+01
-5.100000000000000000e+01
-5.000000000000000000e+01
-4.900000000000000000e+01
-4.800000000000000000e+01
-4.700000000000000000e+01
-4.600000000000000000e+01
-4.500000000000000000e+01
-4.400000000000000000e+01
-4.300000000000000000e+01
-4.200000000000000000e+01
-4.100000000000000000e+01
-4.000000000000000000e+01
-3.900000000000000000e+01
-3.800000000000000000e+01
-3.700000000000000000e+01
-3.600000000000000000e+01
-3.500000000000000000e+01
-3.400000000000000000e+01
-3.300000000000000000e+01
-3.200000000000000000e+01
-3.100000000000000000e+01
-3.000000000000000000e+01
-2.900000000000000000e+01
-2.800000000000000000e+01
-2.700000000000000000e+01
-2.600000000000000000e+01
-2.500000000000000000e+01
-2.400000000000000000e+01
-2.300000000000000000e+01
-2.200000000000000000e+01
-2.100000000000000000e+01
-2.000000000000000000e+01
-1.900000000000000000e+01
-1.800000000000000000e+01
-1.700000000000000000e+01
-1.600000000000000000e+01
-1.500000000000000000e+01
-1.400000000000000000e+01
-1.300000000000000000e+01
-1.200000000000000000e+01
-1.100000000000000000e+01
-1.000000000000000000e+01
-9.000000000000000000e+00
-8.000000000000000000e+00
-7.000000000000000000e+00
-6.000000000000000000e+00
-5.000000000000000000e+00
-4.000000000000000000e+00
-3.000000000000000000e+00
-2.000000000000000000e+00
-1.000000000000000000e+00
0.000000000000000000e+00
1.000000000000000000e+00
2.000000000000000000e+00
3.000000000000000000e+00
4.000000000000000000e+00
5.000000000000000000e+00
6.000000000000000000e+00
7.000000000000000000e+00
8.000000000000000000e+00
9.000000000000000000e+00
1.000000000000000000e+01
1.100000000000000000e+01
1.200000000000000000e+01
1.300000000000000000e+01
1.400000000000000000e+01
1.500000000000000000e+01
1.600000000000000000e+01
1.700000000000000000e+01
1.800000000000000000e+01
1.900000000000000000e+01
2.000000000000000000e+01
2.100000000000000000e+01
2.200000000000000000e+01
2.300000000000000000e+01
2.400000000000000000e+01
2.500000000000000000e+01
2.600000000000000000e+01
2.700000000000000000e+01
2.800000000000000000e+01
2.900000000000000000e+01
3.000000000000000000e+01
3.100000000000000000e+01
3.200000000000000000e+01
3.300000000000000000e+01
3.400000000000000000e+01
3.500000000000000000e+01
3.600000000000000000e+01
3.700000000000000000e+01
3.800000000000000000e+01
3.900000000000000000e+01
4.000000000000000000e+01
4.100000000000000000e+01
4.200000000000000000e+01
4.300000000000000000e+01
4.400000000000000000e+01
4.500000000000000000e+01
4.600000000000000000e+01
4.700000000000000000e+01
4.800000000000000000e+01
4.900000000000000000e+01
5.000000000000000000e+01
5.100000000000000000e+01
5.200000000000000000e+01
5.300000000000000000e+01
5.400000000000000000e+01
5.500000000000000000e+01
5.600000000000000000e+01
5.700000000000000000e+01
5.800000000000000000e+01
5.900000000000000000e+01
6.000000000000000000e+01
6.100000000000000000e+01
6.200000000000000000e+01
6.300000000000000000e+01
6.400000000000000000e+01
6.500000000000000000e+01
6.600000000000000000e+01
6.700000000000000000e+01
6.800000000000000000e+01
6.900000000000000000e+01
7.000000000000000000e+01
7.100000000000000000e+01
7.200000000000000000e+01
7.300000000000000000e+01
7.400000000000000000e+01
7.500000000000000000e+01
7.600000000000000000e+01
7.700000000000000000e+01
7.800000000000000000e+01
7.900000000000000000e+01
8.000000000000000000e+01
8.100000000000000000e+01
8.200000000000000000e+01
8.300000000000000000e+01
8.400000000000000000e+01
8.500000000000000000e+01
8.600000000000000000e+01
8.700000000000000000e+01
8.800000000000000000e+01
8.900000000000000000e+01
9.000000000000000000e+01
9.100000000000000000e+01
9.200000000000000000e+01
9.300000000000000000e+01
9.400000000000000000e+01
9.500000000000000000e+01
9.600000000000000000e+01
9.700000000000000000e+01
9.800000000000000000e+01
9.900000000000000000e+01
