single photon fraction:    1.0000
laser fraction:    0.0000
thermal source fraction:    0.0000
non-detected fraction:    0.0000
number of bins:  200.0000
bin width (ns):    1.0000
average detection events per bin: 5000.0000

# binary result
1.000000000000000000e+00

# g2 signal
1.010629717560486140e+00
9.979792760333033863e-01
9.927584588951010591e-01
9.929592595542626743e-01
1.017858541290304730e+00
1.014846531402880281e+00
1.018260142608628183e+00
1.011834521515455831e+00
9.963728707600103540e-01
1.000388883943243101e+00
1.009224112946354834e+00
9.975776747149801560e-01
1.020067348541082719e+00
9.911520536218080268e-01
1.009625714264678065e+00
1.015248132721203733e+00
9.931600602134242894e-01
1.013039325470425744e+00
9.965736714191719692e-01
9.849272331877974018e-01
9.973768740558185408e-01
9.676583764998972770e-01
9.949672661458789369e-01
1.016452936676173424e+00
9.973768740558185408e-01
1.011031318878809371e+00
1.018460943267789798e+00
1.004204096467314011e+00
9.785016120946252727e-01
1.004003295808152396e+00
1.006814505036415230e+00
1.023681760405992014e+00
9.887424457118684229e-01
9.815136219820497221e-01
9.889432463710300381e-01
1.002999292512344098e+00
1.004204096467314011e+00
9.825176252778579089e-01
1.020268149200244334e+00
1.000589684602404716e+00
9.953688674642022782e-01
1.003200093171505713e+00
9.955696681233638934e-01
9.931600602134242894e-01
1.002798491853182483e+00
1.009424913605516450e+00
1.003200093171505713e+00
1.002396890534859253e+00
1.016051335357850194e+00
1.003802495148990781e+00
9.973768740558185408e-01
1.029103378203356067e+00
9.975776747149801560e-01
9.921560569176161026e-01
1.012236122833779284e+00
1.003400893830667551e+00
9.945656648275557066e-01
1.019464946563597874e+00
9.923568575767777178e-01
1.003400893830667551e+00
1.014244129425395435e+00
1.003200093171505713e+00
9.993848806474348034e-01
9.911520536218080268e-01
9.859312364836055886e-01
1.024083361724315466e+00
1.010027315583001295e+00
1.008621710968869767e+00
1.034123394682396890e+00
9.783008114354636575e-01
1.002597691194020868e+00
1.006814505036415230e+00
1.001995289216536023e+00
1.001392887239051177e+00
9.943648641683940914e-01
9.887424457118684229e-01
1.002597691194020868e+00
1.019665747222759489e+00
1.020870551177729402e+00
1.012035322174617447e+00
9.971760733966569257e-01
9.987824786699499580e-01
9.977784753741417711e-01
1.024083361724315466e+00
1.012236122833779284e+00
1.000388883943243101e+00
1.003400893830667551e+00
1.004404897126475626e+00
1.010629717560486140e+00
1.023882561065153851e+00
9.668551738632507053e-01
1.017858541290304730e+00
1.005609701081445317e+00
1.017256139312819885e+00
1.010830518219647756e+00
1.007416907013900076e+00
1.003400893830667551e+00
1.046372234891256303e+00
9.823168246186962937e-01
1.036332201933174879e+00
0.000000000000000000e+00
9.803088180270799201e-01
1.013842528107072205e+00
1.006814505036415230e+00
9.776984094579787010e-01
1.030709783476649211e+00
1.012436923492940899e+00
1.003400893830667551e+00
9.887424457118684229e-01
1.019464946563597874e+00
9.991840799882731883e-01
1.029103378203356067e+00
9.787024127537868878e-01
1.029304178862517682e+00
1.009023312287192997e+00
1.003200093171505713e+00
9.907504523034846855e-01
1.023280159087668784e+00
1.004404897126475626e+00
1.003200093171505713e+00
9.905496516443230703e-01
1.004806498444798857e+00
1.003400893830667551e+00
9.805096186862415353e-01
1.004204096467314011e+00
1.022276155791860708e+00
1.014444930084557051e+00
9.975776747149801560e-01
9.909512529626464117e-01
9.979792760333033863e-01
1.016854537994496654e+00
1.010629717560486140e+00
1.004204096467314011e+00
1.010830518219647756e+00
1.002396890534859253e+00
9.696663830915135396e-01
1.006212103058930163e+00
1.010228116242162910e+00
1.014444930084557051e+00
1.039344211820599329e+00
9.823168246186962937e-01
9.809112200045648766e-01
1.013240126129587360e+00
9.925576582359394440e-01
1.002999292512344098e+00
1.008019308991384921e+00
1.003200093171505713e+00
1.030107381499164365e+00
9.999872826249197599e-01
9.975776747149801560e-01
1.027095371611739916e+00
9.867344391202521603e-01
9.965736714191719692e-01
1.014244129425395435e+00
1.000790485261566332e+00
9.915536549401312572e-01
9.903488509851614552e-01
9.975776747149801560e-01
1.028300175566709607e+00
1.010027315583001295e+00
1.014043328766233820e+00
1.017858541290304730e+00
1.007015305695576846e+00
9.973768740558185408e-01
1.018260142608628183e+00
9.877384424160602361e-01
1.020067348541082719e+00
9.845256318694741715e-01
1.009625714264678065e+00
1.020669750518567565e+00
1.018661743926951413e+00
1.003601694489829166e+00
1.000188083284081264e+00
9.975776747149801560e-01
1.018260142608628183e+00
9.859312364836055886e-01
9.977784753741417711e-01
9.927584588951010591e-01
1.021272152496052632e+00
1.016653737335335039e+00
9.923568575767777178e-01
1.006011302399768548e+00
1.013641727447910590e+00
1.018661743926951413e+00
9.865336384610904341e-01
1.003400893830667551e+00
9.981800766924650015e-01
1.005007299103960472e+00
9.971760733966569257e-01
9.963728707600103540e-01
1.007617707673061691e+00
1.015649734039526964e+00
1.009826514923839680e+00
9.772968081396554707e-01
9.805096186862415353e-01
9.941640635092324763e-01
1.012838524811264129e+00
1.027898574248386376e+00
9.909512529626464117e-01
9.787024127537868878e-01

# time bin value
-1.000000000000000000e+02
-9.900000000000000000e+01
-9.800000000000000000e+01
-9.700000000000000000e+01
-9.600000000000000000e+01
-9.500000000000000000e+01
-9.400000000000000000e+01
-9.300000000000000000e+01
-9.200000000000000000e+01
-9.100000000000000000e+01
-9.000000000000000000e+01
-8.900000000000000000e+01
-8.800000000000000000e+01
-8.700000000000000000e+01
-8.600000000000000000e+01
-8.500000000000000000e+01
-8.400000000000000000e+01
-8.300000000000000000e+01
-8.200000000000000000e+01
-8.100000000000000000e+01
-8.000000000000000000e+01
-7.900000000000000000e+01
-7.800000000000000000e+01
-7.700000000000000000e+01
-7.600000000000000000e+01
-7.500000000000000000e+01
-7.400000000000000000e+01
-7.300000000000000000e+01
-7.200000000000000000e+01
-7.100000000000000000e+01
-7.000000000000000000e+01
-6.900000000000000000e+01
-6.800000000000000000e+01
-6.700000000000000000e+01
-6.600000000000000000e+01
-6.500000000000000000e+01
-6.400000000000000000e+01
-6.300000000000000000e+01
-6.200000000000000000e+01
-6.100000000000000000e+01
-6.000000000000000000e+01
-5.900000000000000000e+01
-5.800000000000000000e+01
-5.700000000000000000e+01
-5.600000000000000000e+01
-5.500000000000000000e+01
-5.400000000000000000e+01
-5.300000000000000000e+01
-5.200000000000000000e+01
-5.100000000000000000e+01
-5.000000000000000000e+01
-4.900000000000000000e+01
-4.800000000000000000e+01
-4.700000000000000000e+01
-4.600000000000000000e+01
-4.500000000000000000e+01
-4.400000000000000000e+01
-4.300000000000000000e+01
-4.200000000000000000e+01
-4.100000000000000000e+01
-4.000000000000000000e+01
-3.900000000000000000e+01
-3.800000000000000000e+01
-3.700000000000000000e+01
-3.600000000000000000e+01
-3.500000000000000000e+01
-3.400000000000000000e+01
-3.300000000000000000e+01
-3.200000000000000000e+01
-3.100000000000000000e+01
-3.000000000000000000e+01
-2.900000000000000000e+01
-2.800000000000000000e+01
-2.700000000000000000e+01
-2.600000000000000000e+01
-2.500000000000000000e+01
-2.400000000000000000e+01
-2.300000000000000000e+01
-2.200000000000000000e+01
-2.100000000000000000e+01
-2.000000000000000000e+01
-1.900000000000000000e+01
-1.800000000000000000e+01
-1.700000000000000000e+01
-1.600000000000000000e+01
-1.500000000000000000e+01
-1.400000000000000000e+01
-1.300000000000000000e+01
-1.200000000000000000e+01
-1.100000000000000000e+01
-1.000000000000000000e+01
-9.000000000000000000e+00
-8.000000000000000000e+00
-7.000000000000000000e+00
-6.000000000000000000e+00
-5.000000000000000000e+00
-4.000000000000000000e+00
-3.000000000000000000e+00
-2.000000000000000000e+00
-1.000000000000000000e+00
0.000000000000000000e+00
1.000000000000000000e+00
2.000000000000000000e+00
3.000000000000000000e+00
4.000000000000000000e+00
5.000000000000000000e+00
6.000000000000000000e+00
7.000000000000000000e+00
8.000000000000000000e+00
9.000000000000000000e+00
1.000000000000000000e+01
1.100000000000000000e+01
1.200000000000000000e+01
1.300000000000000000e+01
1.400000000000000000e+01
1.500000000000000000e+01
1.600000000000000000e+01
1.700000000000000000e+01
1.800000000000000000e+01
1.900000000000000000e+01
2.000000000000000000e+01
2.100000000000000000e+01
2.200000000000000000e+01
2.300000000000000000e+01
2.400000000000000000e+01
2.500000000000000000e+01
2.600000000000000000e+01
2.700000000000000000e+01
2.800000000000000000e+01
2.900000000000000000e+01
3.000000000000000000e+01
3.100000000000000000e+01
3.200000000000000000e+01
3.300000000000000000e+01
3.400000000000000000e+01
3.500000000000000000e+01
3.600000000000000000e+01
3.700000000000000000e+01
3.800000000000000000e+01
3.900000000000000000e+01
4.000000000000000000e+01
4.100000000000000000e+01
4.200000000000000000e+01
4.300000000000000000e+01
4.400000000000000000e+01
4.500000000000000000e+01
4.600000000000000000e+01
4.700000000000000000e+01
4.800000000000000000e+01
4.900000000000000000e+01
5.000000000000000000e+01
5.100000000000000000e+01
5.200000000000000000e+01
5.300000000000000000e+01
5.400000000000000000e+01
5.500000000000000000e+01
5.600000000000000000e+01
5.700000000000000000e+01
5.800000000000000000e+01
5.900000000000000000e+01
6.000000000000000000e+01
6.100000000000000000e+01
6.200000000000000000e+01
6.300000000000000000e+01
6.400000000000000000e+01
6.500000000000000000e+01
6.600000000000000000e+01
6.700000000000000000e+01
6.800000000000000000e+01
6.900000000000000000e+01
7.000000000000000000e+01
7.100000000000000000e+01
7.200000000000000000e+01
7.300000000000000000e+01
7.400000000000000000e+01
7.500000000000000000e+01
7.600000000000000000e+01
7.700000000000000000e+01
7.800000000000000000e+01
7.900000000000000000e+01
8.000000000000000000e+01
8.100000000000000000e+01
8.200000000000000000e+01
8.300000000000000000e+01
8.400000000000000000e+01
8.500000000000000000e+01
8.600000000000000000e+01
8.700000000000000000e+01
8.800000000000000000e+01
8.900000000000000000e+01
9.000000000000000000e+01
9.100000000000000000e+01
9.200000000000000000e+01
9.300000000000000000e+01
9.400000000000000000e+01
9.500000000000000000e+01
9.600000000000000000e+01
9.700000000000000000e+01
9.800000000000000000e+01
9.900000000000000000e+01
