single photon fraction:    1.0000
laser fraction:    0.0000
thermal source fraction:    0.0000
non-detected fraction:    0.0000
number of bins:  200.0000
bin width (ns):    1.0000
average detection events per bin: 5000.0000

# binary result
1.000000000000000000e+00

# g2 signal
9.949713483803063196e-01
1.015219606729371504e+00
1.021634896503332834e+00
1.019830596254406307e+00
9.959737374074877359e-01
9.921646591041982655e-01
9.843460246921829082e-01
1.006398583290174731e+00
9.847469803030555191e-01
1.020432029670715002e+00
1.011009572815209534e+00
1.022436807725078056e+00
1.035668342883873105e+00
1.030255442137093302e+00
1.007601450122792563e+00
1.000584726932522317e+00
9.919641812987619600e-01
1.005797149873865814e+00
1.018427251616352169e+00
1.024241107974004583e+00
9.923651369096344599e-01
1.009205272566282785e+00
1.011009572815209534e+00
9.955727817966151250e-01
1.021033463087023918e+00
9.995823379053409008e-01
9.897589254389627111e-01
9.881551029954723786e-01
9.925656147150707653e-01
1.010408139398900618e+00
1.001186160348831233e+00
1.019630118448970002e+00
9.925656147150707653e-01
1.026245886028367416e+00
1.005596672068429731e+00
9.596872546235192258e-01
1.014417695507626282e+00
1.012212439647827145e+00
9.959737374074877359e-01
9.917637034933256546e-01
1.015620562340244115e+00
9.939689593531247924e-01
9.867517583574183515e-01
9.707135339225152482e-01
1.017424862589170642e+00
1.013816262091317588e+00
1.004794760846684509e+00
1.008202883539101480e+00
1.028651619693602859e+00
9.983794710727231791e-01
9.885560586063449895e-01
1.012813873064136061e+00
1.011811484036954534e+00
1.007801927928228869e+00
9.833436356650014920e-01
1.010007183788028007e+00
9.721168785605692753e-01
1.009405750371719090e+00
9.949713483803063196e-01
9.915632256878893491e-01
1.004193327430375593e+00
1.003190938403194066e+00
1.011811484036954534e+00
9.889570142172176004e-01
9.979785154618505683e-01
1.009205272566282785e+00
9.957732596020514304e-01
1.010809095009773229e+00
1.044689844128506184e+00
1.033062131413201357e+00
1.012212439647827145e+00
1.031458308969710913e+00
9.943699149639974033e-01
1.020832985281587613e+00
9.967756486292328466e-01
9.907613144661442384e-01
1.005195716457557120e+00
9.955727817966151250e-01
9.713149673388240535e-01
9.873531917737272678e-01
1.007601450122792563e+00
1.002589504986885371e+00
1.014417695507626282e+00
1.009806705982591701e+00
9.951718261857425141e-01
9.897589254389627111e-01
9.879546251900361842e-01
1.013415306480444977e+00
1.009606228177155396e+00
1.007601450122792563e+00
9.965751708237965412e-01
9.971766042401054575e-01
1.000584726932522317e+00
9.997828157107772062e-01
9.839450690813102973e-01
1.014618173313062588e+00
9.897589254389627111e-01
9.979785154618505683e-01
9.963746930183603467e-01
1.013014350869572366e+00
0.000000000000000000e+00
1.015420084534807810e+00
1.012011961842390839e+00
9.913627478824530437e-01
9.997828157107772062e-01
1.017825818200043253e+00
9.913627478824530437e-01
9.925656147150707653e-01
1.037272165327363327e+00
1.003391416208630371e+00
1.019028685032661086e+00
9.863508027465458516e-01
1.003792371819502982e+00
1.020832985281587613e+00
1.019028685032661086e+00
1.010809095009773229e+00
9.941694371585610979e-01
9.925656147150707653e-01
1.029253053109911775e+00
1.009004794760846480e+00
1.010809095009773229e+00
9.809379019997659377e-01
1.007801927928228869e+00
9.945703927694337088e-01
1.004393805235811898e+00
9.911622700770167382e-01
1.015219606729371504e+00
9.907613144661442384e-01
1.009004794760846480e+00
1.016021517951116726e+00
1.017224384783734337e+00
9.951718261857425141e-01
1.020231551865278696e+00
9.831431578595651866e-01
1.021634896503332834e+00
1.010207661593464312e+00
1.008804316955410174e+00
1.010007183788028007e+00
1.010408139398900618e+00
1.004995238652120815e+00
9.933675259368159871e-01
9.871527139682909624e-01
9.965751708237965412e-01
9.837445912758739919e-01
1.001386638154267539e+00
9.915632256878893491e-01
1.021434418697896529e+00
9.929665703259433762e-01
1.000985682543394928e+00
1.004594283041248204e+00
9.899594032443990166e-01
9.985799488781594846e-01
1.018226773810915864e+00
9.809379019997659377e-01
9.865512805519821571e-01
9.885560586063449895e-01
9.811383798052022431e-01
9.899594032443990166e-01
1.001587115959703844e+00
9.827422022486925757e-01
9.879546251900361842e-01
1.025043019195749805e+00
9.815393354160748540e-01
9.899594032443990166e-01
1.014217217702190199e+00
9.915632256878893491e-01
1.005596672068429731e+00
9.901598810498353220e-01
1.010007183788028007e+00
9.939689593531247924e-01
9.927660925205070708e-01
1.014417695507626282e+00
9.945703927694337088e-01
1.022236329919641751e+00
9.929665703259433762e-01
9.933675259368159871e-01
9.907613144661442384e-01
9.889570142172176004e-01
1.006398583290174731e+00
1.001587115959703844e+00
1.002789982792321677e+00
9.949713483803063196e-01
9.967756486292328466e-01
1.005195716457557120e+00
9.767278680856038564e-01
1.012813873064136061e+00
1.015019128923935199e+00
9.919641812987619600e-01
9.648996775648628343e-01
1.010408139398900618e+00
9.841455468867466028e-01
9.963746930183603467e-01
1.017224384783734337e+00
9.859498471356732408e-01
1.025443974806622416e+00
1.007200494511919953e+00
1.005797149873865814e+00
1.001787593765140150e+00
9.947708705748700142e-01
1.012813873064136061e+00

# time bin value
-1.000000000000000000e+02
-9.900000000000000000e+01
-9.800000000000000000e+01
-9.700000000000000000e+01
-9.600000000000000000e+01
-9.500000000000000000e+01
-9.400000000000000000e+01
-9.300000000000000000e+01
-9.200000000000000000e+01
-9.100000000000000000e+01
-9.000000000000000000e+01
-8.900000000000000000e+01
-8.800000000000000000e+01
-8.700000000000000000e+01
-8.600000000000000000e+01
-8.500000000000000000e+01
-8.400000000000000000e+01
-8.300000000000000000e+01
-8.200000000000000000e+01
-8.100000000000000000e+01
-8.000000000000000000e+01
-7.900000000000000000e+01
-7.800000000000000000e+01
-7.700000000000000000e+01
-7.600000000000000000e+01
-7.500000000000000000e+01
-7.400000000000000000e+01
-7.300000000000000000e+01
-7.200000000000000000e+01
-7.100000000000000000e+01
-7.000000000000000000e+01
-6.900000000000000000e+01
-6.800000000000000000e+01
-6.700000000000000000e+01
-6.600000000000000000e+01
-6.500000000000000000e+01
-6.400000000000000000e+01
-6.300000000000000000e+01
-6.200000000000000000e+01
-6.100000000000000000e+01
-6.000000000000000000e+01
-5.900000000000000000e+01
-5.800000000000000000e+01
-5.700000000000000000e+01
-5.600000000000000000e+01
-5.500000000000000000e+01
-5.400000000000000000e+01
-5.300000000000000000e+01
-5.200000000000000000e+01
-5.100000000000000000e+01
-5.000000000000000000e+01
-4.900000000000000000e+01
-4.800000000000000000e+01
-4.700000000000000000e+01
-4.600000000000000000e+01
-4.500000000000000000e+01
-4.400000000000000000e+01
-4.300000000000000000e+01
-4.200000000000000000e+01
-4.100000000000000000e+01
-4.000000000000000000e+01
-3.900000000000000000e+01
-3.800000000000000000e+01
-3.700000000000000000e+01
-3.600000000000000000e+01
-3.500000000000000000e+01
-3.400000000000000000e+01
-3.300000000000000000e+01
-3.200000000000000000e+01
-3.100000000000000000e+01
-3.000000000000000000e+01
-2.900000000000000000e+01
-2.800000000000000000e+01
-2.700000000000000000e+01
-2.600000000000000000e+01
-2.500000000000000000e+01
-2.400000000000000000e+01
-2.300000000000000000e+01
-2.200000000000000000e+01
-2.100000000000000000e+01
-2.000000000000000000e+01
-1.900000000000000000e+01
-1.800000000000000000e+01
-1.700000000000000000e+01
-1.600000000000000000e+01
-1.500000000000000000e+01
-1.400000000000000000e+01
-1.300000000000000000e+01
-1.200000000000000000e+01
-1.100000000000000000e+01
-1.000000000000000000e+01
-9.000000000000000000e+00
-8.000000000000000000e+00
-7.000000000000000000e+00
-6.000000000000000000e+00
-5.000000000000000000e+00
-4.000000000000000000e+00
-3.000000000000000000e+00
-2.000000000000000000e+00
-1.000000000000000000e+00
0.000000000000000000e+00
1.000000000000000000e+00
2.000000000000000000e+00
3.000000000000000000e+00
4.000000000000000000e+00
5.000000000000000000e+00
6.000000000000000000e+00
7.000000000000000000e+00
8.000000000000000000e+00
9.000000000000000000e+00
1.000000000000000000e+01
1.100000000000000000e+01
1.200000000000000000e+01
1.300000000000000000e+01
1.400000000000000000e+01
1.500000000000000000e+01
1.600000000000000000e+01
1.700000000000000000e+01
1.800000000000000000e+01
1.900000000000000000e+01
2.000000000000000000e+01
2.100000000000000000e+01
2.200000000000000000e+01
2.300000000000000000e+01
2.400000000000000000e+01
2.500000000000000000e+01
2.600000000000000000e+01
2.700000000000000000e+01
2.800000000000000000e+01
2.900000000000000000e+01
3.000000000000000000e+01
3.100000000000000000e+01
3.200000000000000000e+01
3.300000000000000000e+01
3.400000000000000000e+01
3.500000000000000000e+01
3.600000000000000000e+01
3.700000000000000000e+01
3.800000000000000000e+01
3.900000000000000000e+01
4.000000000000000000e+01
4.100000000000000000e+01
4.200000000000000000e+01
4.300000000000000000e+01
4.400000000000000000e+01
4.500000000000000000e+01
4.600000000000000000e+01
4.700000000000000000e+01
4.800000000000000000e+01
4.900000000000000000e+01
5.000000000000000000e+01
5.100000000000000000e+01
5.200000000000000000e+01
5.300000000000000000e+01
5.400000000000000000e+01
5.500000000000000000e+01
5.600000000000000000e+01
5.700000000000000000e+01
5.800000000000000000e+01
5.900000000000000000e+01
6.000000000000000000e+01
6.100000000000000000e+01
6.200000000000000000e+01
6.300000000000000000e+01
6.400000000000000000e+01
6.500000000000000000e+01
6.600000000000000000e+01
6.700000000000000000e+01
6.800000000000000000e+01
6.900000000000000000e+01
7.000000000000000000e+01
7.100000000000000000e+01
7.200000000000000000e+01
7.300000000000000000e+01
7.400000000000000000e+01
7.500000000000000000e+01
7.600000000000000000e+01
7.700000000000000000e+01
7.800000000000000000e+01
7.900000000000000000e+01
8.000000000000000000e+01
8.100000000000000000e+01
8.200000000000000000e+01
8.300000000000000000e+01
8.400000000000000000e+01
8.500000000000000000e+01
8.600000000000000000e+01
8.700000000000000000e+01
8.800000000000000000e+01
8.900000000000000000e+01
9.000000000000000000e+01
9.100000000000000000e+01
9.200000000000000000e+01
9.300000000000000000e+01
9.400000000000000000e+01
9.500000000000000000e+01
9.600000000000000000e+01
9.700000000000000000e+01
9.800000000000000000e+01
9.900000000000000000e+01
