single photon fraction:    1.0000
laser fraction:    0.0000
thermal source fraction:    0.0000
non-detected fraction:    0.0000
number of bins:  200.0000
bin width (ns):    1.0000
average detection events per bin: 5000.0000

# binary result
1.000000000000000000e+00

# g2 signal
1.025087581727333719e+00
1.004613931181771225e+00
9.781186187110432195e-01
9.712940685291889809e-01
1.008628372465214973e+00
9.851438909570695568e-01
1.012241369620314080e+00
9.931727735239568311e-01
1.017259421224618654e+00
9.987929913207779231e-01
9.787207849035597373e-01
9.943771059089899778e-01
1.001000934026671896e+00
1.002807432604221560e+00
9.919684411389237955e-01
1.023682527278128473e+00
9.871511115987914309e-01
1.006219707695148680e+00
1.017259421224618654e+00
9.965850486148839504e-01
1.005015375310115644e+00
9.981908251282614053e-01
1.009832704850248009e+00
1.024485415534817312e+00
1.003008154668393770e+00
1.009631982786075799e+00
1.000800211962499686e+00
1.018865197737996109e+00
1.029302745074949677e+00
1.015252200582896780e+00
1.015653644711241199e+00
1.008427650401042763e+00
1.022879639021439857e+00
1.009832704850248009e+00
9.869503895346192213e-01
1.009431260721903589e+00
1.009832704850248009e+00
1.022076750764751019e+00
9.871511115987914309e-01
9.837388365078643115e-01
9.993951575132944409e-01
9.995958795774666505e-01
9.961836044865395312e-01
9.883554439838244665e-01
9.959828824223674326e-01
9.913662749464071666e-01
1.008226928336870554e+00
1.002606710540049351e+00
9.799251172885928840e-01
1.022879639021439857e+00
9.835381144436921019e-01
9.949792721015064956e-01
9.829359482511755841e-01
1.012843535812830709e+00
1.012843535812830709e+00
1.000599489898327477e+00
1.010635593106936625e+00
9.997966016416388602e-01
1.018263031545479702e+00
1.035324407000115077e+00
1.021073140443890193e+00
9.961836044865395312e-01
9.827352261870033745e-01
9.827352261870033745e-01
9.955814382940230134e-01
1.014650034390380373e+00
9.847424468287252486e-01
9.823337820586590663e-01
1.011438481363625463e+00
9.769142863260100729e-01
1.037130905577664741e+00
1.001402378155016315e+00
1.001803822283360734e+00
1.010635593106936625e+00
9.809287276094537100e-01
9.993951575132944409e-01
9.953807162298508038e-01
1.008829094529386960e+00
1.001201656090844105e+00
9.999973237058110698e-01
1.005617541502632051e+00
9.855453350854139760e-01
9.851438909570695568e-01
9.881547219196522569e-01
1.029102023010777467e+00
9.995958795774666505e-01
9.871511115987914309e-01
1.002405988475877141e+00
1.003208876732565979e+00
1.029704189203294096e+00
9.949792721015064956e-01
1.007223318016009506e+00
1.010033426914420218e+00
9.829359482511755841e-01
1.051181450069717416e+00
1.001803822283360734e+00
9.829359482511755841e-01
1.012241369620314080e+00
1.009029816593559170e+00
1.017259421224618654e+00
0.000000000000000000e+00
1.019668085994684947e+00
1.014047868197863744e+00
1.000398767834155489e+00
1.007825484208526134e+00
9.959828824223674326e-01
1.003208876732565979e+00
9.965850486148839504e-01
1.036528739385148112e+00
9.825345041228311649e-01
1.008226928336870554e+00
1.004413209117599015e+00
1.018463753609651690e+00
1.003208876732565979e+00
1.006821873887665308e+00
1.010635593106936625e+00
9.945778279731620763e-01
9.831366703153477937e-01
9.987929913207779231e-01
1.005216097374287854e+00
9.993951575132944409e-01
1.018263031545479702e+00
9.737027332992551631e-01
1.010434871042764415e+00
9.999973237058110698e-01
9.885561660479966761e-01
1.014047868197863744e+00
9.939756617806455585e-01
1.006018985630976470e+00
1.023481805213956264e+00
1.015854366775413409e+00
1.003409598796738189e+00
1.004814653245943434e+00
1.007624762144353925e+00
1.002205266411705153e+00
1.001603100219188525e+00
9.751077877484605194e-01
9.859467792137582842e-01
1.042148957181969315e+00
9.821330599944868567e-01
1.016456532967930038e+00
1.002807432604221560e+00
9.965850486148839504e-01
1.015653644711241199e+00
9.817316158661424375e-01
1.008226928336870554e+00
9.943771059089899778e-01
1.028098412689916419e+00
9.702904582083280438e-01
1.015653644711241199e+00
1.013847146133691535e+00
9.927713293956125229e-01
9.819323379303146471e-01
1.034521518743426460e+00
9.985922692566057135e-01
1.001402378155016315e+00
9.917677190747515859e-01
1.005617541502632051e+00
1.010434871042764415e+00
1.018463753609651690e+00
9.899612204972019214e-01
9.949792721015064956e-01
1.019868808058857157e+00
1.006621151823493099e+00
9.913662749464071666e-01
1.013646424069519325e+00
1.020069530123029145e+00
9.995958795774666505e-01
1.014850756454552583e+00
1.005015375310115644e+00
9.997966016416388602e-01
1.005617541502632051e+00
1.017660865352963073e+00
1.024686137598989522e+00
9.919684411389237955e-01
1.022076750764751019e+00
1.019668085994684947e+00
1.013646424069519325e+00
9.718962347217054987e-01
1.019467363930512738e+00
1.002807432604221560e+00
9.819323379303146471e-01
1.013445702005347338e+00
9.899612204972019214e-01
1.015452922647068990e+00
1.015252200582896780e+00
1.004613931181771225e+00
9.893590543046854036e-01
1.020470974251373564e+00
1.011639203427797673e+00
1.016456532967930038e+00
1.002807432604221560e+00
1.001000934026671896e+00
1.010635593106936625e+00
9.963843265507117408e-01
9.977893809999169861e-01
1.014248590262035954e+00
1.001603100219188525e+00
9.867496674704470117e-01
9.975886589357448875e-01

# time bin value
-1.000000000000000000e+02
-9.900000000000000000e+01
-9.800000000000000000e+01
-9.700000000000000000e+01
-9.600000000000000000e+01
-9.500000000000000000e+01
-9.400000000000000000e+01
-9.300000000000000000e+01
-9.200000000000000000e+01
-9.100000000000000000e+01
-9.000000000000000000e+01
-8.900000000000000000e+01
-8.800000000000000000e+01
-8.700000000000000000e+01
-8.600000000000000000e+01
-8.500000000000000000e+01
-8.400000000000000000e+01
-8.300000000000000000e+01
-8.200000000000000000e+01
-8.100000000000000000e+01
-8.000000000000000000e+01
-7.900000000000000000e+01
-7.800000000000000000e+01
-7.700000000000000000e+01
-7.600000000000000000e+01
-7.500000000000000000e+01
-7.400000000000000000e+01
-7.300000000000000000e+01
-7.200000000000000000e+01
-7.100000000000000000e+01
-7.000000000000000000e+01
-6.900000000000000000e+01
-6.800000000000000000e+01
-6.700000000000000000e+01
-6.600000000000000000e+01
-6.500000000000000000e+01
-6.400000000000000000e+01
-6.300000000000000000e+01
-6.200000000000000000e+01
-6.100000000000000000e+01
-6.000000000000000000e+01
-5.900000000000000000e+01
-5.800000000000000000e+01
-5.700000000000000000e+01
-5.600000000000000000e+01
-5.500000000000000000e+01
-5.400000000000000000e+01
-5.300000000000000000e+01
-5.200000000000000000e+01
-5.100000000000000000e+01
-5.000000000000000000e+01
-4.900000000000000000e+01
-4.800000000000000000e+01
-4.700000000000000000e+01
-4.600000000000000000e+01
-4.500000000000000000e+01
-4.400000000000000000e+01
-4.300000000000000000e+01
-4.200000000000000000e+01
-4.100000000000000000e+01
-4.000000000000000000e+01
-3.900000000000000000e+01
-3.800000000000000000e+01
-3.700000000000000000e+01
-3.600000000000000000e+01
-3.500000000000000000e+01
-3.400000000000000000e+01
-3.300000000000000000e+01
-3.200000000000000000e+01
-3.100000000000000000e+01
-3.000000000000000000e+01
-2.900000000000000000e+01
-2.800000000000000000e+01
-2.700000000000000000e+01
-2.600000000000000000e+01
-2.500000000000000000e+01
-2.400000000000000000e+01
-2.300000000000000000e+01
-2.200000000000000000e+01
-2.100000000000000000e+01
-2.000000000000000000e+01
-1.900000000000000000e+01
-1.800000000000000000e+01
-1.700000000000000000e+01
-1.600000000000000000e+01
-1.500000000000000000e+01
-1.400000000000000000e+01
-1.300000000000000000e+01
-1.200000000000000000e+01
-1.100000000000000000e+01
-1.000000000000000000e+01
-9.000000000000000000e+00
-8.000000000000000000e+00
-7.000000000000000000e+00
-6.000000000000000000e+00
-5.000000000000000000e+00
-4.000000000000000000e+00
-3.000000000000000000e+00
-2.000000000000000000e+00
-1.000000000000000000e+00
0.000000000000000000e+00
1.000000000000000000e+00
2.000000000000000000e+00
3.000000000000000000e+00
4.000000000000000000e+00
5.000000000000000000e+00
6.000000000000000000e+00
7.000000000000000000e+00
8.000000000000000000e+00
9.000000000000000000e+00
1.000000000000000000e+01
1.100000000000000000e+01
1.200000000000000000e+01
1.300000000000000000e+01
1.400000000000000000e+01
1.500000000000000000e+01
1.600000000000000000e+01
1.700000000000000000e+01
1.800000000000000000e+01
1.900000000000000000e+01
2.000000000000000000e+01
2.100000000000000000e+01
2.200000000000000000e+01
2.300000000000000000e+01
2.400000000000000000e+01
2.500000000000000000e+01
2.600000000000000000e+01
2.700000000000000000e+01
2.800000000000000000e+01
2.900000000000000000e+01
3.000000000000000000e+01
3.100000000000000000e+01
3.200000000000000000e+01
3.300000000000000000e+01
3.400000000000000000e+01
3.500000000000000000e+01
3.600000000000000000e+01
3.700000000000000000e+01
3.800000000000000000e+01
3.900000000000000000e+01
4.000000000000000000e+01
4.100000000000000000e+01
4.200000000000000000e+01
4.300000000000000000e+01
4.400000000000000000e+01
4.500000000000000000e+01
4.600000000000000000e+01
4.700000000000000000e+01
4.800000000000000000e+01
4.900000000000000000e+01
5.000000000000000000e+01
5.100000000000000000e+01
5.200000000000000000e+01
5.300000000000000000e+01
5.400000000000000000e+01
5.500000000000000000e+01
5.600000000000000000e+01
5.700000000000000000e+01
5.800000000000000000e+01
5.900000000000000000e+01
6.000000000000000000e+01
6.100000000000000000e+01
6.200000000000000000e+01
6.300000000000000000e+01
6.400000000000000000e+01
6.500000000000000000e+01
6.600000000000000000e+01
6.700000000000000000e+01
6.800000000000000000e+01
6.900000000000000000e+01
7.000000000000000000e+01
7.100000000000000000e+01
7.200000000000000000e+01
7.300000000000000000e+01
7.400000000000000000e+01
7.500000000000000000e+01
7.600000000000000000e+01
7.700000000000000000e+01
7.800000000000000000e+01
7.900000000000000000e+01
8.000000000000000000e+01
8.100000000000000000e+01
8.200000000000000000e+01
8.300000000000000000e+01
8.400000000000000000e+01
8.500000000000000000e+01
8.600000000000000000e+01
8.700000000000000000e+01
8.800000000000000000e+01
8.900000000000000000e+01
9.000000000000000000e+01
9.100000000000000000e+01
9.200000000000000000e+01
9.300000000000000000e+01
9.400000000000000000e+01
9.500000000000000000e+01
9.600000000000000000e+01
9.700000000000000000e+01
9.800000000000000000e+01
9.900000000000000000e+01
