single photon fraction:    1.0000
laser fraction:    0.0000
thermal source fraction:    0.0000
non-detected fraction:    0.0000
number of bins:  200.0000
bin width (ns):    1.0000
average detection events per bin: 5000.0000

# binary result
1.000000000000000000e+00

# g2 signal
1.010909912505456365e+00
9.898534671943924890e-01
1.010709374931065163e+00
9.878480914504816912e-01
1.007300236166416729e+00
1.009305611910327638e+00
9.948669065541696499e-01
1.026351305733569808e+00
9.940647562566052864e-01
1.008503461612763275e+00
1.013917976121322617e+00
1.020335178501837303e+00
9.932626059590409229e-01
1.010107762207892002e+00
1.011712062803020729e+00
1.019934103353055121e+00
9.932626059590409229e-01
9.992787331907734272e-01
1.020736253650619485e+00
1.020335178501837303e+00
1.035576034155559766e+00
1.000080883488337902e+00
9.978749701700359021e-01
9.896529296200013981e-01
9.916583053639123069e-01
9.810298139211848234e-01
9.960701320005160841e-01
1.016725502162797889e+00
9.846394902602243482e-01
9.946663689797785590e-01
9.613771316308584725e-01
9.986771204676001545e-01
9.970728198724715385e-01
1.004693247699332659e+00
1.013516900972540435e+00
1.006498085868852588e+00
1.011310987654238547e+00
1.025749693010396646e+00
9.826341145163134394e-01
1.013917976121322617e+00
1.015923351865233526e+00
9.898534671943924890e-01
1.021337866373792647e+00
1.007500773740807931e+00
1.012113137951802910e+00
1.009706687059109820e+00
1.019332490629881960e+00
9.938642186822141955e-01
1.009506149484718840e+00
1.008904536761545456e+00
9.978749701700359021e-01
1.004492710124941679e+00
9.982760453188180838e-01
9.872464787273084186e-01
9.862437908553529642e-01
9.804282011980115508e-01
1.010508837356674183e+00
9.946663689797785590e-01
9.693986346065018855e-01
1.005495397996897022e+00
9.764174497101898442e-01
1.016324427014015708e+00
1.005495397996897022e+00
1.009305611910327638e+00
9.792249757516650055e-01
1.001083571360293245e+00
1.001284108934684225e+00
9.784228254541006420e-01
1.008503461612763275e+00
1.009706687059109820e+00
9.940647562566052864e-01
1.020535716076228505e+00
1.013516900972540435e+00
9.888507793224370346e-01
9.872464787273084186e-01
9.976744325956448112e-01
1.008302924038372295e+00
9.838373399626599847e-01
9.938642186822141955e-01
1.011912600377411708e+00
9.986771204676001545e-01
9.908561550663479434e-01
1.025549155436005444e+00
9.748131491150611172e-01
9.932626059590409229e-01
9.888507793224370346e-01
9.844389526858332573e-01
9.976744325956448112e-01
9.916583053639123069e-01
9.938642186822141955e-01
1.022140016671357010e+00
9.860432532809618733e-01
1.015522276716451344e+00
9.988776580419912454e-01
9.866448660041351459e-01
1.018329802757926394e+00
9.976744325956448112e-01
1.024145392415267919e+00
1.000682496211511063e+00
1.010909912505456365e+00
0.000000000000000000e+00
1.005695935571288224e+00
1.004292172550550477e+00
9.878480914504816912e-01
1.004893785273723861e+00
1.029760444498218241e+00
9.978749701700359021e-01
9.651873455442890881e-01
1.009706687059109820e+00
1.023944854840876939e+00
9.726072357967592286e-01
1.003690559827377315e+00
9.974738950212537203e-01
9.996798083395556089e-01
9.992787331907734272e-01
1.021939479096966030e+00
1.010107762207892002e+00
1.013115825823758254e+00
1.004292172550550477e+00
1.008904536761545456e+00
9.986771204676001545e-01
9.930620683846498320e-01
9.940647562566052864e-01
1.013917976121322617e+00
1.004091634976159497e+00
1.033971733560431039e+00
1.029559906923827262e+00
1.001284108934684225e+00
9.720056230735859559e-01
1.012514213100585092e+00
1.023543779692094757e+00
1.006698623443243568e+00
9.784228254541006420e-01
1.006297548294461386e+00
1.031966357816520130e+00
9.689975594577197038e-01
1.008102386463981093e+00
1.009706687059109820e+00
1.019733565778664142e+00
9.786233630284917329e-01
1.005094322848114841e+00
1.000080883488337902e+00
1.015522276716451344e+00
1.008302924038372295e+00
9.958695944261249933e-01
9.996798083395556089e-01
9.908561550663479434e-01
9.802276636236204599e-01
9.914577677895212160e-01
1.028958294200653878e+00
1.005094322848114841e+00
9.916583053639123069e-01
1.027554531179916353e+00
9.950674441285607408e-01
1.020736253650619485e+00
1.017527652460362031e+00
9.968722822980804477e-01
1.011110450079847345e+00
1.018129265183535415e+00
1.018329802757926394e+00
9.804282011980115508e-01
9.884497041736548528e-01
9.998803459139466998e-01
1.018730877906708576e+00
1.017126577311580071e+00
9.768185248589720260e-01
1.003891097401768295e+00
1.008904536761545456e+00
9.762169121357987533e-01
9.900540047687835798e-01
1.013316363398149456e+00
1.037581409899470675e+00
9.912572302151301251e-01
9.834362648138778029e-01
1.007300236166416729e+00
1.009105074335936658e+00
9.828346520907045303e-01
1.010709374931065163e+00
1.001885721657857609e+00
1.013917976121322617e+00
1.010107762207892002e+00
9.770190624333631169e-01
9.958695944261249933e-01
1.018129265183535415e+00
1.007701311315198911e+00
1.006698623443243568e+00
1.035174959006777584e+00
9.914577677895212160e-01
9.994792707651645181e-01
1.005094322848114841e+00
1.006498085868852588e+00
9.661900334162445425e-01
9.892518544712192163e-01
1.018329802757926394e+00
1.020134640927446323e+00
1.003891097401768295e+00
1.006899161017634770e+00
1.012714750674976072e+00
1.007701311315198911e+00
1.023142704543312576e+00

# time bin value
-1.000000000000000000e+02
-9.900000000000000000e+01
-9.800000000000000000e+01
-9.700000000000000000e+01
-9.600000000000000000e+01
-9.500000000000000000e+01
-9.400000000000000000e+01
-9.300000000000000000e+01
-9.200000000000000000e+01
-9.100000000000000000e+01
-9.000000000000000000e+01
-8.900000000000000000e+01
-8.800000000000000000e+01
-8.700000000000000000e+01
-8.600000000000000000e+01
-8.500000000000000000e+01
-8.400000000000000000e+01
-8.300000000000000000e+01
-8.200000000000000000e+01
-8.100000000000000000e+01
-8.000000000000000000e+01
-7.900000000000000000e+01
-7.800000000000000000e+01
-7.700000000000000000e+01
-7.600000000000000000e+01
-7.500000000000000000e+01
-7.400000000000000000e+01
-7.300000000000000000e+01
-7.200000000000000000e+01
-7.100000000000000000e+01
-7.000000000000000000e+01
-6.900000000000000000e+01
-6.800000000000000000e+01
-6.700000000000000000e+01
-6.600000000000000000e+01
-6.500000000000000000e+01
-6.400000000000000000e+01
-6.300000000000000000e+01
-6.200000000000000000e+01
-6.100000000000000000e+01
-6.000000000000000000e+01
-5.900000000000000000e+01
-5.800000000000000000e+01
-5.700000000000000000e+01
-5.600000000000000000e+01
-5.500000000000000000e+01
-5.400000000000000000e+01
-5.300000000000000000e+01
-5.200000000000000000e+01
-5.100000000000000000e+01
-5.000000000000000000e+01
-4.900000000000000000e+01
-4.800000000000000000e+01
-4.700000000000000000e+01
-4.600000000000000000e+01
-4.500000000000000000e+01
-4.400000000000000000e+01
-4.300000000000000000e+01
-4.200000000000000000e+01
-4.100000000000000000e+01
-4.000000000000000000e+01
-3.900000000000000000e+01
-3.800000000000000000e+01
-3.700000000000000000e+01
-3.600000000000000000e+01
-3.500000000000000000e+01
-3.400000000000000000e+01
-3.300000000000000000e+01
-3.200000000000000000e+01
-3.100000000000000000e+01
-3.000000000000000000e+01
-2.900000000000000000e+01
-2.800000000000000000e+01
-2.700000000000000000e+01
-2.600000000000000000e+01
-2.500000000000000000e+01
-2.400000000000000000e+01
-2.300000000000000000e+01
-2.200000000000000000e+01
-2.100000000000000000e+01
-2.000000000000000000e+01
-1.900000000000000000e+01
-1.800000000000000000e+01
-1.700000000000000000e+01
-1.600000000000000000e+01
-1.500000000000000000e+01
-1.400000000000000000e+01
-1.300000000000000000e+01
-1.200000000000000000e+01
-1.100000000000000000e+01
-1.000000000000000000e+01
-9.000000000000000000e+00
-8.000000000000000000e+00
-7.000000000000000000e+00
-6.000000000000000000e+00
-5.000000000000000000e+00
-4.000000000000000000e+00
-3.000000000000000000e+00
-2.000000000000000000e+00
-1.000000000000000000e+00
0.000000000000000000e+00
1.000000000000000000e+00
2.000000000000000000e+00
3.000000000000000000e+00
4.000000000000000000e+00
5.000000000000000000e+00
6.000000000000000000e+00
7.000000000000000000e+00
8.000000000000000000e+00
9.000000000000000000e+00
1.000000000000000000e+01
1.100000000000000000e+01
1.200000000000000000e+01
1.300000000000000000e+01
1.400000000000000000e+01
1.500000000000000000e+01
1.600000000000000000e+01
1.700000000000000000e+01
1.800000000000000000e+01
1.900000000000000000e+01
2.000000000000000000e+01
2.100000000000000000e+01
2.200000000000000000e+01
2.300000000000000000e+01
2.400000000000000000e+01
2.500000000000000000e+01
2.600000000000000000e+01
2.700000000000000000e+01
2.800000000000000000e+01
2.900000000000000000e+01
3.000000000000000000e+01
3.100000000000000000e+01
3.200000000000000000e+01
3.300000000000000000e+01
3.400000000000000000e+01
3.500000000000000000e+01
3.600000000000000000e+01
3.700000000000000000e+01
3.800000000000000000e+01
3.900000000000000000e+01
4.000000000000000000e+01
4.100000000000000000e+01
4.200000000000000000e+01
4.300000000000000000e+01
4.400000000000000000e+01
4.500000000000000000e+01
4.600000000000000000e+01
4.700000000000000000e+01
4.800000000000000000e+01
4.900000000000000000e+01
5.000000000000000000e+01
5.100000000000000000e+01
5.200000000000000000e+01
5.300000000000000000e+01
5.400000000000000000e+01
5.500000000000000000e+01
5.600000000000000000e+01
5.700000000000000000e+01
5.800000000000000000e+01
5.900000000000000000e+01
6.000000000000000000e+01
6.100000000000000000e+01
6.200000000000000000e+01
6.300000000000000000e+01
6.400000000000000000e+01
6.500000000000000000e+01
6.600000000000000000e+01
6.700000000000000000e+01
6.800000000000000000e+01
6.900000000000000000e+01
7.000000000000000000e+01
7.100000000000000000e+01
7.200000000000000000e+01
7.300000000000000000e+01
7.400000000000000000e+01
7.500000000000000000e+01
7.600000000000000000e+01
7.700000000000000000e+01
7.800000000000000000e+01
7.900000000000000000e+01
8.000000000000000000e+01
8.100000000000000000e+01
8.200000000000000000e+01
8.300000000000000000e+01
8.400000000000000000e+01
8.500000000000000000e+01
8.600000000000000000e+01
8.700000000000000000e+01
8.800000000000000000e+01
8.900000000000000000e+01
9.000000000000000000e+01
9.100000000000000000e+01
9.200000000000000000e+01
9.300000000000000000e+01
9.400000000000000000e+01
9.500000000000000000e+01
9.600000000000000000e+01
9.700000000000000000e+01
9.800000000000000000e+01
9.900000000000000000e+01
