single photon fraction:    1.0000
laser fraction:    0.0000
thermal source fraction:    0.0000
non-detected fraction:    0.0000
number of bins:  200.0000
bin width (ns):    1.0000
average detection events per bin: 5000.0000

# binary result
1.000000000000000000e+00

# g2 signal
1.004050231987320130e+00
1.018118189601233681e+00
1.022137606062351933e+00
9.942026616575806441e-01
9.982220781186987857e-01
1.019324014539569223e+00
9.929968367192452128e-01
9.907861576656301628e-01
1.002040523756761115e+00
9.684783963064242940e-01
9.833502372125615398e-01
1.009878385855941474e+00
9.978201364725869382e-01
1.022941489354575628e+00
1.007667706802326535e+00
1.009476444209829626e+00
1.005256056925655672e+00
1.022539547708463781e+00
1.003045377872040511e+00
9.897813035503506551e-01
1.010079356678997398e+00
9.897813035503506551e-01
9.964133407111955831e-01
1.001638582110649267e+00
9.952075157728601518e-01
9.921929534270215179e-01
1.009476444209829626e+00
1.009074502563717779e+00
9.994279030570342170e-01
1.008672560917606154e+00
9.857618870892324026e-01
1.006461881863990993e+00
1.002040523756761115e+00
1.005657998571767520e+00
9.678754838372565228e-01
1.012491006555668260e+00
9.787279082822756271e-01
9.897813035503506551e-01
9.946046033036923806e-01
9.674735421911447864e-01
1.009275473386773703e+00
9.984230489417547094e-01
1.002241494579817038e+00
9.960113990650838467e-01
1.011687123263444787e+00
1.014299743963171574e+00
1.020931781124016391e+00
9.883745077889593000e-01
9.843550913278410475e-01
1.008069648448438382e+00
1.002442465402872962e+00
1.000231786349257801e+00
9.992269322339782933e-01
9.931978075423010255e-01
9.913890701347979340e-01
1.018319160424289604e+00
1.013696831494003803e+00
1.014701685609283199e+00
1.001236640464537420e+00
1.003648290341208282e+00
1.013294889847891955e+00
1.009074502563717779e+00
9.923939242500774416e-01
1.011285181617332940e+00
1.016711393839842437e+00
9.841541205047851237e-01
9.974181948264752018e-01
1.025956051700414262e+00
1.018721102070401452e+00
1.013495860670947879e+00
9.996288738800901408e-01
1.015706539724562818e+00
1.017515277132066132e+00
9.952075157728601518e-01
9.911880993117420102e-01
9.931978075423010255e-01
1.007667706802326535e+00
1.008672560917606154e+00
1.017113335485954284e+00
1.018520131247345528e+00
9.883745077889593000e-01
1.006662852687046916e+00
9.992269322339782933e-01
9.849580037970088187e-01
1.008270619271494306e+00
9.877715953197915288e-01
1.000432757172313725e+00
1.011687123263444787e+00
9.853599454431206661e-01
1.023745372646799101e+00
9.974181948264752018e-01
1.017716247955121833e+00
1.014098773140115650e+00
1.012892948201780108e+00
1.019324014539569223e+00
9.935997491884128729e-01
9.909871284886860865e-01
9.980211072956428620e-01
1.014500714786227498e+00
1.009878385855941474e+00
0.000000000000000000e+00
1.009677415032885550e+00
9.805366456897788296e-01
9.944036324806365679e-01
9.978201364725869382e-01
1.021132751947072315e+00
1.024951197585134643e+00
1.018922072893457376e+00
1.008672560917606154e+00
1.023544401823743399e+00
1.000030815526201877e+00
1.016912364662898360e+00
1.012491006555668260e+00
1.026357993346526110e+00
9.976191656495310145e-01
1.026558964169582033e+00
1.012290035732612337e+00
1.003849261164264206e+00
1.023142460177631552e+00
1.004653144456487901e+00
1.000633727995369648e+00
9.869677120275679449e-01
9.913890701347979340e-01
9.996288738800901408e-01
1.010280327502053321e+00
9.952075157728601518e-01
9.942026616575806441e-01
1.006863823510102840e+00
1.010280327502053321e+00
1.012089064909556413e+00
1.028166730754029201e+00
1.008873531740661855e+00
1.006863823510102840e+00
1.016912364662898360e+00
9.942026616575806441e-01
1.007265765156214687e+00
1.016510423016786513e+00
9.811395581589466008e-01
1.009878385855941474e+00
1.016510423016786513e+00
1.014098773140115650e+00
1.005457027748711596e+00
1.019324014539569223e+00
9.885754786120152238e-01
9.921929534270215179e-01
1.025554110054302415e+00
9.795317915744993220e-01
1.031382263922923759e+00
1.004251202810376054e+00
9.978201364725869382e-01
1.001638582110649267e+00
1.007466735979270611e+00
9.877715953197915288e-01
9.960113990650838467e-01
1.002241494579817038e+00
1.024147314292910949e+00
9.988249905878665569e-01
1.033592942976538698e+00
1.013093919024836032e+00
1.009476444209829626e+00
9.938007200114687967e-01
1.018721102070401452e+00
1.011888094086500489e+00
9.968152823573074306e-01
1.008873531740661855e+00
1.014500714786227498e+00
1.001638582110649267e+00
9.895803327272947314e-01
9.940016908345247204e-01
9.720958711214306991e-01
1.012892948201780108e+00
1.003648290341208282e+00
1.024549255939022796e+00
1.006662852687046916e+00
1.000834698818425572e+00
1.017314306309010208e+00
1.026759934992637735e+00
9.813405289820024135e-01
1.033793913799594621e+00
1.017113335485954284e+00
1.030377409807644140e+00
9.982220781186987857e-01
9.998298447031460645e-01
9.835512080356174636e-01
1.001437611287593343e+00
9.933987783653569492e-01
1.027965759930973277e+00
1.008270619271494306e+00
1.023544401823743399e+00
1.015907510547618742e+00
9.915900409578537467e-01
9.897813035503506551e-01
1.009878385855941474e+00
9.998298447031460645e-01
1.025554110054302415e+00
1.019123043716513299e+00
1.025755080877358338e+00
1.008471590094550230e+00
9.851589746200647424e-01
9.998298447031460645e-01

# time bin value
-1.000000000000000000e+02
-9.900000000000000000e+01
-9.800000000000000000e+01
-9.700000000000000000e+01
-9.600000000000000000e+01
-9.500000000000000000e+01
-9.400000000000000000e+01
-9.300000000000000000e+01
-9.200000000000000000e+01
-9.100000000000000000e+01
-9.000000000000000000e+01
-8.900000000000000000e+01
-8.800000000000000000e+01
-8.700000000000000000e+01
-8.600000000000000000e+01
-8.500000000000000000e+01
-8.400000000000000000e+01
-8.300000000000000000e+01
-8.200000000000000000e+01
-8.100000000000000000e+01
-8.000000000000000000e+01
-7.900000000000000000e+01
-7.800000000000000000e+01
-7.700000000000000000e+01
-7.600000000000000000e+01
-7.500000000000000000e+01
-7.400000000000000000e+01
-7.300000000000000000e+01
-7.200000000000000000e+01
-7.100000000000000000e+01
-7.000000000000000000e+01
-6.900000000000000000e+01
-6.800000000000000000e+01
-6.700000000000000000e+01
-6.600000000000000000e+01
-6.500000000000000000e+01
-6.400000000000000000e+01
-6.300000000000000000e+01
-6.200000000000000000e+01
-6.100000000000000000e+01
-6.000000000000000000e+01
-5.900000000000000000e+01
-5.800000000000000000e+01
-5.700000000000000000e+01
-5.600000000000000000e+01
-5.500000000000000000e+01
-5.400000000000000000e+01
-5.300000000000000000e+01
-5.200000000000000000e+01
-5.100000000000000000e+01
-5.000000000000000000e+01
-4.900000000000000000e+01
-4.800000000000000000e+01
-4.700000000000000000e+01
-4.600000000000000000e+01
-4.500000000000000000e+01
-4.400000000000000000e+01
-4.300000000000000000e+01
-4.200000000000000000e+01
-4.100000000000000000e+01
-4.000000000000000000e+01
-3.900000000000000000e+01
-3.800000000000000000e+01
-3.700000000000000000e+01
-3.600000000000000000e+01
-3.500000000000000000e+01
-3.400000000000000000e+01
-3.300000000000000000e+01
-3.200000000000000000e+01
-3.100000000000000000e+01
-3.000000000000000000e+01
-2.900000000000000000e+01
-2.800000000000000000e+01
-2.700000000000000000e+01
-2.600000000000000000e+01
-2.500000000000000000e+01
-2.400000000000000000e+01
-2.300000000000000000e+01
-2.200000000000000000e+01
-2.100000000000000000e+01
-2.000000000000000000e+01
-1.900000000000000000e+01
-1.800000000000000000e+01
-1.700000000000000000e+01
-1.600000000000000000e+01
-1.500000000000000000e+01
-1.400000000000000000e+01
-1.300000000000000000e+01
-1.200000000000000000e+01
-1.100000000000000000e+01
-1.000000000000000000e+01
-9.000000000000000000e+00
-8.000000000000000000e+00
-7.000000000000000000e+00
-6.000000000000000000e+00
-5.000000000000000000e+00
-4.000000000000000000e+00
-3.000000000000000000e+00
-2.000000000000000000e+00
-1.000000000000000000e+00
0.000000000000000000e+00
1.000000000000000000e+00
2.000000000000000000e+00
3.000000000000000000e+00
4.000000000000000000e+00
5.000000000000000000e+00
6.000000000000000000e+00
7.000000000000000000e+00
8.000000000000000000e+00
9.000000000000000000e+00
1.000000000000000000e+01
1.100000000000000000e+01
1.200000000000000000e+01
1.300000000000000000e+01
1.400000000000000000e+01
1.500000000000000000e+01
1.600000000000000000e+01
1.700000000000000000e+01
1.800000000000000000e+01
1.900000000000000000e+01
2.000000000000000000e+01
2.100000000000000000e+01
2.200000000000000000e+01
2.300000000000000000e+01
2.400000000000000000e+01
2.500000000000000000e+01
2.600000000000000000e+01
2.700000000000000000e+01
2.800000000000000000e+01
2.900000000000000000e+01
3.000000000000000000e+01
3.100000000000000000e+01
3.200000000000000000e+01
3.300000000000000000e+01
3.400000000000000000e+01
3.500000000000000000e+01
3.600000000000000000e+01
3.700000000000000000e+01
3.800000000000000000e+01
3.900000000000000000e+01
4.000000000000000000e+01
4.100000000000000000e+01
4.200000000000000000e+01
4.300000000000000000e+01
4.400000000000000000e+01
4.500000000000000000e+01
4.600000000000000000e+01
4.700000000000000000e+01
4.800000000000000000e+01
4.900000000000000000e+01
5.000000000000000000e+01
5.100000000000000000e+01
5.200000000000000000e+01
5.300000000000000000e+01
5.400000000000000000e+01
5.500000000000000000e+01
5.600000000000000000e+01
5.700000000000000000e+01
5.800000000000000000e+01
5.900000000000000000e+01
6.000000000000000000e+01
6.100000000000000000e+01
6.200000000000000000e+01
6.300000000000000000e+01
6.400000000000000000e+01
6.500000000000000000e+01
6.600000000000000000e+01
6.700000000000000000e+01
6.800000000000000000e+01
6.900000000000000000e+01
7.000000000000000000e+01
7.100000000000000000e+01
7.200000000000000000e+01
7.300000000000000000e+01
7.400000000000000000e+01
7.500000000000000000e+01
7.600000000000000000e+01
7.700000000000000000e+01
7.800000000000000000e+01
7.900000000000000000e+01
8.000000000000000000e+01
8.100000000000000000e+01
8.200000000000000000e+01
8.300000000000000000e+01
8.400000000000000000e+01
8.500000000000000000e+01
8.600000000000000000e+01
8.700000000000000000e+01
8.800000000000000000e+01
8.900000000000000000e+01
9.000000000000000000e+01
9.100000000000000000e+01
9.200000000000000000e+01
9.300000000000000000e+01
9.400000000000000000e+01
9.500000000000000000e+01
9.600000000000000000e+01
9.700000000000000000e+01
9.800000000000000000e+01
9.900000000000000000e+01
