single photon fraction:    1.0000
laser fraction:    0.0000
thermal source fraction:    0.0000
non-detected fraction:    0.0000
number of bins:  200.0000
bin width (ns):    1.0000
average detection events per bin: 5000.0000

# binary result
1.000000000000000000e+00

# g2 signal
1.016154404038902337e+00
1.022181417111493795e+00
1.021980516675740747e+00
1.020373313189716358e+00
9.942562565418203713e-01
9.928499534915491420e-01
9.874256417262168295e-01
9.998814687429056214e-01
9.900373473910064615e-01
9.685410007654305931e-01
9.934526547988081768e-01
1.003095875714954399e+00
1.021779616239987698e+00
1.009725590094804781e+00
9.946580574133264685e-01
1.009524689659051733e+00
1.019770611882457212e+00
9.866220399832047461e-01
9.898364469552534128e-01
1.001488672228930010e+00
1.018766109703691969e+00
9.932517543630552392e-01
1.001086871357423913e+00
9.972697630781161005e-01
1.003296776150707448e+00
1.010127390966310879e+00
9.954616591563386629e-01
1.008118386608780614e+00
1.025596724519295400e+00
9.615094855140740027e-01
9.956625595920917116e-01
1.008721087916039760e+00
9.924481526200430448e-01
9.852157369329334058e-01
1.031623737591886858e+00
1.014949001424384045e+00
1.008319287044533663e+00
1.005305780508237934e+00
9.950598582848325657e-01
9.998814687429056214e-01
9.773806199385646210e-01
1.009323789223298906e+00
1.028811131491344177e+00
9.942562565418203713e-01
9.914436504412778017e-01
9.982742652568813435e-01
1.005506680943990983e+00
9.657283946648880235e-01
9.962652608993508574e-01
9.916445508770308503e-01
9.976715639496221977e-01
9.866220399832047461e-01
1.014346300117124899e+00
9.934526547988081768e-01
9.878274425977229267e-01
1.002694074843448302e+00
1.004502178765225739e+00
1.034436343692429539e+00
1.008721087916039760e+00
9.982742652568813435e-01
9.926490530557960934e-01
1.035641746306947608e+00
1.016958005781914531e+00
1.002894975279201351e+00
1.015350802295890142e+00
1.022181417111493795e+00
9.896355465195003642e-01
1.016958005781914531e+00
1.001488672228930010e+00
1.004100377893719642e+00
1.011935494888088316e+00
1.018565209267938920e+00
1.014547200552877948e+00
9.890328452122412184e-01
9.840103343184151141e-01
1.001488672228930010e+00
1.022985018854505768e+00
9.842112347541681627e-01
1.040262456329267726e+00
9.950598582848325657e-01
1.006712083558509274e+00
1.002493174407695253e+00
1.014748100988630997e+00
1.026199425826554545e+00
9.992787674356465866e-01
1.032226438899146004e+00
9.902382478267595101e-01
1.032829140206405150e+00
1.002292273971942205e+00
9.984751656926343921e-01
1.014346300117124899e+00
1.001689572664683059e+00
1.015953503603149288e+00
9.900373473910064615e-01
9.836085334469090169e-01
9.898364469552534128e-01
9.906400486982656073e-01
9.974706635138691491e-01
1.003095875714954399e+00
9.868229404189577947e-01
0.000000000000000000e+00
9.781842216815768154e-01
9.952607587205856143e-01
1.012337295759594413e+00
1.025395824083542351e+00
1.005305780508237934e+00
1.005506680943990983e+00
9.892337456479942670e-01
1.001086871357423913e+00
1.001086871357423913e+00
1.021578715804234649e+00
9.898364469552534128e-01
1.028007529748331983e+00
9.936535552345612254e-01
1.030016534105862469e+00
1.035239945435441511e+00
9.954616591563386629e-01
9.954616591563386629e-01
9.952607587205856143e-01
9.978724643853752463e-01
1.046289469401859185e+00
1.015551702731643191e+00
1.018163408396432823e+00
9.946580574133264685e-01
9.924481526200430448e-01
1.008118386608780614e+00
9.950598582848325657e-01
1.013743598809865754e+00
1.002091373536189156e+00
9.982742652568813435e-01
9.868229404189577947e-01
1.022784118418752719e+00
1.009323789223298906e+00
9.689428016369366903e-01
1.001890473100436108e+00
1.002694074843448302e+00
1.003698577022213545e+00
1.031422837156133809e+00
9.809968277821193849e-01
1.004903979636731837e+00
1.019971512318210261e+00
9.850148364971803572e-01
1.007515685301521469e+00
1.014346300117124899e+00
1.004100377893719642e+00
1.040664257200773823e+00
1.012739096631100510e+00
1.001890473100436108e+00
9.892337456479942670e-01
1.013542698374112705e+00
1.017962507960679774e+00
1.027806629312578934e+00
1.002292273971942205e+00
1.005707581379744031e+00
1.006310282687003177e+00
9.986760661283874407e-01
9.864211395474516975e-01
1.019167910575198066e+00
1.000685070485917816e+00
1.010930992709323073e+00
1.005506680943990983e+00
1.024190421469024059e+00
1.002894975279201351e+00
1.009323789223298906e+00
1.000685070485917816e+00
1.043878664172822601e+00
9.866220399832047461e-01
9.811977282178724336e-01
1.002292273971942205e+00
9.938544556703142741e-01
9.882292434692290239e-01
1.016757105346161483e+00
9.755725160167871834e-01
9.930508539273021906e-01
1.031623737591886858e+00
9.912427500055247531e-01
1.016355304474655386e+00
1.001086871357423913e+00
1.001287771793176962e+00
1.009524689659051733e+00
1.018565209267938920e+00
1.015350802295890142e+00
9.926490530557960934e-01
1.005707581379744031e+00
1.005104880072484885e+00
1.003497676586460496e+00
1.014949001424384045e+00
1.012538196195347462e+00
9.858184382401925516e-01
9.940553561060673227e-01
9.882292434692290239e-01
1.019368811010951115e+00
1.025797624955048448e+00
1.010127390966310879e+00
1.011533694016582219e+00
9.908409491340186559e-01
1.000082369178658670e+00
1.029614733234356372e+00
1.018766109703691969e+00
9.942562565418203713e-01

# time bin value
-1.000000000000000000e+02
-9.900000000000000000e+01
-9.800000000000000000e+01
-9.700000000000000000e+01
-9.600000000000000000e+01
-9.500000000000000000e+01
-9.400000000000000000e+01
-9.300000000000000000e+01
-9.200000000000000000e+01
-9.100000000000000000e+01
-9.000000000000000000e+01
-8.900000000000000000e+01
-8.800000000000000000e+01
-8.700000000000000000e+01
-8.600000000000000000e+01
-8.500000000000000000e+01
-8.400000000000000000e+01
-8.300000000000000000e+01
-8.200000000000000000e+01
-8.100000000000000000e+01
-8.000000000000000000e+01
-7.900000000000000000e+01
-7.800000000000000000e+01
-7.700000000000000000e+01
-7.600000000000000000e+01
-7.500000000000000000e+01
-7.400000000000000000e+01
-7.300000000000000000e+01
-7.200000000000000000e+01
-7.100000000000000000e+01
-7.000000000000000000e+01
-6.900000000000000000e+01
-6.800000000000000000e+01
-6.700000000000000000e+01
-6.600000000000000000e+01
-6.500000000000000000e+01
-6.400000000000000000e+01
-6.300000000000000000e+01
-6.200000000000000000e+01
-6.100000000000000000e+01
-6.000000000000000000e+01
-5.900000000000000000e+01
-5.800000000000000000e+01
-5.700000000000000000e+01
-5.600000000000000000e+01
-5.500000000000000000e+01
-5.400000000000000000e+01
-5.300000000000000000e+01
-5.200000000000000000e+01
-5.100000000000000000e+01
-5.000000000000000000e+01
-4.900000000000000000e+01
-4.800000000000000000e+01
-4.700000000000000000e+01
-4.600000000000000000e+01
-4.500000000000000000e+01
-4.400000000000000000e+01
-4.300000000000000000e+01
-4.200000000000000000e+01
-4.100000000000000000e+01
-4.000000000000000000e+01
-3.900000000000000000e+01
-3.800000000000000000e+01
-3.700000000000000000e+01
-3.600000000000000000e+01
-3.500000000000000000e+01
-3.400000000000000000e+01
-3.300000000000000000e+01
-3.200000000000000000e+01
-3.100000000000000000e+01
-3.000000000000000000e+01
-2.900000000000000000e+01
-2.800000000000000000e+01
-2.700000000000000000e+01
-2.600000000000000000e+01
-2.500000000000000000e+01
-2.400000000000000000e+01
-2.300000000000000000e+01
-2.200000000000000000e+01
-2.100000000000000000e+01
-2.000000000000000000e+01
-1.900000000000000000e+01
-1.800000000000000000e+01
-1.700000000000000000e+01
-1.600000000000000000e+01
-1.500000000000000000e+01
-1.400000000000000000e+01
-1.300000000000000000e+01
-1.200000000000000000e+01
-1.100000000000000000e+01
-1.000000000000000000e+01
-9.000000000000000000e+00
-8.000000000000000000e+00
-7.000000000000000000e+00
-6.000000000000000000e+00
-5.000000000000000000e+00
-4.000000000000000000e+00
-3.000000000000000000e+00
-2.000000000000000000e+00
-1.000000000000000000e+00
0.000000000000000000e+00
1.000000000000000000e+00
2.000000000000000000e+00
3.000000000000000000e+00
4.000000000000000000e+00
5.000000000000000000e+00
6.000000000000000000e+00
7.000000000000000000e+00
8.000000000000000000e+00
9.000000000000000000e+00
1.000000000000000000e+01
1.100000000000000000e+01
1.200000000000000000e+01
1.300000000000000000e+01
1.400000000000000000e+01
1.500000000000000000e+01
1.600000000000000000e+01
1.700000000000000000e+01
1.800000000000000000e+01
1.900000000000000000e+01
2.000000000000000000e+01
2.100000000000000000e+01
2.200000000000000000e+01
2.300000000000000000e+01
2.400000000000000000e+01
2.500000000000000000e+01
2.600000000000000000e+01
2.700000000000000000e+01
2.800000000000000000e+01
2.900000000000000000e+01
3.000000000000000000e+01
3.100000000000000000e+01
3.200000000000000000e+01
3.300000000000000000e+01
3.400000000000000000e+01
3.500000000000000000e+01
3.600000000000000000e+01
3.700000000000000000e+01
3.800000000000000000e+01
3.900000000000000000e+01
4.000000000000000000e+01
4.100000000000000000e+01
4.200000000000000000e+01
4.300000000000000000e+01
4.400000000000000000e+01
4.500000000000000000e+01
4.600000000000000000e+01
4.700000000000000000e+01
4.800000000000000000e+01
4.900000000000000000e+01
5.000000000000000000e+01
5.100000000000000000e+01
5.200000000000000000e+01
5.300000000000000000e+01
5.400000000000000000e+01
5.500000000000000000e+01
5.600000000000000000e+01
5.700000000000000000e+01
5.800000000000000000e+01
5.900000000000000000e+01
6.000000000000000000e+01
6.100000000000000000e+01
6.200000000000000000e+01
6.300000000000000000e+01
6.400000000000000000e+01
6.500000000000000000e+01
6.600000000000000000e+01
6.700000000000000000e+01
6.800000000000000000e+01
6.900000000000000000e+01
7.000000000000000000e+01
7.100000000000000000e+01
7.200000000000000000e+01
7.300000000000000000e+01
7.400000000000000000e+01
7.500000000000000000e+01
7.600000000000000000e+01
7.700000000000000000e+01
7.800000000000000000e+01
7.900000000000000000e+01
8.000000000000000000e+01
8.100000000000000000e+01
8.200000000000000000e+01
8.300000000000000000e+01
8.400000000000000000e+01
8.500000000000000000e+01
8.600000000000000000e+01
8.700000000000000000e+01
8.800000000000000000e+01
8.900000000000000000e+01
9.000000000000000000e+01
9.100000000000000000e+01
9.200000000000000000e+01
9.300000000000000000e+01
9.400000000000000000e+01
9.500000000000000000e+01
9.600000000000000000e+01
9.700000000000000000e+01
9.800000000000000000e+01
9.900000000000000000e+01
