single photon fraction:    1.0000
laser fraction:    0.0000
thermal source fraction:    0.0000
non-detected fraction:    0.0000
number of bins:  200.0000
bin width (ns):    1.0000
average detection events per bin: 5000.0000

# binary result
1.000000000000000000e+00

# g2 signal
1.000814126498413836e+00
9.933947470793712542e-01
9.976057462090980321e-01
1.008032982149374090e+00
1.003220411715400440e+00
9.949989372240291008e-01
1.011441886206772001e+00
1.009436648525949609e+00
1.006629315772798350e+00
1.011842933742936435e+00
1.018259694321567821e+00
1.007631934613209657e+00
9.990094125856736618e-01
1.005827220700469482e+00
9.897853192538910161e-01
9.998115076580026406e-01
1.024876978668281424e+00
9.847722250518352594e-01
9.887827004134799314e-01
1.005827220700469482e+00
1.005025125628140614e+00
1.006027744468551699e+00
1.012845552583347519e+00
1.031293739246912811e+00
1.010038219830196260e+00
1.019462836930061123e+00
9.964026036006047304e-01
1.023272788523623689e+00
1.009436648525949609e+00
9.976057462090980321e-01
9.897853192538910161e-01
1.020866503306636863e+00
9.980067937452625770e-01
9.877800815730687356e-01
9.745455128796415289e-01
9.873790340369043017e-01
9.953999847601935347e-01
1.011842933742936435e+00
1.028486406493761551e+00
9.893842717177265822e-01
1.022470693451294599e+00
9.827669873710129789e-01
1.024074883595952556e+00
9.779544169370394391e-01
1.014850790264169911e+00
1.014249218959923260e+00
1.016454980408827646e+00
1.027884835189514900e+00
1.006228268236633916e+00
1.006228268236633916e+00
9.837696062114241746e-01
9.877800815730687356e-01
1.016856027944992302e+00
9.801601783859439365e-01
1.004423554323893963e+00
1.023072264755541472e+00
1.010639791134443133e+00
1.003019887947318223e+00
1.004624078091976180e+00
1.000613602730331619e+00
1.004022506787729530e+00
1.017257075481156736e+00
1.018861265625814472e+00
1.003019887947318223e+00
1.017257075481156736e+00
1.010840314902525350e+00
1.002017269106907138e+00
1.031494263014995028e+00
9.951994609921113177e-01
9.815638447625195662e-01
1.024275407364034773e+00
1.005225649396222831e+00
9.953999847601935347e-01
1.014048695191841043e+00
9.757486554881349416e-01
9.861758914284108890e-01
9.913895093985488627e-01
9.901863667900555610e-01
9.825664636029307619e-01
9.943973659197823389e-01
1.015251837800334345e+00
9.949989372240291008e-01
1.000212555194166963e+00
1.010840314902525350e+00
1.000212555194166963e+00
1.008233505917456307e+00
1.004223030555811746e+00
9.811627972263551323e-01
9.935952708474534711e-01
1.003420935483482657e+00
9.851732725879998043e-01
1.002418316643071572e+00
1.024275407364034773e+00
1.004022506787729530e+00
1.016655504176910085e+00
1.012243981279100868e+00
1.001816745338824921e+00
9.923921282389600584e-01
1.009436648525949609e+00
1.002217792874989355e+00
0.000000000000000000e+00
9.972046986729335982e-01
9.956005085282757516e-01
1.028887454029925985e+00
1.025879597508692509e+00
9.875795578049865187e-01
1.001215174034578270e+00
9.933947470793712542e-01
9.855743201241642382e-01
1.009436648525949609e+00
9.835690824433419577e-01
1.004824601860058397e+00
1.005426173164305048e+00
1.014650266496087694e+00
1.007431410845127440e+00
1.003220411715400440e+00
1.005225649396222831e+00
9.962020798325224025e-01
1.008032982149374090e+00
1.009637172294031826e+00
1.022671217219376816e+00
1.010238743598278699e+00
1.000012031426084746e+00
9.974052224410158152e-01
1.002418316643071572e+00
1.007631934613209657e+00
9.647198482436122324e-01
9.953999847601935347e-01
9.931942233112890372e-01
1.011040838670607567e+00
1.034702643304310721e+00
9.747460366477237459e-01
1.005225649396222831e+00
9.895847954858087991e-01
9.960015560644401855e-01
1.017056551713074519e+00
1.003621459251565096e+00
1.000613602730331619e+00
1.000814126498413836e+00
9.855743201241642382e-01
1.012645028815265302e+00
9.956005085282757516e-01
9.801601783859439365e-01
9.875795578049865187e-01
1.011642409974854218e+00
1.004824601860058397e+00
1.020866503306636863e+00
9.787565120093684179e-01
9.978062699771802491e-01
9.875795578049865187e-01
9.992099363537558787e-01
1.010639791134443133e+00
9.899858430219733441e-01
9.980067937452625770e-01
9.883816528773154975e-01
9.982073175133447940e-01
1.002819364179236006e+00
1.003621459251565096e+00
1.008032982149374090e+00
9.966031273686869474e-01
1.001816745338824921e+00
9.941968421517001220e-01
1.007230887077045223e+00
9.923921282389600584e-01
9.905874143262199949e-01
1.001415697802660487e+00
1.004624078091976180e+00
9.899858430219733441e-01
9.945978896878645559e-01
1.015853409104580996e+00
1.008032982149374090e+00
9.841706537475886085e-01
1.008634553453620741e+00
1.023874359827870340e+00
1.008233505917456307e+00
9.909884618623844288e-01
9.919910807027956245e-01
1.019663360698143340e+00
9.996109838899204236e-01
9.951994609921113177e-01
1.018460218089650038e+00
9.929936995432067093e-01
9.945978896878645559e-01
9.897853192538910161e-01
1.006829839540880567e+00
9.823659398348485450e-01
1.006228268236633916e+00
1.021869122147047948e+00
1.000012031426084746e+00
1.007431410845127440e+00
1.005426173164305048e+00
1.029087977798008202e+00
1.017658123017321170e+00
9.941968421517001220e-01
9.958010322963579686e-01
9.978062699771802491e-01
1.001215174034578270e+00
9.988088888175914448e-01
9.933947470793712542e-01
1.005426173164305048e+00

# time bin value
-1.000000000000000000e+02
-9.900000000000000000e+01
-9.800000000000000000e+01
-9.700000000000000000e+01
-9.600000000000000000e+01
-9.500000000000000000e+01
-9.400000000000000000e+01
-9.300000000000000000e+01
-9.200000000000000000e+01
-9.100000000000000000e+01
-9.000000000000000000e+01
-8.900000000000000000e+01
-8.800000000000000000e+01
-8.700000000000000000e+01
-8.600000000000000000e+01
-8.500000000000000000e+01
-8.400000000000000000e+01
-8.300000000000000000e+01
-8.200000000000000000e+01
-8.100000000000000000e+01
-8.000000000000000000e+01
-7.900000000000000000e+01
-7.800000000000000000e+01
-7.700000000000000000e+01
-7.600000000000000000e+01
-7.500000000000000000e+01
-7.400000000000000000e+01
-7.300000000000000000e+01
-7.200000000000000000e+01
-7.100000000000000000e+01
-7.000000000000000000e+01
-6.900000000000000000e+01
-6.800000000000000000e+01
-6.700000000000000000e+01
-6.600000000000000000e+01
-6.500000000000000000e+01
-6.400000000000000000e+01
-6.300000000000000000e+01
-6.200000000000000000e+01
-6.100000000000000000e+01
-6.000000000000000000e+01
-5.900000000000000000e+01
-5.800000000000000000e+01
-5.700000000000000000e+01
-5.600000000000000000e+01
-5.500000000000000000e+01
-5.400000000000000000e+01
-5.300000000000000000e+01
-5.200000000000000000e+01
-5.100000000000000000e+01
-5.000000000000000000e+01
-4.900000000000000000e+01
-4.800000000000000000e+01
-4.700000000000000000e+01
-4.600000000000000000e+01
-4.500000000000000000e+01
-4.400000000000000000e+01
-4.300000000000000000e+01
-4.200000000000000000e+01
-4.100000000000000000e+01
-4.000000000000000000e+01
-3.900000000000000000e+01
-3.800000000000000000e+01
-3.700000000000000000e+01
-3.600000000000000000e+01
-3.500000000000000000e+01
-3.400000000000000000e+01
-3.300000000000000000e+01
-3.200000000000000000e+01
-3.100000000000000000e+01
-3.000000000000000000e+01
-2.900000000000000000e+01
-2.800000000000000000e+01
-2.700000000000000000e+01
-2.600000000000000000e+01
-2.500000000000000000e+01
-2.400000000000000000e+01
-2.300000000000000000e+01
-2.200000000000000000e+01
-2.100000000000000000e+01
-2.000000000000000000e+01
-1.900000000000000000e+01
-1.800000000000000000e+01
-1.700000000000000000e+01
-1.600000000000000000e+01
-1.500000000000000000e+01
-1.400000000000000000e+01
-1.300000000000000000e+01
-1.200000000000000000e+01
-1.100000000000000000e+01
-1.000000000000000000e+01
-9.000000000000000000e+00
-8.000000000000000000e+00
-7.000000000000000000e+00
-6.000000000000000000e+00
-5.000000000000000000e+00
-4.000000000000000000e+00
-3.000000000000000000e+00
-2.000000000000000000e+00
-1.000000000000000000e+00
0.000000000000000000e+00
1.000000000000000000e+00
2.000000000000000000e+00
3.000000000000000000e+00
4.000000000000000000e+00
5.000000000000000000e+00
6.000000000000000000e+00
7.000000000000000000e+00
8.000000000000000000e+00
9.000000000000000000e+00
1.000000000000000000e+01
1.100000000000000000e+01
1.200000000000000000e+01
1.300000000000000000e+01
1.400000000000000000e+01
1.500000000000000000e+01
1.600000000000000000e+01
1.700000000000000000e+01
1.800000000000000000e+01
1.900000000000000000e+01
2.000000000000000000e+01
2.100000000000000000e+01
2.200000000000000000e+01
2.300000000000000000e+01
2.400000000000000000e+01
2.500000000000000000e+01
2.600000000000000000e+01
2.700000000000000000e+01
2.800000000000000000e+01
2.900000000000000000e+01
3.000000000000000000e+01
3.100000000000000000e+01
3.200000000000000000e+01
3.300000000000000000e+01
3.400000000000000000e+01
3.500000000000000000e+01
3.600000000000000000e+01
3.700000000000000000e+01
3.800000000000000000e+01
3.900000000000000000e+01
4.000000000000000000e+01
4.100000000000000000e+01
4.200000000000000000e+01
4.300000000000000000e+01
4.400000000000000000e+01
4.500000000000000000e+01
4.600000000000000000e+01
4.700000000000000000e+01
4.800000000000000000e+01
4.900000000000000000e+01
5.000000000000000000e+01
5.100000000000000000e+01
5.200000000000000000e+01
5.300000000000000000e+01
5.400000000000000000e+01
5.500000000000000000e+01
5.600000000000000000e+01
5.700000000000000000e+01
5.800000000000000000e+01
5.900000000000000000e+01
6.000000000000000000e+01
6.100000000000000000e+01
6.200000000000000000e+01
6.300000000000000000e+01
6.400000000000000000e+01
6.500000000000000000e+01
6.600000000000000000e+01
6.700000000000000000e+01
6.800000000000000000e+01
6.900000000000000000e+01
7.000000000000000000e+01
7.100000000000000000e+01
7.200000000000000000e+01
7.300000000000000000e+01
7.400000000000000000e+01
7.500000000000000000e+01
7.600000000000000000e+01
7.700000000000000000e+01
7.800000000000000000e+01
7.900000000000000000e+01
8.000000000000000000e+01
8.100000000000000000e+01
8.200000000000000000e+01
8.300000000000000000e+01
8.400000000000000000e+01
8.500000000000000000e+01
8.600000000000000000e+01
8.700000000000000000e+01
8.800000000000000000e+01
8.900000000000000000e+01
9.000000000000000000e+01
9.100000000000000000e+01
9.200000000000000000e+01
9.300000000000000000e+01
9.400000000000000000e+01
9.500000000000000000e+01
9.600000000000000000e+01
9.700000000000000000e+01
9.800000000000000000e+01
9.900000000000000000e+01
