single photon fraction:    1.0000
laser fraction:    0.0000
thermal source fraction:    0.0000
non-detected fraction:    0.0000
number of bins:  200.0000
bin width (ns):    1.0000
average detection events per bin: 5000.0000

# binary result
1.000000000000000000e+00

# g2 signal
1.006000280949609582e+00
1.014428769240031336e+00
1.002388071682286164e+00
1.021853866067307326e+00
1.022054544359936479e+00
9.997792538781079541e-01
9.875378780277336288e-01
1.029479641187212691e+00
1.010816559972707696e+00
1.001384680219140622e+00
1.008609098753787681e+00
1.008007063875900444e+00
1.017238265336838365e+00
9.859324516867009613e-01
9.939595833918644097e-01
1.015632838995805809e+00
9.652625875459051041e-01
1.007405028998013208e+00
1.009411811924304070e+00
9.929561919287189786e-01
1.003993498023318720e+00
9.969697577813007028e-01
9.999799321707369959e-01
1.023057935823082021e+00
1.004194176315947873e+00
9.943609399771226043e-01
9.883405911982500180e-01
9.861331299793301142e-01
9.969697577813007028e-01
1.014228090947402183e+00
1.013024021191627710e+00
9.971704360739298556e-01
1.009411811924304070e+00
1.001384680219140622e+00
1.016836908751580282e+00
9.945616182697516461e-01
1.003792819730689567e+00
1.011217916557965779e+00
1.009010455339045986e+00
1.001184001926511469e+00
9.909494090024281165e-01
1.012622664606369405e+00
9.991772190002207177e-01
9.919528004655735476e-01
9.815175292488610426e-01
9.849290602235555303e-01
1.023459292408340104e+00
1.016034195581063893e+00
9.943609399771226043e-01
9.967690794886716610e-01
9.985751841223333702e-01
9.877385563203627816e-01
9.750958238847303727e-01
9.951636531476389935e-01
1.033894563625052498e+00
9.863338082719591560e-01
1.019646404848387533e+00
9.738917541289557889e-01
9.937589050992353679e-01
9.963677229034134664e-01
9.913507655876863112e-01
1.025867431919889050e+00
9.939595833918644097e-01
9.923541570508317422e-01
1.005799602656980429e+00
1.014428769240031336e+00
1.027071501675663745e+00
1.013425377776885794e+00
1.023057935823082021e+00
9.885412694908790598e-01
1.002789428267544247e+00
1.016836908751580282e+00
9.917521221729445058e-01
1.000581967048624232e+00
9.875378780277336288e-01
1.001786036804398705e+00
1.001384680219140622e+00
1.021251831189420090e+00
9.975717926591879392e-01
1.018241656799983907e+00
1.031285745820874400e+00
1.001184001926511469e+00
1.002588749974915094e+00
9.981738275370752866e-01
9.740924324215848307e-01
1.009010455339045986e+00
9.895446609540244909e-01
1.017037587044209435e+00
9.564327426702252666e-01
1.011017238265336848e+00
1.001585358511769774e+00
1.017037587044209435e+00
9.963677229034134664e-01
9.931568702213481314e-01
1.013626056069514947e+00
1.034095241917681651e+00
1.022857257530452868e+00
9.859324516867009613e-01
1.013826734362143878e+00
1.031887780698761636e+00
0.000000000000000000e+00
1.014428769240031336e+00
1.006602315827496819e+00
1.012823342898998558e+00
1.027472858260921829e+00
9.724870060805521632e-01
9.879392346129918234e-01
9.865344865645881978e-01
1.004595532901205956e+00
1.026469466797776509e+00
1.035901346551343361e+00
1.013826734362143878e+00
1.001786036804398705e+00
9.937589050992353679e-01
9.977724709518170920e-01
1.042724408500732336e+00
1.006401637534867888e+00
9.907487307097990747e-01
1.019445726555758380e+00
9.905480524171699219e-01
1.001786036804398705e+00
1.033894563625052498e+00
1.002187393389657011e+00
1.001986715097027858e+00
9.945616182697516461e-01
9.833236338825228628e-01
1.018241656799983907e+00
1.004796211193835109e+00
1.021051152896791159e+00
1.011217916557965779e+00
1.004194176315947873e+00
9.975717926591879392e-01
1.004996889486464262e+00
9.921534787582027004e-01
9.955650097328970771e-01
9.871365214424755452e-01
9.951636531476389935e-01
1.001786036804398705e+00
9.927555136360899368e-01
9.919528004655735476e-01
1.013425377776885794e+00
9.939595833918644097e-01
1.001585358511769774e+00
1.010415203387449612e+00
9.919528004655735476e-01
1.006000280949609582e+00
9.963677229034134664e-01
9.871365214424755452e-01
9.897453392466536437e-01
9.931568702213481314e-01
9.971704360739298556e-01
1.000983323633882538e+00
1.004394854608577026e+00
9.905480524171699219e-01
1.018843691677871144e+00
1.023258614115710952e+00
1.016636230458951129e+00
1.013826734362143878e+00
1.012020629728482168e+00
9.941602616844935625e-01
1.026469466797776509e+00
9.985751841223333702e-01
1.001384680219140622e+00
9.991772190002207177e-01
9.973711143665588974e-01
9.895446609540244909e-01
1.008007063875900444e+00
9.887419477835082127e-01
1.022656579237823715e+00
1.007204350705384055e+00
1.015231482410547503e+00
1.019245048263129227e+00
9.933575485139771732e-01
1.011217916557965779e+00
9.666673355943087298e-01
1.008809777046416833e+00
9.875378780277336288e-01
1.009211133631674917e+00
9.887419477835082127e-01
1.023057935823082021e+00
9.927555136360899368e-01
9.993778972928497595e-01
1.007405028998013208e+00
1.015432160703176656e+00
1.009813168509562153e+00
9.943609399771226043e-01
1.002388071682286164e+00
1.023459292408340104e+00
1.007003672412755124e+00
1.003792819730689567e+00
9.875378780277336288e-01
9.662659790090505352e-01
1.025666753627260119e+00
1.006200959242238735e+00
1.012221308021111321e+00
1.017238265336838365e+00
9.925548353434607840e-01
9.813168509562320008e-01
1.022455900945194784e+00
9.963677229034134664e-01

# time bin value
-1.000000000000000000e+02
-9.900000000000000000e+01
-9.800000000000000000e+01
-9.700000000000000000e+01
-9.600000000000000000e+01
-9.500000000000000000e+01
-9.400000000000000000e+01
-9.300000000000000000e+01
-9.200000000000000000e+01
-9.100000000000000000e+01
-9.000000000000000000e+01
-8.900000000000000000e+01
-8.800000000000000000e+01
-8.700000000000000000e+01
-8.600000000000000000e+01
-8.500000000000000000e+01
-8.400000000000000000e+01
-8.300000000000000000e+01
-8.200000000000000000e+01
-8.100000000000000000e+01
-8.000000000000000000e+01
-7.900000000000000000e+01
-7.800000000000000000e+01
-7.700000000000000000e+01
-7.600000000000000000e+01
-7.500000000000000000e+01
-7.400000000000000000e+01
-7.300000000000000000e+01
-7.200000000000000000e+01
-7.100000000000000000e+01
-7.000000000000000000e+01
-6.900000000000000000e+01
-6.800000000000000000e+01
-6.700000000000000000e+01
-6.600000000000000000e+01
-6.500000000000000000e+01
-6.400000000000000000e+01
-6.300000000000000000e+01
-6.200000000000000000e+01
-6.100000000000000000e+01
-6.000000000000000000e+01
-5.900000000000000000e+01
-5.800000000000000000e+01
-5.700000000000000000e+01
-5.600000000000000000e+01
-5.500000000000000000e+01
-5.400000000000000000e+01
-5.300000000000000000e+01
-5.200000000000000000e+01
-5.100000000000000000e+01
-5.000000000000000000e+01
-4.900000000000000000e+01
-4.800000000000000000e+01
-4.700000000000000000e+01
-4.600000000000000000e+01
-4.500000000000000000e+01
-4.400000000000000000e+01
-4.300000000000000000e+01
-4.200000000000000000e+01
-4.100000000000000000e+01
-4.000000000000000000e+01
-3.900000000000000000e+01
-3.800000000000000000e+01
-3.700000000000000000e+01
-3.600000000000000000e+01
-3.500000000000000000e+01
-3.400000000000000000e+01
-3.300000000000000000e+01
-3.200000000000000000e+01
-3.100000000000000000e+01
-3.000000000000000000e+01
-2.900000000000000000e+01
-2.800000000000000000e+01
-2.700000000000000000e+01
-2.600000000000000000e+01
-2.500000000000000000e+01
-2.400000000000000000e+01
-2.300000000000000000e+01
-2.200000000000000000e+01
-2.100000000000000000e+01
-2.000000000000000000e+01
-1.900000000000000000e+01
-1.800000000000000000e+01
-1.700000000000000000e+01
-1.600000000000000000e+01
-1.500000000000000000e+01
-1.400000000000000000e+01
-1.300000000000000000e+01
-1.200000000000000000e+01
-1.100000000000000000e+01
-1.000000000000000000e+01
-9.000000000000000000e+00
-8.000000000000000000e+00
-7.000000000000000000e+00
-6.000000000000000000e+00
-5.000000000000000000e+00
-4.000000000000000000e+00
-3.000000000000000000e+00
-2.000000000000000000e+00
-1.000000000000000000e+00
0.000000000000000000e+00
1.000000000000000000e+00
2.000000000000000000e+00
3.000000000000000000e+00
4.000000000000000000e+00
5.000000000000000000e+00
6.000000000000000000e+00
7.000000000000000000e+00
8.000000000000000000e+00
9.000000000000000000e+00
1.000000000000000000e+01
1.100000000000000000e+01
1.200000000000000000e+01
1.300000000000000000e+01
1.400000000000000000e+01
1.500000000000000000e+01
1.600000000000000000e+01
1.700000000000000000e+01
1.800000000000000000e+01
1.900000000000000000e+01
2.000000000000000000e+01
2.100000000000000000e+01
2.200000000000000000e+01
2.300000000000000000e+01
2.400000000000000000e+01
2.500000000000000000e+01
2.600000000000000000e+01
2.700000000000000000e+01
2.800000000000000000e+01
2.900000000000000000e+01
3.000000000000000000e+01
3.100000000000000000e+01
3.200000000000000000e+01
3.300000000000000000e+01
3.400000000000000000e+01
3.500000000000000000e+01
3.600000000000000000e+01
3.700000000000000000e+01
3.800000000000000000e+01
3.900000000000000000e+01
4.000000000000000000e+01
4.100000000000000000e+01
4.200000000000000000e+01
4.300000000000000000e+01
4.400000000000000000e+01
4.500000000000000000e+01
4.600000000000000000e+01
4.700000000000000000e+01
4.800000000000000000e+01
4.900000000000000000e+01
5.000000000000000000e+01
5.100000000000000000e+01
5.200000000000000000e+01
5.300000000000000000e+01
5.400000000000000000e+01
5.500000000000000000e+01
5.600000000000000000e+01
5.700000000000000000e+01
5.800000000000000000e+01
5.900000000000000000e+01
6.000000000000000000e+01
6.100000000000000000e+01
6.200000000000000000e+01
6.300000000000000000e+01
6.400000000000000000e+01
6.500000000000000000e+01
6.600000000000000000e+01
6.700000000000000000e+01
6.800000000000000000e+01
6.900000000000000000e+01
7.000000000000000000e+01
7.100000000000000000e+01
7.200000000000000000e+01
7.300000000000000000e+01
7.400000000000000000e+01
7.500000000000000000e+01
7.600000000000000000e+01
7.700000000000000000e+01
7.800000000000000000e+01
7.900000000000000000e+01
8.000000000000000000e+01
8.100000000000000000e+01
8.200000000000000000e+01
8.300000000000000000e+01
8.400000000000000000e+01
8.500000000000000000e+01
8.600000000000000000e+01
8.700000000000000000e+01
8.800000000000000000e+01
8.900000000000000000e+01
9.000000000000000000e+01
9.100000000000000000e+01
9.200000000000000000e+01
9.300000000000000000e+01
9.400000000000000000e+01
9.500000000000000000e+01
9.600000000000000000e+01
9.700000000000000000e+01
9.800000000000000000e+01
9.900000000000000000e+01
