single photon fraction:    1.0000
laser fraction:    0.0000
thermal source fraction:    0.0000
non-detected fraction:    0.0000
number of bins:  200.0000
bin width (ns):    1.0000
average detection events per bin: 5000.0000

# binary result
1.000000000000000000e+00

# g2 signal
9.980633392531401693e-01
1.008710955392515540e+00
1.029202594000369730e+00
1.002483104443069539e+00
9.960543550758995668e-01
1.020965758873683127e+00
9.840004500124558406e-01
9.924381835568664156e-01
1.006300174379826773e+00
9.866121294428685795e-01
9.890229104555573469e-01
1.024983727228164554e+00
1.019760368367338854e+00
9.775717006452858682e-01
1.026590914569956992e+00
9.809869737465949369e-01
9.930408788100386630e-01
9.904291993796258131e-01
1.000675018683552908e+00
9.854067389365241958e-01
9.900274025441776482e-01
9.952507614050032370e-01
1.005295682291206472e+00
9.990678313417604706e-01
1.024180133557268224e+00
1.016144196848305814e+00
1.002282206025345568e+00
9.934426756454867169e-01
1.012728923746996745e+00
1.009112752227963483e+00
9.982642376708642518e-01
1.004090291784861977e+00
9.930408788100386630e-01
9.948489645695551831e-01
1.002884901278517704e+00
9.882193167846611281e-01
1.014135212671065212e+00
1.008710955392515540e+00
9.974606439999679219e-01
9.739555291262527170e-01
9.944471677341070182e-01
1.007505564886171046e+00
1.013130720582444910e+00
9.860094341896964432e-01
9.930408788100386630e-01
9.727501386199083333e-01
1.026992711405405156e+00
1.007505564886171046e+00
1.013331619000168882e+00
1.003085799696241676e+00
1.017952282607822223e+00
9.978624408354160868e-01
1.018354079443270388e+00
1.008309158557067375e+00
9.831968563415596218e-01
1.031010679759886361e+00
1.019559469949614883e+00
9.966570503290717031e-01
1.012126228493824609e+00
9.763663101389414845e-01
1.021769352544579457e+00
1.016545993683753757e+00
1.011121736405204086e+00
9.968579487467957856e-01
1.011523533240652251e+00
1.026590914569956992e+00
1.008710955392515540e+00
9.896256057087295943e-01
1.005697479126654414e+00
1.010318142734307978e+00
1.016545993683753757e+00
1.013934314253341018e+00
1.006501072797550744e+00
1.011925330076100416e+00
1.014537009506513154e+00
1.007103768050722881e+00
9.878175199492129632e-01
1.024983727228164554e+00
9.793797864048023882e-01
9.946480661518311006e-01
1.019559469949614883e+00
1.010519041152031949e+00
1.016545993683753757e+00
9.936435740632107994e-01
1.017751384190098252e+00
1.003286698113965869e+00
9.962552534936236492e-01
1.022773844633199758e+00
9.918354883036942793e-01
1.016144196848305814e+00
1.006701971215274716e+00
1.009715447481135842e+00
9.739555291262527170e-01
1.020965758873683127e+00
1.002483104443069539e+00
9.946480661518311006e-01
9.848040436833520594e-01
1.013331619000168882e+00
1.000675018683552908e+00
9.952507614050032370e-01
0.000000000000000000e+00
1.019358571531890689e+00
1.006902869632998909e+00
1.005496580708930443e+00
1.034626851278919402e+00
1.012929822164720717e+00
1.028198101911749429e+00
1.016545993683753757e+00
9.952507614050032370e-01
9.876166215314888808e-01
9.998714250126566894e-01
9.854067389365241958e-01
1.004291190202586170e+00
1.031010679759886361e+00
1.002081307607621374e+00
1.001277713936725045e+00
9.856076373542482782e-01
9.807860753288708544e-01
1.018554977860994581e+00
1.012528025329272552e+00
1.008510056974791347e+00
1.001880409189897403e+00
1.016746892101477950e+00
1.005898377544378608e+00
1.017148688936926115e+00
1.015742400012857649e+00
1.001277713936725045e+00
9.926390819745904981e-01
1.004893885455758307e+00
1.017148688936926115e+00
9.735537322908045521e-01
1.010719939569756143e+00
1.027796305076301264e+00
1.000675018683552908e+00
1.031010679759886361e+00
1.006902869632998909e+00
1.004893885455758307e+00
9.924381835568664156e-01
1.020764860455959155e+00
9.819914658352152381e-01
9.976615424176920044e-01
1.002884901278517704e+00
1.012528025329272552e+00
9.874157231137649093e-01
1.000072323430380772e+00
1.010117244316583784e+00
1.004893885455758307e+00
9.910318946327979495e-01
1.009514549063411648e+00
1.006902869632998909e+00
1.032416968683954828e+00
1.021166657291407320e+00
1.008309158557067375e+00
1.011322634822928279e+00
9.858085357719723607e-01
1.001076815519001073e+00
1.000072323430380772e+00
9.978624408354160868e-01
9.781743958984580045e-01
9.946480661518311006e-01
9.886211136201092931e-01
1.020563962038235184e+00
1.034425952861195430e+00
9.807860753288708544e-01
9.984651360885883342e-01
9.795806848225264707e-01
9.801833800756986070e-01
9.880184183669370457e-01
1.014336111088789183e+00
1.009313650645687677e+00
1.009715447481135842e+00
1.013934314253341018e+00
1.000675018683552908e+00
1.014135212671065212e+00
1.016746892101477950e+00
9.990678313417604706e-01
9.902283009619017307e-01
1.009112752227963483e+00
9.982642376708642518e-01
1.004692987038034113e+00
1.001076815519001073e+00
1.033019663937126964e+00
1.014336111088789183e+00
9.992687297594845530e-01
9.811878721643189083e-01
9.894247072910055119e-01
1.006501072797550744e+00
1.001478612354449238e+00
1.015943298430581621e+00
9.942462693163829357e-01
1.011925330076100416e+00
1.006099275962102579e+00
1.015742400012857649e+00
1.028800797164921565e+00
1.028800797164921565e+00
1.017148688936926115e+00
1.003487596531689841e+00
1.005496580708930443e+00
1.006701971215274716e+00
1.002483104443069539e+00

# time bin value
-1.000000000000000000e+02
-9.900000000000000000e+01
-9.800000000000000000e+01
-9.700000000000000000e+01
-9.600000000000000000e+01
-9.500000000000000000e+01
-9.400000000000000000e+01
-9.300000000000000000e+01
-9.200000000000000000e+01
-9.100000000000000000e+01
-9.000000000000000000e+01
-8.900000000000000000e+01
-8.800000000000000000e+01
-8.700000000000000000e+01
-8.600000000000000000e+01
-8.500000000000000000e+01
-8.400000000000000000e+01
-8.300000000000000000e+01
-8.200000000000000000e+01
-8.100000000000000000e+01
-8.000000000000000000e+01
-7.900000000000000000e+01
-7.800000000000000000e+01
-7.700000000000000000e+01
-7.600000000000000000e+01
-7.500000000000000000e+01
-7.400000000000000000e+01
-7.300000000000000000e+01
-7.200000000000000000e+01
-7.100000000000000000e+01
-7.000000000000000000e+01
-6.900000000000000000e+01
-6.800000000000000000e+01
-6.700000000000000000e+01
-6.600000000000000000e+01
-6.500000000000000000e+01
-6.400000000000000000e+01
-6.300000000000000000e+01
-6.200000000000000000e+01
-6.100000000000000000e+01
-6.000000000000000000e+01
-5.900000000000000000e+01
-5.800000000000000000e+01
-5.700000000000000000e+01
-5.600000000000000000e+01
-5.500000000000000000e+01
-5.400000000000000000e+01
-5.300000000000000000e+01
-5.200000000000000000e+01
-5.100000000000000000e+01
-5.000000000000000000e+01
-4.900000000000000000e+01
-4.800000000000000000e+01
-4.700000000000000000e+01
-4.600000000000000000e+01
-4.500000000000000000e+01
-4.400000000000000000e+01
-4.300000000000000000e+01
-4.200000000000000000e+01
-4.100000000000000000e+01
-4.000000000000000000e+01
-3.900000000000000000e+01
-3.800000000000000000e+01
-3.700000000000000000e+01
-3.600000000000000000e+01
-3.500000000000000000e+01
-3.400000000000000000e+01
-3.300000000000000000e+01
-3.200000000000000000e+01
-3.100000000000000000e+01
-3.000000000000000000e+01
-2.900000000000000000e+01
-2.800000000000000000e+01
-2.700000000000000000e+01
-2.600000000000000000e+01
-2.500000000000000000e+01
-2.400000000000000000e+01
-2.300000000000000000e+01
-2.200000000000000000e+01
-2.100000000000000000e+01
-2.000000000000000000e+01
-1.900000000000000000e+01
-1.800000000000000000e+01
-1.700000000000000000e+01
-1.600000000000000000e+01
-1.500000000000000000e+01
-1.400000000000000000e+01
-1.300000000000000000e+01
-1.200000000000000000e+01
-1.100000000000000000e+01
-1.000000000000000000e+01
-9.000000000000000000e+00
-8.000000000000000000e+00
-7.000000000000000000e+00
-6.000000000000000000e+00
-5.000000000000000000e+00
-4.000000000000000000e+00
-3.000000000000000000e+00
-2.000000000000000000e+00
-1.000000000000000000e+00
0.000000000000000000e+00
1.000000000000000000e+00
2.000000000000000000e+00
3.000000000000000000e+00
4.000000000000000000e+00
5.000000000000000000e+00
6.000000000000000000e+00
7.000000000000000000e+00
8.000000000000000000e+00
9.000000000000000000e+00
1.000000000000000000e+01
1.100000000000000000e+01
1.200000000000000000e+01
1.300000000000000000e+01
1.400000000000000000e+01
1.500000000000000000e+01
1.600000000000000000e+01
1.700000000000000000e+01
1.800000000000000000e+01
1.900000000000000000e+01
2.000000000000000000e+01
2.100000000000000000e+01
2.200000000000000000e+01
2.300000000000000000e+01
2.400000000000000000e+01
2.500000000000000000e+01
2.600000000000000000e+01
2.700000000000000000e+01
2.800000000000000000e+01
2.900000000000000000e+01
3.000000000000000000e+01
3.100000000000000000e+01
3.200000000000000000e+01
3.300000000000000000e+01
3.400000000000000000e+01
3.500000000000000000e+01
3.600000000000000000e+01
3.700000000000000000e+01
3.800000000000000000e+01
3.900000000000000000e+01
4.000000000000000000e+01
4.100000000000000000e+01
4.200000000000000000e+01
4.300000000000000000e+01
4.400000000000000000e+01
4.500000000000000000e+01
4.600000000000000000e+01
4.700000000000000000e+01
4.800000000000000000e+01
4.900000000000000000e+01
5.000000000000000000e+01
5.100000000000000000e+01
5.200000000000000000e+01
5.300000000000000000e+01
5.400000000000000000e+01
5.500000000000000000e+01
5.600000000000000000e+01
5.700000000000000000e+01
5.800000000000000000e+01
5.900000000000000000e+01
6.000000000000000000e+01
6.100000000000000000e+01
6.200000000000000000e+01
6.300000000000000000e+01
6.400000000000000000e+01
6.500000000000000000e+01
6.600000000000000000e+01
6.700000000000000000e+01
6.800000000000000000e+01
6.900000000000000000e+01
7.000000000000000000e+01
7.100000000000000000e+01
7.200000000000000000e+01
7.300000000000000000e+01
7.400000000000000000e+01
7.500000000000000000e+01
7.600000000000000000e+01
7.700000000000000000e+01
7.800000000000000000e+01
7.900000000000000000e+01
8.000000000000000000e+01
8.100000000000000000e+01
8.200000000000000000e+01
8.300000000000000000e+01
8.400000000000000000e+01
8.500000000000000000e+01
8.600000000000000000e+01
8.700000000000000000e+01
8.800000000000000000e+01
8.900000000000000000e+01
9.000000000000000000e+01
9.100000000000000000e+01
9.200000000000000000e+01
9.300000000000000000e+01
9.400000000000000000e+01
9.500000000000000000e+01
9.600000000000000000e+01
9.700000000000000000e+01
9.800000000000000000e+01
9.900000000000000000e+01
