single photon fraction:    1.0000
laser fraction:    0.0000
thermal source fraction:    0.0000
non-detected fraction:    0.0000
number of bins:  200.0000
bin width (ns):    1.0000
average detection events per bin: 5000.0000

# binary result
1.000000000000000000e+00

# g2 signal
1.006545725074194486e+00
1.018186732462889266e+00
1.006947139122080559e+00
9.898870420869247955e-01
1.010760572576997696e+00
1.000524514355904282e+00
9.900877491108677209e-01
1.008552795313624628e+00
1.011161986624883768e+00
1.022802994013578326e+00
1.008753502337567776e+00
1.016982490319231047e+00
1.006144311026308635e+00
1.011964814720655914e+00
9.866757297038366570e-01
1.001528049475619353e+00
9.846686594644065149e-01
9.742318942193699538e-01
1.011161986624883768e+00
9.932990614939559704e-01
9.971124949488731071e-01
1.003735826738992420e+00
9.945033036376139668e-01
9.961089598291580360e-01
9.908905772066398665e-01
1.000123100308018209e+00
1.000725221379847207e+00
1.012566935792484912e+00
1.025412185324837466e+00
1.005943604002365488e+00
1.003735826738992420e+00
1.005341482930536490e+00
1.003936533762935346e+00
9.991195651883032491e-01
1.025010771276951393e+00
9.832637102968054821e-01
1.018989560558661189e+00
1.000123100308018209e+00
1.003936533762935346e+00
9.896863350629817591e-01
9.734290661235979192e-01
1.010961279600940843e+00
1.023405115085407324e+00
9.902884561348107573e-01
1.000925928403790355e+00
9.820594681531473746e-01
1.016380369247402049e+00
1.015978955199515976e+00
9.983167370925312145e-01
1.021398044845977404e+00
9.778446206503441651e-01
9.854714875601785495e-01
9.904891631587537937e-01
1.007749967217852705e+00
1.015778248175573051e+00
1.009556330433339699e+00
1.012366228768541765e+00
1.010158451505168697e+00
9.824608822010334475e-01
1.010760572576997696e+00
9.993202722122461745e-01
1.003735826738992420e+00
9.878799718474946534e-01
1.002531584595334424e+00
9.856721945841215859e-01
9.912919912545258283e-01
1.009355623409396774e+00
9.902884561348107573e-01
9.866757297038366570e-01
1.030229153899469674e+00
1.017584611391060045e+00
1.007549260193909557e+00
1.004337947810821419e+00
1.013570470912199983e+00
9.993202722122461745e-01
1.000524514355904282e+00
1.010559865553054770e+00
9.947040106615570032e-01
9.836651243446914439e-01
1.010760572576997696e+00
1.000925928403790355e+00
1.021598751869920330e+00
1.006345018050251561e+00
1.015176127103744053e+00
1.012366228768541765e+00
1.013971884960086056e+00
9.961089598291580360e-01
9.989188581643602127e-01
1.003735826738992420e+00
1.011964814720655914e+00
9.955068387573290378e-01
1.014975420079800905e+00
1.008352088289681703e+00
1.016581076271344974e+00
1.011764107696712767e+00
9.918941123263548265e-01
9.973132019728161435e-01
9.902884561348107573e-01
9.800523979137172326e-01
9.898870420869247955e-01
0.000000000000000000e+00
1.002531584595334424e+00
1.036250364617760100e+00
1.027619962588210534e+00
9.878799718474946534e-01
9.993202722122461745e-01
1.026415720444552537e+00
9.864750226798936206e-01
1.005943604002365488e+00
1.012165521744598840e+00
1.005542189954479637e+00
1.007549260193909557e+00
1.015376834127686978e+00
9.824608822010334475e-01
1.016380369247402049e+00
9.983167370925312145e-01
1.030630567947355747e+00
1.011362693648826916e+00
1.015577541151630125e+00
9.959082528052151106e-01
1.009556330433339699e+00
1.006545725074194486e+00
9.985174441164741399e-01
9.846686594644065149e-01
1.001327342451676428e+00
1.010359158529111845e+00
1.012767642816427838e+00
9.870771437517226188e-01
1.026014306396666464e+00
1.004739361858707491e+00
9.993202722122461745e-01
9.979153230446451417e-01
1.002330877571391277e+00
9.900877491108677209e-01
1.010559865553054770e+00
1.022802994013578326e+00
9.850700735122924767e-01
1.009556330433339699e+00
1.006545725074194486e+00
1.006746432098137634e+00
1.009355623409396774e+00
9.906898701826968301e-01
9.955068387573290378e-01
9.943025966136709304e-01
1.003735826738992420e+00
1.000524514355904282e+00
1.002932998643220497e+00
1.007147846146023706e+00
9.932990614939559704e-01
1.000123100308018209e+00
1.015176127103744053e+00
9.700170467165667443e-01
1.000725221379847207e+00
1.021398044845977404e+00
9.796509838658312708e-01
9.844679524404634785e-01
9.939011825657849686e-01
1.003334412691106348e+00
9.754361363630280612e-01
1.002932998643220497e+00
1.018186732462889266e+00
1.007549260193909557e+00
9.961089598291580360e-01
1.019190267582604115e+00
1.005542189954479637e+00
1.004940068882650417e+00
1.003535119715049495e+00
1.000323807331961357e+00
1.013570470912199983e+00
1.009154916385453626e+00
9.916934053024119011e-01
1.022802994013578326e+00
1.006545725074194486e+00
1.042672989383936377e+00
9.840665383925775167e-01
1.005140775906593564e+00
1.011764107696712767e+00
1.006144311026308635e+00
9.981160300685881781e-01
1.036451071641703026e+00
9.941018895897280050e-01
1.017383904367117120e+00
9.884820929193236516e-01
1.002732291619277349e+00
1.000524514355904282e+00
9.828622962489194093e-01
9.985174441164741399e-01
1.007348553169966632e+00
9.854714875601785495e-01
9.698163396926238189e-01
9.874785577996086916e-01
1.022401579965692475e+00
1.034042587354387033e+00
1.015577541151630125e+00
9.934997685178988958e-01
1.010961279600940843e+00
1.021598751869920330e+00
1.005542189954479637e+00
1.018788853534718264e+00
1.005742896978422563e+00

# time bin value
-1.000000000000000000e+02
-9.900000000000000000e+01
-9.800000000000000000e+01
-9.700000000000000000e+01
-9.600000000000000000e+01
-9.500000000000000000e+01
-9.400000000000000000e+01
-9.300000000000000000e+01
-9.200000000000000000e+01
-9.100000000000000000e+01
-9.000000000000000000e+01
-8.900000000000000000e+01
-8.800000000000000000e+01
-8.700000000000000000e+01
-8.600000000000000000e+01
-8.500000000000000000e+01
-8.400000000000000000e+01
-8.300000000000000000e+01
-8.200000000000000000e+01
-8.100000000000000000e+01
-8.000000000000000000e+01
-7.900000000000000000e+01
-7.800000000000000000e+01
-7.700000000000000000e+01
-7.600000000000000000e+01
-7.500000000000000000e+01
-7.400000000000000000e+01
-7.300000000000000000e+01
-7.200000000000000000e+01
-7.100000000000000000e+01
-7.000000000000000000e+01
-6.900000000000000000e+01
-6.800000000000000000e+01
-6.700000000000000000e+01
-6.600000000000000000e+01
-6.500000000000000000e+01
-6.400000000000000000e+01
-6.300000000000000000e+01
-6.200000000000000000e+01
-6.100000000000000000e+01
-6.000000000000000000e+01
-5.900000000000000000e+01
-5.800000000000000000e+01
-5.700000000000000000e+01
-5.600000000000000000e+01
-5.500000000000000000e+01
-5.400000000000000000e+01
-5.300000000000000000e+01
-5.200000000000000000e+01
-5.100000000000000000e+01
-5.000000000000000000e+01
-4.900000000000000000e+01
-4.800000000000000000e+01
-4.700000000000000000e+01
-4.600000000000000000e+01
-4.500000000000000000e+01
-4.400000000000000000e+01
-4.300000000000000000e+01
-4.200000000000000000e+01
-4.100000000000000000e+01
-4.000000000000000000e+01
-3.900000000000000000e+01
-3.800000000000000000e+01
-3.700000000000000000e+01
-3.600000000000000000e+01
-3.500000000000000000e+01
-3.400000000000000000e+01
-3.300000000000000000e+01
-3.200000000000000000e+01
-3.100000000000000000e+01
-3.000000000000000000e+01
-2.900000000000000000e+01
-2.800000000000000000e+01
-2.700000000000000000e+01
-2.600000000000000000e+01
-2.500000000000000000e+01
-2.400000000000000000e+01
-2.300000000000000000e+01
-2.200000000000000000e+01
-2.100000000000000000e+01
-2.000000000000000000e+01
-1.900000000000000000e+01
-1.800000000000000000e+01
-1.700000000000000000e+01
-1.600000000000000000e+01
-1.500000000000000000e+01
-1.400000000000000000e+01
-1.300000000000000000e+01
-1.200000000000000000e+01
-1.100000000000000000e+01
-1.000000000000000000e+01
-9.000000000000000000e+00
-8.000000000000000000e+00
-7.000000000000000000e+00
-6.000000000000000000e+00
-5.000000000000000000e+00
-4.000000000000000000e+00
-3.000000000000000000e+00
-2.000000000000000000e+00
-1.000000000000000000e+00
0.000000000000000000e+00
1.000000000000000000e+00
2.000000000000000000e+00
3.000000000000000000e+00
4.000000000000000000e+00
5.000000000000000000e+00
6.000000000000000000e+00
7.000000000000000000e+00
8.000000000000000000e+00
9.000000000000000000e+00
1.000000000000000000e+01
1.100000000000000000e+01
1.200000000000000000e+01
1.300000000000000000e+01
1.400000000000000000e+01
1.500000000000000000e+01
1.600000000000000000e+01
1.700000000000000000e+01
1.800000000000000000e+01
1.900000000000000000e+01
2.000000000000000000e+01
2.100000000000000000e+01
2.200000000000000000e+01
2.300000000000000000e+01
2.400000000000000000e+01
2.500000000000000000e+01
2.600000000000000000e+01
2.700000000000000000e+01
2.800000000000000000e+01
2.900000000000000000e+01
3.000000000000000000e+01
3.100000000000000000e+01
3.200000000000000000e+01
3.300000000000000000e+01
3.400000000000000000e+01
3.500000000000000000e+01
3.600000000000000000e+01
3.700000000000000000e+01
3.800000000000000000e+01
3.900000000000000000e+01
4.000000000000000000e+01
4.100000000000000000e+01
4.200000000000000000e+01
4.300000000000000000e+01
4.400000000000000000e+01
4.500000000000000000e+01
4.600000000000000000e+01
4.700000000000000000e+01
4.800000000000000000e+01
4.900000000000000000e+01
5.000000000000000000e+01
5.100000000000000000e+01
5.200000000000000000e+01
5.300000000000000000e+01
5.400000000000000000e+01
5.500000000000000000e+01
5.600000000000000000e+01
5.700000000000000000e+01
5.800000000000000000e+01
5.900000000000000000e+01
6.000000000000000000e+01
6.100000000000000000e+01
6.200000000000000000e+01
6.300000000000000000e+01
6.400000000000000000e+01
6.500000000000000000e+01
6.600000000000000000e+01
6.700000000000000000e+01
6.800000000000000000e+01
6.900000000000000000e+01
7.000000000000000000e+01
7.100000000000000000e+01
7.200000000000000000e+01
7.300000000000000000e+01
7.400000000000000000e+01
7.500000000000000000e+01
7.600000000000000000e+01
7.700000000000000000e+01
7.800000000000000000e+01
7.900000000000000000e+01
8.000000000000000000e+01
8.100000000000000000e+01
8.200000000000000000e+01
8.300000000000000000e+01
8.400000000000000000e+01
8.500000000000000000e+01
8.600000000000000000e+01
8.700000000000000000e+01
8.800000000000000000e+01
8.900000000000000000e+01
9.000000000000000000e+01
9.100000000000000000e+01
9.200000000000000000e+01
9.300000000000000000e+01
9.400000000000000000e+01
9.500000000000000000e+01
9.600000000000000000e+01
9.700000000000000000e+01
9.800000000000000000e+01
9.900000000000000000e+01
