single photon fraction:    1.0000
laser fraction:    0.0000
thermal source fraction:    0.0000
non-detected fraction:    0.0000
number of bins:  200.0000
bin width (ns):    1.0000
average detection events per bin: 5000.0000

# binary result
1.000000000000000000e+00

# g2 signal
1.027164305488577067e+00
1.007098583560689153e+00
1.009105155753478034e+00
1.020141302813816209e+00
1.026361676611461382e+00
9.924506065533310606e-01
1.009907784630593497e+00
1.008503184095641325e+00
1.012315671261940109e+00
1.014322243454728767e+00
1.001480181420880688e+00
9.782039439845306994e-01
1.005092011367900495e+00
1.006295954683573690e+00
9.930525782111676580e-01
9.848256322207337154e-01
1.009707127411314520e+00
1.013920929016171035e+00
1.008302526876362348e+00
1.010108441849872252e+00
1.012917642919776595e+00
9.904440343605422914e-01
1.004891354148621518e+00
1.008101869657083594e+00
1.022147875006605089e+00
1.006897926341410399e+00
1.016930787305354134e+00
1.004891354148621518e+00
9.731875135025588319e-01
1.009105155753478034e+00
9.886381193870323880e-01
1.051243171802042298e+00
9.956611220617931357e-01
9.910460060183788888e-01
9.635559669771726066e-01
9.966644081581874648e-01
9.866315471942436188e-01
1.003085439175111615e+00
9.834210316857815437e-01
1.008302526876362348e+00
1.000878209763043980e+00
1.016930787305354134e+00
9.886381193870323880e-01
9.753947429146264669e-01
1.026361676611461382e+00
1.005292668587179250e+00
9.956611220617931357e-01
1.015526186770401962e+00
9.890394338255901197e-01
1.009105155753478034e+00
9.870328616328013505e-01
1.011513042384824423e+00
1.001680838640159443e+00
9.996742664473706741e-01
9.964637509389085990e-01
1.013318957358334327e+00
1.005092011367900495e+00
9.808124878351561771e-01
1.001480181420880688e+00
9.721842274061643918e-01
9.956611220617931357e-01
1.014121586235450012e+00
1.002282810297996152e+00
1.000276238105207272e+00
9.707796268712122201e-01
1.006295954683573690e+00
1.015927501208959916e+00
9.860295755364070214e-01
9.765986862302996618e-01
1.011513042384824423e+00
9.944571787461198298e-01
1.009305812972756788e+00
9.990722947895340766e-01
1.017532758963190842e+00
1.035993223136847607e+00
9.920492921147733290e-01
9.968650653774664416e-01
9.992729520088129425e-01
1.011713699604103400e+00
1.019338673936700745e+00
9.854276038785703129e-01
1.023753132760836015e+00
1.021947217787326112e+00
1.029973506558481189e+00
9.866315471942436188e-01
9.908453487991000230e-01
1.004088725271506055e+00
1.014322243454728767e+00
1.011312385165545669e+00
9.808124878351561771e-01
9.948584931846775614e-01
9.946578359653986956e-01
9.814144594929927745e-01
1.036795852013963071e+00
9.948584931846775614e-01
1.011713699604103400e+00
9.994736092280918083e-01
9.770000006688575045e-01
1.005693983025736982e+00
1.012516328481218864e+00
0.000000000000000000e+00
9.741907995989531610e-01
1.029170877681365726e+00
1.001680838640159443e+00
1.023552475541557261e+00
1.000476895324486248e+00
1.002483467517274907e+00
9.892400910448689855e-01
1.010710413507708960e+00
1.008904498534199057e+00
1.015927501208959916e+00
1.004891354148621518e+00
9.936545498690043665e-01
1.002282810297996152e+00
1.003286096394390592e+00
1.007098583560689153e+00
9.994736092280918083e-01
1.025157733295788187e+00
1.005894640245015959e+00
1.018937359498143014e+00
9.922499493340521948e-01
9.846249750014548496e-01
1.001279524201601712e+00
1.018736702278864037e+00
1.013318957358334327e+00
1.002282810297996152e+00
1.003486753613669347e+00
1.011713699604103400e+00
9.978683514738607707e-01
9.982696659124185024e-01
1.020341960033095186e+00
9.834210316857815437e-01
9.960624365003508673e-01
9.862302327556858872e-01
9.693750263362600483e-01
9.970657225967453074e-01
1.030776135435596874e+00
9.926512637726099264e-01
1.014121586235450012e+00
1.001680838640159443e+00
1.012315671261940109e+00
1.004490039710063787e+00
1.006496611902852445e+00
1.005292668587179250e+00
9.990722947895340766e-01
1.015124872331844230e+00
9.918486348954944631e-01
1.029572192119923457e+00
1.009506470192035765e+00
1.015124872331844230e+00
1.016730130086075379e+00
9.974670370353030391e-01
1.014121586235450012e+00
1.013920929016171035e+00
9.904440343605422914e-01
1.004891354148621518e+00
9.972663798160241733e-01
1.004891354148621518e+00
9.930525782111676580e-01
9.890394338255901197e-01
1.007901212437804617e+00
1.022348532225883844e+00
9.800098589580406028e-01
9.944571787461198298e-01
9.894407482641478513e-01
1.003888068052227078e+00
1.017733416182469819e+00
9.984703231316973682e-01
1.016128158428238670e+00
9.952598076232354041e-01
1.010710413507708960e+00
1.025759704953624896e+00
9.914473204569367315e-01
9.699769979940967568e-01
1.003085439175111615e+00
1.010911070726987937e+00
1.011312385165545669e+00
9.996742664473706741e-01
9.854276038785703129e-01
1.013118300139055572e+00
1.002884781955832638e+00
9.892400910448689855e-01
1.014924215112565475e+00
1.013118300139055572e+00
9.976676942545819049e-01
1.015124872331844230e+00
1.018736702278864037e+00
1.001680838640159443e+00
1.014121586235450012e+00
1.003687410832948324e+00
1.008904498534199057e+00
1.010710413507708960e+00
1.007700555218525862e+00
1.001881495859438420e+00
1.012917642919776595e+00
1.008302526876362348e+00
1.021947217787326112e+00
9.687730546784234509e-01
1.000878209763043980e+00
9.772006578881363703e-01

# time bin value
-1.000000000000000000e+02
-9.900000000000000000e+01
-9.800000000000000000e+01
-9.700000000000000000e+01
-9.600000000000000000e+01
-9.500000000000000000e+01
-9.400000000000000000e+01
-9.300000000000000000e+01
-9.200000000000000000e+01
-9.100000000000000000e+01
-9.000000000000000000e+01
-8.900000000000000000e+01
-8.800000000000000000e+01
-8.700000000000000000e+01
-8.600000000000000000e+01
-8.500000000000000000e+01
-8.400000000000000000e+01
-8.300000000000000000e+01
-8.200000000000000000e+01
-8.100000000000000000e+01
-8.000000000000000000e+01
-7.900000000000000000e+01
-7.800000000000000000e+01
-7.700000000000000000e+01
-7.600000000000000000e+01
-7.500000000000000000e+01
-7.400000000000000000e+01
-7.300000000000000000e+01
-7.200000000000000000e+01
-7.100000000000000000e+01
-7.000000000000000000e+01
-6.900000000000000000e+01
-6.800000000000000000e+01
-6.700000000000000000e+01
-6.600000000000000000e+01
-6.500000000000000000e+01
-6.400000000000000000e+01
-6.300000000000000000e+01
-6.200000000000000000e+01
-6.100000000000000000e+01
-6.000000000000000000e+01
-5.900000000000000000e+01
-5.800000000000000000e+01
-5.700000000000000000e+01
-5.600000000000000000e+01
-5.500000000000000000e+01
-5.400000000000000000e+01
-5.300000000000000000e+01
-5.200000000000000000e+01
-5.100000000000000000e+01
-5.000000000000000000e+01
-4.900000000000000000e+01
-4.800000000000000000e+01
-4.700000000000000000e+01
-4.600000000000000000e+01
-4.500000000000000000e+01
-4.400000000000000000e+01
-4.300000000000000000e+01
-4.200000000000000000e+01
-4.100000000000000000e+01
-4.000000000000000000e+01
-3.900000000000000000e+01
-3.800000000000000000e+01
-3.700000000000000000e+01
-3.600000000000000000e+01
-3.500000000000000000e+01
-3.400000000000000000e+01
-3.300000000000000000e+01
-3.200000000000000000e+01
-3.100000000000000000e+01
-3.000000000000000000e+01
-2.900000000000000000e+01
-2.800000000000000000e+01
-2.700000000000000000e+01
-2.600000000000000000e+01
-2.500000000000000000e+01
-2.400000000000000000e+01
-2.300000000000000000e+01
-2.200000000000000000e+01
-2.100000000000000000e+01
-2.000000000000000000e+01
-1.900000000000000000e+01
-1.800000000000000000e+01
-1.700000000000000000e+01
-1.600000000000000000e+01
-1.500000000000000000e+01
-1.400000000000000000e+01
-1.300000000000000000e+01
-1.200000000000000000e+01
-1.100000000000000000e+01
-1.000000000000000000e+01
-9.000000000000000000e+00
-8.000000000000000000e+00
-7.000000000000000000e+00
-6.000000000000000000e+00
-5.000000000000000000e+00
-4.000000000000000000e+00
-3.000000000000000000e+00
-2.000000000000000000e+00
-1.000000000000000000e+00
0.000000000000000000e+00
1.000000000000000000e+00
2.000000000000000000e+00
3.000000000000000000e+00
4.000000000000000000e+00
5.000000000000000000e+00
6.000000000000000000e+00
7.000000000000000000e+00
8.000000000000000000e+00
9.000000000000000000e+00
1.000000000000000000e+01
1.100000000000000000e+01
1.200000000000000000e+01
1.300000000000000000e+01
1.400000000000000000e+01
1.500000000000000000e+01
1.600000000000000000e+01
1.700000000000000000e+01
1.800000000000000000e+01
1.900000000000000000e+01
2.000000000000000000e+01
2.100000000000000000e+01
2.200000000000000000e+01
2.300000000000000000e+01
2.400000000000000000e+01
2.500000000000000000e+01
2.600000000000000000e+01
2.700000000000000000e+01
2.800000000000000000e+01
2.900000000000000000e+01
3.000000000000000000e+01
3.100000000000000000e+01
3.200000000000000000e+01
3.300000000000000000e+01
3.400000000000000000e+01
3.500000000000000000e+01
3.600000000000000000e+01
3.700000000000000000e+01
3.800000000000000000e+01
3.900000000000000000e+01
4.000000000000000000e+01
4.100000000000000000e+01
4.200000000000000000e+01
4.300000000000000000e+01
4.400000000000000000e+01
4.500000000000000000e+01
4.600000000000000000e+01
4.700000000000000000e+01
4.800000000000000000e+01
4.900000000000000000e+01
5.000000000000000000e+01
5.100000000000000000e+01
5.200000000000000000e+01
5.300000000000000000e+01
5.400000000000000000e+01
5.500000000000000000e+01
5.600000000000000000e+01
5.700000000000000000e+01
5.800000000000000000e+01
5.900000000000000000e+01
6.000000000000000000e+01
6.100000000000000000e+01
6.200000000000000000e+01
6.300000000000000000e+01
6.400000000000000000e+01
6.500000000000000000e+01
6.600000000000000000e+01
6.700000000000000000e+01
6.800000000000000000e+01
6.900000000000000000e+01
7.000000000000000000e+01
7.100000000000000000e+01
7.200000000000000000e+01
7.300000000000000000e+01
7.400000000000000000e+01
7.500000000000000000e+01
7.600000000000000000e+01
7.700000000000000000e+01
7.800000000000000000e+01
7.900000000000000000e+01
8.000000000000000000e+01
8.100000000000000000e+01
8.200000000000000000e+01
8.300000000000000000e+01
8.400000000000000000e+01
8.500000000000000000e+01
8.600000000000000000e+01
8.700000000000000000e+01
8.800000000000000000e+01
8.900000000000000000e+01
9.000000000000000000e+01
9.100000000000000000e+01
9.200000000000000000e+01
9.300000000000000000e+01
9.400000000000000000e+01
9.500000000000000000e+01
9.600000000000000000e+01
9.700000000000000000e+01
9.800000000000000000e+01
9.900000000000000000e+01
