single photon fraction:    1.0000
laser fraction:    0.0000
thermal source fraction:    0.0000
non-detected fraction:    0.0000
number of bins:  200.0000
bin width (ns):    1.0000
average detection events per bin: 5000.0000

# binary result
1.000000000000000000e+00

# g2 signal
9.911861093350918805e-01
1.011070085996525370e+00
1.028142187170483446e+00
1.005848031519785302e+00
1.005245486772469166e+00
9.817462416271386383e-01
9.986174945519912249e-01
9.907844128368811232e-01
9.733106151647122894e-01
9.960064673136211910e-01
9.966090120609374381e-01
9.929937435770403997e-01
1.013681113234895292e+00
1.004442093776047429e+00
9.853615101110356767e-01
1.012877720238473778e+00
9.889767785949326040e-01
1.005647183270679923e+00
9.815453933780332596e-01
1.002835307783204399e+00
1.005446335021574544e+00
9.976132533064643315e-01
9.847589653637194296e-01
9.958056190645158123e-01
9.972115568082535741e-01
9.917886540824080166e-01
9.877716891003003319e-01
1.004241245526942050e+00
1.007053121014417574e+00
1.022719284444637777e+00
9.964081638118319484e-01
1.016693836971476195e+00
1.024928615184797165e+00
1.009463300003682340e+00
9.855623583601410553e-01
1.022920132693743378e+00
9.946005295698835402e-01
9.986174945519912249e-01
9.976132533064643315e-01
9.833530276199817788e-01
1.004040397277836671e+00
1.015890443975054680e+00
1.006852272765312195e+00
1.012676871989368399e+00
1.011070085996525370e+00
9.895793233422487400e-01
1.012074327242052263e+00
1.010869237747419991e+00
9.968098603100428168e-01
1.016693836971476195e+00
1.010668389498314612e+00
9.881733855985110893e-01
9.994208875484128507e-01
1.014886202729527787e+00
1.009463300003682340e+00
1.019706560708057097e+00
9.931945918261457784e-01
9.992200392993074720e-01
9.893784750931433614e-01
9.911861093350918805e-01
1.020108257206267854e+00
9.903827163386703658e-01
1.003638700779625914e+00
1.013681113234895292e+00
1.036376965383804194e+00
9.964081638118319484e-01
9.978141015555697102e-01
9.988183428010966036e-01
1.008659907007260603e+00
1.011672630743841506e+00
1.012074327242052263e+00
1.008258210509049846e+00
9.939979848225672932e-01
9.990191910502020933e-01
9.958056190645158123e-01
1.014685354480422408e+00
1.001429370039466749e+00
9.841564206164032935e-01
9.968098603100428168e-01
1.019907408957162476e+00
1.004241245526942050e+00
9.895793233422487400e-01
1.010065844750998476e+00
1.000625977043045234e+00
9.974124050573589528e-01
1.012676871989368399e+00
1.003437852530520535e+00
1.029949821412431854e+00
1.025330311683007922e+00
1.012877720238473778e+00
1.009463300003682340e+00
1.009463300003682340e+00
1.027539642423167310e+00
1.024928615184797165e+00
9.907844128368811232e-01
1.001429370039466749e+00
1.030753214408853369e+00
1.020509953704478612e+00
1.007454817512628331e+00
1.007253969263522952e+00
0.000000000000000000e+00
9.992200392993074720e-01
1.016091292224160059e+00
1.009061603505471361e+00
9.925920470788296424e-01
1.003638700779625914e+00
1.007053121014417574e+00
1.002031914786782885e+00
1.033565089896328892e+00
1.028945580166904961e+00
1.000023432295728876e+00
1.044410895348019785e+00
1.020108257206267854e+00
1.015689595725949301e+00
9.948013778189889189e-01
1.007053121014417574e+00
1.021915891448216263e+00
1.013480264985789914e+00
1.017296381718792331e+00
9.970107085591481955e-01
1.012877720238473778e+00
9.885750820967218466e-01
9.715029809227638813e-01
1.021112498451794748e+00
9.996217357975182294e-01
1.014886202729527787e+00
1.017095533469686952e+00
9.672851676915507069e-01
1.002634459534099021e+00
1.009262451754576961e+00
1.013681113234895292e+00
1.002433611284993642e+00
1.012275175491157642e+00
1.004040397277836671e+00
1.002232763035888263e+00
9.958056190645158123e-01
9.909852610859865019e-01
9.903827163386703658e-01
1.005848031519785302e+00
9.982157980537804676e-01
9.670843194424453282e-01
1.007053121014417574e+00
1.031355759156169505e+00
9.992200392993074720e-01
1.006852272765312195e+00
1.008258210509049846e+00
1.020309105455373233e+00
1.005044638523363787e+00
1.030351517910642611e+00
1.012275175491157642e+00
1.009262451754576961e+00
9.982157980537804676e-01
9.970107085591481955e-01
1.016894685220581573e+00
9.853615101110356767e-01
1.025129463433902544e+00
9.656783816987075664e-01
1.020911650202689369e+00
1.021915891448216263e+00
9.883742338476164679e-01
1.000224280544834476e+00
1.015689595725949301e+00
9.885750820967218466e-01
9.915878058333026379e-01
1.005848031519785302e+00
1.006852272765312195e+00
1.003638700779625914e+00
9.781309731432415999e-01
9.982157980537804676e-01
1.003036156032309778e+00
9.853615101110356767e-01
1.016091292224160059e+00
1.036778661882015173e+00
9.905835645877757445e-01
1.010467541249209233e+00
9.964081638118319484e-01
1.010869237747419991e+00
1.019505712458951718e+00
1.000224280544834476e+00
1.000224280544834476e+00
1.005647183270679923e+00
1.009061603505471361e+00
1.020509953704478612e+00
1.001228521790361370e+00
9.954039225663050550e-01
1.007253969263522952e+00
9.958056190645158123e-01
9.911861093350918805e-01
9.895793233422487400e-01
9.990191910502020933e-01
1.022317587946427020e+00
9.929937435770403997e-01
1.002433611284993642e+00
1.015087050978633165e+00
1.016693836971476195e+00
1.000625977043045234e+00
9.921903505806188850e-01
1.004642942025153030e+00
9.980149498046750889e-01
9.817462416271386383e-01

# time bin value
-1.000000000000000000e+02
-9.900000000000000000e+01
-9.800000000000000000e+01
-9.700000000000000000e+01
-9.600000000000000000e+01
-9.500000000000000000e+01
-9.400000000000000000e+01
-9.300000000000000000e+01
-9.200000000000000000e+01
-9.100000000000000000e+01
-9.000000000000000000e+01
-8.900000000000000000e+01
-8.800000000000000000e+01
-8.700000000000000000e+01
-8.600000000000000000e+01
-8.500000000000000000e+01
-8.400000000000000000e+01
-8.300000000000000000e+01
-8.200000000000000000e+01
-8.100000000000000000e+01
-8.000000000000000000e+01
-7.900000000000000000e+01
-7.800000000000000000e+01
-7.700000000000000000e+01
-7.600000000000000000e+01
-7.500000000000000000e+01
-7.400000000000000000e+01
-7.300000000000000000e+01
-7.200000000000000000e+01
-7.100000000000000000e+01
-7.000000000000000000e+01
-6.900000000000000000e+01
-6.800000000000000000e+01
-6.700000000000000000e+01
-6.600000000000000000e+01
-6.500000000000000000e+01
-6.400000000000000000e+01
-6.300000000000000000e+01
-6.200000000000000000e+01
-6.100000000000000000e+01
-6.000000000000000000e+01
-5.900000000000000000e+01
-5.800000000000000000e+01
-5.700000000000000000e+01
-5.600000000000000000e+01
-5.500000000000000000e+01
-5.400000000000000000e+01
-5.300000000000000000e+01
-5.200000000000000000e+01
-5.100000000000000000e+01
-5.000000000000000000e+01
-4.900000000000000000e+01
-4.800000000000000000e+01
-4.700000000000000000e+01
-4.600000000000000000e+01
-4.500000000000000000e+01
-4.400000000000000000e+01
-4.300000000000000000e+01
-4.200000000000000000e+01
-4.100000000000000000e+01
-4.000000000000000000e+01
-3.900000000000000000e+01
-3.800000000000000000e+01
-3.700000000000000000e+01
-3.600000000000000000e+01
-3.500000000000000000e+01
-3.400000000000000000e+01
-3.300000000000000000e+01
-3.200000000000000000e+01
-3.100000000000000000e+01
-3.000000000000000000e+01
-2.900000000000000000e+01
-2.800000000000000000e+01
-2.700000000000000000e+01
-2.600000000000000000e+01
-2.500000000000000000e+01
-2.400000000000000000e+01
-2.300000000000000000e+01
-2.200000000000000000e+01
-2.100000000000000000e+01
-2.000000000000000000e+01
-1.900000000000000000e+01
-1.800000000000000000e+01
-1.700000000000000000e+01
-1.600000000000000000e+01
-1.500000000000000000e+01
-1.400000000000000000e+01
-1.300000000000000000e+01
-1.200000000000000000e+01
-1.100000000000000000e+01
-1.000000000000000000e+01
-9.000000000000000000e+00
-8.000000000000000000e+00
-7.000000000000000000e+00
-6.000000000000000000e+00
-5.000000000000000000e+00
-4.000000000000000000e+00
-3.000000000000000000e+00
-2.000000000000000000e+00
-1.000000000000000000e+00
0.000000000000000000e+00
1.000000000000000000e+00
2.000000000000000000e+00
3.000000000000000000e+00
4.000000000000000000e+00
5.000000000000000000e+00
6.000000000000000000e+00
7.000000000000000000e+00
8.000000000000000000e+00
9.000000000000000000e+00
1.000000000000000000e+01
1.100000000000000000e+01
1.200000000000000000e+01
1.300000000000000000e+01
1.400000000000000000e+01
1.500000000000000000e+01
1.600000000000000000e+01
1.700000000000000000e+01
1.800000000000000000e+01
1.900000000000000000e+01
2.000000000000000000e+01
2.100000000000000000e+01
2.200000000000000000e+01
2.300000000000000000e+01
2.400000000000000000e+01
2.500000000000000000e+01
2.600000000000000000e+01
2.700000000000000000e+01
2.800000000000000000e+01
2.900000000000000000e+01
3.000000000000000000e+01
3.100000000000000000e+01
3.200000000000000000e+01
3.300000000000000000e+01
3.400000000000000000e+01
3.500000000000000000e+01
3.600000000000000000e+01
3.700000000000000000e+01
3.800000000000000000e+01
3.900000000000000000e+01
4.000000000000000000e+01
4.100000000000000000e+01
4.200000000000000000e+01
4.300000000000000000e+01
4.400000000000000000e+01
4.500000000000000000e+01
4.600000000000000000e+01
4.700000000000000000e+01
4.800000000000000000e+01
4.900000000000000000e+01
5.000000000000000000e+01
5.100000000000000000e+01
5.200000000000000000e+01
5.300000000000000000e+01
5.400000000000000000e+01
5.500000000000000000e+01
5.600000000000000000e+01
5.700000000000000000e+01
5.800000000000000000e+01
5.900000000000000000e+01
6.000000000000000000e+01
6.100000000000000000e+01
6.200000000000000000e+01
6.300000000000000000e+01
6.400000000000000000e+01
6.500000000000000000e+01
6.600000000000000000e+01
6.700000000000000000e+01
6.800000000000000000e+01
6.900000000000000000e+01
7.000000000000000000e+01
7.100000000000000000e+01
7.200000000000000000e+01
7.300000000000000000e+01
7.400000000000000000e+01
7.500000000000000000e+01
7.600000000000000000e+01
7.700000000000000000e+01
7.800000000000000000e+01
7.900000000000000000e+01
8.000000000000000000e+01
8.100000000000000000e+01
8.200000000000000000e+01
8.300000000000000000e+01
8.400000000000000000e+01
8.500000000000000000e+01
8.600000000000000000e+01
8.700000000000000000e+01
8.800000000000000000e+01
8.900000000000000000e+01
9.000000000000000000e+01
9.100000000000000000e+01
9.200000000000000000e+01
9.300000000000000000e+01
9.400000000000000000e+01
9.500000000000000000e+01
9.600000000000000000e+01
9.700000000000000000e+01
9.800000000000000000e+01
9.900000000000000000e+01
