single photon fraction:    1.0000
laser fraction:    0.0000
thermal source fraction:    0.0000
non-detected fraction:    0.0000
number of bins:  200.0000
bin width (ns):    1.0000
average detection events per bin: 5000.0000

# binary result
1.000000000000000000e+00

# g2 signal
9.970579495594954489e-01
1.027174480456379158e+00
9.765787085496145936e-01
9.882237671630762499e-01
1.001876594502996820e+00
1.000069602649183764e+00
1.020950397404356558e+00
9.785864772760735075e-01
9.964556189415577636e-01
9.844090065828042801e-01
9.860152215639714779e-01
9.980618339227249614e-01
9.996680489038920481e-01
9.924400814886399358e-01
1.011915438135291501e+00
9.898299821442434476e-01
9.948494039603906769e-01
9.898299821442434476e-01
1.025969819220503787e+00
1.031993125399880640e+00
1.020548843659064842e+00
9.928416352339317630e-01
1.005892131955914648e+00
1.010710776899416130e+00
9.982626107953708194e-01
9.922393046159940777e-01
9.838066759648667059e-01
1.034402447871631159e+00
1.003282032611518160e+00
1.025969819220503787e+00
9.663390880446741660e-01
9.952509577056825041e-01
1.018139521187314100e+00
9.916369739980563924e-01
1.011313107517353815e+00
9.966563958142037327e-01
1.015730198715563359e+00
9.992664951586003319e-01
9.978610570500789922e-01
1.011112330644707846e+00
1.005892131955914648e+00
1.014324760607042020e+00
9.940462964698071335e-01
9.984633876680166775e-01
9.920385277433482196e-01
9.988649414133085047e-01
1.032595456017818103e+00
9.954517345783283622e-01
1.004085140102101592e+00
1.005089024465331216e+00
1.006293685701206364e+00
1.012919322498520902e+00
9.757756010590310503e-01
1.012316991880583217e+00
1.012116215007937248e+00
1.012517768753229186e+00
1.015529421842917390e+00
9.898299821442434476e-01
9.954517345783283622e-01
1.005691355083268901e+00
1.009506115663540760e+00
9.934439658518694483e-01
1.007297570064435988e+00
1.029383026055483930e+00
1.000270379521829733e+00
9.902315358895351638e-01
1.002077371375642789e+00
9.807950228751782795e-01
9.856136678186796507e-01
1.001675817630351073e+00
9.797911385119488781e-01
1.000471156394475702e+00
1.010510000026770161e+00
9.832043453469290206e-01
1.005892131955914648e+00
9.974595033047872761e-01
1.005892131955914648e+00
1.014525537479687989e+00
9.872198827998468484e-01
1.021753504894939990e+00
1.002077371375642789e+00
1.009506115663540760e+00
9.932431889792235902e-01
1.036610993470735931e+00
1.005892131955914648e+00
1.002077371375642789e+00
1.027174480456379158e+00
1.012718545625874933e+00
1.010911553772061877e+00
1.000069602649183764e+00
9.779841466581358222e-01
1.010309223154124192e+00
1.018541074932605817e+00
9.990657182859543628e-01
9.960540651962660474e-01
9.858144446913256198e-01
1.010309223154124192e+00
1.015529421842917390e+00
1.010108446281478445e+00
1.015529421842917390e+00
0.000000000000000000e+00
9.978610570500789922e-01
1.010309223154124192e+00
1.020749620531710589e+00
9.940462964698071335e-01
1.003884363229455845e+00
9.838066759648667059e-01
9.789880310213652237e-01
9.958532883236200783e-01
1.012718545625874933e+00
9.982626107953708194e-01
9.954517345783283622e-01
1.012316991880583217e+00
9.972587264321414180e-01
1.035004778489568844e+00
9.952509577056825041e-01
1.013923206861750304e+00
1.016131752460855076e+00
1.012718545625874933e+00
9.870191059272008793e-01
9.982626107953708194e-01
1.001073487012413388e+00
9.932431889792235902e-01
1.004687470720039277e+00
9.916369739980563924e-01
9.960540651962660474e-01
1.036610993470735931e+00
1.021552728022294243e+00
1.023761273621399015e+00
1.010710776899416130e+00
9.982626107953708194e-01
9.956525114509742203e-01
1.019946513041127156e+00
1.021151174277002527e+00
9.930424121065776211e-01
1.008100677555019420e+00
1.017938744314668131e+00
9.982626107953708194e-01
1.009104561918249043e+00
1.011112330644707846e+00
1.004486693847393530e+00
1.009305338790894790e+00
9.824012378563454773e-01
1.001274263885059135e+00
9.996680489038920481e-01
1.003081255738872191e+00
9.892276515263057624e-01
1.042031969032175098e+00
9.860152215639714779e-01
1.016934859951438730e+00
1.004085140102101592e+00
9.884245440357221080e-01
9.848105603280961073e-01
1.040626530923653759e+00
1.021954281767585959e+00
9.986641645406626466e-01
1.018942628677897533e+00
1.010108446281478445e+00
1.000671933267121450e+00
9.777833697854899642e-01
1.006896016319144049e+00
1.027776811074316843e+00
1.007699123809727704e+00
1.011915438135291501e+00
1.004085140102101592e+00
9.840074528375125640e-01
1.039020315942486672e+00
1.007699123809727704e+00
1.028579918564900497e+00
1.014123983734396273e+00
1.016131752460855076e+00
9.643313193182152521e-01
1.017336413696730446e+00
9.832043453469290206e-01
1.024965934857274386e+00
1.004085140102101592e+00
1.010710776899416130e+00
1.018741851805251786e+00
9.809957997478241376e-01
9.785864772760735075e-01
1.019143405550543502e+00
9.868183290545550213e-01
1.016734083078792761e+00
1.010309223154124192e+00
1.006494462573852333e+00
9.832043453469290206e-01
9.980618339227249614e-01
9.846097834554502493e-01
1.002278148248288758e+00
1.018942628677897533e+00
9.992664951586003319e-01
1.013521653116458587e+00
9.932431889792235902e-01
1.017938744314668131e+00
1.007096793191790018e+00
9.962548420689119055e-01
1.010309223154124192e+00
9.978610570500789922e-01
9.910346433801187072e-01
1.026572149838441472e+00

# time bin value
-1.000000000000000000e+02
-9.900000000000000000e+01
-9.800000000000000000e+01
-9.700000000000000000e+01
-9.600000000000000000e+01
-9.500000000000000000e+01
-9.400000000000000000e+01
-9.300000000000000000e+01
-9.200000000000000000e+01
-9.100000000000000000e+01
-9.000000000000000000e+01
-8.900000000000000000e+01
-8.800000000000000000e+01
-8.700000000000000000e+01
-8.600000000000000000e+01
-8.500000000000000000e+01
-8.400000000000000000e+01
-8.300000000000000000e+01
-8.200000000000000000e+01
-8.100000000000000000e+01
-8.000000000000000000e+01
-7.900000000000000000e+01
-7.800000000000000000e+01
-7.700000000000000000e+01
-7.600000000000000000e+01
-7.500000000000000000e+01
-7.400000000000000000e+01
-7.300000000000000000e+01
-7.200000000000000000e+01
-7.100000000000000000e+01
-7.000000000000000000e+01
-6.900000000000000000e+01
-6.800000000000000000e+01
-6.700000000000000000e+01
-6.600000000000000000e+01
-6.500000000000000000e+01
-6.400000000000000000e+01
-6.300000000000000000e+01
-6.200000000000000000e+01
-6.100000000000000000e+01
-6.000000000000000000e+01
-5.900000000000000000e+01
-5.800000000000000000e+01
-5.700000000000000000e+01
-5.600000000000000000e+01
-5.500000000000000000e+01
-5.400000000000000000e+01
-5.300000000000000000e+01
-5.200000000000000000e+01
-5.100000000000000000e+01
-5.000000000000000000e+01
-4.900000000000000000e+01
-4.800000000000000000e+01
-4.700000000000000000e+01
-4.600000000000000000e+01
-4.500000000000000000e+01
-4.400000000000000000e+01
-4.300000000000000000e+01
-4.200000000000000000e+01
-4.100000000000000000e+01
-4.000000000000000000e+01
-3.900000000000000000e+01
-3.800000000000000000e+01
-3.700000000000000000e+01
-3.600000000000000000e+01
-3.500000000000000000e+01
-3.400000000000000000e+01
-3.300000000000000000e+01
-3.200000000000000000e+01
-3.100000000000000000e+01
-3.000000000000000000e+01
-2.900000000000000000e+01
-2.800000000000000000e+01
-2.700000000000000000e+01
-2.600000000000000000e+01
-2.500000000000000000e+01
-2.400000000000000000e+01
-2.300000000000000000e+01
-2.200000000000000000e+01
-2.100000000000000000e+01
-2.000000000000000000e+01
-1.900000000000000000e+01
-1.800000000000000000e+01
-1.700000000000000000e+01
-1.600000000000000000e+01
-1.500000000000000000e+01
-1.400000000000000000e+01
-1.300000000000000000e+01
-1.200000000000000000e+01
-1.100000000000000000e+01
-1.000000000000000000e+01
-9.000000000000000000e+00
-8.000000000000000000e+00
-7.000000000000000000e+00
-6.000000000000000000e+00
-5.000000000000000000e+00
-4.000000000000000000e+00
-3.000000000000000000e+00
-2.000000000000000000e+00
-1.000000000000000000e+00
0.000000000000000000e+00
1.000000000000000000e+00
2.000000000000000000e+00
3.000000000000000000e+00
4.000000000000000000e+00
5.000000000000000000e+00
6.000000000000000000e+00
7.000000000000000000e+00
8.000000000000000000e+00
9.000000000000000000e+00
1.000000000000000000e+01
1.100000000000000000e+01
1.200000000000000000e+01
1.300000000000000000e+01
1.400000000000000000e+01
1.500000000000000000e+01
1.600000000000000000e+01
1.700000000000000000e+01
1.800000000000000000e+01
1.900000000000000000e+01
2.000000000000000000e+01
2.100000000000000000e+01
2.200000000000000000e+01
2.300000000000000000e+01
2.400000000000000000e+01
2.500000000000000000e+01
2.600000000000000000e+01
2.700000000000000000e+01
2.800000000000000000e+01
2.900000000000000000e+01
3.000000000000000000e+01
3.100000000000000000e+01
3.200000000000000000e+01
3.300000000000000000e+01
3.400000000000000000e+01
3.500000000000000000e+01
3.600000000000000000e+01
3.700000000000000000e+01
3.800000000000000000e+01
3.900000000000000000e+01
4.000000000000000000e+01
4.100000000000000000e+01
4.200000000000000000e+01
4.300000000000000000e+01
4.400000000000000000e+01
4.500000000000000000e+01
4.600000000000000000e+01
4.700000000000000000e+01
4.800000000000000000e+01
4.900000000000000000e+01
5.000000000000000000e+01
5.100000000000000000e+01
5.200000000000000000e+01
5.300000000000000000e+01
5.400000000000000000e+01
5.500000000000000000e+01
5.600000000000000000e+01
5.700000000000000000e+01
5.800000000000000000e+01
5.900000000000000000e+01
6.000000000000000000e+01
6.100000000000000000e+01
6.200000000000000000e+01
6.300000000000000000e+01
6.400000000000000000e+01
6.500000000000000000e+01
6.600000000000000000e+01
6.700000000000000000e+01
6.800000000000000000e+01
6.900000000000000000e+01
7.000000000000000000e+01
7.100000000000000000e+01
7.200000000000000000e+01
7.300000000000000000e+01
7.400000000000000000e+01
7.500000000000000000e+01
7.600000000000000000e+01
7.700000000000000000e+01
7.800000000000000000e+01
7.900000000000000000e+01
8.000000000000000000e+01
8.100000000000000000e+01
8.200000000000000000e+01
8.300000000000000000e+01
8.400000000000000000e+01
8.500000000000000000e+01
8.600000000000000000e+01
8.700000000000000000e+01
8.800000000000000000e+01
8.900000000000000000e+01
9.000000000000000000e+01
9.100000000000000000e+01
9.200000000000000000e+01
9.300000000000000000e+01
9.400000000000000000e+01
9.500000000000000000e+01
9.600000000000000000e+01
9.700000000000000000e+01
9.800000000000000000e+01
9.900000000000000000e+01
