single photon fraction:    1.0000
laser fraction:    0.0000
thermal source fraction:    0.0000
non-detected fraction:    0.0000
number of bins:  200.0000
bin width (ns):    1.0000
average detection events per bin: 5000.0000

# binary result
1.000000000000000000e+00

# g2 signal
1.008979179189754216e+00
1.022218269811329572e+00
1.025026561761360755e+00
9.939347580288732109e-01
1.004967333546852748e+00
1.012188655704075568e+00
9.666542076571422726e-01
1.009179771471899301e+00
9.911264660788421388e-01
1.036861506407920519e+00
1.003563187571837156e+00
1.037463283254355773e+00
1.012188655704075568e+00
1.008176810061173878e+00
9.839051439216192074e-01
1.025828930889941093e+00
1.013392209396946075e+00
1.010182732882624723e+00
1.013993986243381329e+00
1.001156080186096142e+00
9.867134358716503906e-01
9.825009979466036159e-01
9.654506539642718765e-01
9.863122513073602216e-01
1.005368518111142917e+00
1.025828930889941093e+00
1.016802278193412512e+00
1.010383325164769808e+00
1.005167925828997832e+00
9.835039593573290384e-01
9.947371271574535490e-01
9.798932982787176282e-01
1.016802278193412512e+00
1.011988063421930484e+00
9.989495650825002127e-01
1.008176810061173878e+00
1.011787471139785399e+00
9.997519342110805507e-01
1.000754895621805973e+00
1.001156080186096142e+00
1.005769702675433086e+00
1.015398132218396920e+00
1.012790432550510822e+00
1.003362595289692072e+00
1.008979179189754216e+00
9.951383117217437180e-01
9.963418654146142250e-01
9.953389040038888025e-01
9.929317966181478994e-01
1.008176810061173878e+00
9.977460113896298166e-01
1.002760818443256818e+00
9.983477882360650701e-01
1.032448476200728660e+00
1.012991024832655906e+00
1.002760818443256818e+00
9.917282429252773923e-01
1.011586878857640315e+00
9.818992211001684733e-01
1.006973256368303371e+00
9.927312043360028149e-01
1.014796355371961667e+00
9.772855986108315296e-01
1.001958449314676480e+00
1.028837815122117139e+00
1.004365556700417494e+00
9.961412731324691405e-01
9.911264660788421388e-01
9.917282429252773923e-01
1.009781548318334554e+00
9.871146204359405596e-01
1.002159041596821565e+00
1.004164964418272410e+00
9.837045516394741229e-01
1.002159041596821565e+00
9.987489728003551281e-01
1.003162003007546987e+00
9.881175818466658711e-01
9.911264660788421388e-01
1.003162003007546987e+00
1.006170887239723255e+00
9.853092898966347990e-01
9.993507496467903817e-01
9.999525264932256352e-01
1.001356672468241227e+00
1.005970294957578171e+00
9.873152127180856441e-01
1.011386286575495230e+00
1.002359633878966649e+00
9.871146204359405596e-01
1.002560226161111734e+00
9.947371271574535490e-01
9.989495650825002127e-01
9.833033670751839539e-01
1.023020638939909910e+00
1.016601685911267428e+00
1.013392209396946075e+00
1.019409977861298389e+00
1.018607608732718051e+00
9.857104744609249680e-01
0.000000000000000000e+00
1.007173848650448456e+00
1.003563187571837156e+00
9.997519342110805507e-01
9.931323889002929839e-01
9.967430499789043941e-01
9.975454191074847321e-01
1.008577994625464047e+00
1.013793393961236244e+00
1.012389247986220653e+00
9.855098821787798835e-01
1.017002870475557597e+00
1.002560226161111734e+00
1.014194578525526413e+00
9.989495650825002127e-01
9.849081053323446300e-01
9.995513419289354662e-01
1.013191617114800991e+00
1.005368518111142917e+00
1.033451437611454082e+00
1.022820046657764825e+00
1.009380363754044385e+00
1.010985102011205061e+00
9.859110667430700525e-01
1.011386286575495230e+00
1.009781548318334554e+00
1.017203462757702681e+00
1.002760818443256818e+00
1.012589840268365737e+00
9.843063284859093764e-01
1.003964372136127325e+00
9.899229123859716317e-01
9.812974442537332198e-01
1.017002870475557597e+00
1.004164964418272410e+00
1.022218269811329572e+00
9.993507496467903817e-01
9.913270583609872233e-01
1.025427746325650924e+00
1.010583917446914892e+00
1.008577994625464047e+00
1.018607608732718051e+00
1.017604647321992628e+00
9.985483805182101547e-01
1.013793393961236244e+00
9.873152127180856441e-01
9.985483805182101547e-01
9.987489728003551281e-01
1.007173848650448456e+00
1.001757857032531396e+00
1.011185694293350146e+00
9.881175818466658711e-01
1.001757857032531396e+00
9.989495650825002127e-01
1.021014716118459065e+00
1.003763779853982241e+00
1.023020638939909910e+00
9.919288352074224768e-01
1.016401093629122343e+00
1.027032484582811600e+00
9.981471959539199856e-01
9.774861908929766141e-01
9.915276506431323078e-01
9.975454191074847321e-01
9.758814526358160490e-01
9.907252815145519698e-01
1.027433669147101769e+00
9.997519342110805507e-01
9.953389040038888025e-01
1.017203462757702681e+00
9.883181741288109556e-01
1.005769702675433086e+00
9.949377194395986335e-01
9.889199509752462092e-01
1.003763779853982241e+00
9.770850063286864451e-01
9.917282429252773923e-01
1.003563187571837156e+00
9.997519342110805507e-01
1.035858544997195096e+00
1.036259729561485265e+00
9.810968519715881353e-01
9.843063284859093764e-01
1.018808201014863135e+00
9.961412731324691405e-01
9.865128435895053061e-01
9.718696069929143588e-01
1.001156080186096142e+00
1.017002870475557597e+00
1.008176810061173878e+00
1.000554303339660889e+00
9.905246892324068853e-01
1.021215308400604149e+00
1.005970294957578171e+00
9.969436422610494786e-01
9.839051439216192074e-01
1.007976217779028794e+00
1.018808201014863135e+00
1.009179771471899301e+00
9.933329811824379574e-01

# time bin value
-1.000000000000000000e+02
-9.900000000000000000e+01
-9.800000000000000000e+01
-9.700000000000000000e+01
-9.600000000000000000e+01
-9.500000000000000000e+01
-9.400000000000000000e+01
-9.300000000000000000e+01
-9.200000000000000000e+01
-9.100000000000000000e+01
-9.000000000000000000e+01
-8.900000000000000000e+01
-8.800000000000000000e+01
-8.700000000000000000e+01
-8.600000000000000000e+01
-8.500000000000000000e+01
-8.400000000000000000e+01
-8.300000000000000000e+01
-8.200000000000000000e+01
-8.100000000000000000e+01
-8.000000000000000000e+01
-7.900000000000000000e+01
-7.800000000000000000e+01
-7.700000000000000000e+01
-7.600000000000000000e+01
-7.500000000000000000e+01
-7.400000000000000000e+01
-7.300000000000000000e+01
-7.200000000000000000e+01
-7.100000000000000000e+01
-7.000000000000000000e+01
-6.900000000000000000e+01
-6.800000000000000000e+01
-6.700000000000000000e+01
-6.600000000000000000e+01
-6.500000000000000000e+01
-6.400000000000000000e+01
-6.300000000000000000e+01
-6.200000000000000000e+01
-6.100000000000000000e+01
-6.000000000000000000e+01
-5.900000000000000000e+01
-5.800000000000000000e+01
-5.700000000000000000e+01
-5.600000000000000000e+01
-5.500000000000000000e+01
-5.400000000000000000e+01
-5.300000000000000000e+01
-5.200000000000000000e+01
-5.100000000000000000e+01
-5.000000000000000000e+01
-4.900000000000000000e+01
-4.800000000000000000e+01
-4.700000000000000000e+01
-4.600000000000000000e+01
-4.500000000000000000e+01
-4.400000000000000000e+01
-4.300000000000000000e+01
-4.200000000000000000e+01
-4.100000000000000000e+01
-4.000000000000000000e+01
-3.900000000000000000e+01
-3.800000000000000000e+01
-3.700000000000000000e+01
-3.600000000000000000e+01
-3.500000000000000000e+01
-3.400000000000000000e+01
-3.300000000000000000e+01
-3.200000000000000000e+01
-3.100000000000000000e+01
-3.000000000000000000e+01
-2.900000000000000000e+01
-2.800000000000000000e+01
-2.700000000000000000e+01
-2.600000000000000000e+01
-2.500000000000000000e+01
-2.400000000000000000e+01
-2.300000000000000000e+01
-2.200000000000000000e+01
-2.100000000000000000e+01
-2.000000000000000000e+01
-1.900000000000000000e+01
-1.800000000000000000e+01
-1.700000000000000000e+01
-1.600000000000000000e+01
-1.500000000000000000e+01
-1.400000000000000000e+01
-1.300000000000000000e+01
-1.200000000000000000e+01
-1.100000000000000000e+01
-1.000000000000000000e+01
-9.000000000000000000e+00
-8.000000000000000000e+00
-7.000000000000000000e+00
-6.000000000000000000e+00
-5.000000000000000000e+00
-4.000000000000000000e+00
-3.000000000000000000e+00
-2.000000000000000000e+00
-1.000000000000000000e+00
0.000000000000000000e+00
1.000000000000000000e+00
2.000000000000000000e+00
3.000000000000000000e+00
4.000000000000000000e+00
5.000000000000000000e+00
6.000000000000000000e+00
7.000000000000000000e+00
8.000000000000000000e+00
9.000000000000000000e+00
1.000000000000000000e+01
1.100000000000000000e+01
1.200000000000000000e+01
1.300000000000000000e+01
1.400000000000000000e+01
1.500000000000000000e+01
1.600000000000000000e+01
1.700000000000000000e+01
1.800000000000000000e+01
1.900000000000000000e+01
2.000000000000000000e+01
2.100000000000000000e+01
2.200000000000000000e+01
2.300000000000000000e+01
2.400000000000000000e+01
2.500000000000000000e+01
2.600000000000000000e+01
2.700000000000000000e+01
2.800000000000000000e+01
2.900000000000000000e+01
3.000000000000000000e+01
3.100000000000000000e+01
3.200000000000000000e+01
3.300000000000000000e+01
3.400000000000000000e+01
3.500000000000000000e+01
3.600000000000000000e+01
3.700000000000000000e+01
3.800000000000000000e+01
3.900000000000000000e+01
4.000000000000000000e+01
4.100000000000000000e+01
4.200000000000000000e+01
4.300000000000000000e+01
4.400000000000000000e+01
4.500000000000000000e+01
4.600000000000000000e+01
4.700000000000000000e+01
4.800000000000000000e+01
4.900000000000000000e+01
5.000000000000000000e+01
5.100000000000000000e+01
5.200000000000000000e+01
5.300000000000000000e+01
5.400000000000000000e+01
5.500000000000000000e+01
5.600000000000000000e+01
5.700000000000000000e+01
5.800000000000000000e+01
5.900000000000000000e+01
6.000000000000000000e+01
6.100000000000000000e+01
6.200000000000000000e+01
6.300000000000000000e+01
6.400000000000000000e+01
6.500000000000000000e+01
6.600000000000000000e+01
6.700000000000000000e+01
6.800000000000000000e+01
6.900000000000000000e+01
7.000000000000000000e+01
7.100000000000000000e+01
7.200000000000000000e+01
7.300000000000000000e+01
7.400000000000000000e+01
7.500000000000000000e+01
7.600000000000000000e+01
7.700000000000000000e+01
7.800000000000000000e+01
7.900000000000000000e+01
8.000000000000000000e+01
8.100000000000000000e+01
8.200000000000000000e+01
8.300000000000000000e+01
8.400000000000000000e+01
8.500000000000000000e+01
8.600000000000000000e+01
8.700000000000000000e+01
8.800000000000000000e+01
8.900000000000000000e+01
9.000000000000000000e+01
9.100000000000000000e+01
9.200000000000000000e+01
9.300000000000000000e+01
9.400000000000000000e+01
9.500000000000000000e+01
9.600000000000000000e+01
9.700000000000000000e+01
9.800000000000000000e+01
9.900000000000000000e+01
