single photon fraction:    1.0000
laser fraction:    0.0000
thermal source fraction:    0.0000
non-detected fraction:    0.0000
number of bins:  200.0000
bin width (ns):    1.0000
average detection events per bin: 5000.0000

# binary result
1.000000000000000000e+00

# g2 signal
1.005482993088056887e+00
1.007289249961867750e+00
9.982579655928134343e-01
9.840086058105276257e-01
9.948461470533929152e-01
1.005081602671654473e+00
1.011102458917690905e+00
1.004479517047050852e+00
9.944447566369905012e-01
9.994621368420206764e-01
1.027358770781988673e+00
1.004680212255252059e+00
1.017324010371928322e+00
9.872197291417469378e-01
1.008493421211075214e+00
9.836072153941252116e-01
1.015718448706318666e+00
1.003074650589642403e+00
1.004278821838849645e+00
9.787905303972961324e-01
1.019130267245739185e+00
1.024147647450769361e+00
9.970537943436061923e-01
1.008292726002874007e+00
9.894273764319602149e-01
1.023144171409763326e+00
1.017123315163727115e+00
9.930398901795820521e-01
9.996628320502218834e-01
9.870190339335457308e-01
1.026756685157385052e+00
1.004680212255252059e+00
9.960503183026001572e-01
1.005282297879855680e+00
1.002472564965038782e+00
1.026154599532781431e+00
1.014514277457111424e+00
1.023746257034366947e+00
9.874204243499481448e-01
9.787905303972961324e-01
1.006687164337264129e+00
1.012306630166898147e+00
9.874204243499481448e-01
9.956489278861977432e-01
1.000867003299429125e+00
1.002673260173239989e+00
1.010901763709489698e+00
9.926384997631796381e-01
9.894273764319602149e-01
9.956489278861977432e-01
9.928391949713808451e-01
9.934412805959844661e-01
1.006887859545465336e+00
1.009095506835678835e+00
1.016721924747324701e+00
9.998635272584230904e-01
1.028562942031195915e+00
9.922371093467772241e-01
9.972544895518073993e-01
1.007289249961867750e+00
1.000666308091227918e+00
1.006085078712660508e+00
1.015919143914519873e+00
9.986593560092158484e-01
1.035386579110037175e+00
1.015116363081715045e+00
1.041808825772475799e+00
9.918357189303748100e-01
9.976558799682098133e-01
9.958496230943989502e-01
9.916350237221736030e-01
1.028763637239397122e+00
1.018126791204733150e+00
1.017725400788330736e+00
9.990607464256182624e-01
1.008694116419276421e+00
1.017725400788330736e+00
1.000064222466624297e+00
9.852127770597348677e-01
1.002673260173239989e+00
9.910329380975698710e-01
9.946454518451917082e-01
1.013510801416105389e+00
9.970537943436061923e-01
9.916350237221736030e-01
1.001669784132233953e+00
9.741745406086683712e-01
1.000867003299429125e+00
9.954482326779965362e-01
9.970537943436061923e-01
9.986593560092158484e-01
1.020535133703147634e+00
1.023946952242568154e+00
1.007289249961867750e+00
9.896280716401614219e-01
9.958496230943989502e-01
9.954482326779965362e-01
1.002472564965038782e+00
9.976558799682098133e-01
1.001268393715831539e+00
0.000000000000000000e+00
1.027960856406592294e+00
1.017725400788330736e+00
1.003476041006044817e+00
9.783891399808937184e-01
9.958496230943989502e-01
9.882232051827529729e-01
9.830051297695215906e-01
1.018327486412934357e+00
1.021137219327751255e+00
9.922371093467772241e-01
9.946454518451917082e-01
9.822023489367167626e-01
1.014514277457111424e+00
9.998635272584230904e-01
1.006887859545465336e+00
9.978565751764110203e-01
1.007690640378270164e+00
9.976558799682098133e-01
9.930398901795820521e-01
1.000064222466624297e+00
1.014514277457111424e+00
9.803960920629058995e-01
9.932405853877832591e-01
9.982579655928134343e-01
1.010901763709489698e+00
1.006687164337264129e+00
9.916350237221736030e-01
9.992614416338194694e-01
1.005482993088056887e+00
9.801953968547046925e-01
1.000666308091227918e+00
9.777870543562900973e-01
1.003877431422447231e+00
9.930398901795820521e-01
1.003275345797843610e+00
9.733717597758635431e-01
9.962510135108013642e-01
9.916350237221736030e-01
1.008493421211075214e+00
1.012105934958696940e+00
1.003275345797843610e+00
9.934412805959844661e-01
1.000465612883026711e+00
9.882232051827529729e-01
1.046826205977505975e+00
1.015317058289916252e+00
9.912336333057711890e-01
1.004479517047050852e+00
9.968530991354049853e-01
1.004078126630648438e+00
1.014915667873513838e+00
9.826037393531191766e-01
9.964517087190025713e-01
1.021538609744153669e+00
1.002472564965038782e+00
1.023545561826165740e+00
1.010500373293087284e+00
1.013711496624306596e+00
1.003275345797843610e+00
1.012908715791501768e+00
1.002673260173239989e+00
1.012708020583300561e+00
1.025953904324580224e+00
1.004680212255252059e+00
1.006486469129062922e+00
1.012507325375099354e+00
1.020334438494946427e+00
9.986593560092158484e-01
1.001870479340435161e+00
1.010299678084886077e+00
9.894273764319602149e-01
1.021538609744153669e+00
1.018126791204733150e+00
9.866176435171433168e-01
1.008694116419276421e+00
1.019732352870342806e+00
1.013711496624306596e+00
1.000867003299429125e+00
9.878218147663505588e-01
9.972544895518073993e-01
1.001469088924032746e+00
1.000064222466624297e+00
9.836072153941252116e-01
9.795933112301009604e-01
9.924378045549784311e-01
9.998635272584230904e-01
1.015718448706318666e+00
9.972544895518073993e-01
1.011704544542294526e+00
9.970537943436061923e-01
1.012507325375099354e+00
9.862162531007409028e-01
1.041808825772475799e+00
1.009898287668483663e+00
1.028562942031195915e+00
1.013109410999702975e+00
1.006887859545465336e+00
1.020535133703147634e+00
1.011704544542294526e+00

# time bin value
-1.000000000000000000e+02
-9.900000000000000000e+01
-9.800000000000000000e+01
-9.700000000000000000e+01
-9.600000000000000000e+01
-9.500000000000000000e+01
-9.400000000000000000e+01
-9.300000000000000000e+01
-9.200000000000000000e+01
-9.100000000000000000e+01
-9.000000000000000000e+01
-8.900000000000000000e+01
-8.800000000000000000e+01
-8.700000000000000000e+01
-8.600000000000000000e+01
-8.500000000000000000e+01
-8.400000000000000000e+01
-8.300000000000000000e+01
-8.200000000000000000e+01
-8.100000000000000000e+01
-8.000000000000000000e+01
-7.900000000000000000e+01
-7.800000000000000000e+01
-7.700000000000000000e+01
-7.600000000000000000e+01
-7.500000000000000000e+01
-7.400000000000000000e+01
-7.300000000000000000e+01
-7.200000000000000000e+01
-7.100000000000000000e+01
-7.000000000000000000e+01
-6.900000000000000000e+01
-6.800000000000000000e+01
-6.700000000000000000e+01
-6.600000000000000000e+01
-6.500000000000000000e+01
-6.400000000000000000e+01
-6.300000000000000000e+01
-6.200000000000000000e+01
-6.100000000000000000e+01
-6.000000000000000000e+01
-5.900000000000000000e+01
-5.800000000000000000e+01
-5.700000000000000000e+01
-5.600000000000000000e+01
-5.500000000000000000e+01
-5.400000000000000000e+01
-5.300000000000000000e+01
-5.200000000000000000e+01
-5.100000000000000000e+01
-5.000000000000000000e+01
-4.900000000000000000e+01
-4.800000000000000000e+01
-4.700000000000000000e+01
-4.600000000000000000e+01
-4.500000000000000000e+01
-4.400000000000000000e+01
-4.300000000000000000e+01
-4.200000000000000000e+01
-4.100000000000000000e+01
-4.000000000000000000e+01
-3.900000000000000000e+01
-3.800000000000000000e+01
-3.700000000000000000e+01
-3.600000000000000000e+01
-3.500000000000000000e+01
-3.400000000000000000e+01
-3.300000000000000000e+01
-3.200000000000000000e+01
-3.100000000000000000e+01
-3.000000000000000000e+01
-2.900000000000000000e+01
-2.800000000000000000e+01
-2.700000000000000000e+01
-2.600000000000000000e+01
-2.500000000000000000e+01
-2.400000000000000000e+01
-2.300000000000000000e+01
-2.200000000000000000e+01
-2.100000000000000000e+01
-2.000000000000000000e+01
-1.900000000000000000e+01
-1.800000000000000000e+01
-1.700000000000000000e+01
-1.600000000000000000e+01
-1.500000000000000000e+01
-1.400000000000000000e+01
-1.300000000000000000e+01
-1.200000000000000000e+01
-1.100000000000000000e+01
-1.000000000000000000e+01
-9.000000000000000000e+00
-8.000000000000000000e+00
-7.000000000000000000e+00
-6.000000000000000000e+00
-5.000000000000000000e+00
-4.000000000000000000e+00
-3.000000000000000000e+00
-2.000000000000000000e+00
-1.000000000000000000e+00
0.000000000000000000e+00
1.000000000000000000e+00
2.000000000000000000e+00
3.000000000000000000e+00
4.000000000000000000e+00
5.000000000000000000e+00
6.000000000000000000e+00
7.000000000000000000e+00
8.000000000000000000e+00
9.000000000000000000e+00
1.000000000000000000e+01
1.100000000000000000e+01
1.200000000000000000e+01
1.300000000000000000e+01
1.400000000000000000e+01
1.500000000000000000e+01
1.600000000000000000e+01
1.700000000000000000e+01
1.800000000000000000e+01
1.900000000000000000e+01
2.000000000000000000e+01
2.100000000000000000e+01
2.200000000000000000e+01
2.300000000000000000e+01
2.400000000000000000e+01
2.500000000000000000e+01
2.600000000000000000e+01
2.700000000000000000e+01
2.800000000000000000e+01
2.900000000000000000e+01
3.000000000000000000e+01
3.100000000000000000e+01
3.200000000000000000e+01
3.300000000000000000e+01
3.400000000000000000e+01
3.500000000000000000e+01
3.600000000000000000e+01
3.700000000000000000e+01
3.800000000000000000e+01
3.900000000000000000e+01
4.000000000000000000e+01
4.100000000000000000e+01
4.200000000000000000e+01
4.300000000000000000e+01
4.400000000000000000e+01
4.500000000000000000e+01
4.600000000000000000e+01
4.700000000000000000e+01
4.800000000000000000e+01
4.900000000000000000e+01
5.000000000000000000e+01
5.100000000000000000e+01
5.200000000000000000e+01
5.300000000000000000e+01
5.400000000000000000e+01
5.500000000000000000e+01
5.600000000000000000e+01
5.700000000000000000e+01
5.800000000000000000e+01
5.900000000000000000e+01
6.000000000000000000e+01
6.100000000000000000e+01
6.200000000000000000e+01
6.300000000000000000e+01
6.400000000000000000e+01
6.500000000000000000e+01
6.600000000000000000e+01
6.700000000000000000e+01
6.800000000000000000e+01
6.900000000000000000e+01
7.000000000000000000e+01
7.100000000000000000e+01
7.200000000000000000e+01
7.300000000000000000e+01
7.400000000000000000e+01
7.500000000000000000e+01
7.600000000000000000e+01
7.700000000000000000e+01
7.800000000000000000e+01
7.900000000000000000e+01
8.000000000000000000e+01
8.100000000000000000e+01
8.200000000000000000e+01
8.300000000000000000e+01
8.400000000000000000e+01
8.500000000000000000e+01
8.600000000000000000e+01
8.700000000000000000e+01
8.800000000000000000e+01
8.900000000000000000e+01
9.000000000000000000e+01
9.100000000000000000e+01
9.200000000000000000e+01
9.300000000000000000e+01
9.400000000000000000e+01
9.500000000000000000e+01
9.600000000000000000e+01
9.700000000000000000e+01
9.800000000000000000e+01
9.900000000000000000e+01
