single photon fraction:    1.0000
laser fraction:    0.0000
thermal source fraction:    0.0000
non-detected fraction:    0.0000
number of bins:  200.0000
bin width (ns):    1.0000
average detection events per bin: 5000.0000

# binary result
1.000000000000000000e+00

# g2 signal
1.014312587226000817e+00
1.003880574857378916e+00
1.008494734174269380e+00
1.011503968511371809e+00
1.015716896583315210e+00
1.013911355981053752e+00
1.014111971603527396e+00
1.003880574857378916e+00
1.009497812286636931e+00
9.804085470279798598e-01
9.984639530505945437e-01
9.898374812842342108e-01
9.884331719269197070e-01
9.784023908032448702e-01
9.942510249786511434e-01
1.004081190479852559e+00
9.988651842955416083e-01
1.005686115459640373e+00
1.000068878030382580e+00
1.004482421724799401e+00
9.928467156213366396e-01
1.006889809194481344e+00
9.820134720077677848e-01
9.980627218056475902e-01
9.964577968258595542e-01
1.005084268592219887e+00
1.007692271684375473e+00
9.940504093561776111e-01
1.009899043531583995e+00
1.013510124736106910e+00
1.015516280960841788e+00
1.012507046623739360e+00
1.005284884214693530e+00
1.000670724897803066e+00
1.004683037347273045e+00
9.870288625696052032e-01
1.012707662246212781e+00
9.894362500392872573e-01
1.009096581041689866e+00
1.013710740358580331e+00
9.948528718460716291e-01
1.017121205940629824e+00
1.021935980879993711e+00
9.862264000797112962e-01
1.025547062084516625e+00
1.001874418632644037e+00
1.027753833931725147e+00
1.002075034255117458e+00
1.007892887306848895e+00
1.014713818470947881e+00
1.016118127828262274e+00
9.984639530505945437e-01
9.944516406011246756e-01
1.012306431001265938e+00
9.980627218056475902e-01
1.030562452646354155e+00
9.950534874685451614e-01
1.004683037347273045e+00
9.924454843763896861e-01
9.876307094370256889e-01
1.008494734174269380e+00
9.962571812033861329e-01
9.976614905607006367e-01
9.884331719269197070e-01
9.940504093561776111e-01
9.938497937337041899e-01
9.878313250594992212e-01
9.824147032527148493e-01
9.982633374281211225e-01
9.996676467854355153e-01
1.033571686983456583e+00
1.002075034255117458e+00
1.004482421724799401e+00
1.002476265500064523e+00
9.990657999180150295e-01
9.992664155404885618e-01
9.932479468662837041e-01
1.013710740358580331e+00
1.005485499837166952e+00
1.000670724897803066e+00
1.002476265500064523e+00
1.011905199756318874e+00
9.970596436932800399e-01
1.014513202848474238e+00
9.878313250594992212e-01
9.882325563044461747e-01
1.005686115459640373e+00
1.008494734174269380e+00
9.948528718460716291e-01
9.860257844572377639e-01
1.017723052808050310e+00
1.011102737266424967e+00
1.001673803010170616e+00
1.015115049715894724e+00
1.003679959234905494e+00
1.014713818470947881e+00
1.012908277868686424e+00
9.980627218056475902e-01
9.940504093561776111e-01
1.033772302605930005e+00
0.000000000000000000e+00
1.011704584133845453e+00
1.010099659154057417e+00
9.968590280708066187e-01
9.778005439358243844e-01
1.020531671522679318e+00
1.014312587226000817e+00
1.007892887306848895e+00
1.013710740358580331e+00
9.884331719269197070e-01
9.769980814459303664e-01
1.019327977787838346e+00
9.894362500392872573e-01
1.014914434093421303e+00
1.001071956142750130e+00
1.019729209032785189e+00
1.005686115459640373e+00
1.009497812286636931e+00
1.006087346704587437e+00
1.000269493652856001e+00
9.938497937337041899e-01
9.990657999180150295e-01
1.016920590318156403e+00
9.936491781112306576e-01
1.018324899675470796e+00
1.012908277868686424e+00
1.022939058992361261e+00
1.001874418632644037e+00
9.952541030910185826e-01
9.858251688347642316e-01
9.910411750190751823e-01
9.763962345785098806e-01
9.966584124483330864e-01
1.013108893491159845e+00
9.920442531314426216e-01
1.009698427909110352e+00
1.013108893491159845e+00
1.016519359073209339e+00
9.962571812033861329e-01
1.022939058992361261e+00
1.012105815378792295e+00
1.003078112367485009e+00
1.012707662246212781e+00
1.010500890399004481e+00
9.703777659043050230e-01
1.008294118551795959e+00
9.960565655809126007e-01
9.804085470279798598e-01
1.002877496745011587e+00
9.844208594774498389e-01
1.033571686983456583e+00
1.020531671522679318e+00
9.976614905607006367e-01
1.021735365257520289e+00
1.000670724897803066e+00
9.687728409245169869e-01
1.007692271684375473e+00
9.892356344168137250e-01
1.013510124736106910e+00
1.021735365257520289e+00
9.884331719269197070e-01
9.888344031718667715e-01
9.958559499584390684e-01
1.010300274776530838e+00
1.020732287145152739e+00
9.778005439358243844e-01
1.011303352888898388e+00
1.017321821563103246e+00
9.960565655809126007e-01
9.914424062640221358e-01
1.011503968511371809e+00
9.874300938145522677e-01
1.006287962327060859e+00
9.902387125291811643e-01
1.005886731082114016e+00
9.950534874685451614e-01
1.005886731082114016e+00
1.016118127828262274e+00
1.006689193572007923e+00
1.019528593410311768e+00
9.932479468662837041e-01
9.998682624079090475e-01
9.846214750999232601e-01
9.866276313246582497e-01
1.019729209032785189e+00
1.005886731082114016e+00
1.014111971603527396e+00
1.010099659154057417e+00
9.982633374281211225e-01
1.014713818470947881e+00
9.852233219673437459e-01
1.002476265500064523e+00
9.964577968258595542e-01
9.709796127717255088e-01
1.005284884214693530e+00
9.954547187134921149e-01
1.000269493652856001e+00
1.021334134012573225e+00
1.021735365257520289e+00
1.005284884214693530e+00

# time bin value
-1.000000000000000000e+02
-9.900000000000000000e+01
-9.800000000000000000e+01
-9.700000000000000000e+01
-9.600000000000000000e+01
-9.500000000000000000e+01
-9.400000000000000000e+01
-9.300000000000000000e+01
-9.200000000000000000e+01
-9.100000000000000000e+01
-9.000000000000000000e+01
-8.900000000000000000e+01
-8.800000000000000000e+01
-8.700000000000000000e+01
-8.600000000000000000e+01
-8.500000000000000000e+01
-8.400000000000000000e+01
-8.300000000000000000e+01
-8.200000000000000000e+01
-8.100000000000000000e+01
-8.000000000000000000e+01
-7.900000000000000000e+01
-7.800000000000000000e+01
-7.700000000000000000e+01
-7.600000000000000000e+01
-7.500000000000000000e+01
-7.400000000000000000e+01
-7.300000000000000000e+01
-7.200000000000000000e+01
-7.100000000000000000e+01
-7.000000000000000000e+01
-6.900000000000000000e+01
-6.800000000000000000e+01
-6.700000000000000000e+01
-6.600000000000000000e+01
-6.500000000000000000e+01
-6.400000000000000000e+01
-6.300000000000000000e+01
-6.200000000000000000e+01
-6.100000000000000000e+01
-6.000000000000000000e+01
-5.900000000000000000e+01
-5.800000000000000000e+01
-5.700000000000000000e+01
-5.600000000000000000e+01
-5.500000000000000000e+01
-5.400000000000000000e+01
-5.300000000000000000e+01
-5.200000000000000000e+01
-5.100000000000000000e+01
-5.000000000000000000e+01
-4.900000000000000000e+01
-4.800000000000000000e+01
-4.700000000000000000e+01
-4.600000000000000000e+01
-4.500000000000000000e+01
-4.400000000000000000e+01
-4.300000000000000000e+01
-4.200000000000000000e+01
-4.100000000000000000e+01
-4.000000000000000000e+01
-3.900000000000000000e+01
-3.800000000000000000e+01
-3.700000000000000000e+01
-3.600000000000000000e+01
-3.500000000000000000e+01
-3.400000000000000000e+01
-3.300000000000000000e+01
-3.200000000000000000e+01
-3.100000000000000000e+01
-3.000000000000000000e+01
-2.900000000000000000e+01
-2.800000000000000000e+01
-2.700000000000000000e+01
-2.600000000000000000e+01
-2.500000000000000000e+01
-2.400000000000000000e+01
-2.300000000000000000e+01
-2.200000000000000000e+01
-2.100000000000000000e+01
-2.000000000000000000e+01
-1.900000000000000000e+01
-1.800000000000000000e+01
-1.700000000000000000e+01
-1.600000000000000000e+01
-1.500000000000000000e+01
-1.400000000000000000e+01
-1.300000000000000000e+01
-1.200000000000000000e+01
-1.100000000000000000e+01
-1.000000000000000000e+01
-9.000000000000000000e+00
-8.000000000000000000e+00
-7.000000000000000000e+00
-6.000000000000000000e+00
-5.000000000000000000e+00
-4.000000000000000000e+00
-3.000000000000000000e+00
-2.000000000000000000e+00
-1.000000000000000000e+00
0.000000000000000000e+00
1.000000000000000000e+00
2.000000000000000000e+00
3.000000000000000000e+00
4.000000000000000000e+00
5.000000000000000000e+00
6.000000000000000000e+00
7.000000000000000000e+00
8.000000000000000000e+00
9.000000000000000000e+00
1.000000000000000000e+01
1.100000000000000000e+01
1.200000000000000000e+01
1.300000000000000000e+01
1.400000000000000000e+01
1.500000000000000000e+01
1.600000000000000000e+01
1.700000000000000000e+01
1.800000000000000000e+01
1.900000000000000000e+01
2.000000000000000000e+01
2.100000000000000000e+01
2.200000000000000000e+01
2.300000000000000000e+01
2.400000000000000000e+01
2.500000000000000000e+01
2.600000000000000000e+01
2.700000000000000000e+01
2.800000000000000000e+01
2.900000000000000000e+01
3.000000000000000000e+01
3.100000000000000000e+01
3.200000000000000000e+01
3.300000000000000000e+01
3.400000000000000000e+01
3.500000000000000000e+01
3.600000000000000000e+01
3.700000000000000000e+01
3.800000000000000000e+01
3.900000000000000000e+01
4.000000000000000000e+01
4.100000000000000000e+01
4.200000000000000000e+01
4.300000000000000000e+01
4.400000000000000000e+01
4.500000000000000000e+01
4.600000000000000000e+01
4.700000000000000000e+01
4.800000000000000000e+01
4.900000000000000000e+01
5.000000000000000000e+01
5.100000000000000000e+01
5.200000000000000000e+01
5.300000000000000000e+01
5.400000000000000000e+01
5.500000000000000000e+01
5.600000000000000000e+01
5.700000000000000000e+01
5.800000000000000000e+01
5.900000000000000000e+01
6.000000000000000000e+01
6.100000000000000000e+01
6.200000000000000000e+01
6.300000000000000000e+01
6.400000000000000000e+01
6.500000000000000000e+01
6.600000000000000000e+01
6.700000000000000000e+01
6.800000000000000000e+01
6.900000000000000000e+01
7.000000000000000000e+01
7.100000000000000000e+01
7.200000000000000000e+01
7.300000000000000000e+01
7.400000000000000000e+01
7.500000000000000000e+01
7.600000000000000000e+01
7.700000000000000000e+01
7.800000000000000000e+01
7.900000000000000000e+01
8.000000000000000000e+01
8.100000000000000000e+01
8.200000000000000000e+01
8.300000000000000000e+01
8.400000000000000000e+01
8.500000000000000000e+01
8.600000000000000000e+01
8.700000000000000000e+01
8.800000000000000000e+01
8.900000000000000000e+01
9.000000000000000000e+01
9.100000000000000000e+01
9.200000000000000000e+01
9.300000000000000000e+01
9.400000000000000000e+01
9.500000000000000000e+01
9.600000000000000000e+01
9.700000000000000000e+01
9.800000000000000000e+01
9.900000000000000000e+01
