single photon fraction:    1.0000
laser fraction:    0.0000
thermal source fraction:    0.0000
non-detected fraction:    0.0000
number of bins:  200.0000
bin width (ns):    1.0000
average detection events per bin: 5000.0000

# binary result
1.000000000000000000e+00

# g2 signal
1.025468993875308543e+00
9.919227995604845693e-01
1.003171822803778923e+00
9.971455603520140709e-01
9.816781533924844316e-01
1.010001586915779015e+00
1.006385829444720104e+00
1.006586704859778969e+00
1.012211216481426090e+00
9.971455603520140709e-01
1.010805088576014255e+00
1.011206839406131985e+00
9.776606450913079005e-01
9.921236749755434348e-01
1.017032226442837972e+00
1.025468993875308543e+00
1.007992832765190583e+00
9.875035404291904184e-01
1.011206839406131985e+00
1.003372698218837789e+00
1.020246233083779153e+00
9.925254258056610546e-01
9.905166716550728445e-01
9.983508128423670414e-01
1.010604213160955389e+00
9.798702746569549760e-01
9.889096683346021432e-01
1.019442731423543691e+00
9.923245503906021892e-01
9.925254258056610546e-01
9.961411832767199659e-01
1.003774449048955297e+00
1.002770071973661192e+00
9.989534390875435266e-01
1.017433977272955481e+00
1.001363944068249356e+00
9.951368062014258609e-01
1.004979701539308268e+00
9.933289274658964052e-01
9.889096683346021432e-01
1.006385829444720104e+00
9.822807796376609168e-01
1.036517141703544143e+00
1.006586704859778969e+00
9.867000387689550678e-01
9.961411832767199659e-01
9.943333045411905102e-01
9.985516882574259068e-01
1.001765694898367087e+00
9.808746517322490810e-01
9.983508128423670414e-01
9.949359307863669954e-01
1.007791957350131939e+00
1.009398960670602419e+00
9.999578161628376316e-01
1.010604213160955389e+00
1.012612967311543599e+00
1.041338151664955802e+00
9.766562680160137955e-01
1.007591081935073074e+00
1.005984078614602373e+00
1.011005963991073120e+00
1.027075997195779244e+00
1.001966570313425953e+00
9.965429341068375857e-01
9.883070420894256580e-01
1.020848859328955527e+00
9.800711500720138414e-01
9.925254258056610546e-01
1.015626098537426136e+00
9.909184224851904643e-01
9.969446849369552055e-01
1.017835728103073212e+00
1.010403337745896524e+00
9.965429341068375857e-01
1.002368321143543461e+00
1.017233101857896616e+00
1.003774449048955297e+00
9.959403078616611005e-01
1.010805088576014255e+00
9.961411832767199659e-01
1.001765694898367087e+00
9.638002414522488515e-01
1.016228724782602511e+00
1.018639229763308451e+00
1.027075997195779244e+00
1.001966570313425953e+00
1.003573573633896432e+00
1.031294380912014530e+00
1.004577950709190537e+00
1.005180576954367133e+00
1.033102259647544097e+00
1.011809465651308360e+00
1.006988455689896478e+00
9.901149208249551137e-01
9.925254258056610546e-01
1.006184954029661238e+00
9.983508128423670414e-01
1.021451485574132123e+00
1.022656738064485094e+00
0.000000000000000000e+00
9.856956616936609628e-01
9.786650221666020055e-01
9.959403078616611005e-01
1.016027849367543645e+00
1.029084751346367455e+00
1.013416468971779061e+00
1.018438354348249586e+00
1.006988455689896478e+00
9.983508128423670414e-01
1.017032226442837972e+00
1.021451485574132123e+00
9.852939108635433429e-01
1.012612967311543599e+00
9.975473111821316907e-01
1.019844482253661422e+00
1.011206839406131985e+00
1.006184954029661238e+00
1.000962193238131848e+00
1.024464616800014438e+00
1.020045357668720287e+00
9.967438095218964511e-01
1.019844482253661422e+00
1.012010341066367225e+00
9.897131699948374939e-01
1.026272495535543783e+00
9.828834058828374021e-01
1.015826973952485002e+00
9.903157962400139791e-01
9.953376816164846153e-01
1.004979701539308268e+00
9.999578161628376316e-01
1.012612967311543599e+00
1.001564819483308222e+00
9.969446849369552055e-01
9.955385570315434807e-01
1.002970947388720058e+00
1.027276872610838110e+00
1.000359566992955251e+00
1.016831351027779107e+00
9.883070420894256580e-01
9.979490620122494215e-01
1.015626098537426136e+00
9.780623959214255203e-01
1.001163068653190491e+00
1.004377075294131894e+00
1.024866367630132169e+00
1.005984078614602373e+00
1.002167445728484818e+00
1.027678623440955619e+00
1.013215593556720195e+00
1.018438354348249586e+00
1.001966570313425953e+00
9.973464357670729363e-01
1.040936400834838294e+00
9.957394324466022351e-01
9.935298028809551596e-01
9.915210487303669495e-01
1.007992832765190583e+00
1.027276872610838110e+00
1.006787580274837834e+00
1.005180576954367133e+00
9.937306782960140250e-01
1.022857613479543737e+00
9.925254258056610546e-01
9.929271766357786744e-01
9.953376816164846153e-01
1.006586704859778969e+00
9.850930354484844775e-01
1.012612967311543599e+00
1.001564819483308222e+00
1.000560442408014117e+00
1.014219970632014300e+00
9.905166716550728445e-01
9.762545171858961757e-01
1.023460239724720333e+00
1.011206839406131985e+00
1.000560442408014117e+00
1.042342528740249907e+00
9.770580188461314153e-01
9.971455603520140709e-01
1.036316266288485277e+00
1.001966570313425953e+00
9.860974125237785826e-01
1.005381452369425999e+00
1.013818219801896570e+00
1.001966570313425953e+00
1.006586704859778969e+00
1.004176199879073028e+00
1.007189331104955343e+00
1.029084751346367455e+00
1.014822596877190897e+00
1.006184954029661238e+00
9.981499374273081759e-01
1.005180576954367133e+00
1.000560442408014117e+00
9.867000387689550678e-01
1.015826973952485002e+00
1.004176199879073028e+00
9.875035404291904184e-01

# time bin value
-1.000000000000000000e+02
-9.900000000000000000e+01
-9.800000000000000000e+01
-9.700000000000000000e+01
-9.600000000000000000e+01
-9.500000000000000000e+01
-9.400000000000000000e+01
-9.300000000000000000e+01
-9.200000000000000000e+01
-9.100000000000000000e+01
-9.000000000000000000e+01
-8.900000000000000000e+01
-8.800000000000000000e+01
-8.700000000000000000e+01
-8.600000000000000000e+01
-8.500000000000000000e+01
-8.400000000000000000e+01
-8.300000000000000000e+01
-8.200000000000000000e+01
-8.100000000000000000e+01
-8.000000000000000000e+01
-7.900000000000000000e+01
-7.800000000000000000e+01
-7.700000000000000000e+01
-7.600000000000000000e+01
-7.500000000000000000e+01
-7.400000000000000000e+01
-7.300000000000000000e+01
-7.200000000000000000e+01
-7.100000000000000000e+01
-7.000000000000000000e+01
-6.900000000000000000e+01
-6.800000000000000000e+01
-6.700000000000000000e+01
-6.600000000000000000e+01
-6.500000000000000000e+01
-6.400000000000000000e+01
-6.300000000000000000e+01
-6.200000000000000000e+01
-6.100000000000000000e+01
-6.000000000000000000e+01
-5.900000000000000000e+01
-5.800000000000000000e+01
-5.700000000000000000e+01
-5.600000000000000000e+01
-5.500000000000000000e+01
-5.400000000000000000e+01
-5.300000000000000000e+01
-5.200000000000000000e+01
-5.100000000000000000e+01
-5.000000000000000000e+01
-4.900000000000000000e+01
-4.800000000000000000e+01
-4.700000000000000000e+01
-4.600000000000000000e+01
-4.500000000000000000e+01
-4.400000000000000000e+01
-4.300000000000000000e+01
-4.200000000000000000e+01
-4.100000000000000000e+01
-4.000000000000000000e+01
-3.900000000000000000e+01
-3.800000000000000000e+01
-3.700000000000000000e+01
-3.600000000000000000e+01
-3.500000000000000000e+01
-3.400000000000000000e+01
-3.300000000000000000e+01
-3.200000000000000000e+01
-3.100000000000000000e+01
-3.000000000000000000e+01
-2.900000000000000000e+01
-2.800000000000000000e+01
-2.700000000000000000e+01
-2.600000000000000000e+01
-2.500000000000000000e+01
-2.400000000000000000e+01
-2.300000000000000000e+01
-2.200000000000000000e+01
-2.100000000000000000e+01
-2.000000000000000000e+01
-1.900000000000000000e+01
-1.800000000000000000e+01
-1.700000000000000000e+01
-1.600000000000000000e+01
-1.500000000000000000e+01
-1.400000000000000000e+01
-1.300000000000000000e+01
-1.200000000000000000e+01
-1.100000000000000000e+01
-1.000000000000000000e+01
-9.000000000000000000e+00
-8.000000000000000000e+00
-7.000000000000000000e+00
-6.000000000000000000e+00
-5.000000000000000000e+00
-4.000000000000000000e+00
-3.000000000000000000e+00
-2.000000000000000000e+00
-1.000000000000000000e+00
0.000000000000000000e+00
1.000000000000000000e+00
2.000000000000000000e+00
3.000000000000000000e+00
4.000000000000000000e+00
5.000000000000000000e+00
6.000000000000000000e+00
7.000000000000000000e+00
8.000000000000000000e+00
9.000000000000000000e+00
1.000000000000000000e+01
1.100000000000000000e+01
1.200000000000000000e+01
1.300000000000000000e+01
1.400000000000000000e+01
1.500000000000000000e+01
1.600000000000000000e+01
1.700000000000000000e+01
1.800000000000000000e+01
1.900000000000000000e+01
2.000000000000000000e+01
2.100000000000000000e+01
2.200000000000000000e+01
2.300000000000000000e+01
2.400000000000000000e+01
2.500000000000000000e+01
2.600000000000000000e+01
2.700000000000000000e+01
2.800000000000000000e+01
2.900000000000000000e+01
3.000000000000000000e+01
3.100000000000000000e+01
3.200000000000000000e+01
3.300000000000000000e+01
3.400000000000000000e+01
3.500000000000000000e+01
3.600000000000000000e+01
3.700000000000000000e+01
3.800000000000000000e+01
3.900000000000000000e+01
4.000000000000000000e+01
4.100000000000000000e+01
4.200000000000000000e+01
4.300000000000000000e+01
4.400000000000000000e+01
4.500000000000000000e+01
4.600000000000000000e+01
4.700000000000000000e+01
4.800000000000000000e+01
4.900000000000000000e+01
5.000000000000000000e+01
5.100000000000000000e+01
5.200000000000000000e+01
5.300000000000000000e+01
5.400000000000000000e+01
5.500000000000000000e+01
5.600000000000000000e+01
5.700000000000000000e+01
5.800000000000000000e+01
5.900000000000000000e+01
6.000000000000000000e+01
6.100000000000000000e+01
6.200000000000000000e+01
6.300000000000000000e+01
6.400000000000000000e+01
6.500000000000000000e+01
6.600000000000000000e+01
6.700000000000000000e+01
6.800000000000000000e+01
6.900000000000000000e+01
7.000000000000000000e+01
7.100000000000000000e+01
7.200000000000000000e+01
7.300000000000000000e+01
7.400000000000000000e+01
7.500000000000000000e+01
7.600000000000000000e+01
7.700000000000000000e+01
7.800000000000000000e+01
7.900000000000000000e+01
8.000000000000000000e+01
8.100000000000000000e+01
8.200000000000000000e+01
8.300000000000000000e+01
8.400000000000000000e+01
8.500000000000000000e+01
8.600000000000000000e+01
8.700000000000000000e+01
8.800000000000000000e+01
8.900000000000000000e+01
9.000000000000000000e+01
9.100000000000000000e+01
9.200000000000000000e+01
9.300000000000000000e+01
9.400000000000000000e+01
9.500000000000000000e+01
9.600000000000000000e+01
9.700000000000000000e+01
9.800000000000000000e+01
9.900000000000000000e+01
