single photon fraction:    1.0000
laser fraction:    0.0000
thermal source fraction:    0.0000
non-detected fraction:    0.0000
number of bins:  200.0000
bin width (ns):    1.0000
average detection events per bin: 5000.0000

# binary result
1.000000000000000000e+00

# g2 signal
1.012901019459611973e+00
1.014507205417129798e+00
9.775649283942221546e-01
1.015711844885268000e+00
1.010290967278645757e+00
9.910167357884330785e-01
1.011495606746783960e+00
9.865997244052593373e-01
1.003464676959195501e+00
1.009287101055197144e+00
1.002862357225126289e+00
9.930244682353301933e-01
1.013101792704301785e+00
1.001256171267608464e+00
9.753564227026353395e-01
1.020931949247200654e+00
1.024947414140994884e+00
1.001456944512298275e+00
1.014306432172439987e+00
1.012901019459611973e+00
1.000854624778229063e+00
9.845919919583622226e-01
9.980437993525731466e-01
1.027155919832581699e+00
1.005070862916713104e+00
9.727463705216690126e-01
1.005271636161402915e+00
9.851943116924313237e-01
9.948314274375377186e-01
1.014105658927750397e+00
9.916190555225022907e-01
1.010893287012714969e+00
9.946306541928480183e-01
9.912175090331227789e-01
1.010893287012714969e+00
1.000051531799470261e+00
1.029966745258237726e+00
9.765610621707736527e-01
1.006677048874230929e+00
9.647154407340804427e-01
1.024545867651615483e+00
9.888082300968462635e-01
1.011696379991473771e+00
1.009487874299886956e+00
1.016113391374647401e+00
9.934260147247097050e-01
9.978430261078834462e-01
1.022939681694097880e+00
1.001256171267608464e+00
9.876035906287079502e-01
1.007680915097679542e+00
1.003063130469816100e+00
1.024947414140994884e+00
1.000453078288849662e+00
9.946306541928480183e-01
1.030368291747617127e+00
1.017719577332165226e+00
9.980437993525731466e-01
9.946306541928480183e-01
9.970399331291245337e-01
1.004870089672023514e+00
1.009889420789266357e+00
1.006877822118920518e+00
9.940283344587788061e-01
1.014306432172439987e+00
1.003263903714505689e+00
9.791711143517398686e-01
1.019325763289682829e+00
1.000453078288849662e+00
1.000453078288849662e+00
1.004267769937954302e+00
1.024545867651615483e+00
1.026152053609133308e+00
9.960360669056759209e-01
9.908159625437433782e-01
1.010893287012714969e+00
1.002460810735746888e+00
1.000051531799470261e+00
1.000252305044160073e+00
9.920206020118816914e-01
1.005472409406092504e+00
1.017318030842785825e+00
1.009889420789266357e+00
9.819819397773958958e-01
1.025348960630374284e+00
1.006677048874230929e+00
1.031773704460445140e+00
1.008684781321127932e+00
1.010893287012714969e+00
9.936267879693994054e-01
1.013302565948991374e+00
1.009688647544576545e+00
9.942291077034685065e-01
9.870012708946388491e-01
1.017117257598096014e+00
9.930244682353301933e-01
1.018321897066234438e+00
1.005673182650782316e+00
9.994492120654011602e-01
9.821827130220855961e-01
0.000000000000000000e+00
1.011897153236163360e+00
1.025348960630374284e+00
1.027557466321961321e+00
1.011094060257404559e+00
9.948314274375377186e-01
9.926229217459507925e-01
1.006877822118920518e+00
1.011897153236163360e+00
1.006476275629541117e+00
9.739510099898073259e-01
1.001456944512298275e+00
1.006476275629541117e+00
1.024947414140994884e+00
1.012097926480853172e+00
1.010893287012714969e+00
1.020530402757821253e+00
9.809780735539473939e-01
9.799742073304987811e-01
9.966383866397451330e-01
9.906151892990536778e-01
1.017719577332165226e+00
1.017719577332165226e+00
9.757579691920147402e-01
1.020530402757821253e+00
1.021333495736580055e+00
1.018121123821544627e+00
9.791711143517398686e-01
9.930244682353301933e-01
9.982445725972628470e-01
1.014306432172439987e+00
9.998507585547805609e-01
9.978430261078834462e-01
1.029163652279478924e+00
1.007881688342369131e+00
1.004468543182643891e+00
1.004870089672023514e+00
9.835881257349136098e-01
1.032978343928583564e+00
9.904144160543639774e-01
1.010893287012714969e+00
1.002661583980436477e+00
9.936267879693994054e-01
1.000453078288849662e+00
9.924221485012610922e-01
1.001858491001677676e+00
1.022337361960028668e+00
1.034182983396721767e+00
1.003464676959195501e+00
1.000453078288849662e+00
9.845919919583622226e-01
9.946306541928480183e-01
9.980437993525731466e-01
9.980437993525731466e-01
1.009889420789266357e+00
1.011696379991473771e+00
1.032175250949824763e+00
1.012499472970232572e+00
1.008484008076438343e+00
9.922213752565713918e-01
1.015310298395888600e+00
9.968391598844348334e-01
1.000453078288849662e+00
1.001657717756988086e+00
1.019526536534372640e+00
9.998507585547805609e-01
9.980437993525731466e-01
1.001657717756988086e+00
1.002661583980436477e+00
1.001055398022918874e+00
9.940283344587788061e-01
9.980437993525731466e-01
1.010893287012714969e+00
9.990476655760216484e-01
9.876035906287079502e-01
1.013904885683060586e+00
1.024545867651615483e+00
9.898120963202947653e-01
1.003866223448574901e+00
1.008684781321127932e+00
1.014105658927750397e+00
9.884066836074667517e-01
9.936267879693994054e-01
9.705378648300821975e-01
1.015310298395888600e+00
9.970399331291245337e-01
1.001256171267608464e+00
1.011696379991473771e+00
1.001858491001677676e+00
1.014105658927750397e+00
9.992484388207114598e-01
1.004870089672023514e+00
9.769626086601530535e-01
9.801749805751884814e-01
1.023943547917546271e+00
1.009889420789266357e+00
9.872020441393285495e-01
9.936267879693994054e-01
1.026955146587892109e+00
1.027155919832581699e+00

# time bin value
-1.000000000000000000e+02
-9.900000000000000000e+01
-9.800000000000000000e+01
-9.700000000000000000e+01
-9.600000000000000000e+01
-9.500000000000000000e+01
-9.400000000000000000e+01
-9.300000000000000000e+01
-9.200000000000000000e+01
-9.100000000000000000e+01
-9.000000000000000000e+01
-8.900000000000000000e+01
-8.800000000000000000e+01
-8.700000000000000000e+01
-8.600000000000000000e+01
-8.500000000000000000e+01
-8.400000000000000000e+01
-8.300000000000000000e+01
-8.200000000000000000e+01
-8.100000000000000000e+01
-8.000000000000000000e+01
-7.900000000000000000e+01
-7.800000000000000000e+01
-7.700000000000000000e+01
-7.600000000000000000e+01
-7.500000000000000000e+01
-7.400000000000000000e+01
-7.300000000000000000e+01
-7.200000000000000000e+01
-7.100000000000000000e+01
-7.000000000000000000e+01
-6.900000000000000000e+01
-6.800000000000000000e+01
-6.700000000000000000e+01
-6.600000000000000000e+01
-6.500000000000000000e+01
-6.400000000000000000e+01
-6.300000000000000000e+01
-6.200000000000000000e+01
-6.100000000000000000e+01
-6.000000000000000000e+01
-5.900000000000000000e+01
-5.800000000000000000e+01
-5.700000000000000000e+01
-5.600000000000000000e+01
-5.500000000000000000e+01
-5.400000000000000000e+01
-5.300000000000000000e+01
-5.200000000000000000e+01
-5.100000000000000000e+01
-5.000000000000000000e+01
-4.900000000000000000e+01
-4.800000000000000000e+01
-4.700000000000000000e+01
-4.600000000000000000e+01
-4.500000000000000000e+01
-4.400000000000000000e+01
-4.300000000000000000e+01
-4.200000000000000000e+01
-4.100000000000000000e+01
-4.000000000000000000e+01
-3.900000000000000000e+01
-3.800000000000000000e+01
-3.700000000000000000e+01
-3.600000000000000000e+01
-3.500000000000000000e+01
-3.400000000000000000e+01
-3.300000000000000000e+01
-3.200000000000000000e+01
-3.100000000000000000e+01
-3.000000000000000000e+01
-2.900000000000000000e+01
-2.800000000000000000e+01
-2.700000000000000000e+01
-2.600000000000000000e+01
-2.500000000000000000e+01
-2.400000000000000000e+01
-2.300000000000000000e+01
-2.200000000000000000e+01
-2.100000000000000000e+01
-2.000000000000000000e+01
-1.900000000000000000e+01
-1.800000000000000000e+01
-1.700000000000000000e+01
-1.600000000000000000e+01
-1.500000000000000000e+01
-1.400000000000000000e+01
-1.300000000000000000e+01
-1.200000000000000000e+01
-1.100000000000000000e+01
-1.000000000000000000e+01
-9.000000000000000000e+00
-8.000000000000000000e+00
-7.000000000000000000e+00
-6.000000000000000000e+00
-5.000000000000000000e+00
-4.000000000000000000e+00
-3.000000000000000000e+00
-2.000000000000000000e+00
-1.000000000000000000e+00
0.000000000000000000e+00
1.000000000000000000e+00
2.000000000000000000e+00
3.000000000000000000e+00
4.000000000000000000e+00
5.000000000000000000e+00
6.000000000000000000e+00
7.000000000000000000e+00
8.000000000000000000e+00
9.000000000000000000e+00
1.000000000000000000e+01
1.100000000000000000e+01
1.200000000000000000e+01
1.300000000000000000e+01
1.400000000000000000e+01
1.500000000000000000e+01
1.600000000000000000e+01
1.700000000000000000e+01
1.800000000000000000e+01
1.900000000000000000e+01
2.000000000000000000e+01
2.100000000000000000e+01
2.200000000000000000e+01
2.300000000000000000e+01
2.400000000000000000e+01
2.500000000000000000e+01
2.600000000000000000e+01
2.700000000000000000e+01
2.800000000000000000e+01
2.900000000000000000e+01
3.000000000000000000e+01
3.100000000000000000e+01
3.200000000000000000e+01
3.300000000000000000e+01
3.400000000000000000e+01
3.500000000000000000e+01
3.600000000000000000e+01
3.700000000000000000e+01
3.800000000000000000e+01
3.900000000000000000e+01
4.000000000000000000e+01
4.100000000000000000e+01
4.200000000000000000e+01
4.300000000000000000e+01
4.400000000000000000e+01
4.500000000000000000e+01
4.600000000000000000e+01
4.700000000000000000e+01
4.800000000000000000e+01
4.900000000000000000e+01
5.000000000000000000e+01
5.100000000000000000e+01
5.200000000000000000e+01
5.300000000000000000e+01
5.400000000000000000e+01
5.500000000000000000e+01
5.600000000000000000e+01
5.700000000000000000e+01
5.800000000000000000e+01
5.900000000000000000e+01
6.000000000000000000e+01
6.100000000000000000e+01
6.200000000000000000e+01
6.300000000000000000e+01
6.400000000000000000e+01
6.500000000000000000e+01
6.600000000000000000e+01
6.700000000000000000e+01
6.800000000000000000e+01
6.900000000000000000e+01
7.000000000000000000e+01
7.100000000000000000e+01
7.200000000000000000e+01
7.300000000000000000e+01
7.400000000000000000e+01
7.500000000000000000e+01
7.600000000000000000e+01
7.700000000000000000e+01
7.800000000000000000e+01
7.900000000000000000e+01
8.000000000000000000e+01
8.100000000000000000e+01
8.200000000000000000e+01
8.300000000000000000e+01
8.400000000000000000e+01
8.500000000000000000e+01
8.600000000000000000e+01
8.700000000000000000e+01
8.800000000000000000e+01
8.900000000000000000e+01
9.000000000000000000e+01
9.100000000000000000e+01
9.200000000000000000e+01
9.300000000000000000e+01
9.400000000000000000e+01
9.500000000000000000e+01
9.600000000000000000e+01
9.700000000000000000e+01
9.800000000000000000e+01
9.900000000000000000e+01
