single photon fraction:    1.0000
laser fraction:    0.0000
thermal source fraction:    0.0000
non-detected fraction:    0.0000
number of bins:  200.0000
bin width (ns):    1.0000
average detection events per bin: 5000.0000

# binary result
1.000000000000000000e+00

# g2 signal
9.844198746445149695e-01
9.948561301963019243e-01
1.022552346852967142e+00
1.016130035744175153e+00
9.896380024204084469e-01
9.982679829728476895e-01
1.002884019082291855e+00
9.952575246406014653e-01
9.884338190875099350e-01
9.988700746392968899e-01
1.024960713518764166e+00
1.011915394079030639e+00
9.822122052008678272e-01
9.759905913142256084e-01
1.002884019082291855e+00
1.011112605190431557e+00
1.014123063522677670e+00
9.781982607578728617e-01
1.010109119079682705e+00
1.001278441305093914e+00
1.024157924630165084e+00
1.026967685740261649e+00
1.009707724635383386e+00
9.850219663109642809e-01
1.027168382962411419e+00
1.000074257972195291e+00
1.010510513523982246e+00
1.000274955194345061e+00
1.002281927415842544e+00
9.822122052008678272e-01
9.960603135292004362e-01
1.007700752413885903e+00
1.011915394079030639e+00
9.958596163070506657e-01
9.908421857533069588e-01
1.021548860742218512e+00
9.958596163070506657e-01
1.015929338522025605e+00
9.874303329767611936e-01
9.932505524191039825e-01
1.013119577411929040e+00
1.004288899637340027e+00
1.026566291295962108e+00
1.004288899637340027e+00
1.013721669078378351e+00
9.894373051982586764e-01
9.916449746419059297e-01
1.012918880189779269e+00
1.015126549633426523e+00
9.862261496438627928e-01
9.978665885285481485e-01
1.012918880189779269e+00
1.040615096846444487e+00
1.001880532971543225e+00
9.798038385350708035e-01
1.035196271848401350e+00
9.964617079734998661e-01
1.022351649630817372e+00
9.880324246432105051e-01
9.747864079813270966e-01
1.000676349638644602e+00
1.020143980187170119e+00
9.806066274236697744e-01
9.970637996399491776e-01
1.006697266303137051e+00
1.007901449636035673e+00
1.015929338522025605e+00
9.864268468660124523e-01
9.830149940894667981e-01
1.000274955194345061e+00
1.024760016296614396e+00
9.874303329767611936e-01
9.870289385324617637e-01
9.942540385298527239e-01
1.013119577411929040e+00
1.008503541302484763e+00
9.862261496438627928e-01
1.026164896851662567e+00
1.007299357969586362e+00
1.009105632968934074e+00
1.003084716304441626e+00
1.032386510738304786e+00
1.013520971856228581e+00
9.916449746419059297e-01
9.916449746419059297e-01
9.870289385324617637e-01
1.025562805185213477e+00
1.015527944077726064e+00
1.040013005179995176e+00
9.820115079787180568e-01
1.012718182967629499e+00
9.950568274184516948e-01
1.004489596859489797e+00
9.870289385324617637e-01
9.888352135318094760e-01
1.001880532971543225e+00
1.020344677409319889e+00
1.037203244069898833e+00
9.954582218627511248e-01
1.005292385748088879e+00
0.000000000000000000e+00
1.000676349638644602e+00
9.962610107513502067e-01
1.014524457966977211e+00
9.882331218653602756e-01
9.830149940894667981e-01
1.010109119079682705e+00
1.024157924630165084e+00
1.011513999634731098e+00
1.013119577411929040e+00
1.006095174636687739e+00
9.781982607578728617e-01
1.010309816301832475e+00
1.015327246855576293e+00
1.007700752413885903e+00
9.978665885285481485e-01
1.022552346852967142e+00
1.006295871858837510e+00
1.002683321860142085e+00
1.003887505193040708e+00
1.010510513523982246e+00
9.988700746392968899e-01
1.013520971856228581e+00
1.015327246855576293e+00
9.769940774249743498e-01
9.972644968620989481e-01
1.017133521854924005e+00
1.008704238524634533e+00
1.020746071853619430e+00
9.838177829780657691e-01
9.830149940894667981e-01
9.950568274184516948e-01
9.906414885311571883e-01
1.012718182967629499e+00
1.004690294081639568e+00
1.001479138527243684e+00
1.002884019082291855e+00
1.008904935746784304e+00
9.936519468634034125e-01
1.014725155189126982e+00
9.984686801949973489e-01
1.000475652416494832e+00
1.012517485745479728e+00
9.956589190849008952e-01
9.723780413155301838e-01
1.015728641299875834e+00
1.018538402409972177e+00
1.005292385748088879e+00
9.942540385298527239e-01
1.014323760744827441e+00
9.914442774197561592e-01
1.002482624637992314e+00
9.816101135344185158e-01
1.012316788523329958e+00
1.003486110748741167e+00
1.008503541302484763e+00
9.892366079761090170e-01
1.011112605190431557e+00
1.002683321860142085e+00
1.003486110748741167e+00
1.011714696856880868e+00
1.014925852411276752e+00
9.900393968647079879e-01
1.007700752413885903e+00
9.952575246406014653e-01
1.021950255186517831e+00
9.920463690862054706e-01
1.005091688525939109e+00
9.814094163122687453e-01
1.005693780192388420e+00
9.916449746419059297e-01
1.032787905182604327e+00
9.968631024177994071e-01
9.924477635305049006e-01
9.940533413077029534e-01
1.003285413526591396e+00
1.021348163520068741e+00
1.040213702402144946e+00
1.020143980187170119e+00
1.014524457966977211e+00
9.942540385298527239e-01
9.946554329741521538e-01
9.683640968725352183e-01
1.008503541302484763e+00
1.016932824632774235e+00
1.012718182967629499e+00
1.023555832963715995e+00
9.902400940868577583e-01
1.006295871858837510e+00
1.003887505193040708e+00
1.003486110748741167e+00
1.006697266303137051e+00
1.018538402409972177e+00
1.007901449636035673e+00
9.856240579774134813e-01
1.033389996849053638e+00
9.904407913090074178e-01
9.856240579774134813e-01
9.864268468660124523e-01
9.902400940868577583e-01

# time bin value
-1.000000000000000000e+02
-9.900000000000000000e+01
-9.800000000000000000e+01
-9.700000000000000000e+01
-9.600000000000000000e+01
-9.500000000000000000e+01
-9.400000000000000000e+01
-9.300000000000000000e+01
-9.200000000000000000e+01
-9.100000000000000000e+01
-9.000000000000000000e+01
-8.900000000000000000e+01
-8.800000000000000000e+01
-8.700000000000000000e+01
-8.600000000000000000e+01
-8.500000000000000000e+01
-8.400000000000000000e+01
-8.300000000000000000e+01
-8.200000000000000000e+01
-8.100000000000000000e+01
-8.000000000000000000e+01
-7.900000000000000000e+01
-7.800000000000000000e+01
-7.700000000000000000e+01
-7.600000000000000000e+01
-7.500000000000000000e+01
-7.400000000000000000e+01
-7.300000000000000000e+01
-7.200000000000000000e+01
-7.100000000000000000e+01
-7.000000000000000000e+01
-6.900000000000000000e+01
-6.800000000000000000e+01
-6.700000000000000000e+01
-6.600000000000000000e+01
-6.500000000000000000e+01
-6.400000000000000000e+01
-6.300000000000000000e+01
-6.200000000000000000e+01
-6.100000000000000000e+01
-6.000000000000000000e+01
-5.900000000000000000e+01
-5.800000000000000000e+01
-5.700000000000000000e+01
-5.600000000000000000e+01
-5.500000000000000000e+01
-5.400000000000000000e+01
-5.300000000000000000e+01
-5.200000000000000000e+01
-5.100000000000000000e+01
-5.000000000000000000e+01
-4.900000000000000000e+01
-4.800000000000000000e+01
-4.700000000000000000e+01
-4.600000000000000000e+01
-4.500000000000000000e+01
-4.400000000000000000e+01
-4.300000000000000000e+01
-4.200000000000000000e+01
-4.100000000000000000e+01
-4.000000000000000000e+01
-3.900000000000000000e+01
-3.800000000000000000e+01
-3.700000000000000000e+01
-3.600000000000000000e+01
-3.500000000000000000e+01
-3.400000000000000000e+01
-3.300000000000000000e+01
-3.200000000000000000e+01
-3.100000000000000000e+01
-3.000000000000000000e+01
-2.900000000000000000e+01
-2.800000000000000000e+01
-2.700000000000000000e+01
-2.600000000000000000e+01
-2.500000000000000000e+01
-2.400000000000000000e+01
-2.300000000000000000e+01
-2.200000000000000000e+01
-2.100000000000000000e+01
-2.000000000000000000e+01
-1.900000000000000000e+01
-1.800000000000000000e+01
-1.700000000000000000e+01
-1.600000000000000000e+01
-1.500000000000000000e+01
-1.400000000000000000e+01
-1.300000000000000000e+01
-1.200000000000000000e+01
-1.100000000000000000e+01
-1.000000000000000000e+01
-9.000000000000000000e+00
-8.000000000000000000e+00
-7.000000000000000000e+00
-6.000000000000000000e+00
-5.000000000000000000e+00
-4.000000000000000000e+00
-3.000000000000000000e+00
-2.000000000000000000e+00
-1.000000000000000000e+00
0.000000000000000000e+00
1.000000000000000000e+00
2.000000000000000000e+00
3.000000000000000000e+00
4.000000000000000000e+00
5.000000000000000000e+00
6.000000000000000000e+00
7.000000000000000000e+00
8.000000000000000000e+00
9.000000000000000000e+00
1.000000000000000000e+01
1.100000000000000000e+01
1.200000000000000000e+01
1.300000000000000000e+01
1.400000000000000000e+01
1.500000000000000000e+01
1.600000000000000000e+01
1.700000000000000000e+01
1.800000000000000000e+01
1.900000000000000000e+01
2.000000000000000000e+01
2.100000000000000000e+01
2.200000000000000000e+01
2.300000000000000000e+01
2.400000000000000000e+01
2.500000000000000000e+01
2.600000000000000000e+01
2.700000000000000000e+01
2.800000000000000000e+01
2.900000000000000000e+01
3.000000000000000000e+01
3.100000000000000000e+01
3.200000000000000000e+01
3.300000000000000000e+01
3.400000000000000000e+01
3.500000000000000000e+01
3.600000000000000000e+01
3.700000000000000000e+01
3.800000000000000000e+01
3.900000000000000000e+01
4.000000000000000000e+01
4.100000000000000000e+01
4.200000000000000000e+01
4.300000000000000000e+01
4.400000000000000000e+01
4.500000000000000000e+01
4.600000000000000000e+01
4.700000000000000000e+01
4.800000000000000000e+01
4.900000000000000000e+01
5.000000000000000000e+01
5.100000000000000000e+01
5.200000000000000000e+01
5.300000000000000000e+01
5.400000000000000000e+01
5.500000000000000000e+01
5.600000000000000000e+01
5.700000000000000000e+01
5.800000000000000000e+01
5.900000000000000000e+01
6.000000000000000000e+01
6.100000000000000000e+01
6.200000000000000000e+01
6.300000000000000000e+01
6.400000000000000000e+01
6.500000000000000000e+01
6.600000000000000000e+01
6.700000000000000000e+01
6.800000000000000000e+01
6.900000000000000000e+01
7.000000000000000000e+01
7.100000000000000000e+01
7.200000000000000000e+01
7.300000000000000000e+01
7.400000000000000000e+01
7.500000000000000000e+01
7.600000000000000000e+01
7.700000000000000000e+01
7.800000000000000000e+01
7.900000000000000000e+01
8.000000000000000000e+01
8.100000000000000000e+01
8.200000000000000000e+01
8.300000000000000000e+01
8.400000000000000000e+01
8.500000000000000000e+01
8.600000000000000000e+01
8.700000000000000000e+01
8.800000000000000000e+01
8.900000000000000000e+01
9.000000000000000000e+01
9.100000000000000000e+01
9.200000000000000000e+01
9.300000000000000000e+01
9.400000000000000000e+01
9.500000000000000000e+01
9.600000000000000000e+01
9.700000000000000000e+01
9.800000000000000000e+01
9.900000000000000000e+01
