single photon fraction:    1.0000
laser fraction:    0.0000
thermal source fraction:    0.0000
non-detected fraction:    0.0000
number of bins:  200.0000
bin width (ns):    1.0000
average detection events per bin: 5000.0000

# binary result
1.000000000000000000e+00

# g2 signal
1.014514559698273866e+00
9.753944609952555078e-01
1.007091771739239583e+00
1.003079453923545250e+00
9.870301826607685847e-01
1.027353976708495154e+00
1.025548433691432670e+00
1.030563830961050531e+00
1.003681301595899411e+00
1.026752129036140992e+00
9.962585136368652394e-01
1.024946586019078731e+00
1.021536115875738560e+00
1.028357056162418681e+00
1.021736731766523354e+00
1.012709016681211383e+00
1.004684381049822939e+00
1.011505321336503060e+00
9.954560500737263951e-01
1.002076374469621722e+00
1.013712096135134910e+00
9.898388051317545955e-01
9.832184807358591572e-01
9.910425004764628065e-01
1.012709016681211383e+00
1.010702857773364327e+00
9.998695996709899836e-01
9.940517388382335007e-01
9.908418845856781232e-01
9.904406528041086455e-01
9.856258714252756903e-01
9.996689837802053002e-01
1.017925029841613815e+00
9.894375733501851178e-01
9.920455799303863342e-01
9.830178648450744738e-01
1.002878838032760678e+00
9.870301826607685847e-01
9.960578977460805561e-01
1.019730572858676299e+00
1.012307784899642016e+00
1.015517639152197393e+00
1.017323182169259654e+00
9.944529706198028673e-01
1.001474526797267783e+00
9.808110900464426241e-01
9.800086264833037797e-01
1.021536115875738560e+00
1.025949665473002259e+00
9.653636664560200087e-01
9.679716730362212251e-01
1.013912712025919705e+00
1.000070215561774667e+00
1.002276990360406517e+00
1.011505321336503060e+00
1.013912712025919705e+00
9.820147853911509461e-01
9.966597454184347171e-01
9.984652884354970892e-01
9.772000040123178799e-01
1.013912712025919705e+00
1.026350897254571626e+00
9.906412686948934399e-01
1.010903473664149121e+00
1.023141043002016248e+00
1.013712096135134910e+00
1.008094851193163111e+00
1.007493003520808950e+00
1.008897314756301844e+00
1.016119486824551554e+00
9.878326462239074290e-01
1.018727493404752771e+00
1.010702857773364327e+00
1.009097930647086638e+00
9.980640566539276115e-01
9.880332621146922234e-01
9.940517388382335007e-01
9.812123218280121018e-01
1.029159519725557637e+00
9.936505070566640230e-01
1.013912712025919705e+00
1.007091771739239583e+00
9.808110900464426241e-01
1.007493003520808950e+00
9.948542024013722340e-01
9.902400369133239622e-01
9.912431163672474899e-01
1.012307784899642016e+00
1.015116407370627805e+00
9.938511229474487063e-01
1.007493003520808950e+00
1.020733652312599826e+00
1.000872679124913622e+00
1.009097930647086638e+00
1.014514559698273866e+00
1.001675142688052356e+00
1.002678222141975883e+00
1.004483765159038366e+00
1.018928109295537343e+00
9.922461958211710176e-01
0.000000000000000000e+00
9.980640566539276115e-01
1.000672063234128828e+00
1.019128725186322137e+00
9.940517388382335007e-01
9.876320303331227457e-01
9.792061629201649353e-01
1.007493003520808950e+00
1.025548433691432670e+00
9.838203284082133182e-01
9.992677519986359336e-01
1.009900394210225372e+00
1.021536115875738560e+00
9.990671361078511392e-01
1.004283149268253572e+00
9.860271032068450570e-01
1.006690539957670216e+00
9.896381892409698011e-01
9.767987722307485132e-01
1.010903473664149121e+00
1.022137963548092721e+00
1.020332420531030237e+00
1.010502241882579533e+00
1.013511480244350338e+00
9.918449640396016509e-01
1.013110248462780749e+00
9.840209442989980015e-01
1.029159519725557637e+00
9.884344938962615901e-01
9.926474276027404953e-01
1.011104089554933694e+00
1.019329341077106710e+00
9.988665202170664559e-01
1.025548433691432670e+00
9.982646725447122948e-01
9.890363415686157511e-01
9.938511229474487063e-01
1.020733652312599826e+00
1.021335499984953987e+00
9.986659043262817725e-01
1.005286228722177100e+00
1.008696698865517272e+00
9.992677519986359336e-01
1.013511480244350338e+00
1.000872679124913622e+00
1.004283149268253572e+00
9.962585136368652394e-01
9.972615930907887671e-01
1.005085612831392528e+00
9.774006199031025632e-01
9.790055470293802520e-01
1.003280069814330044e+00
1.006489924066885422e+00
1.001675142688052356e+00
1.001675142688052356e+00
9.884344938962615901e-01
1.001474526797267783e+00
1.019931188749460871e+00
1.035177996449098803e+00
1.016520718606120921e+00
9.830178648450744738e-01
1.003881917486684205e+00
9.968603613092194005e-01
9.994683678894206169e-01
1.045208790988334302e+00
1.003079453923545250e+00
9.685735207085753862e-01
9.956566659645110784e-01
1.003881917486684205e+00
1.019329341077106710e+00
1.019329341077106710e+00
9.932492752750946563e-01
1.003079453923545250e+00
9.753944609952555078e-01
9.884344938962615901e-01
1.022137963548092721e+00
9.854252555344910069e-01
9.832184807358591572e-01
9.980640566539276115e-01
1.015517639152197393e+00
1.005085612831392528e+00
1.004283149268253572e+00
1.000070215561774667e+00
9.944529706198028673e-01
9.828172489542897905e-01
1.014514559698273866e+00
9.940517388382335007e-01
1.012909632571996177e+00
9.952554341829417117e-01
1.010502241882579533e+00
1.003881917486684205e+00
9.745919974321166634e-01
1.005687460503746467e+00
1.021536115875738560e+00
1.034174916995175275e+00
1.026350897254571626e+00
9.814129377187967851e-01
9.922461958211710176e-01
1.006088692285316055e+00
1.005486844612961894e+00

# time bin value
-1.000000000000000000e+02
-9.900000000000000000e+01
-9.800000000000000000e+01
-9.700000000000000000e+01
-9.600000000000000000e+01
-9.500000000000000000e+01
-9.400000000000000000e+01
-9.300000000000000000e+01
-9.200000000000000000e+01
-9.100000000000000000e+01
-9.000000000000000000e+01
-8.900000000000000000e+01
-8.800000000000000000e+01
-8.700000000000000000e+01
-8.600000000000000000e+01
-8.500000000000000000e+01
-8.400000000000000000e+01
-8.300000000000000000e+01
-8.200000000000000000e+01
-8.100000000000000000e+01
-8.000000000000000000e+01
-7.900000000000000000e+01
-7.800000000000000000e+01
-7.700000000000000000e+01
-7.600000000000000000e+01
-7.500000000000000000e+01
-7.400000000000000000e+01
-7.300000000000000000e+01
-7.200000000000000000e+01
-7.100000000000000000e+01
-7.000000000000000000e+01
-6.900000000000000000e+01
-6.800000000000000000e+01
-6.700000000000000000e+01
-6.600000000000000000e+01
-6.500000000000000000e+01
-6.400000000000000000e+01
-6.300000000000000000e+01
-6.200000000000000000e+01
-6.100000000000000000e+01
-6.000000000000000000e+01
-5.900000000000000000e+01
-5.800000000000000000e+01
-5.700000000000000000e+01
-5.600000000000000000e+01
-5.500000000000000000e+01
-5.400000000000000000e+01
-5.300000000000000000e+01
-5.200000000000000000e+01
-5.100000000000000000e+01
-5.000000000000000000e+01
-4.900000000000000000e+01
-4.800000000000000000e+01
-4.700000000000000000e+01
-4.600000000000000000e+01
-4.500000000000000000e+01
-4.400000000000000000e+01
-4.300000000000000000e+01
-4.200000000000000000e+01
-4.100000000000000000e+01
-4.000000000000000000e+01
-3.900000000000000000e+01
-3.800000000000000000e+01
-3.700000000000000000e+01
-3.600000000000000000e+01
-3.500000000000000000e+01
-3.400000000000000000e+01
-3.300000000000000000e+01
-3.200000000000000000e+01
-3.100000000000000000e+01
-3.000000000000000000e+01
-2.900000000000000000e+01
-2.800000000000000000e+01
-2.700000000000000000e+01
-2.600000000000000000e+01
-2.500000000000000000e+01
-2.400000000000000000e+01
-2.300000000000000000e+01
-2.200000000000000000e+01
-2.100000000000000000e+01
-2.000000000000000000e+01
-1.900000000000000000e+01
-1.800000000000000000e+01
-1.700000000000000000e+01
-1.600000000000000000e+01
-1.500000000000000000e+01
-1.400000000000000000e+01
-1.300000000000000000e+01
-1.200000000000000000e+01
-1.100000000000000000e+01
-1.000000000000000000e+01
-9.000000000000000000e+00
-8.000000000000000000e+00
-7.000000000000000000e+00
-6.000000000000000000e+00
-5.000000000000000000e+00
-4.000000000000000000e+00
-3.000000000000000000e+00
-2.000000000000000000e+00
-1.000000000000000000e+00
0.000000000000000000e+00
1.000000000000000000e+00
2.000000000000000000e+00
3.000000000000000000e+00
4.000000000000000000e+00
5.000000000000000000e+00
6.000000000000000000e+00
7.000000000000000000e+00
8.000000000000000000e+00
9.000000000000000000e+00
1.000000000000000000e+01
1.100000000000000000e+01
1.200000000000000000e+01
1.300000000000000000e+01
1.400000000000000000e+01
1.500000000000000000e+01
1.600000000000000000e+01
1.700000000000000000e+01
1.800000000000000000e+01
1.900000000000000000e+01
2.000000000000000000e+01
2.100000000000000000e+01
2.200000000000000000e+01
2.300000000000000000e+01
2.400000000000000000e+01
2.500000000000000000e+01
2.600000000000000000e+01
2.700000000000000000e+01
2.800000000000000000e+01
2.900000000000000000e+01
3.000000000000000000e+01
3.100000000000000000e+01
3.200000000000000000e+01
3.300000000000000000e+01
3.400000000000000000e+01
3.500000000000000000e+01
3.600000000000000000e+01
3.700000000000000000e+01
3.800000000000000000e+01
3.900000000000000000e+01
4.000000000000000000e+01
4.100000000000000000e+01
4.200000000000000000e+01
4.300000000000000000e+01
4.400000000000000000e+01
4.500000000000000000e+01
4.600000000000000000e+01
4.700000000000000000e+01
4.800000000000000000e+01
4.900000000000000000e+01
5.000000000000000000e+01
5.100000000000000000e+01
5.200000000000000000e+01
5.300000000000000000e+01
5.400000000000000000e+01
5.500000000000000000e+01
5.600000000000000000e+01
5.700000000000000000e+01
5.800000000000000000e+01
5.900000000000000000e+01
6.000000000000000000e+01
6.100000000000000000e+01
6.200000000000000000e+01
6.300000000000000000e+01
6.400000000000000000e+01
6.500000000000000000e+01
6.600000000000000000e+01
6.700000000000000000e+01
6.800000000000000000e+01
6.900000000000000000e+01
7.000000000000000000e+01
7.100000000000000000e+01
7.200000000000000000e+01
7.300000000000000000e+01
7.400000000000000000e+01
7.500000000000000000e+01
7.600000000000000000e+01
7.700000000000000000e+01
7.800000000000000000e+01
7.900000000000000000e+01
8.000000000000000000e+01
8.100000000000000000e+01
8.200000000000000000e+01
8.300000000000000000e+01
8.400000000000000000e+01
8.500000000000000000e+01
8.600000000000000000e+01
8.700000000000000000e+01
8.800000000000000000e+01
8.900000000000000000e+01
9.000000000000000000e+01
9.100000000000000000e+01
9.200000000000000000e+01
9.300000000000000000e+01
9.400000000000000000e+01
9.500000000000000000e+01
9.600000000000000000e+01
9.700000000000000000e+01
9.800000000000000000e+01
9.900000000000000000e+01
