single photon fraction:    1.0000
laser fraction:    0.0000
thermal source fraction:    0.0000
non-detected fraction:    0.0000
number of bins:  200.0000
bin width (ns):    1.0000
average detection events per bin: 5000.0000

# binary result
1.000000000000000000e+00

# g2 signal
9.810757205150849591e-01
9.828806431407258737e-01
9.939107258529764621e-01
1.015770344319073093e+00
9.896992397264807728e-01
1.029608084448987215e+00
1.043044730662092467e+00
1.013764874735027410e+00
9.975205711042585133e-01
9.925068971441445287e-01
1.008751200774913537e+00
9.842844718495578071e-01
1.022388393946423335e+00
9.989243998130903357e-01
9.971194771874493101e-01
1.002935338981181479e+00
1.011157764275768312e+00
1.023190581780041519e+00
1.004138620731608755e+00
1.011558858192577404e+00
1.014366515610241049e+00
1.007347372066081714e+00
1.011558858192577404e+00
1.002333698105967841e+00
1.022388393946423335e+00
1.005141355523631486e+00
1.017374719986309461e+00
1.003938073773204209e+00
9.937101788945719161e-01
9.985233058962812436e-01
1.014366515610241049e+00
1.000729322438731250e+00
1.016773079111095823e+00
1.026399333114514478e+00
9.880948640592444043e-01
9.985233058962812436e-01
9.983227589378766975e-01
9.967183832706402180e-01
9.892981458096716807e-01
9.935096319361673700e-01
1.007949012941295353e+00
1.013764874735027410e+00
1.010756670358959219e+00
9.957156484786174877e-01
9.917047093105263444e-01
1.008951747733318083e+00
1.002734792022776933e+00
9.933090849777628240e-01
1.006545184232463530e+00
1.001732057230754203e+00
9.927074441025490747e-01
9.876937701424352012e-01
9.884959579760534965e-01
1.010355576442149905e+00
1.010355576442149905e+00
1.005542449440440578e+00
9.874932231840306551e-01
1.004940808565226940e+00
1.018778548695141284e+00
1.008350106858104445e+00
9.967183832706402180e-01
1.011759405150981950e+00
9.866910353504124709e-01
1.011759405150981950e+00
9.864904883920079248e-01
9.919052562689308905e-01
9.894986927680762268e-01
1.028003708781750847e+00
1.034421211450696543e+00
1.004138620731608755e+00
9.860893944751988327e-01
9.909025214769081602e-01
9.700456378028343707e-01
1.004339167690013301e+00
1.004339167690013301e+00
1.010957217317363765e+00
1.022588940904827881e+00
9.925068971441445287e-01
9.909025214769081602e-01
1.033418476658673812e+00
9.888970518928625886e-01
1.015970891277477639e+00
9.937101788945719161e-01
1.023591675696850611e+00
9.901003336432898649e-01
1.013965421693431956e+00
9.921058032273354366e-01
1.007347372066081714e+00
9.943118197697855543e-01
1.027000973989728116e+00
9.872926762256261091e-01
1.002935338981181479e+00
1.002534245064372387e+00
9.814768144318940513e-01
9.896992397264807728e-01
9.919052562689308905e-01
1.018979095653545830e+00
1.006745731190868076e+00
9.995260406883039739e-01
1.025597145280896294e+00
0.000000000000000000e+00
1.019781283487164014e+00
1.018778548695141284e+00
1.020984565237591513e+00
1.007547919024486260e+00
9.915041623521217984e-01
1.004138620731608755e+00
1.026198786156109932e+00
1.009954482525340813e+00
1.003938073773204209e+00
1.028605349656964485e+00
9.935096319361673700e-01
9.780675161390165462e-01
9.973200241458538562e-01
1.013564327776622864e+00
1.005542449440440578e+00
1.015770344319073093e+00
1.011157764275768312e+00
1.010355576442149905e+00
1.016572532152691277e+00
1.001732057230754203e+00
9.792707978894439336e-01
9.983227589378766975e-01
9.957156484786174877e-01
1.003938073773204209e+00
1.006344637274058984e+00
1.015369250402263779e+00
1.010355576442149905e+00
9.937101788945719161e-01
1.004740261606822394e+00
9.909025214769081602e-01
1.013764874735027410e+00
9.886965049344580425e-01
1.000127681563517612e+00
1.027201520948132663e+00
1.000127681563517612e+00
9.834822840159396229e-01
1.009352841650127175e+00
1.022388393946423335e+00
1.001130416355540564e+00
1.000328228521922158e+00
9.822790022655122355e-01
1.006344637274058984e+00
1.005141355523631486e+00
9.818779083487031434e-01
1.000328228521922158e+00
9.955151015202129416e-01
9.933090849777628240e-01
1.006946278149272622e+00
9.971194771874493101e-01
9.772653283053983619e-01
9.995260406883039739e-01
1.010556123400554451e+00
9.862899414336033788e-01
9.810757205150849591e-01
1.013163233859813772e+00
1.021786753071209697e+00
9.947129136865946464e-01
1.012762139943004680e+00
9.774658752638029080e-01
9.780675161390165462e-01
1.006545184232463530e+00
9.959161954370220338e-01
9.712489195532617581e-01
1.010756670358959219e+00
1.013163233859813772e+00
1.021586206112805151e+00
1.009553388608531721e+00
1.000528775480326704e+00
9.939107258529764621e-01
1.000528775480326704e+00
1.010556123400554451e+00
1.007146825107677168e+00
9.947129136865946464e-01
9.965178363122356719e-01
9.929079910609537318e-01
1.012561592984600134e+00
9.979216650210676054e-01
9.999271346051131770e-01
1.009753935566936267e+00
1.009753935566936267e+00
9.840839248911532611e-01
9.909025214769081602e-01
1.005341902482036032e+00
9.927074441025490747e-01
1.027602614864941755e+00
1.003536979856395117e+00
9.981222119794721515e-01
9.943118197697855543e-01
9.927074441025490747e-01
1.010756670358959219e+00
1.010556123400554451e+00
9.963172893538311259e-01
1.002534245064372387e+00
9.864904883920079248e-01
9.947129136865946464e-01
9.981222119794721515e-01
1.002734792022776933e+00
9.939107258529764621e-01
9.909025214769081602e-01

# time bin value
-1.000000000000000000e+02
-9.900000000000000000e+01
-9.800000000000000000e+01
-9.700000000000000000e+01
-9.600000000000000000e+01
-9.500000000000000000e+01
-9.400000000000000000e+01
-9.300000000000000000e+01
-9.200000000000000000e+01
-9.100000000000000000e+01
-9.000000000000000000e+01
-8.900000000000000000e+01
-8.800000000000000000e+01
-8.700000000000000000e+01
-8.600000000000000000e+01
-8.500000000000000000e+01
-8.400000000000000000e+01
-8.300000000000000000e+01
-8.200000000000000000e+01
-8.100000000000000000e+01
-8.000000000000000000e+01
-7.900000000000000000e+01
-7.800000000000000000e+01
-7.700000000000000000e+01
-7.600000000000000000e+01
-7.500000000000000000e+01
-7.400000000000000000e+01
-7.300000000000000000e+01
-7.200000000000000000e+01
-7.100000000000000000e+01
-7.000000000000000000e+01
-6.900000000000000000e+01
-6.800000000000000000e+01
-6.700000000000000000e+01
-6.600000000000000000e+01
-6.500000000000000000e+01
-6.400000000000000000e+01
-6.300000000000000000e+01
-6.200000000000000000e+01
-6.100000000000000000e+01
-6.000000000000000000e+01
-5.900000000000000000e+01
-5.800000000000000000e+01
-5.700000000000000000e+01
-5.600000000000000000e+01
-5.500000000000000000e+01
-5.400000000000000000e+01
-5.300000000000000000e+01
-5.200000000000000000e+01
-5.100000000000000000e+01
-5.000000000000000000e+01
-4.900000000000000000e+01
-4.800000000000000000e+01
-4.700000000000000000e+01
-4.600000000000000000e+01
-4.500000000000000000e+01
-4.400000000000000000e+01
-4.300000000000000000e+01
-4.200000000000000000e+01
-4.100000000000000000e+01
-4.000000000000000000e+01
-3.900000000000000000e+01
-3.800000000000000000e+01
-3.700000000000000000e+01
-3.600000000000000000e+01
-3.500000000000000000e+01
-3.400000000000000000e+01
-3.300000000000000000e+01
-3.200000000000000000e+01
-3.100000000000000000e+01
-3.000000000000000000e+01
-2.900000000000000000e+01
-2.800000000000000000e+01
-2.700000000000000000e+01
-2.600000000000000000e+01
-2.500000000000000000e+01
-2.400000000000000000e+01
-2.300000000000000000e+01
-2.200000000000000000e+01
-2.100000000000000000e+01
-2.000000000000000000e+01
-1.900000000000000000e+01
-1.800000000000000000e+01
-1.700000000000000000e+01
-1.600000000000000000e+01
-1.500000000000000000e+01
-1.400000000000000000e+01
-1.300000000000000000e+01
-1.200000000000000000e+01
-1.100000000000000000e+01
-1.000000000000000000e+01
-9.000000000000000000e+00
-8.000000000000000000e+00
-7.000000000000000000e+00
-6.000000000000000000e+00
-5.000000000000000000e+00
-4.000000000000000000e+00
-3.000000000000000000e+00
-2.000000000000000000e+00
-1.000000000000000000e+00
0.000000000000000000e+00
1.000000000000000000e+00
2.000000000000000000e+00
3.000000000000000000e+00
4.000000000000000000e+00
5.000000000000000000e+00
6.000000000000000000e+00
7.000000000000000000e+00
8.000000000000000000e+00
9.000000000000000000e+00
1.000000000000000000e+01
1.100000000000000000e+01
1.200000000000000000e+01
1.300000000000000000e+01
1.400000000000000000e+01
1.500000000000000000e+01
1.600000000000000000e+01
1.700000000000000000e+01
1.800000000000000000e+01
1.900000000000000000e+01
2.000000000000000000e+01
2.100000000000000000e+01
2.200000000000000000e+01
2.300000000000000000e+01
2.400000000000000000e+01
2.500000000000000000e+01
2.600000000000000000e+01
2.700000000000000000e+01
2.800000000000000000e+01
2.900000000000000000e+01
3.000000000000000000e+01
3.100000000000000000e+01
3.200000000000000000e+01
3.300000000000000000e+01
3.400000000000000000e+01
3.500000000000000000e+01
3.600000000000000000e+01
3.700000000000000000e+01
3.800000000000000000e+01
3.900000000000000000e+01
4.000000000000000000e+01
4.100000000000000000e+01
4.200000000000000000e+01
4.300000000000000000e+01
4.400000000000000000e+01
4.500000000000000000e+01
4.600000000000000000e+01
4.700000000000000000e+01
4.800000000000000000e+01
4.900000000000000000e+01
5.000000000000000000e+01
5.100000000000000000e+01
5.200000000000000000e+01
5.300000000000000000e+01
5.400000000000000000e+01
5.500000000000000000e+01
5.600000000000000000e+01
5.700000000000000000e+01
5.800000000000000000e+01
5.900000000000000000e+01
6.000000000000000000e+01
6.100000000000000000e+01
6.200000000000000000e+01
6.300000000000000000e+01
6.400000000000000000e+01
6.500000000000000000e+01
6.600000000000000000e+01
6.700000000000000000e+01
6.800000000000000000e+01
6.900000000000000000e+01
7.000000000000000000e+01
7.100000000000000000e+01
7.200000000000000000e+01
7.300000000000000000e+01
7.400000000000000000e+01
7.500000000000000000e+01
7.600000000000000000e+01
7.700000000000000000e+01
7.800000000000000000e+01
7.900000000000000000e+01
8.000000000000000000e+01
8.100000000000000000e+01
8.200000000000000000e+01
8.300000000000000000e+01
8.400000000000000000e+01
8.500000000000000000e+01
8.600000000000000000e+01
8.700000000000000000e+01
8.800000000000000000e+01
8.900000000000000000e+01
9.000000000000000000e+01
9.100000000000000000e+01
9.200000000000000000e+01
9.300000000000000000e+01
9.400000000000000000e+01
9.500000000000000000e+01
9.600000000000000000e+01
9.700000000000000000e+01
9.800000000000000000e+01
9.900000000000000000e+01
