single photon fraction:    1.0000
laser fraction:    0.0000
thermal source fraction:    0.0000
non-detected fraction:    0.0000
number of bins:  200.0000
bin width (ns):    1.0000
average detection events per bin: 5000.0000

# binary result
1.000000000000000000e+00

# g2 signal
9.750275468363117648e-01
9.788409522273965324e-01
1.004531262230494049e+00
9.981086847297196973e-01
1.021591233716926173e+00
1.021791939263825277e+00
1.011555956371966047e+00
9.854642352750700995e-01
9.782388355866989960e-01
1.009348195356075006e+00
1.010552428637470079e+00
9.916861072289453460e-01
1.040256849578551579e+00
1.012559484106462016e+00
1.016774300591345215e+00
1.006939728793284416e+00
9.967037459014252976e-01
1.006939728793284416e+00
9.906825794944493779e-01
9.938938682448364981e-01
1.006939728793284416e+00
1.005936201058788448e+00
1.017777828325841183e+00
1.013362306294058879e+00
9.930910460572397458e-01
9.910839905882476986e-01
1.011355250825066943e+00
9.936931626979372822e-01
9.979079791828204815e-01
9.844607075405741314e-01
1.023999700279716540e+00
9.878727018378605784e-01
9.928903405103405300e-01
9.878727018378605784e-01
9.766331912115053804e-01
1.025203933561111613e+00
1.009749606449873216e+00
9.942952793386349297e-01
9.912846961351469144e-01
1.017978533872740510e+00
1.018580650513438046e+00
9.812494187901870113e-01
1.017577122778942078e+00
1.016172183950647678e+00
1.010151017543671648e+00
1.024200405826615645e+00
1.008143962074679711e+00
9.884748184785581149e-01
9.969044514483245134e-01
1.010953839731268511e+00
1.036644149734366138e+00
9.944959848855341455e-01
1.005334084418090912e+00
1.012960895200260447e+00
1.003929145589796512e+00
9.682035582417389818e-01
9.940945737917357139e-01
1.004330556683594944e+00
1.017777828325841183e+00
1.003126323402199649e+00
9.866684685564653945e-01
1.005133378871191807e+00
1.001119267933207713e+00
9.967037459014252976e-01
9.898797573068525146e-01
1.017376417232042973e+00
9.778374244929005643e-01
1.003527734495998081e+00
1.009749606449873216e+00
9.786402466804973166e-01
1.009548900902974111e+00
1.013563011840958206e+00
1.006939728793284416e+00
9.864677630095661787e-01
9.952988070731308978e-01
1.001922090120804576e+00
1.012960895200260447e+00
9.957002181669293295e-01
1.009348195356075006e+00
1.017376417232042973e+00
1.012158073012663806e+00
1.001119267933207713e+00
1.002122795667703681e+00
1.011957367465764479e+00
9.938938682448364981e-01
1.014165128481655742e+00
1.014566539575454174e+00
1.020587705982429982e+00
1.006136906605687775e+00
1.022394055904522814e+00
1.022594761451422141e+00
1.009749606449873216e+00
9.928903405103405300e-01
1.005133378871191807e+00
1.011555956371966047e+00
1.001922090120804576e+00
1.014566539575454174e+00
1.017376417232042973e+00
1.002524206761502112e+00
1.008946784262276575e+00
0.000000000000000000e+00
1.011355250825066943e+00
1.017978533872740510e+00
1.006538317699486207e+00
1.025203933561111613e+00
1.012760189653361342e+00
9.961016292607277611e-01
1.004731967777393375e+00
1.030020866686692571e+00
9.957002181669293295e-01
1.018179239419639615e+00
1.002323501214603008e+00
9.884748184785581149e-01
1.004932673324292480e+00
1.011957367465764479e+00
9.832564742591789475e-01
1.004731967777393375e+00
9.989115069173165606e-01
1.014767245122353279e+00
9.898797573068525146e-01
1.018379944966538941e+00
1.001922090120804576e+00
1.011154545278167616e+00
1.004531262230494049e+00
9.838585908998765950e-01
1.002323501214603008e+00
1.007943256527780607e+00
9.950981015262316820e-01
9.967037459014252976e-01
9.892776406661549782e-01
1.002724912308401217e+00
9.872705851971629309e-01
9.906825794944493779e-01
1.008545373168478143e+00
9.916861072289453460e-01
9.967037459014252976e-01
1.005334084418090912e+00
1.009749606449873216e+00
9.926896349634413141e-01
1.000717856839409281e+00
9.993129180111148813e-01
9.836578853529773792e-01
1.018781356060337373e+00
1.027010283483204445e+00
9.910839905882476986e-01
9.898797573068525146e-01
1.003929145589796512e+00
1.004932673324292480e+00
9.942952793386349297e-01
9.868691741033644993e-01
1.001119267933207713e+00
1.002122795667703681e+00
1.023598289185918109e+00
1.016372889497546783e+00
9.734219024611181492e-01
9.944959848855341455e-01
1.014365834028554847e+00
1.007341139887082848e+00
9.979079791828204815e-01
9.999150346518125287e-01
1.033432860983978907e+00
1.000517151292510176e+00
9.888762295723565465e-01
1.019182767154135583e+00
9.924889294165420983e-01
1.005133378871191807e+00
1.008344667621578816e+00
1.009147489809175680e+00
1.001520679027006144e+00
9.888762295723565465e-01
1.023999700279716540e+00
1.008545373168478143e+00
9.842600019936749156e-01
9.836578853529773792e-01
9.868691741033644993e-01
1.005936201058788448e+00
1.001319973480106817e+00
1.003929145589796512e+00
1.006136906605687775e+00
1.007943256527780607e+00
1.013563011840958206e+00
1.011555956371966047e+00
9.995136235580140971e-01
1.002925617855300544e+00
1.008545373168478143e+00
1.021390528170026846e+00
9.914854016820461302e-01
9.846614130874733473e-01
9.961016292607277611e-01
1.006538317699486207e+00
1.010351723090570975e+00
1.010351723090570975e+00
9.860663519157677470e-01
1.003728440042897407e+00
9.979079791828204815e-01
1.012358778559562911e+00
9.967037459014252976e-01
1.033633566530878012e+00
1.001319973480106817e+00
1.020788411529329309e+00

# time bin value
-1.000000000000000000e+02
-9.900000000000000000e+01
-9.800000000000000000e+01
-9.700000000000000000e+01
-9.600000000000000000e+01
-9.500000000000000000e+01
-9.400000000000000000e+01
-9.300000000000000000e+01
-9.200000000000000000e+01
-9.100000000000000000e+01
-9.000000000000000000e+01
-8.900000000000000000e+01
-8.800000000000000000e+01
-8.700000000000000000e+01
-8.600000000000000000e+01
-8.500000000000000000e+01
-8.400000000000000000e+01
-8.300000000000000000e+01
-8.200000000000000000e+01
-8.100000000000000000e+01
-8.000000000000000000e+01
-7.900000000000000000e+01
-7.800000000000000000e+01
-7.700000000000000000e+01
-7.600000000000000000e+01
-7.500000000000000000e+01
-7.400000000000000000e+01
-7.300000000000000000e+01
-7.200000000000000000e+01
-7.100000000000000000e+01
-7.000000000000000000e+01
-6.900000000000000000e+01
-6.800000000000000000e+01
-6.700000000000000000e+01
-6.600000000000000000e+01
-6.500000000000000000e+01
-6.400000000000000000e+01
-6.300000000000000000e+01
-6.200000000000000000e+01
-6.100000000000000000e+01
-6.000000000000000000e+01
-5.900000000000000000e+01
-5.800000000000000000e+01
-5.700000000000000000e+01
-5.600000000000000000e+01
-5.500000000000000000e+01
-5.400000000000000000e+01
-5.300000000000000000e+01
-5.200000000000000000e+01
-5.100000000000000000e+01
-5.000000000000000000e+01
-4.900000000000000000e+01
-4.800000000000000000e+01
-4.700000000000000000e+01
-4.600000000000000000e+01
-4.500000000000000000e+01
-4.400000000000000000e+01
-4.300000000000000000e+01
-4.200000000000000000e+01
-4.100000000000000000e+01
-4.000000000000000000e+01
-3.900000000000000000e+01
-3.800000000000000000e+01
-3.700000000000000000e+01
-3.600000000000000000e+01
-3.500000000000000000e+01
-3.400000000000000000e+01
-3.300000000000000000e+01
-3.200000000000000000e+01
-3.100000000000000000e+01
-3.000000000000000000e+01
-2.900000000000000000e+01
-2.800000000000000000e+01
-2.700000000000000000e+01
-2.600000000000000000e+01
-2.500000000000000000e+01
-2.400000000000000000e+01
-2.300000000000000000e+01
-2.200000000000000000e+01
-2.100000000000000000e+01
-2.000000000000000000e+01
-1.900000000000000000e+01
-1.800000000000000000e+01
-1.700000000000000000e+01
-1.600000000000000000e+01
-1.500000000000000000e+01
-1.400000000000000000e+01
-1.300000000000000000e+01
-1.200000000000000000e+01
-1.100000000000000000e+01
-1.000000000000000000e+01
-9.000000000000000000e+00
-8.000000000000000000e+00
-7.000000000000000000e+00
-6.000000000000000000e+00
-5.000000000000000000e+00
-4.000000000000000000e+00
-3.000000000000000000e+00
-2.000000000000000000e+00
-1.000000000000000000e+00
0.000000000000000000e+00
1.000000000000000000e+00
2.000000000000000000e+00
3.000000000000000000e+00
4.000000000000000000e+00
5.000000000000000000e+00
6.000000000000000000e+00
7.000000000000000000e+00
8.000000000000000000e+00
9.000000000000000000e+00
1.000000000000000000e+01
1.100000000000000000e+01
1.200000000000000000e+01
1.300000000000000000e+01
1.400000000000000000e+01
1.500000000000000000e+01
1.600000000000000000e+01
1.700000000000000000e+01
1.800000000000000000e+01
1.900000000000000000e+01
2.000000000000000000e+01
2.100000000000000000e+01
2.200000000000000000e+01
2.300000000000000000e+01
2.400000000000000000e+01
2.500000000000000000e+01
2.600000000000000000e+01
2.700000000000000000e+01
2.800000000000000000e+01
2.900000000000000000e+01
3.000000000000000000e+01
3.100000000000000000e+01
3.200000000000000000e+01
3.300000000000000000e+01
3.400000000000000000e+01
3.500000000000000000e+01
3.600000000000000000e+01
3.700000000000000000e+01
3.800000000000000000e+01
3.900000000000000000e+01
4.000000000000000000e+01
4.100000000000000000e+01
4.200000000000000000e+01
4.300000000000000000e+01
4.400000000000000000e+01
4.500000000000000000e+01
4.600000000000000000e+01
4.700000000000000000e+01
4.800000000000000000e+01
4.900000000000000000e+01
5.000000000000000000e+01
5.100000000000000000e+01
5.200000000000000000e+01
5.300000000000000000e+01
5.400000000000000000e+01
5.500000000000000000e+01
5.600000000000000000e+01
5.700000000000000000e+01
5.800000000000000000e+01
5.900000000000000000e+01
6.000000000000000000e+01
6.100000000000000000e+01
6.200000000000000000e+01
6.300000000000000000e+01
6.400000000000000000e+01
6.500000000000000000e+01
6.600000000000000000e+01
6.700000000000000000e+01
6.800000000000000000e+01
6.900000000000000000e+01
7.000000000000000000e+01
7.100000000000000000e+01
7.200000000000000000e+01
7.300000000000000000e+01
7.400000000000000000e+01
7.500000000000000000e+01
7.600000000000000000e+01
7.700000000000000000e+01
7.800000000000000000e+01
7.900000000000000000e+01
8.000000000000000000e+01
8.100000000000000000e+01
8.200000000000000000e+01
8.300000000000000000e+01
8.400000000000000000e+01
8.500000000000000000e+01
8.600000000000000000e+01
8.700000000000000000e+01
8.800000000000000000e+01
8.900000000000000000e+01
9.000000000000000000e+01
9.100000000000000000e+01
9.200000000000000000e+01
9.300000000000000000e+01
9.400000000000000000e+01
9.500000000000000000e+01
9.600000000000000000e+01
9.700000000000000000e+01
9.800000000000000000e+01
9.900000000000000000e+01
