single photon fraction:    1.0000
laser fraction:    0.0000
thermal source fraction:    0.0000
non-detected fraction:    0.0000
number of bins:  200.0000
bin width (ns):    1.0000
average detection events per bin: 5000.0000

# binary result
1.000000000000000000e+00

# g2 signal
1.015947973826289097e+00
9.938621483083261987e-01
1.024782304033474034e+00
9.958699506281409874e-01
9.860317192610484893e-01
9.842246971732151462e-01
1.004503500603344701e+00
9.986808738758817805e-01
1.020766699393844457e+00
1.001291016891640906e+00
1.007515204083066829e+00
1.002094137819566910e+00
1.029801809833011061e+00
9.984800936439002239e-01
1.008719885474955724e+00
1.003298819211455806e+00
1.015747193594307429e+00
9.936613680763447531e-01
1.008318325010992833e+00
9.916535657565299644e-01
1.011731588954677852e+00
9.761934878939559912e-01
1.019762798233937229e+00
9.928582471484188599e-01
1.000889456427678015e+00
1.002897258747492915e+00
9.890434227407707279e-01
9.850278181011410394e-01
9.954683901641780963e-01
1.008117544779011387e+00
9.894449832047336191e-01
1.032813513312733411e+00
9.914527855245484078e-01
1.005507401763252151e+00
1.015947973826289097e+00
1.019160457537992670e+00
1.000086335499752010e+00
9.926574669164373033e-01
9.932598076123817510e-01
9.944644890042706464e-01
1.007314423851085383e+00
1.024581523801492589e+00
9.908504448286039601e-01
9.936613680763447531e-01
1.012936270346566747e+00
1.013940171506474197e+00
1.007113643619103938e+00
9.890434227407707279e-01
9.914527855245484078e-01
9.771973890538633301e-01
1.032813513312733411e+00
9.747880262700856502e-01
9.860317192610484893e-01
1.011330028490714961e+00
1.002094137819566910e+00
9.852285983331225960e-01
1.002897258747492915e+00
1.003700379675418697e+00
9.757919274299929890e-01
1.008318325010992833e+00
1.009322226170900283e+00
1.004101940139381588e+00
9.944644890042706464e-01
1.020164358697900120e+00
1.012534709882603856e+00
9.900473239006780668e-01
9.956691703961595419e-01
9.932598076123817510e-01
9.932598076123817510e-01
1.026790106353288934e+00
1.017955776146103775e+00
1.006310522691177933e+00
1.004905061067307592e+00
9.986808738758817805e-01
1.004101940139381588e+00
1.016148754058270542e+00
1.014341731970437088e+00
1.005105841299289038e+00
1.019160457537992670e+00
1.014743292434400201e+00
1.003499599443437251e+00
9.956691703961595419e-01
9.906496645966225145e-01
9.990824343398446716e-01
1.009121445938918615e+00
1.029801809833011061e+00
9.773981692858448866e-01
9.992832145718262282e-01
1.000287115731733678e+00
9.968738517880484373e-01
1.006912863387122492e+00
1.013337830810529860e+00
9.930590273804003054e-01
1.021369040089789015e+00
1.015947973826289097e+00
9.920551262204928555e-01
1.003901159907400142e+00
1.001692577355604019e+00
1.004503500603344701e+00
9.982793134119187783e-01
0.000000000000000000e+00
9.976769727159743306e-01
9.844254774051967027e-01
9.858309390290670438e-01
1.014542512202418756e+00
9.968738517880484373e-01
9.966730715560668807e-01
1.029801809833011061e+00
1.002495698283529801e+00
1.030203370296974175e+00
1.001893357587585465e+00
1.005507401763252151e+00
9.890434227407707279e-01
1.024782304033474034e+00
9.902481041326596234e-01
9.864332797250114915e-01
1.009924566866844620e+00
1.001893357587585465e+00
1.007113643619103938e+00
1.000287115731733678e+00
9.976769727159743306e-01
1.016349534290251988e+00
9.972754122520113285e-01
1.010326127330807511e+00
1.016550314522233434e+00
1.010326127330807511e+00
1.016349534290251988e+00
9.850278181011410394e-01
9.892442029727521735e-01
1.018156556378085220e+00
1.024581523801492589e+00
1.014542512202418756e+00
1.006912863387122492e+00
1.019762798233937229e+00
1.045864228391529593e+00
1.022172161017714798e+00
9.930590273804003054e-01
1.010526907562788956e+00
1.006912863387122492e+00
1.020164358697900120e+00
1.004503500603344701e+00
1.020164358697900120e+00
1.021971380785733352e+00
1.003901159907400142e+00
1.006310522691177933e+00
1.001090236659659460e+00
1.015144852898363093e+00
1.023376842409603693e+00
1.014140951738455643e+00
9.888426425087891714e-01
1.011330028490714961e+00
1.020967479625826124e+00
1.011129248258733515e+00
1.004302720371363256e+00
1.023979183105548252e+00
1.006912863387122492e+00
1.004905061067307592e+00
9.996847750357891194e-01
9.994839948038076738e-01
9.792051913736781188e-01
9.942637087722892009e-01
9.753903669660300979e-01
1.013739391274492752e+00
1.020565919161863011e+00
1.004503500603344701e+00
1.005306621531270483e+00
9.834215762452892529e-01
1.013538611042511306e+00
9.924566866844558577e-01
9.928582471484188599e-01
1.008318325010992833e+00
1.002094137819566910e+00
1.000889456427678015e+00
9.934605878443633076e-01
9.667568169908263842e-01
1.009322226170900283e+00
9.950668297002150942e-01
9.884410820448262802e-01
1.007916764547029720e+00
9.950668297002150942e-01
1.009523006402881729e+00
1.007314423851085383e+00
9.932598076123817510e-01
1.011731588954677852e+00
1.015546413362325984e+00
9.964722913240854352e-01
1.010526907562788956e+00
9.755911471980115435e-01
9.956691703961595419e-01
9.982793134119187783e-01
1.004302720371363256e+00
9.886418622768077258e-01
1.005708181995233597e+00
1.014140951738455643e+00
1.021770600553751907e+00
9.926574669164373033e-01
1.020766699393844457e+00
1.002495698283529801e+00
1.011530808722696406e+00
1.014743292434400201e+00

# time bin value
-1.000000000000000000e+02
-9.900000000000000000e+01
-9.800000000000000000e+01
-9.700000000000000000e+01
-9.600000000000000000e+01
-9.500000000000000000e+01
-9.400000000000000000e+01
-9.300000000000000000e+01
-9.200000000000000000e+01
-9.100000000000000000e+01
-9.000000000000000000e+01
-8.900000000000000000e+01
-8.800000000000000000e+01
-8.700000000000000000e+01
-8.600000000000000000e+01
-8.500000000000000000e+01
-8.400000000000000000e+01
-8.300000000000000000e+01
-8.200000000000000000e+01
-8.100000000000000000e+01
-8.000000000000000000e+01
-7.900000000000000000e+01
-7.800000000000000000e+01
-7.700000000000000000e+01
-7.600000000000000000e+01
-7.500000000000000000e+01
-7.400000000000000000e+01
-7.300000000000000000e+01
-7.200000000000000000e+01
-7.100000000000000000e+01
-7.000000000000000000e+01
-6.900000000000000000e+01
-6.800000000000000000e+01
-6.700000000000000000e+01
-6.600000000000000000e+01
-6.500000000000000000e+01
-6.400000000000000000e+01
-6.300000000000000000e+01
-6.200000000000000000e+01
-6.100000000000000000e+01
-6.000000000000000000e+01
-5.900000000000000000e+01
-5.800000000000000000e+01
-5.700000000000000000e+01
-5.600000000000000000e+01
-5.500000000000000000e+01
-5.400000000000000000e+01
-5.300000000000000000e+01
-5.200000000000000000e+01
-5.100000000000000000e+01
-5.000000000000000000e+01
-4.900000000000000000e+01
-4.800000000000000000e+01
-4.700000000000000000e+01
-4.600000000000000000e+01
-4.500000000000000000e+01
-4.400000000000000000e+01
-4.300000000000000000e+01
-4.200000000000000000e+01
-4.100000000000000000e+01
-4.000000000000000000e+01
-3.900000000000000000e+01
-3.800000000000000000e+01
-3.700000000000000000e+01
-3.600000000000000000e+01
-3.500000000000000000e+01
-3.400000000000000000e+01
-3.300000000000000000e+01
-3.200000000000000000e+01
-3.100000000000000000e+01
-3.000000000000000000e+01
-2.900000000000000000e+01
-2.800000000000000000e+01
-2.700000000000000000e+01
-2.600000000000000000e+01
-2.500000000000000000e+01
-2.400000000000000000e+01
-2.300000000000000000e+01
-2.200000000000000000e+01
-2.100000000000000000e+01
-2.000000000000000000e+01
-1.900000000000000000e+01
-1.800000000000000000e+01
-1.700000000000000000e+01
-1.600000000000000000e+01
-1.500000000000000000e+01
-1.400000000000000000e+01
-1.300000000000000000e+01
-1.200000000000000000e+01
-1.100000000000000000e+01
-1.000000000000000000e+01
-9.000000000000000000e+00
-8.000000000000000000e+00
-7.000000000000000000e+00
-6.000000000000000000e+00
-5.000000000000000000e+00
-4.000000000000000000e+00
-3.000000000000000000e+00
-2.000000000000000000e+00
-1.000000000000000000e+00
0.000000000000000000e+00
1.000000000000000000e+00
2.000000000000000000e+00
3.000000000000000000e+00
4.000000000000000000e+00
5.000000000000000000e+00
6.000000000000000000e+00
7.000000000000000000e+00
8.000000000000000000e+00
9.000000000000000000e+00
1.000000000000000000e+01
1.100000000000000000e+01
1.200000000000000000e+01
1.300000000000000000e+01
1.400000000000000000e+01
1.500000000000000000e+01
1.600000000000000000e+01
1.700000000000000000e+01
1.800000000000000000e+01
1.900000000000000000e+01
2.000000000000000000e+01
2.100000000000000000e+01
2.200000000000000000e+01
2.300000000000000000e+01
2.400000000000000000e+01
2.500000000000000000e+01
2.600000000000000000e+01
2.700000000000000000e+01
2.800000000000000000e+01
2.900000000000000000e+01
3.000000000000000000e+01
3.100000000000000000e+01
3.200000000000000000e+01
3.300000000000000000e+01
3.400000000000000000e+01
3.500000000000000000e+01
3.600000000000000000e+01
3.700000000000000000e+01
3.800000000000000000e+01
3.900000000000000000e+01
4.000000000000000000e+01
4.100000000000000000e+01
4.200000000000000000e+01
4.300000000000000000e+01
4.400000000000000000e+01
4.500000000000000000e+01
4.600000000000000000e+01
4.700000000000000000e+01
4.800000000000000000e+01
4.900000000000000000e+01
5.000000000000000000e+01
5.100000000000000000e+01
5.200000000000000000e+01
5.300000000000000000e+01
5.400000000000000000e+01
5.500000000000000000e+01
5.600000000000000000e+01
5.700000000000000000e+01
5.800000000000000000e+01
5.900000000000000000e+01
6.000000000000000000e+01
6.100000000000000000e+01
6.200000000000000000e+01
6.300000000000000000e+01
6.400000000000000000e+01
6.500000000000000000e+01
6.600000000000000000e+01
6.700000000000000000e+01
6.800000000000000000e+01
6.900000000000000000e+01
7.000000000000000000e+01
7.100000000000000000e+01
7.200000000000000000e+01
7.300000000000000000e+01
7.400000000000000000e+01
7.500000000000000000e+01
7.600000000000000000e+01
7.700000000000000000e+01
7.800000000000000000e+01
7.900000000000000000e+01
8.000000000000000000e+01
8.100000000000000000e+01
8.200000000000000000e+01
8.300000000000000000e+01
8.400000000000000000e+01
8.500000000000000000e+01
8.600000000000000000e+01
8.700000000000000000e+01
8.800000000000000000e+01
8.900000000000000000e+01
9.000000000000000000e+01
9.100000000000000000e+01
9.200000000000000000e+01
9.300000000000000000e+01
9.400000000000000000e+01
9.500000000000000000e+01
9.600000000000000000e+01
9.700000000000000000e+01
9.800000000000000000e+01
9.900000000000000000e+01
