single photon fraction:    1.0000
laser fraction:    0.0000
thermal source fraction:    0.0000
non-detected fraction:    0.0000
number of bins:  200.0000
bin width (ns):    1.0000
average detection events per bin: 5000.0000

# binary result
1.000000000000000000e+00

# g2 signal
9.872142943119658343e-01
9.920289951986732691e-01
1.000855946824303455e+00
1.000855946824303455e+00
1.019512912760294654e+00
9.689585534498669217e-01
1.001457784435141996e+00
1.008679835765203148e+00
1.026534351553409774e+00
1.017506787390833223e+00
1.015701274558318046e+00
9.797916304449585390e-01
9.970443086223267359e-01
1.015099436947479505e+00
1.005670647711010890e+00
1.018509850075564049e+00
1.009081060839095212e+00
9.918283826617271259e-01
1.010084123523826038e+00
1.023926388573109802e+00
1.020114750371133194e+00
9.926308328095116984e-01
1.017908012464725509e+00
9.870136817750196911e-01
9.846063313316659737e-01
1.014296986799694933e+00
1.005470035174064858e+00
1.019512912760294654e+00
9.934332829572962709e-01
1.010886573671610611e+00
9.717671289671129253e-01
1.009482285912987498e+00
9.980473713070574515e-01
9.783873426863355371e-01
9.966430835484344497e-01
1.013093311578018074e+00
1.011689023819395183e+00
9.902234823661579810e-01
1.018710462612510081e+00
1.009482285912987498e+00
9.960412459375961314e-01
1.023725776036163770e+00
1.004466972489334031e+00
1.009482285912987498e+00
1.025932513942571234e+00
9.858100065533428324e-01
9.998528841395727396e-01
9.852081689425044031e-01
9.946369581789731296e-01
1.041179066750478110e+00
9.928314453464578415e-01
9.888191946075349792e-01
1.001457784435141996e+00
1.012491473967179756e+00
1.005068810100172572e+00
9.797916304449585390e-01
1.005871260247957144e+00
9.992510465287343102e-01
1.029342927070655778e+00
9.876155193858581205e-01
9.781867301493893940e-01
9.972449211592728791e-01
1.002661459656818854e+00
9.924302202725655553e-01
9.815971432774738270e-01
9.842051062577736875e-01
1.005269422637118604e+00
1.018309237538617795e+00
9.842051062577736875e-01
1.017707399927779477e+00
9.922296077356194122e-01
9.942357331050808433e-01
1.006473097858795462e+00
9.874149068489119774e-01
9.922296077356194122e-01
9.854087814794505462e-01
9.836032686469352582e-01
1.005068810100172572e+00
1.013293924114964328e+00
1.016503724706102618e+00
9.920289951986732691e-01
1.003263297267657173e+00
1.003263297267657173e+00
1.017707399927779477e+00
9.992510465287343102e-01
9.944363456420269864e-01
1.005670647711010890e+00
1.001457784435141996e+00
9.930320578834039846e-01
1.006272485321849430e+00
1.004466972489334031e+00
1.020515975445025481e+00
1.007476160543526289e+00
9.834026561099891151e-01
1.026935576627302060e+00
1.034759465568201531e+00
1.005871260247957144e+00
9.930320578834039846e-01
9.874149068489119774e-01
1.013494536651910360e+00
0.000000000000000000e+00
9.910259325139425535e-01
1.023123938425325230e+00
1.007676773080472321e+00
1.006874322932687749e+00
1.014096374262748901e+00
1.002862072193764886e+00
1.016704337243048650e+00
9.978467587701113084e-01
9.793904053710662527e-01
1.017908012464725509e+00
1.010084123523826038e+00
1.005470035174064858e+00
9.966430835484344497e-01
1.006874322932687749e+00
1.005670647711010890e+00
9.819983683513661132e-01
1.002862072193764886e+00
1.001257171898195741e+00
1.008077998154364607e+00
9.878161319228042636e-01
9.763812173168741060e-01
1.027938639312032665e+00
1.002661459656818854e+00
1.014698211873587219e+00
1.013695149188856615e+00
9.918283826617271259e-01
9.878161319228042636e-01
1.022923325888379198e+00
1.003463909804603427e+00
9.890198071444811223e-01
9.972449211592728791e-01
9.918283826617271259e-01
9.908253199769964104e-01
1.011287798745502897e+00
1.001658396972088028e+00
9.948375707159192727e-01
9.922296077356194122e-01
9.940351205681347002e-01
9.789891802971739665e-01
1.032352115124847813e+00
9.892204196814272654e-01
9.811959182035815408e-01
1.010685961134664357e+00
1.025330676331732915e+00
1.012892699041072042e+00
9.946369581789731296e-01
1.015500662021371792e+00
9.902234823661579810e-01
1.029744152144548064e+00
1.013695149188856615e+00
1.016503724706102618e+00
1.004868197563226317e+00
1.002260234582926568e+00
1.019111687686402368e+00
9.828008184991506857e-01
1.001658396972088028e+00
1.019713525297240908e+00
9.709646788193283529e-01
1.019312300223348622e+00
1.003463909804603427e+00
1.041580291824370397e+00
9.984485963809497377e-01
1.017506787390833223e+00
9.992510465287343102e-01
9.974455336962190222e-01
1.007877385617418575e+00
1.004065747415441745e+00
1.006673710395741717e+00
9.990504339917881671e-01
1.002460847119872600e+00
9.922296077356194122e-01
9.799922429819046821e-01
1.006071872784903176e+00
9.836032686469352582e-01
9.970443086223267359e-01
1.025330676331732915e+00
9.886185820705888361e-01
1.003865134878495713e+00
1.009482285912987498e+00
1.010485348597718325e+00
1.006272485321849430e+00
1.013293924114964328e+00
9.990504339917881671e-01
9.948375707159192727e-01
1.003865134878495713e+00
1.006272485321849430e+00
1.005670647711010890e+00
1.017105562316940937e+00
1.010284736060772071e+00
1.025330676331732915e+00
1.013293924114964328e+00
1.010886573671610611e+00
1.002661459656818854e+00
9.954394083267577020e-01
1.008278610691310861e+00
1.008479223228256894e+00
9.990504339917881671e-01
9.944363456420269864e-01
9.958406334006499883e-01

# time bin value
-1.000000000000000000e+02
-9.900000000000000000e+01
-9.800000000000000000e+01
-9.700000000000000000e+01
-9.600000000000000000e+01
-9.500000000000000000e+01
-9.400000000000000000e+01
-9.300000000000000000e+01
-9.200000000000000000e+01
-9.100000000000000000e+01
-9.000000000000000000e+01
-8.900000000000000000e+01
-8.800000000000000000e+01
-8.700000000000000000e+01
-8.600000000000000000e+01
-8.500000000000000000e+01
-8.400000000000000000e+01
-8.300000000000000000e+01
-8.200000000000000000e+01
-8.100000000000000000e+01
-8.000000000000000000e+01
-7.900000000000000000e+01
-7.800000000000000000e+01
-7.700000000000000000e+01
-7.600000000000000000e+01
-7.500000000000000000e+01
-7.400000000000000000e+01
-7.300000000000000000e+01
-7.200000000000000000e+01
-7.100000000000000000e+01
-7.000000000000000000e+01
-6.900000000000000000e+01
-6.800000000000000000e+01
-6.700000000000000000e+01
-6.600000000000000000e+01
-6.500000000000000000e+01
-6.400000000000000000e+01
-6.300000000000000000e+01
-6.200000000000000000e+01
-6.100000000000000000e+01
-6.000000000000000000e+01
-5.900000000000000000e+01
-5.800000000000000000e+01
-5.700000000000000000e+01
-5.600000000000000000e+01
-5.500000000000000000e+01
-5.400000000000000000e+01
-5.300000000000000000e+01
-5.200000000000000000e+01
-5.100000000000000000e+01
-5.000000000000000000e+01
-4.900000000000000000e+01
-4.800000000000000000e+01
-4.700000000000000000e+01
-4.600000000000000000e+01
-4.500000000000000000e+01
-4.400000000000000000e+01
-4.300000000000000000e+01
-4.200000000000000000e+01
-4.100000000000000000e+01
-4.000000000000000000e+01
-3.900000000000000000e+01
-3.800000000000000000e+01
-3.700000000000000000e+01
-3.600000000000000000e+01
-3.500000000000000000e+01
-3.400000000000000000e+01
-3.300000000000000000e+01
-3.200000000000000000e+01
-3.100000000000000000e+01
-3.000000000000000000e+01
-2.900000000000000000e+01
-2.800000000000000000e+01
-2.700000000000000000e+01
-2.600000000000000000e+01
-2.500000000000000000e+01
-2.400000000000000000e+01
-2.300000000000000000e+01
-2.200000000000000000e+01
-2.100000000000000000e+01
-2.000000000000000000e+01
-1.900000000000000000e+01
-1.800000000000000000e+01
-1.700000000000000000e+01
-1.600000000000000000e+01
-1.500000000000000000e+01
-1.400000000000000000e+01
-1.300000000000000000e+01
-1.200000000000000000e+01
-1.100000000000000000e+01
-1.000000000000000000e+01
-9.000000000000000000e+00
-8.000000000000000000e+00
-7.000000000000000000e+00
-6.000000000000000000e+00
-5.000000000000000000e+00
-4.000000000000000000e+00
-3.000000000000000000e+00
-2.000000000000000000e+00
-1.000000000000000000e+00
0.000000000000000000e+00
1.000000000000000000e+00
2.000000000000000000e+00
3.000000000000000000e+00
4.000000000000000000e+00
5.000000000000000000e+00
6.000000000000000000e+00
7.000000000000000000e+00
8.000000000000000000e+00
9.000000000000000000e+00
1.000000000000000000e+01
1.100000000000000000e+01
1.200000000000000000e+01
1.300000000000000000e+01
1.400000000000000000e+01
1.500000000000000000e+01
1.600000000000000000e+01
1.700000000000000000e+01
1.800000000000000000e+01
1.900000000000000000e+01
2.000000000000000000e+01
2.100000000000000000e+01
2.200000000000000000e+01
2.300000000000000000e+01
2.400000000000000000e+01
2.500000000000000000e+01
2.600000000000000000e+01
2.700000000000000000e+01
2.800000000000000000e+01
2.900000000000000000e+01
3.000000000000000000e+01
3.100000000000000000e+01
3.200000000000000000e+01
3.300000000000000000e+01
3.400000000000000000e+01
3.500000000000000000e+01
3.600000000000000000e+01
3.700000000000000000e+01
3.800000000000000000e+01
3.900000000000000000e+01
4.000000000000000000e+01
4.100000000000000000e+01
4.200000000000000000e+01
4.300000000000000000e+01
4.400000000000000000e+01
4.500000000000000000e+01
4.600000000000000000e+01
4.700000000000000000e+01
4.800000000000000000e+01
4.900000000000000000e+01
5.000000000000000000e+01
5.100000000000000000e+01
5.200000000000000000e+01
5.300000000000000000e+01
5.400000000000000000e+01
5.500000000000000000e+01
5.600000000000000000e+01
5.700000000000000000e+01
5.800000000000000000e+01
5.900000000000000000e+01
6.000000000000000000e+01
6.100000000000000000e+01
6.200000000000000000e+01
6.300000000000000000e+01
6.400000000000000000e+01
6.500000000000000000e+01
6.600000000000000000e+01
6.700000000000000000e+01
6.800000000000000000e+01
6.900000000000000000e+01
7.000000000000000000e+01
7.100000000000000000e+01
7.200000000000000000e+01
7.300000000000000000e+01
7.400000000000000000e+01
7.500000000000000000e+01
7.600000000000000000e+01
7.700000000000000000e+01
7.800000000000000000e+01
7.900000000000000000e+01
8.000000000000000000e+01
8.100000000000000000e+01
8.200000000000000000e+01
8.300000000000000000e+01
8.400000000000000000e+01
8.500000000000000000e+01
8.600000000000000000e+01
8.700000000000000000e+01
8.800000000000000000e+01
8.900000000000000000e+01
9.000000000000000000e+01
9.100000000000000000e+01
9.200000000000000000e+01
9.300000000000000000e+01
9.400000000000000000e+01
9.500000000000000000e+01
9.600000000000000000e+01
9.700000000000000000e+01
9.800000000000000000e+01
9.900000000000000000e+01
