single photon fraction:    1.0000
laser fraction:    0.0000
thermal source fraction:    0.0000
non-detected fraction:    0.0000
number of bins:  200.0000
bin width (ns):    1.0000
average detection events per bin: 5000.0000

# binary result
1.000000000000000000e+00

# g2 signal
1.011896759642916699e+00
1.017515064078768683e+00
9.741738584307674254e-01
1.004271917908545975e+00
1.012900028292175847e+00
9.970483836338791539e-01
1.017916371538472253e+00
1.018117025268324261e+00
9.910287717383234884e-01
1.015709180510101950e+00
9.850091598427677120e-01
1.027146443111657703e+00
9.783875867576564689e-01
9.876176583308419188e-01
1.007081070126472078e+00
9.910287717383234884e-01
1.005475840287657130e+00
9.793908554069157280e-01
9.717660136725451148e-01
9.898248493592123332e-01
1.022932714784768660e+00
1.025139905813139185e+00
1.005074532827953560e+00
9.858117747621751858e-01
1.039586974362472827e+00
9.864137359517307635e-01
9.813973927054342461e-01
9.996568821219533607e-01
9.735718972412118477e-01
9.741738584307674254e-01
1.014103950671287002e+00
1.031360171438546747e+00
1.008485646235435018e+00
1.029955595329583806e+00
9.968477299040273687e-01
9.990549209323977831e-01
1.001864073150323664e+00
1.029754941599732021e+00
1.014505258130990795e+00
1.014906565590694365e+00
1.008886953695138811e+00
1.015307873050398157e+00
9.846078523830640306e-01
1.022732061054916874e+00
9.844071986532121343e-01
1.029353634140028229e+00
1.014906565590694365e+00
1.016712449159361098e+00
9.956438075249162134e-01
9.757790882695822621e-01
9.954431537950643172e-01
1.002666688069731249e+00
1.004673225368249767e+00
1.001462765690620094e+00
1.003268649259286827e+00
1.009488914884694388e+00
1.011696105913064692e+00
9.860124284920269710e-01
9.942392314159531619e-01
9.958444612547679986e-01
1.016712449159361098e+00
9.956438075249162134e-01
9.669503241561006046e-01
1.006679762666768285e+00
1.013100682022027854e+00
1.017515064078768683e+00
1.022932714784768660e+00
9.840058911935084529e-01
9.936372702263975842e-01
1.025139905813139185e+00
9.990549209323977831e-01
1.033968669926620843e+00
1.038784359443065464e+00
1.008284992505583233e+00
1.002265380610027456e+00
1.001864073150323664e+00
9.944398851458050581e-01
1.018919640187731623e+00
9.892228881696567555e-01
1.012900028292175847e+00
9.974496910935828353e-01
9.970483836338791539e-01
1.014103950671287002e+00
1.015307873050398157e+00
9.970483836338791539e-01
9.922326941174346437e-01
1.039787628092324834e+00
9.886209269801011779e-01
9.944398851458050581e-01
1.011294798453361121e+00
1.017916371538472253e+00
9.830026225442491938e-01
1.004071264178694189e+00
1.014705911860842580e+00
9.876176583308419188e-01
9.994562283921014645e-01
9.741738584307674254e-01
9.529045630664705335e-01
1.008284992505583233e+00
1.004873879098101552e+00
0.000000000000000000e+00
1.011094144723509114e+00
1.000058189581656931e+00
1.022531407325065089e+00
9.974496910935828353e-01
9.892228881696567555e-01
1.024136637163879815e+00
9.781869330278045727e-01
1.003067995529434819e+00
1.002265380610027456e+00
9.958444612547679986e-01
9.781869330278045727e-01
1.017715717808620468e+00
1.026945789381805918e+00
1.029955595329583806e+00
9.954431537950643172e-01
9.870156971412863411e-01
1.008686299965286803e+00
1.018518332728027831e+00
1.013501989481731425e+00
9.838052374636565567e-01
1.020524870026546571e+00
9.902261568189160146e-01
1.022932714784768660e+00
9.741738584307674254e-01
1.005475840287657130e+00
9.934366164965456880e-01
1.018117025268324261e+00
1.037781090793806316e+00
1.000058189581656931e+00
1.004472571638397982e+00
9.976503448234347315e-01
9.896241956293604369e-01
9.922326941174346437e-01
9.860124284920269710e-01
1.003469302989138612e+00
1.020926177486250142e+00
9.918313866577308513e-01
1.015107219320546372e+00
9.878183120606937040e-01
1.001262111960768086e+00
9.924333478472864289e-01
1.029955595329583806e+00
1.001061458230916301e+00
9.886209269801011779e-01
1.018718986457879838e+00
9.900255030890641184e-01
9.940385776861012657e-01
9.964464224443235763e-01
1.005475840287657130e+00
9.886209269801011779e-01
1.005074532827953560e+00
1.007883685045879441e+00
9.826013150845454014e-01
1.019521601377287201e+00
1.003870610448842404e+00
1.019922908836990993e+00
9.838052374636565567e-01
1.015909834239953735e+00
1.010692837263805544e+00
1.007482377586175648e+00
9.860124284920269710e-01
1.020725523756398356e+00
1.014505258130990795e+00
9.916307329278790661e-01
1.011094144723509114e+00
1.012900028292175847e+00
1.004071264178694189e+00
9.966470761741754725e-01
1.004472571638397982e+00
9.970483836338791539e-01
9.902261568189160146e-01
9.860124284920269710e-01
1.019922908836990993e+00
9.880189657905456002e-01
9.938379239562494805e-01
1.007081070126472078e+00
9.962457687144717910e-01
9.952425000652124210e-01
9.986536134726939906e-01
1.016511795429509313e+00
9.932359627666939028e-01
9.856111210323232896e-01
1.001061458230916301e+00
1.004271917908545975e+00
1.042797434040102722e+00
9.986536134726939906e-01
1.007281723856323863e+00
1.023534675974324237e+00
9.936372702263975842e-01
1.002666688069731249e+00
1.000459497041360724e+00
1.000660150771212509e+00
9.950418463353606358e-01
1.022330753595213304e+00
9.974496910935828353e-01
1.001462765690620094e+00
1.022732061054916874e+00
1.018718986457879838e+00
1.018718986457879838e+00

# time bin value
-1.000000000000000000e+02
-9.900000000000000000e+01
-9.800000000000000000e+01
-9.700000000000000000e+01
-9.600000000000000000e+01
-9.500000000000000000e+01
-9.400000000000000000e+01
-9.300000000000000000e+01
-9.200000000000000000e+01
-9.100000000000000000e+01
-9.000000000000000000e+01
-8.900000000000000000e+01
-8.800000000000000000e+01
-8.700000000000000000e+01
-8.600000000000000000e+01
-8.500000000000000000e+01
-8.400000000000000000e+01
-8.300000000000000000e+01
-8.200000000000000000e+01
-8.100000000000000000e+01
-8.000000000000000000e+01
-7.900000000000000000e+01
-7.800000000000000000e+01
-7.700000000000000000e+01
-7.600000000000000000e+01
-7.500000000000000000e+01
-7.400000000000000000e+01
-7.300000000000000000e+01
-7.200000000000000000e+01
-7.100000000000000000e+01
-7.000000000000000000e+01
-6.900000000000000000e+01
-6.800000000000000000e+01
-6.700000000000000000e+01
-6.600000000000000000e+01
-6.500000000000000000e+01
-6.400000000000000000e+01
-6.300000000000000000e+01
-6.200000000000000000e+01
-6.100000000000000000e+01
-6.000000000000000000e+01
-5.900000000000000000e+01
-5.800000000000000000e+01
-5.700000000000000000e+01
-5.600000000000000000e+01
-5.500000000000000000e+01
-5.400000000000000000e+01
-5.300000000000000000e+01
-5.200000000000000000e+01
-5.100000000000000000e+01
-5.000000000000000000e+01
-4.900000000000000000e+01
-4.800000000000000000e+01
-4.700000000000000000e+01
-4.600000000000000000e+01
-4.500000000000000000e+01
-4.400000000000000000e+01
-4.300000000000000000e+01
-4.200000000000000000e+01
-4.100000000000000000e+01
-4.000000000000000000e+01
-3.900000000000000000e+01
-3.800000000000000000e+01
-3.700000000000000000e+01
-3.600000000000000000e+01
-3.500000000000000000e+01
-3.400000000000000000e+01
-3.300000000000000000e+01
-3.200000000000000000e+01
-3.100000000000000000e+01
-3.000000000000000000e+01
-2.900000000000000000e+01
-2.800000000000000000e+01
-2.700000000000000000e+01
-2.600000000000000000e+01
-2.500000000000000000e+01
-2.400000000000000000e+01
-2.300000000000000000e+01
-2.200000000000000000e+01
-2.100000000000000000e+01
-2.000000000000000000e+01
-1.900000000000000000e+01
-1.800000000000000000e+01
-1.700000000000000000e+01
-1.600000000000000000e+01
-1.500000000000000000e+01
-1.400000000000000000e+01
-1.300000000000000000e+01
-1.200000000000000000e+01
-1.100000000000000000e+01
-1.000000000000000000e+01
-9.000000000000000000e+00
-8.000000000000000000e+00
-7.000000000000000000e+00
-6.000000000000000000e+00
-5.000000000000000000e+00
-4.000000000000000000e+00
-3.000000000000000000e+00
-2.000000000000000000e+00
-1.000000000000000000e+00
0.000000000000000000e+00
1.000000000000000000e+00
2.000000000000000000e+00
3.000000000000000000e+00
4.000000000000000000e+00
5.000000000000000000e+00
6.000000000000000000e+00
7.000000000000000000e+00
8.000000000000000000e+00
9.000000000000000000e+00
1.000000000000000000e+01
1.100000000000000000e+01
1.200000000000000000e+01
1.300000000000000000e+01
1.400000000000000000e+01
1.500000000000000000e+01
1.600000000000000000e+01
1.700000000000000000e+01
1.800000000000000000e+01
1.900000000000000000e+01
2.000000000000000000e+01
2.100000000000000000e+01
2.200000000000000000e+01
2.300000000000000000e+01
2.400000000000000000e+01
2.500000000000000000e+01
2.600000000000000000e+01
2.700000000000000000e+01
2.800000000000000000e+01
2.900000000000000000e+01
3.000000000000000000e+01
3.100000000000000000e+01
3.200000000000000000e+01
3.300000000000000000e+01
3.400000000000000000e+01
3.500000000000000000e+01
3.600000000000000000e+01
3.700000000000000000e+01
3.800000000000000000e+01
3.900000000000000000e+01
4.000000000000000000e+01
4.100000000000000000e+01
4.200000000000000000e+01
4.300000000000000000e+01
4.400000000000000000e+01
4.500000000000000000e+01
4.600000000000000000e+01
4.700000000000000000e+01
4.800000000000000000e+01
4.900000000000000000e+01
5.000000000000000000e+01
5.100000000000000000e+01
5.200000000000000000e+01
5.300000000000000000e+01
5.400000000000000000e+01
5.500000000000000000e+01
5.600000000000000000e+01
5.700000000000000000e+01
5.800000000000000000e+01
5.900000000000000000e+01
6.000000000000000000e+01
6.100000000000000000e+01
6.200000000000000000e+01
6.300000000000000000e+01
6.400000000000000000e+01
6.500000000000000000e+01
6.600000000000000000e+01
6.700000000000000000e+01
6.800000000000000000e+01
6.900000000000000000e+01
7.000000000000000000e+01
7.100000000000000000e+01
7.200000000000000000e+01
7.300000000000000000e+01
7.400000000000000000e+01
7.500000000000000000e+01
7.600000000000000000e+01
7.700000000000000000e+01
7.800000000000000000e+01
7.900000000000000000e+01
8.000000000000000000e+01
8.100000000000000000e+01
8.200000000000000000e+01
8.300000000000000000e+01
8.400000000000000000e+01
8.500000000000000000e+01
8.600000000000000000e+01
8.700000000000000000e+01
8.800000000000000000e+01
8.900000000000000000e+01
9.000000000000000000e+01
9.100000000000000000e+01
9.200000000000000000e+01
9.300000000000000000e+01
9.400000000000000000e+01
9.500000000000000000e+01
9.600000000000000000e+01
9.700000000000000000e+01
9.800000000000000000e+01
9.900000000000000000e+01
