single photon fraction:    1.0000
laser fraction:    0.0000
thermal source fraction:    0.0000
non-detected fraction:    0.0000
number of bins:  200.0000
bin width (ns):    1.0000
average detection events per bin: 5000.0000

# binary result
1.000000000000000000e+00

# g2 signal
9.644457195824412965e-01
1.015005387012184457e+00
1.002766737356572069e+00
1.013600951805802675e+00
1.013199684603979467e+00
1.005575607769335633e+00
1.006980042975717415e+00
1.000359134145631934e+00
1.002164836553836924e+00
9.877192172881961163e-01
1.025237700658680140e+00
9.939388589164581678e-01
9.937382253155464529e-01
1.011995882998509177e+00
1.009588279787569043e+00
9.885217516918428649e-01
1.000760401347455364e+00
9.917318893064297480e-01
9.955439277237515538e-01
1.006779409374805700e+00
1.001562935751102001e+00
1.008183844581187483e+00
1.007381310177540623e+00
9.814995756599340648e-01
1.012999051003067752e+00
9.991553325401618668e-01
9.746780332289369797e-01
1.005776241370247126e+00
1.030654807883295332e+00
1.019218692631329803e+00
1.039282052722497740e+00
1.010390814191215902e+00
1.018014891025859736e+00
1.010992714993950825e+00
1.019820593434064726e+00
1.005776241370247126e+00
1.012196516599420892e+00
1.007581943778452338e+00
9.817002092608457797e-01
1.005374974168423918e+00
1.011393982195774255e+00
9.957445613246632687e-01
9.937382253155464529e-01
9.845090796736092331e-01
1.000359134145631934e+00
1.004973706966600488e+00
9.985534317374268332e-01
1.020021227034976441e+00
1.002365470154748639e+00
9.923337901091647817e-01
1.007180676576628908e+00
1.023231364649563213e+00
9.817002092608457797e-01
1.003970538962042136e+00
1.015807921415831094e+00
1.005575607769335633e+00
9.917318893064297480e-01
9.925344237100763856e-01
9.903274541000479658e-01
1.028648471874178627e+00
1.006578775773893986e+00
1.015807921415831094e+00
1.013199684603979467e+00
1.030855441484207047e+00
1.000158500544720219e+00
1.017814257424948021e+00
9.708659948116150629e-01
1.008785745383922405e+00
1.017613623824036306e+00
9.977508973337800846e-01
9.891236524945778985e-01
1.007180676576628908e+00
1.008785745383922405e+00
1.009387646186657550e+00
1.005776241370247126e+00
9.812989420590223499e-01
1.014002219007626104e+00
1.004973706966600488e+00
1.024435166255033280e+00
1.006980042975717415e+00
1.018817425429506374e+00
1.014403486209449534e+00
1.046705495956229859e+00
9.955439277237515538e-01
9.800951404535522826e-01
1.023431998250474928e+00
9.993559661410734707e-01
1.006578775773893986e+00
1.010190180590304188e+00
9.865154156827260490e-01
9.983527981365151183e-01
9.788913388480822153e-01
1.020823761438623078e+00
1.013199684603979467e+00
9.953432941228399500e-01
9.869166828845493677e-01
9.925344237100763856e-01
1.012999051003067752e+00
1.017212356622212877e+00
1.013801585406714389e+00
0.000000000000000000e+00
9.903274541000479658e-01
1.011995882998509177e+00
9.690602924034099619e-01
1.000961034948366857e+00
9.919325229073413519e-01
9.744773996280252648e-01
9.672545899952048609e-01
1.002766737356572069e+00
1.010792081393039110e+00
1.027444670268708560e+00
9.955439277237515538e-01
1.024234532654121788e+00
9.817002092608457797e-01
1.000760401347455364e+00
1.016008555016742809e+00
1.019820593434064726e+00
1.005174340567512203e+00
1.028648471874178627e+00
1.006177508572070556e+00
9.905280877009595697e-01
9.853116140772559817e-01
1.003769905361130421e+00
1.008986378984834120e+00
9.608343147660310946e-01
1.008986378984834120e+00
9.997572333428969005e-01
1.002766737356572069e+00
1.009989546989392473e+00
9.977508973337800846e-01
1.002766737356572069e+00
9.766843692380537956e-01
9.931363245128114192e-01
1.017412990223124591e+00
9.825027436644924173e-01
9.762831020362303658e-01
1.008384478182098976e+00
9.865154156827260490e-01
1.025037067057768425e+00
9.929356909118998153e-01
1.000359134145631934e+00
1.016008555016742809e+00
9.975502637328683697e-01
1.022027563044093146e+00
9.772862700407888292e-01
9.762831020362303658e-01
9.869166828845493677e-01
1.026842769465973637e+00
9.885217516918428649e-01
1.011995882998509177e+00
1.023632631851386643e+00
1.006980042975717415e+00
1.009588279787569043e+00
1.016610455819477954e+00
1.027244036667796845e+00
9.993559661410734707e-01
1.003769905361130421e+00
1.005776241370247126e+00
1.033463678296058896e+00
1.017212356622212877e+00
1.002164836553836924e+00
9.899261868982245360e-01
9.989546989392501519e-01
9.963464621273983024e-01
1.000359134145631934e+00
9.981521645356034034e-01
9.929356909118998153e-01
9.993559661410734707e-01
9.786907052471706114e-01
9.857128812790793004e-01
1.011594615796685970e+00
1.007581943778452338e+00
9.925344237100763856e-01
1.015206020613096172e+00
1.016409822218566239e+00
1.015807921415831094e+00
9.814995756599340648e-01
1.015406654214007887e+00
1.002967370957483784e+00
9.945407597191932014e-01
1.002766737356572069e+00
1.013400318204890960e+00
1.000961034948366857e+00
1.007782577379364053e+00
9.953432941228399500e-01
1.009387646186657550e+00
9.953432941228399500e-01
9.957445613246632687e-01
1.012999051003067752e+00
1.013600951805802675e+00
9.905280877009595697e-01
1.010190180590304188e+00
9.909293549027829995e-01
9.975502637328683697e-01
1.012196516599420892e+00
1.019820593434064726e+00
9.806970412562873163e-01
1.009387646186657550e+00
9.941394925173698827e-01
1.006779409374805700e+00

# time bin value
-1.000000000000000000e+02
-9.900000000000000000e+01
-9.800000000000000000e+01
-9.700000000000000000e+01
-9.600000000000000000e+01
-9.500000000000000000e+01
-9.400000000000000000e+01
-9.300000000000000000e+01
-9.200000000000000000e+01
-9.100000000000000000e+01
-9.000000000000000000e+01
-8.900000000000000000e+01
-8.800000000000000000e+01
-8.700000000000000000e+01
-8.600000000000000000e+01
-8.500000000000000000e+01
-8.400000000000000000e+01
-8.300000000000000000e+01
-8.200000000000000000e+01
-8.100000000000000000e+01
-8.000000000000000000e+01
-7.900000000000000000e+01
-7.800000000000000000e+01
-7.700000000000000000e+01
-7.600000000000000000e+01
-7.500000000000000000e+01
-7.400000000000000000e+01
-7.300000000000000000e+01
-7.200000000000000000e+01
-7.100000000000000000e+01
-7.000000000000000000e+01
-6.900000000000000000e+01
-6.800000000000000000e+01
-6.700000000000000000e+01
-6.600000000000000000e+01
-6.500000000000000000e+01
-6.400000000000000000e+01
-6.300000000000000000e+01
-6.200000000000000000e+01
-6.100000000000000000e+01
-6.000000000000000000e+01
-5.900000000000000000e+01
-5.800000000000000000e+01
-5.700000000000000000e+01
-5.600000000000000000e+01
-5.500000000000000000e+01
-5.400000000000000000e+01
-5.300000000000000000e+01
-5.200000000000000000e+01
-5.100000000000000000e+01
-5.000000000000000000e+01
-4.900000000000000000e+01
-4.800000000000000000e+01
-4.700000000000000000e+01
-4.600000000000000000e+01
-4.500000000000000000e+01
-4.400000000000000000e+01
-4.300000000000000000e+01
-4.200000000000000000e+01
-4.100000000000000000e+01
-4.000000000000000000e+01
-3.900000000000000000e+01
-3.800000000000000000e+01
-3.700000000000000000e+01
-3.600000000000000000e+01
-3.500000000000000000e+01
-3.400000000000000000e+01
-3.300000000000000000e+01
-3.200000000000000000e+01
-3.100000000000000000e+01
-3.000000000000000000e+01
-2.900000000000000000e+01
-2.800000000000000000e+01
-2.700000000000000000e+01
-2.600000000000000000e+01
-2.500000000000000000e+01
-2.400000000000000000e+01
-2.300000000000000000e+01
-2.200000000000000000e+01
-2.100000000000000000e+01
-2.000000000000000000e+01
-1.900000000000000000e+01
-1.800000000000000000e+01
-1.700000000000000000e+01
-1.600000000000000000e+01
-1.500000000000000000e+01
-1.400000000000000000e+01
-1.300000000000000000e+01
-1.200000000000000000e+01
-1.100000000000000000e+01
-1.000000000000000000e+01
-9.000000000000000000e+00
-8.000000000000000000e+00
-7.000000000000000000e+00
-6.000000000000000000e+00
-5.000000000000000000e+00
-4.000000000000000000e+00
-3.000000000000000000e+00
-2.000000000000000000e+00
-1.000000000000000000e+00
0.000000000000000000e+00
1.000000000000000000e+00
2.000000000000000000e+00
3.000000000000000000e+00
4.000000000000000000e+00
5.000000000000000000e+00
6.000000000000000000e+00
7.000000000000000000e+00
8.000000000000000000e+00
9.000000000000000000e+00
1.000000000000000000e+01
1.100000000000000000e+01
1.200000000000000000e+01
1.300000000000000000e+01
1.400000000000000000e+01
1.500000000000000000e+01
1.600000000000000000e+01
1.700000000000000000e+01
1.800000000000000000e+01
1.900000000000000000e+01
2.000000000000000000e+01
2.100000000000000000e+01
2.200000000000000000e+01
2.300000000000000000e+01
2.400000000000000000e+01
2.500000000000000000e+01
2.600000000000000000e+01
2.700000000000000000e+01
2.800000000000000000e+01
2.900000000000000000e+01
3.000000000000000000e+01
3.100000000000000000e+01
3.200000000000000000e+01
3.300000000000000000e+01
3.400000000000000000e+01
3.500000000000000000e+01
3.600000000000000000e+01
3.700000000000000000e+01
3.800000000000000000e+01
3.900000000000000000e+01
4.000000000000000000e+01
4.100000000000000000e+01
4.200000000000000000e+01
4.300000000000000000e+01
4.400000000000000000e+01
4.500000000000000000e+01
4.600000000000000000e+01
4.700000000000000000e+01
4.800000000000000000e+01
4.900000000000000000e+01
5.000000000000000000e+01
5.100000000000000000e+01
5.200000000000000000e+01
5.300000000000000000e+01
5.400000000000000000e+01
5.500000000000000000e+01
5.600000000000000000e+01
5.700000000000000000e+01
5.800000000000000000e+01
5.900000000000000000e+01
6.000000000000000000e+01
6.100000000000000000e+01
6.200000000000000000e+01
6.300000000000000000e+01
6.400000000000000000e+01
6.500000000000000000e+01
6.600000000000000000e+01
6.700000000000000000e+01
6.800000000000000000e+01
6.900000000000000000e+01
7.000000000000000000e+01
7.100000000000000000e+01
7.200000000000000000e+01
7.300000000000000000e+01
7.400000000000000000e+01
7.500000000000000000e+01
7.600000000000000000e+01
7.700000000000000000e+01
7.800000000000000000e+01
7.900000000000000000e+01
8.000000000000000000e+01
8.100000000000000000e+01
8.200000000000000000e+01
8.300000000000000000e+01
8.400000000000000000e+01
8.500000000000000000e+01
8.600000000000000000e+01
8.700000000000000000e+01
8.800000000000000000e+01
8.900000000000000000e+01
9.000000000000000000e+01
9.100000000000000000e+01
9.200000000000000000e+01
9.300000000000000000e+01
9.400000000000000000e+01
9.500000000000000000e+01
9.600000000000000000e+01
9.700000000000000000e+01
9.800000000000000000e+01
9.900000000000000000e+01
