single photon fraction:    1.0000
laser fraction:    0.0000
thermal source fraction:    0.0000
non-detected fraction:    0.0000
number of bins:  200.0000
bin width (ns):    1.0000
average detection events per bin: 5000.0000

# binary result
1.000000000000000000e+00

# g2 signal
9.881674059251253084e-01
9.925815547434710950e-01
1.009636220632534220e+00
1.004820785557975160e+00
9.947886291526439884e-01
9.801416808008603931e-01
9.915783391029379112e-01
9.949892722807505141e-01
1.014050369450879785e+00
1.007429146223361327e+00
1.013849726322773259e+00
1.005222071814188434e+00
1.015053585091413080e+00
9.857596883878458893e-01
1.009836863760640746e+00
1.014852941963306332e+00
9.775333201354742263e-01
9.994034210990963008e-01
1.000005350483416100e+00
1.014852941963306332e+00
9.911770528467247487e-01
9.911770528467247487e-01
1.008633004992000926e+00
9.943873428964307148e-01
1.009034291248214199e+00
1.019066447653545593e+00
1.011241365657387092e+00
1.025085741496744252e+00
1.019066447653545593e+00
1.010840079401173819e+00
9.943873428964307148e-01
9.855590452597392526e-01
1.020270306422185191e+00
9.959924879212836979e-01
9.965944173056036082e-01
1.023480596471891158e+00
1.021072878934611738e+00
1.017461302628692499e+00
1.020872235806505213e+00
9.933841272558975311e-01
1.013247796938453460e+00
1.010438793144960545e+00
9.893712646937651289e-01
9.927821978715777318e-01
1.002814354276909015e+00
1.004419499301761887e+00
9.945879860245373516e-01
1.004620142429868634e+00
1.003416283661228814e+00
9.957918447931770611e-01
1.002613711148802267e+00
1.011241365657387092e+00
9.881674059251253084e-01
1.008432361863894400e+00
1.013649083194666733e+00
1.018263875141119046e+00
1.016859373244372700e+00
1.018665161397332319e+00
9.831513277224597225e-01
1.022878667087571358e+00
9.881674059251253084e-01
1.023881882728104431e+00
1.003014997405015540e+00
9.943873428964307148e-01
1.016458086988159426e+00
1.019467733909758644e+00
1.001811138636375720e+00
1.033512752877222551e+00
1.009836863760640746e+00
9.855590452597392526e-01
9.827500414662464490e-01
9.887693353094452187e-01
1.008432361863894400e+00
9.994034210990963008e-01
9.998047073553095743e-01
9.763294613668345168e-01
9.803423239289670299e-01
1.015254228219519606e+00
1.007830432479574601e+00
9.717146694203820934e-01
1.009435577504427473e+00
9.719153125484887301e-01
1.000005350483416100e+00
1.011442008785493840e+00
1.013448440066559986e+00
1.004419499301761887e+00
1.036723042926928517e+00
1.006626573710934780e+00
1.029098604058876765e+00
1.012645867554133439e+00
9.919796253591511848e-01
1.010238150016854020e+00
1.002212424892588993e+00
1.020069663294078666e+00
1.020270306422185191e+00
1.009234934376320947e+00
1.002011781764482468e+00
1.032308894108582731e+00
1.010639436273067293e+00
9.853584021316326158e-01
0.000000000000000000e+00
1.010438793144960545e+00
9.943873428964307148e-01
9.921802684872578215e-01
9.967950604337101339e-01
9.955912016650704244e-01
1.003215640533122066e+00
1.021072878934611738e+00
9.831513277224597225e-01
9.981995623304565912e-01
9.919796253591511848e-01
1.013448440066559986e+00
1.014050369450879785e+00
1.017060016372479225e+00
9.935847703840041678e-01
1.007027859967148053e+00
9.984002054585632280e-01
1.007027859967148053e+00
9.929828409996843686e-01
1.025085741496744252e+00
1.016056800731946153e+00
1.000205993611522848e+00
9.953905585369637876e-01
1.007429146223361327e+00
1.014652298835199806e+00
9.921802684872578215e-01
9.959924879212836979e-01
9.715140262922754566e-01
1.011040722529280567e+00
1.001811138636375720e+00
9.829506845943530857e-01
1.014652298835199806e+00
9.977982760742433177e-01
9.867629040283789621e-01
9.889699784375518554e-01
9.951899154088571509e-01
1.009435577504427473e+00
1.000406636739629374e+00
1.000205993611522848e+00
9.811448964413934659e-01
9.977982760742433177e-01
9.903744803342982017e-01
9.793391082884338461e-01
1.022477380831358085e+00
1.000607279867736121e+00
9.705108106517423838e-01
1.005222071814188434e+00
1.015655514475732879e+00
1.003215640533122066e+00
9.877661196689120349e-01
9.945879860245373516e-01
1.025487027752957525e+00
9.887693353094452187e-01
9.996040642272029375e-01
9.971963466899234074e-01
1.012846510682240186e+00
9.941866997683240781e-01
1.018665161397332319e+00
1.016859373244372700e+00
1.027894745290236944e+00
9.885686921813385819e-01
1.009435577504427473e+00
1.008432361863894400e+00
1.000205993611522848e+00
9.984002054585632280e-01
1.018865804525438845e+00
9.907757665905114752e-01
9.903744803342982017e-01
1.021474165190825012e+00
1.021474165190825012e+00
1.031907607852369457e+00
1.008231718735787874e+00
1.008633004992000926e+00
1.021875451447038285e+00
1.005824001198508233e+00
9.943873428964307148e-01
9.979989192023499545e-01
1.015856157603839405e+00
9.717146694203820934e-01
9.905751234624048385e-01
1.008031075607681126e+00
1.006626573710934780e+00
1.008633004992000926e+00
1.017862588884905772e+00
1.004820785557975160e+00
1.003416283661228814e+00
9.905751234624048385e-01
9.913776959748312745e-01
1.004018213045548613e+00
9.855590452597392526e-01
1.012846510682240186e+00
1.020470949550291939e+00
1.016458086988159426e+00
1.011642651913600366e+00
9.931834841277908943e-01
9.847564727473127055e-01
9.951899154088571509e-01
9.885686921813385819e-01
1.008031075607681126e+00
9.891706215656584922e-01

# time bin value
-1.000000000000000000e+02
-9.900000000000000000e+01
-9.800000000000000000e+01
-9.700000000000000000e+01
-9.600000000000000000e+01
-9.500000000000000000e+01
-9.400000000000000000e+01
-9.300000000000000000e+01
-9.200000000000000000e+01
-9.100000000000000000e+01
-9.000000000000000000e+01
-8.900000000000000000e+01
-8.800000000000000000e+01
-8.700000000000000000e+01
-8.600000000000000000e+01
-8.500000000000000000e+01
-8.400000000000000000e+01
-8.300000000000000000e+01
-8.200000000000000000e+01
-8.100000000000000000e+01
-8.000000000000000000e+01
-7.900000000000000000e+01
-7.800000000000000000e+01
-7.700000000000000000e+01
-7.600000000000000000e+01
-7.500000000000000000e+01
-7.400000000000000000e+01
-7.300000000000000000e+01
-7.200000000000000000e+01
-7.100000000000000000e+01
-7.000000000000000000e+01
-6.900000000000000000e+01
-6.800000000000000000e+01
-6.700000000000000000e+01
-6.600000000000000000e+01
-6.500000000000000000e+01
-6.400000000000000000e+01
-6.300000000000000000e+01
-6.200000000000000000e+01
-6.100000000000000000e+01
-6.000000000000000000e+01
-5.900000000000000000e+01
-5.800000000000000000e+01
-5.700000000000000000e+01
-5.600000000000000000e+01
-5.500000000000000000e+01
-5.400000000000000000e+01
-5.300000000000000000e+01
-5.200000000000000000e+01
-5.100000000000000000e+01
-5.000000000000000000e+01
-4.900000000000000000e+01
-4.800000000000000000e+01
-4.700000000000000000e+01
-4.600000000000000000e+01
-4.500000000000000000e+01
-4.400000000000000000e+01
-4.300000000000000000e+01
-4.200000000000000000e+01
-4.100000000000000000e+01
-4.000000000000000000e+01
-3.900000000000000000e+01
-3.800000000000000000e+01
-3.700000000000000000e+01
-3.600000000000000000e+01
-3.500000000000000000e+01
-3.400000000000000000e+01
-3.300000000000000000e+01
-3.200000000000000000e+01
-3.100000000000000000e+01
-3.000000000000000000e+01
-2.900000000000000000e+01
-2.800000000000000000e+01
-2.700000000000000000e+01
-2.600000000000000000e+01
-2.500000000000000000e+01
-2.400000000000000000e+01
-2.300000000000000000e+01
-2.200000000000000000e+01
-2.100000000000000000e+01
-2.000000000000000000e+01
-1.900000000000000000e+01
-1.800000000000000000e+01
-1.700000000000000000e+01
-1.600000000000000000e+01
-1.500000000000000000e+01
-1.400000000000000000e+01
-1.300000000000000000e+01
-1.200000000000000000e+01
-1.100000000000000000e+01
-1.000000000000000000e+01
-9.000000000000000000e+00
-8.000000000000000000e+00
-7.000000000000000000e+00
-6.000000000000000000e+00
-5.000000000000000000e+00
-4.000000000000000000e+00
-3.000000000000000000e+00
-2.000000000000000000e+00
-1.000000000000000000e+00
0.000000000000000000e+00
1.000000000000000000e+00
2.000000000000000000e+00
3.000000000000000000e+00
4.000000000000000000e+00
5.000000000000000000e+00
6.000000000000000000e+00
7.000000000000000000e+00
8.000000000000000000e+00
9.000000000000000000e+00
1.000000000000000000e+01
1.100000000000000000e+01
1.200000000000000000e+01
1.300000000000000000e+01
1.400000000000000000e+01
1.500000000000000000e+01
1.600000000000000000e+01
1.700000000000000000e+01
1.800000000000000000e+01
1.900000000000000000e+01
2.000000000000000000e+01
2.100000000000000000e+01
2.200000000000000000e+01
2.300000000000000000e+01
2.400000000000000000e+01
2.500000000000000000e+01
2.600000000000000000e+01
2.700000000000000000e+01
2.800000000000000000e+01
2.900000000000000000e+01
3.000000000000000000e+01
3.100000000000000000e+01
3.200000000000000000e+01
3.300000000000000000e+01
3.400000000000000000e+01
3.500000000000000000e+01
3.600000000000000000e+01
3.700000000000000000e+01
3.800000000000000000e+01
3.900000000000000000e+01
4.000000000000000000e+01
4.100000000000000000e+01
4.200000000000000000e+01
4.300000000000000000e+01
4.400000000000000000e+01
4.500000000000000000e+01
4.600000000000000000e+01
4.700000000000000000e+01
4.800000000000000000e+01
4.900000000000000000e+01
5.000000000000000000e+01
5.100000000000000000e+01
5.200000000000000000e+01
5.300000000000000000e+01
5.400000000000000000e+01
5.500000000000000000e+01
5.600000000000000000e+01
5.700000000000000000e+01
5.800000000000000000e+01
5.900000000000000000e+01
6.000000000000000000e+01
6.100000000000000000e+01
6.200000000000000000e+01
6.300000000000000000e+01
6.400000000000000000e+01
6.500000000000000000e+01
6.600000000000000000e+01
6.700000000000000000e+01
6.800000000000000000e+01
6.900000000000000000e+01
7.000000000000000000e+01
7.100000000000000000e+01
7.200000000000000000e+01
7.300000000000000000e+01
7.400000000000000000e+01
7.500000000000000000e+01
7.600000000000000000e+01
7.700000000000000000e+01
7.800000000000000000e+01
7.900000000000000000e+01
8.000000000000000000e+01
8.100000000000000000e+01
8.200000000000000000e+01
8.300000000000000000e+01
8.400000000000000000e+01
8.500000000000000000e+01
8.600000000000000000e+01
8.700000000000000000e+01
8.800000000000000000e+01
8.900000000000000000e+01
9.000000000000000000e+01
9.100000000000000000e+01
9.200000000000000000e+01
9.300000000000000000e+01
9.400000000000000000e+01
9.500000000000000000e+01
9.600000000000000000e+01
9.700000000000000000e+01
9.800000000000000000e+01
9.900000000000000000e+01
