single photon fraction:    1.0000
laser fraction:    0.0000
thermal source fraction:    0.0000
non-detected fraction:    0.0000
number of bins:  200.0000
bin width (ns):    1.0000
average detection events per bin: 5000.0000

# binary result
1.000000000000000000e+00

# g2 signal
9.980518807871335829e-01
1.002863701827489518e+00
9.878267610763775686e-01
9.992548360472225388e-01
1.019304090382038508e+00
9.934405522901259555e-01
1.000658283850659691e+00
1.006472567607756385e+00
9.990543435038744535e-01
1.016898179861860596e+00
1.002061731654096732e+00
1.008076507954541512e+00
9.948440000935631078e-01
9.914356268566444363e-01
1.024917881595786895e+00
9.872252834463330906e-01
9.854208505561996567e-01
1.006472567607756385e+00
1.002863701827489518e+00
1.002663209284141210e+00
9.816114922325845926e-01
9.940420299201704335e-01
1.014893254428378855e+00
1.021509508358868112e+00
1.008477493041237905e+00
1.016096209688467811e+00
9.858218356428959384e-01
1.022311478532260898e+00
1.014492269341682684e+00
1.010081433388023253e+00
1.026521821942572243e+00
1.030331180266187197e+00
1.009479955757978775e+00
9.794060742557548771e-01
9.816114922325845926e-01
1.041558762693683970e+00
1.024717389052438810e+00
1.010883403561415816e+00
1.025519359225831373e+00
1.001861239110748647e+00
9.874257759896811759e-01
1.001259761480704169e+00
9.932400597467778702e-01
1.006873552694452556e+00
1.000858776394007776e+00
1.010281925931371338e+00
9.962474478970001490e-01
1.013890791711638206e+00
1.005670597434363600e+00
1.013289314081593728e+00
1.000056806220615213e+00
9.974504031570891049e-01
9.649706111346874060e-01
9.902326715965554804e-01
9.954454777236075858e-01
9.932400597467778702e-01
1.000457791307311606e+00
1.005670597434363600e+00
1.005269612347667429e+00
9.916361193999925217e-01
1.014091284254986292e+00
9.972499106137410196e-01
9.898316865098590878e-01
9.964479404403483453e-01
1.015695224601771640e+00
1.019304090382038508e+00
9.998563136772670168e-01
9.828144474926735485e-01
1.011484881191460294e+00
9.635671633312503648e-01
1.008878478127934297e+00
1.006472567607756385e+00
1.002061731654096732e+00
1.019304090382038508e+00
9.948440000935631078e-01
1.027724777202661199e+00
1.017299164948556767e+00
9.980518807871335829e-01
1.000056806220615213e+00
9.956459702669556711e-01
1.014291776798334377e+00
9.952449851802593894e-01
9.934405522901259555e-01
9.774011488222732469e-01
1.010281925931371338e+00
1.015494732058423333e+00
1.014091284254986292e+00
1.022110985988912590e+00
1.011885866278156465e+00
9.870247909029848943e-01
9.846188803828069824e-01
1.017700150035253159e+00
9.950444926369113041e-01
9.755967159321398130e-01
9.920371044866889143e-01
9.946435075502149115e-01
1.002663209284141210e+00
1.010883403561415816e+00
1.023714926335697939e+00
1.023714926335697939e+00
0.000000000000000000e+00
1.004267149630926559e+00
1.025920344312527765e+00
1.012086358821504772e+00
9.930395672034296739e-01
1.006071582521059993e+00
9.916361193999925217e-01
1.014291776798334377e+00
9.880272536197256539e-01
9.916361193999925217e-01
9.806090295158438330e-01
9.856213430995477420e-01
1.004267149630926559e+00
9.976508957004373013e-01
9.936410448334741519e-01
9.902326715965554804e-01
1.000457791307311606e+00
1.018702612751994030e+00
9.832154325793699412e-01
9.854208505561996567e-01
9.852203580128514604e-01
1.010883403561415816e+00
1.008076507954541512e+00
1.012687836451549250e+00
1.024516896509090502e+00
1.003465179457533996e+00
1.001259761480704169e+00
9.876262685330293722e-01
1.020908030728823634e+00
9.934405522901259555e-01
1.036546449109980061e+00
1.021509508358868112e+00
1.002663209284141210e+00
9.868242983596366980e-01
9.900321790532072841e-01
1.001259761480704169e+00
1.007876015411193427e+00
9.980518807871335829e-01
1.001059268937356084e+00
9.872252834463330906e-01
1.000858776394007776e+00
1.004668134717622952e+00
9.862228207295922200e-01
9.864233132729404163e-01
1.004267149630926559e+00
9.922375970300369996e-01
9.759977010188362057e-01
9.900321790532072841e-01
1.010081433388023253e+00
1.025118374139134980e+00
9.888292237931183282e-01
1.006472567607756385e+00
1.009479955757978775e+00
9.834159251227180265e-01
1.003465179457533996e+00
1.006472567607756385e+00
9.866238058162886126e-01
9.990543435038744535e-01
1.003064194370837603e+00
1.008878478127934297e+00
1.005470104891015515e+00
9.767996711922287689e-01
1.013289314081593728e+00
9.866238058162886126e-01
9.958464628103038674e-01
9.974504031570891049e-01
1.009479955757978775e+00
1.012687836451549250e+00
1.009680448301326861e+00
9.880272536197256539e-01
9.890297163364665245e-01
1.025318866682483288e+00
1.011885866278156465e+00
1.003465179457533996e+00
1.015294239515075247e+00
1.000056806220615213e+00
1.011685373734808380e+00
9.970494180703928233e-01
1.014091284254986292e+00
9.938415373768223482e-01
1.009880940844674946e+00
1.003064194370837603e+00
1.008076507954541512e+00
1.021910493445564505e+00
9.940420299201704335e-01
9.978513882437854976e-01
1.001460254024052254e+00
1.003064194370837603e+00
9.930395672034296739e-01
1.028526747376053763e+00
9.926385821167333923e-01
9.932400597467778702e-01
1.008076507954541512e+00
1.007475030324497034e+00
1.011484881191460294e+00
9.940420299201704335e-01
9.846188803828069824e-01
1.000858776394007776e+00
9.938415373768223482e-01
1.028927732462750155e+00

# time bin value
-1.000000000000000000e+02
-9.900000000000000000e+01
-9.800000000000000000e+01
-9.700000000000000000e+01
-9.600000000000000000e+01
-9.500000000000000000e+01
-9.400000000000000000e+01
-9.300000000000000000e+01
-9.200000000000000000e+01
-9.100000000000000000e+01
-9.000000000000000000e+01
-8.900000000000000000e+01
-8.800000000000000000e+01
-8.700000000000000000e+01
-8.600000000000000000e+01
-8.500000000000000000e+01
-8.400000000000000000e+01
-8.300000000000000000e+01
-8.200000000000000000e+01
-8.100000000000000000e+01
-8.000000000000000000e+01
-7.900000000000000000e+01
-7.800000000000000000e+01
-7.700000000000000000e+01
-7.600000000000000000e+01
-7.500000000000000000e+01
-7.400000000000000000e+01
-7.300000000000000000e+01
-7.200000000000000000e+01
-7.100000000000000000e+01
-7.000000000000000000e+01
-6.900000000000000000e+01
-6.800000000000000000e+01
-6.700000000000000000e+01
-6.600000000000000000e+01
-6.500000000000000000e+01
-6.400000000000000000e+01
-6.300000000000000000e+01
-6.200000000000000000e+01
-6.100000000000000000e+01
-6.000000000000000000e+01
-5.900000000000000000e+01
-5.800000000000000000e+01
-5.700000000000000000e+01
-5.600000000000000000e+01
-5.500000000000000000e+01
-5.400000000000000000e+01
-5.300000000000000000e+01
-5.200000000000000000e+01
-5.100000000000000000e+01
-5.000000000000000000e+01
-4.900000000000000000e+01
-4.800000000000000000e+01
-4.700000000000000000e+01
-4.600000000000000000e+01
-4.500000000000000000e+01
-4.400000000000000000e+01
-4.300000000000000000e+01
-4.200000000000000000e+01
-4.100000000000000000e+01
-4.000000000000000000e+01
-3.900000000000000000e+01
-3.800000000000000000e+01
-3.700000000000000000e+01
-3.600000000000000000e+01
-3.500000000000000000e+01
-3.400000000000000000e+01
-3.300000000000000000e+01
-3.200000000000000000e+01
-3.100000000000000000e+01
-3.000000000000000000e+01
-2.900000000000000000e+01
-2.800000000000000000e+01
-2.700000000000000000e+01
-2.600000000000000000e+01
-2.500000000000000000e+01
-2.400000000000000000e+01
-2.300000000000000000e+01
-2.200000000000000000e+01
-2.100000000000000000e+01
-2.000000000000000000e+01
-1.900000000000000000e+01
-1.800000000000000000e+01
-1.700000000000000000e+01
-1.600000000000000000e+01
-1.500000000000000000e+01
-1.400000000000000000e+01
-1.300000000000000000e+01
-1.200000000000000000e+01
-1.100000000000000000e+01
-1.000000000000000000e+01
-9.000000000000000000e+00
-8.000000000000000000e+00
-7.000000000000000000e+00
-6.000000000000000000e+00
-5.000000000000000000e+00
-4.000000000000000000e+00
-3.000000000000000000e+00
-2.000000000000000000e+00
-1.000000000000000000e+00
0.000000000000000000e+00
1.000000000000000000e+00
2.000000000000000000e+00
3.000000000000000000e+00
4.000000000000000000e+00
5.000000000000000000e+00
6.000000000000000000e+00
7.000000000000000000e+00
8.000000000000000000e+00
9.000000000000000000e+00
1.000000000000000000e+01
1.100000000000000000e+01
1.200000000000000000e+01
1.300000000000000000e+01
1.400000000000000000e+01
1.500000000000000000e+01
1.600000000000000000e+01
1.700000000000000000e+01
1.800000000000000000e+01
1.900000000000000000e+01
2.000000000000000000e+01
2.100000000000000000e+01
2.200000000000000000e+01
2.300000000000000000e+01
2.400000000000000000e+01
2.500000000000000000e+01
2.600000000000000000e+01
2.700000000000000000e+01
2.800000000000000000e+01
2.900000000000000000e+01
3.000000000000000000e+01
3.100000000000000000e+01
3.200000000000000000e+01
3.300000000000000000e+01
3.400000000000000000e+01
3.500000000000000000e+01
3.600000000000000000e+01
3.700000000000000000e+01
3.800000000000000000e+01
3.900000000000000000e+01
4.000000000000000000e+01
4.100000000000000000e+01
4.200000000000000000e+01
4.300000000000000000e+01
4.400000000000000000e+01
4.500000000000000000e+01
4.600000000000000000e+01
4.700000000000000000e+01
4.800000000000000000e+01
4.900000000000000000e+01
5.000000000000000000e+01
5.100000000000000000e+01
5.200000000000000000e+01
5.300000000000000000e+01
5.400000000000000000e+01
5.500000000000000000e+01
5.600000000000000000e+01
5.700000000000000000e+01
5.800000000000000000e+01
5.900000000000000000e+01
6.000000000000000000e+01
6.100000000000000000e+01
6.200000000000000000e+01
6.300000000000000000e+01
6.400000000000000000e+01
6.500000000000000000e+01
6.600000000000000000e+01
6.700000000000000000e+01
6.800000000000000000e+01
6.900000000000000000e+01
7.000000000000000000e+01
7.100000000000000000e+01
7.200000000000000000e+01
7.300000000000000000e+01
7.400000000000000000e+01
7.500000000000000000e+01
7.600000000000000000e+01
7.700000000000000000e+01
7.800000000000000000e+01
7.900000000000000000e+01
8.000000000000000000e+01
8.100000000000000000e+01
8.200000000000000000e+01
8.300000000000000000e+01
8.400000000000000000e+01
8.500000000000000000e+01
8.600000000000000000e+01
8.700000000000000000e+01
8.800000000000000000e+01
8.900000000000000000e+01
9.000000000000000000e+01
9.100000000000000000e+01
9.200000000000000000e+01
9.300000000000000000e+01
9.400000000000000000e+01
9.500000000000000000e+01
9.600000000000000000e+01
9.700000000000000000e+01
9.800000000000000000e+01
9.900000000000000000e+01
