single photon fraction:    1.0000
laser fraction:    0.0000
thermal source fraction:    0.0000
non-detected fraction:    0.0000
number of bins:  200.0000
bin width (ns):    1.0000
average detection events per bin: 5000.0000

# binary result
1.000000000000000000e+00

# g2 signal
1.020134694671360087e+00
9.900599690029827649e-01
1.010310284286356719e+00
1.009307793430744171e+00
1.005698826350538866e+00
1.001087368414721013e+00
1.025949141633913042e+00
9.980798958478833693e-01
9.896589726607376569e-01
9.770275878800191993e-01
9.924659470564528574e-01
9.970774049922707105e-01
9.936689360831879592e-01
1.008706298917376731e+00
9.906614635163503158e-01
9.844460202115522529e-01
1.016726225762277336e+00
9.990823867034959171e-01
1.002691353783701222e+00
1.020335192842482641e+00
1.025347647120545380e+00
9.986813903612509202e-01
1.019533200157992425e+00
1.006701317206151414e+00
1.035573053847793856e+00
9.914634562008403096e-01
1.009909287944111833e+00
1.000686372072476127e+00
1.004696335494926318e+00
1.011713771484214375e+00
9.792330677623668489e-01
1.002691353783701222e+00
1.030360101398608341e+00
1.011312775141969489e+00
1.011713771484214375e+00
1.031763588596465997e+00
1.000485873901353573e+00
1.016726225762277336e+00
1.011312775141969489e+00
9.946714269388006180e-01
1.017929214789012438e+00
1.004094840981558878e+00
1.015122240393297126e+00
9.816390458158370524e-01
1.007302811719519076e+00
1.004896833666048872e+00
9.748221079976715497e-01
9.970774049922707105e-01
1.013919251366562024e+00
1.005899324521661420e+00
1.007703808061764184e+00
1.030560599569730895e+00
1.000285375730231019e+00
9.856490092382873547e-01
9.900599690029827649e-01
1.017728716617889884e+00
1.023944159922687946e+00
9.984808921901283663e-01
1.006500819035029082e+00
1.003894342810436324e+00
1.005498328179416534e+00
1.016726225762277336e+00
9.992828848746184711e-01
1.001287866585843567e+00
9.974784013345158185e-01
1.025949141633913042e+00
9.998843793879860220e-01
9.944709287676780640e-01
1.000686372072476127e+00
9.982803940190058123e-01
9.764260933666516484e-01
1.002089859270333561e+00
1.019332701986870093e+00
1.007904306232886515e+00
9.810375513024695016e-01
9.916639543719628636e-01
1.034169566649936201e+00
1.000686372072476127e+00
1.024946650778300494e+00
9.868519982650224565e-01
9.830425330136947082e-01
1.009307793430744171e+00
1.007904306232886515e+00
9.960749141366581627e-01
1.007503309890641630e+00
1.008706298917376731e+00
1.008104804404009069e+00
1.008505800746254177e+00
9.916639543719628636e-01
1.016726225762277336e+00
9.954734196232906118e-01
9.984808921901283663e-01
1.002691353783701222e+00
9.976788995056382614e-01
1.013317756853194584e+00
9.998843793879860220e-01
9.778295805645093042e-01
9.613887305324629873e-01
9.990823867034959171e-01
1.009508291601866725e+00
0.000000000000000000e+00
9.970774049922707105e-01
9.914634562008403096e-01
9.922654488853304144e-01
1.019132203815747539e+00
1.001287866585843567e+00
9.868519982650224565e-01
9.718146354308337953e-01
9.986813903612509202e-01
9.986813903612509202e-01
9.986813903612509202e-01
9.904609653452277618e-01
1.003092350125946330e+00
1.002490855612578668e+00
1.011312775141969489e+00
9.914634562008403096e-01
1.011112276970846935e+00
1.016926723933399890e+00
9.904609653452277618e-01
1.004495837323803764e+00
1.034570562992181308e+00
1.009708789772989279e+00
1.017929214789012438e+00
1.001087368414721013e+00
9.702106500618536966e-01
9.916639543719628636e-01
1.007703808061764184e+00
9.814385476447144985e-01
9.856490092382873547e-01
1.009107295259621617e+00
1.020335192842482641e+00
1.003493346468191216e+00
1.008305302575131623e+00
9.984808921901283663e-01
9.958744159655357198e-01
9.992828848746184711e-01
9.958744159655357198e-01
9.808370531313469476e-01
1.001287866585843567e+00
1.003292848297068662e+00
1.009909287944111833e+00
1.009909287944111833e+00
1.004295339152681432e+00
1.020134694671360087e+00
1.004094840981558878e+00
9.872529946072674534e-01
1.004896833666048872e+00
1.004094840981558878e+00
9.776290823933867502e-01
1.009307793430744171e+00
1.026751134318403036e+00
9.694086573773635918e-01
1.005097331837171426e+00
9.952729214521681689e-01
9.718146354308337953e-01
1.019733698329114979e+00
9.900599690029827649e-01
9.856490092382873547e-01
1.010310284286356719e+00
1.006701317206151414e+00
1.001688862928088675e+00
9.764260933666516484e-01
1.007703808061764184e+00
9.890574781473701060e-01
9.780300787356317471e-01
9.942704305965555100e-01
1.008104804404009069e+00
9.886564818051251091e-01
1.003092350125946330e+00
1.008104804404009069e+00
9.968769068211482676e-01
9.910624598585953127e-01
1.013117258682072030e+00
1.043592980692694461e+00
1.011713771484214375e+00
1.012515764168704369e+00
1.015924233077787342e+00
9.894584744896152140e-01
9.984808921901283663e-01
9.916639543719628636e-01
1.001287866585843567e+00
1.007102313548396522e+00
1.014921742222174572e+00
9.862505037516549056e-01
9.970774049922707105e-01
1.009107295259621617e+00
9.794335659334894029e-01
1.011312775141969489e+00
1.008505800746254177e+00
1.010711280628601827e+00
1.018931705644624985e+00
1.030761097740853449e+00
9.972779031633932645e-01
9.824410385003271573e-01
1.001889361099211229e+00
1.021939178211462629e+00
1.022340174553707737e+00
9.920649507142078605e-01
1.007102313548396522e+00
1.000084877559108465e+00

# time bin value
-1.000000000000000000e+02
-9.900000000000000000e+01
-9.800000000000000000e+01
-9.700000000000000000e+01
-9.600000000000000000e+01
-9.500000000000000000e+01
-9.400000000000000000e+01
-9.300000000000000000e+01
-9.200000000000000000e+01
-9.100000000000000000e+01
-9.000000000000000000e+01
-8.900000000000000000e+01
-8.800000000000000000e+01
-8.700000000000000000e+01
-8.600000000000000000e+01
-8.500000000000000000e+01
-8.400000000000000000e+01
-8.300000000000000000e+01
-8.200000000000000000e+01
-8.100000000000000000e+01
-8.000000000000000000e+01
-7.900000000000000000e+01
-7.800000000000000000e+01
-7.700000000000000000e+01
-7.600000000000000000e+01
-7.500000000000000000e+01
-7.400000000000000000e+01
-7.300000000000000000e+01
-7.200000000000000000e+01
-7.100000000000000000e+01
-7.000000000000000000e+01
-6.900000000000000000e+01
-6.800000000000000000e+01
-6.700000000000000000e+01
-6.600000000000000000e+01
-6.500000000000000000e+01
-6.400000000000000000e+01
-6.300000000000000000e+01
-6.200000000000000000e+01
-6.100000000000000000e+01
-6.000000000000000000e+01
-5.900000000000000000e+01
-5.800000000000000000e+01
-5.700000000000000000e+01
-5.600000000000000000e+01
-5.500000000000000000e+01
-5.400000000000000000e+01
-5.300000000000000000e+01
-5.200000000000000000e+01
-5.100000000000000000e+01
-5.000000000000000000e+01
-4.900000000000000000e+01
-4.800000000000000000e+01
-4.700000000000000000e+01
-4.600000000000000000e+01
-4.500000000000000000e+01
-4.400000000000000000e+01
-4.300000000000000000e+01
-4.200000000000000000e+01
-4.100000000000000000e+01
-4.000000000000000000e+01
-3.900000000000000000e+01
-3.800000000000000000e+01
-3.700000000000000000e+01
-3.600000000000000000e+01
-3.500000000000000000e+01
-3.400000000000000000e+01
-3.300000000000000000e+01
-3.200000000000000000e+01
-3.100000000000000000e+01
-3.000000000000000000e+01
-2.900000000000000000e+01
-2.800000000000000000e+01
-2.700000000000000000e+01
-2.600000000000000000e+01
-2.500000000000000000e+01
-2.400000000000000000e+01
-2.300000000000000000e+01
-2.200000000000000000e+01
-2.100000000000000000e+01
-2.000000000000000000e+01
-1.900000000000000000e+01
-1.800000000000000000e+01
-1.700000000000000000e+01
-1.600000000000000000e+01
-1.500000000000000000e+01
-1.400000000000000000e+01
-1.300000000000000000e+01
-1.200000000000000000e+01
-1.100000000000000000e+01
-1.000000000000000000e+01
-9.000000000000000000e+00
-8.000000000000000000e+00
-7.000000000000000000e+00
-6.000000000000000000e+00
-5.000000000000000000e+00
-4.000000000000000000e+00
-3.000000000000000000e+00
-2.000000000000000000e+00
-1.000000000000000000e+00
0.000000000000000000e+00
1.000000000000000000e+00
2.000000000000000000e+00
3.000000000000000000e+00
4.000000000000000000e+00
5.000000000000000000e+00
6.000000000000000000e+00
7.000000000000000000e+00
8.000000000000000000e+00
9.000000000000000000e+00
1.000000000000000000e+01
1.100000000000000000e+01
1.200000000000000000e+01
1.300000000000000000e+01
1.400000000000000000e+01
1.500000000000000000e+01
1.600000000000000000e+01
1.700000000000000000e+01
1.800000000000000000e+01
1.900000000000000000e+01
2.000000000000000000e+01
2.100000000000000000e+01
2.200000000000000000e+01
2.300000000000000000e+01
2.400000000000000000e+01
2.500000000000000000e+01
2.600000000000000000e+01
2.700000000000000000e+01
2.800000000000000000e+01
2.900000000000000000e+01
3.000000000000000000e+01
3.100000000000000000e+01
3.200000000000000000e+01
3.300000000000000000e+01
3.400000000000000000e+01
3.500000000000000000e+01
3.600000000000000000e+01
3.700000000000000000e+01
3.800000000000000000e+01
3.900000000000000000e+01
4.000000000000000000e+01
4.100000000000000000e+01
4.200000000000000000e+01
4.300000000000000000e+01
4.400000000000000000e+01
4.500000000000000000e+01
4.600000000000000000e+01
4.700000000000000000e+01
4.800000000000000000e+01
4.900000000000000000e+01
5.000000000000000000e+01
5.100000000000000000e+01
5.200000000000000000e+01
5.300000000000000000e+01
5.400000000000000000e+01
5.500000000000000000e+01
5.600000000000000000e+01
5.700000000000000000e+01
5.800000000000000000e+01
5.900000000000000000e+01
6.000000000000000000e+01
6.100000000000000000e+01
6.200000000000000000e+01
6.300000000000000000e+01
6.400000000000000000e+01
6.500000000000000000e+01
6.600000000000000000e+01
6.700000000000000000e+01
6.800000000000000000e+01
6.900000000000000000e+01
7.000000000000000000e+01
7.100000000000000000e+01
7.200000000000000000e+01
7.300000000000000000e+01
7.400000000000000000e+01
7.500000000000000000e+01
7.600000000000000000e+01
7.700000000000000000e+01
7.800000000000000000e+01
7.900000000000000000e+01
8.000000000000000000e+01
8.100000000000000000e+01
8.200000000000000000e+01
8.300000000000000000e+01
8.400000000000000000e+01
8.500000000000000000e+01
8.600000000000000000e+01
8.700000000000000000e+01
8.800000000000000000e+01
8.900000000000000000e+01
9.000000000000000000e+01
9.100000000000000000e+01
9.200000000000000000e+01
9.300000000000000000e+01
9.400000000000000000e+01
9.500000000000000000e+01
9.600000000000000000e+01
9.700000000000000000e+01
9.800000000000000000e+01
9.900000000000000000e+01
