single photon fraction:    1.0000
laser fraction:    0.0000
thermal source fraction:    0.0000
non-detected fraction:    0.0000
number of bins:  200.0000
bin width (ns):    1.0000
average detection events per bin: 5000.0000

# binary result
1.000000000000000000e+00

# g2 signal
1.019653374032078341e+00
1.007013042949036041e+00
9.885541467642757762e-01
9.953759127456002220e-01
1.002799599254688534e+00
1.010423925939698098e+00
9.949746323937576076e-01
9.907611886994102113e-01
9.943727118659936304e-01
9.911624690512528257e-01
9.899586279957249824e-01
1.002398318902846031e+00
9.899586279957249824e-01
1.014637369634045605e+00
1.001595758199160802e+00
1.013634168754439013e+00
1.009420725060091728e+00
1.006009842069429450e+00
1.010624566115619460e+00
1.026475140013402676e+00
1.001796398375081942e+00
9.999906367917902328e-01
9.947739922178362448e-01
9.965797538011280654e-01
1.003000239430609897e+00
1.006611762597193316e+00
1.013834808930360376e+00
1.009822005411934231e+00
9.965797538011280654e-01
9.911624690512528257e-01
1.011427126819304689e+00
1.031491144411435412e+00
1.005207281365744221e+00
1.019854014207999482e+00
1.015439930337730834e+00
1.007414323300878545e+00
1.000793197495475573e+00
9.823343013107153077e-01
1.008417524180485136e+00
1.020255294559842207e+00
9.951752725696788593e-01
9.893567074679610052e-01
9.797259790237383692e-01
9.883535065883545245e-01
1.013834808930360376e+00
9.983855153844197750e-01
1.037710989864995881e+00
9.921656699308593064e-01
1.017045051745101292e+00
1.000592557319554210e+00
9.779202174404465486e-01
1.022863616846819257e+00
1.020255294559842207e+00
1.004204080486137629e+00
9.819330209588726932e-01
1.012630967874832644e+00
9.917643895790166919e-01
9.953759127456002220e-01
9.933695109863871497e-01
1.004003440310216488e+00
1.025873219485638810e+00
1.017446332096943795e+00
9.666843675888534548e-01
1.000592557319554210e+00
9.969810341529706799e-01
1.025070658781953581e+00
1.013032248226675147e+00
1.003200879606531259e+00
1.002398318902846031e+00
1.004806001013901495e+00
1.010825206291540823e+00
1.019051453504314253e+00
9.626715640704273103e-01
1.018449532976550387e+00
1.016844411569179929e+00
9.975829546807345460e-01
9.682894889962239127e-01
1.023666177550504486e+00
1.005809201893508087e+00
9.963791136252067027e-01
9.931688708104658980e-01
9.939714315141510159e-01
1.018248892800629024e+00
9.895573476438823679e-01
1.008417524180485136e+00
1.001997038551003305e+00
1.001997038551003305e+00
9.857451843013774750e-01
9.913631092271740775e-01
9.949746323937576076e-01
9.871496655328266812e-01
1.015439930337730834e+00
1.031892424763277916e+00
9.991880760881050039e-01
1.026475140013402676e+00
1.030487943531828821e+00
1.029886023004064954e+00
1.004605360837980355e+00
1.004404720662058992e+00
9.887547869401971390e-01
0.000000000000000000e+00
1.012430327698911281e+00
1.022061056143134028e+00
1.026475140013402676e+00
1.029685382828143592e+00
9.967803939770493171e-01
9.993887162640263666e-01
9.947739922178362448e-01
1.002398318902846031e+00
1.024468738254189715e+00
1.001194477847318076e+00
9.965797538011280654e-01
9.993887162640263666e-01
9.943727118659936304e-01
1.007013042949036041e+00
1.013232888402596510e+00
1.008016243828642411e+00
1.004003440310216488e+00
9.781208576163679114e-01
1.009822005411934231e+00
1.019252093680235616e+00
1.011025846467462186e+00
9.959778332733640882e-01
1.005006641189822858e+00
1.002398318902846031e+00
1.000993837671396713e+00
1.013433528578517873e+00
9.927675904586232836e-01
9.636747649500337909e-01
9.799266191996596209e-01
9.979842350325771605e-01
9.875509458846692956e-01
1.002598959078767171e+00
1.002197678726924668e+00
9.879522262365119101e-01
9.995893564399476183e-01
1.018248892800629024e+00
1.000191276967711485e+00
9.975829546807345460e-01
1.014436729458124242e+00
1.026274499837481313e+00
1.004605360837980355e+00
1.011427126819304689e+00
9.905605485234888485e-01
1.018650173152471750e+00
9.851432637736136089e-01
9.879522262365119101e-01
1.004404720662058992e+00
9.833375021903217883e-01
9.957771930974428365e-01
9.941720716900723787e-01
9.953759127456002220e-01
9.947739922178362448e-01
1.021258495439448799e+00
1.007614963476799907e+00
9.913631092271740775e-01
9.855445441254562233e-01
9.819330209588726932e-01
9.941720716900723787e-01
9.949746323937576076e-01
1.008618164356406499e+00
1.013032248226675147e+00
9.891560672920397534e-01
1.019452733856156978e+00
1.009621365236012869e+00
9.893567074679610052e-01
1.033296905994727011e+00
9.991880760881050039e-01
9.877515860605905473e-01
1.006611762597193316e+00
1.017045051745101292e+00
1.009220084884170365e+00
1.036306508633546786e+00
1.012229687522989918e+00
1.006411122421271953e+00
9.951752725696788593e-01
1.012029047347068555e+00
9.919650297549380547e-01
1.029685382828143592e+00
9.917643895790166919e-01
1.001997038551003305e+00
9.995893564399476183e-01
9.771176567367613197e-01
1.002598959078767171e+00
9.921656699308593064e-01
9.835381423662431510e-01
9.995893564399476183e-01
1.020255294559842207e+00
1.000592557319554210e+00
9.985861555603411377e-01
9.835381423662431510e-01
1.001595758199160802e+00
1.011828407171147415e+00
9.981848752084985232e-01
9.977835948566559088e-01
1.004605360837980355e+00
1.000592557319554210e+00
1.004806001013901495e+00
1.025070658781953581e+00
1.011226486643383327e+00

# time bin value
-1.000000000000000000e+02
-9.900000000000000000e+01
-9.800000000000000000e+01
-9.700000000000000000e+01
-9.600000000000000000e+01
-9.500000000000000000e+01
-9.400000000000000000e+01
-9.300000000000000000e+01
-9.200000000000000000e+01
-9.100000000000000000e+01
-9.000000000000000000e+01
-8.900000000000000000e+01
-8.800000000000000000e+01
-8.700000000000000000e+01
-8.600000000000000000e+01
-8.500000000000000000e+01
-8.400000000000000000e+01
-8.300000000000000000e+01
-8.200000000000000000e+01
-8.100000000000000000e+01
-8.000000000000000000e+01
-7.900000000000000000e+01
-7.800000000000000000e+01
-7.700000000000000000e+01
-7.600000000000000000e+01
-7.500000000000000000e+01
-7.400000000000000000e+01
-7.300000000000000000e+01
-7.200000000000000000e+01
-7.100000000000000000e+01
-7.000000000000000000e+01
-6.900000000000000000e+01
-6.800000000000000000e+01
-6.700000000000000000e+01
-6.600000000000000000e+01
-6.500000000000000000e+01
-6.400000000000000000e+01
-6.300000000000000000e+01
-6.200000000000000000e+01
-6.100000000000000000e+01
-6.000000000000000000e+01
-5.900000000000000000e+01
-5.800000000000000000e+01
-5.700000000000000000e+01
-5.600000000000000000e+01
-5.500000000000000000e+01
-5.400000000000000000e+01
-5.300000000000000000e+01
-5.200000000000000000e+01
-5.100000000000000000e+01
-5.000000000000000000e+01
-4.900000000000000000e+01
-4.800000000000000000e+01
-4.700000000000000000e+01
-4.600000000000000000e+01
-4.500000000000000000e+01
-4.400000000000000000e+01
-4.300000000000000000e+01
-4.200000000000000000e+01
-4.100000000000000000e+01
-4.000000000000000000e+01
-3.900000000000000000e+01
-3.800000000000000000e+01
-3.700000000000000000e+01
-3.600000000000000000e+01
-3.500000000000000000e+01
-3.400000000000000000e+01
-3.300000000000000000e+01
-3.200000000000000000e+01
-3.100000000000000000e+01
-3.000000000000000000e+01
-2.900000000000000000e+01
-2.800000000000000000e+01
-2.700000000000000000e+01
-2.600000000000000000e+01
-2.500000000000000000e+01
-2.400000000000000000e+01
-2.300000000000000000e+01
-2.200000000000000000e+01
-2.100000000000000000e+01
-2.000000000000000000e+01
-1.900000000000000000e+01
-1.800000000000000000e+01
-1.700000000000000000e+01
-1.600000000000000000e+01
-1.500000000000000000e+01
-1.400000000000000000e+01
-1.300000000000000000e+01
-1.200000000000000000e+01
-1.100000000000000000e+01
-1.000000000000000000e+01
-9.000000000000000000e+00
-8.000000000000000000e+00
-7.000000000000000000e+00
-6.000000000000000000e+00
-5.000000000000000000e+00
-4.000000000000000000e+00
-3.000000000000000000e+00
-2.000000000000000000e+00
-1.000000000000000000e+00
0.000000000000000000e+00
1.000000000000000000e+00
2.000000000000000000e+00
3.000000000000000000e+00
4.000000000000000000e+00
5.000000000000000000e+00
6.000000000000000000e+00
7.000000000000000000e+00
8.000000000000000000e+00
9.000000000000000000e+00
1.000000000000000000e+01
1.100000000000000000e+01
1.200000000000000000e+01
1.300000000000000000e+01
1.400000000000000000e+01
1.500000000000000000e+01
1.600000000000000000e+01
1.700000000000000000e+01
1.800000000000000000e+01
1.900000000000000000e+01
2.000000000000000000e+01
2.100000000000000000e+01
2.200000000000000000e+01
2.300000000000000000e+01
2.400000000000000000e+01
2.500000000000000000e+01
2.600000000000000000e+01
2.700000000000000000e+01
2.800000000000000000e+01
2.900000000000000000e+01
3.000000000000000000e+01
3.100000000000000000e+01
3.200000000000000000e+01
3.300000000000000000e+01
3.400000000000000000e+01
3.500000000000000000e+01
3.600000000000000000e+01
3.700000000000000000e+01
3.800000000000000000e+01
3.900000000000000000e+01
4.000000000000000000e+01
4.100000000000000000e+01
4.200000000000000000e+01
4.300000000000000000e+01
4.400000000000000000e+01
4.500000000000000000e+01
4.600000000000000000e+01
4.700000000000000000e+01
4.800000000000000000e+01
4.900000000000000000e+01
5.000000000000000000e+01
5.100000000000000000e+01
5.200000000000000000e+01
5.300000000000000000e+01
5.400000000000000000e+01
5.500000000000000000e+01
5.600000000000000000e+01
5.700000000000000000e+01
5.800000000000000000e+01
5.900000000000000000e+01
6.000000000000000000e+01
6.100000000000000000e+01
6.200000000000000000e+01
6.300000000000000000e+01
6.400000000000000000e+01
6.500000000000000000e+01
6.600000000000000000e+01
6.700000000000000000e+01
6.800000000000000000e+01
6.900000000000000000e+01
7.000000000000000000e+01
7.100000000000000000e+01
7.200000000000000000e+01
7.300000000000000000e+01
7.400000000000000000e+01
7.500000000000000000e+01
7.600000000000000000e+01
7.700000000000000000e+01
7.800000000000000000e+01
7.900000000000000000e+01
8.000000000000000000e+01
8.100000000000000000e+01
8.200000000000000000e+01
8.300000000000000000e+01
8.400000000000000000e+01
8.500000000000000000e+01
8.600000000000000000e+01
8.700000000000000000e+01
8.800000000000000000e+01
8.900000000000000000e+01
9.000000000000000000e+01
9.100000000000000000e+01
9.200000000000000000e+01
9.300000000000000000e+01
9.400000000000000000e+01
9.500000000000000000e+01
9.600000000000000000e+01
9.700000000000000000e+01
9.800000000000000000e+01
9.900000000000000000e+01
