single photon fraction:    1.0000
laser fraction:    0.0000
thermal source fraction:    0.0000
non-detected fraction:    0.0000
number of bins:  200.0000
bin width (ns):    1.0000
average detection events per bin: 5000.0000

# binary result
1.000000000000000000e+00

# g2 signal
9.832291965172862414e-01
9.846352443979033975e-01
9.816222846537238089e-01
1.006931146504832730e+00
9.894559799885908058e-01
9.930715316816064453e-01
9.999009071017468386e-01
1.015568297771481054e+00
9.982939952381844062e-01
9.938749876133876615e-01
1.009140650317231103e+00
1.003114730828871926e+00
1.004119050743598418e+00
1.010144970231957595e+00
1.023201129123402664e+00
9.910628918521533492e-01
1.000302635067637613e+00
9.962853554087313102e-01
9.842335164320128449e-01
1.004319914726543583e+00
1.000905227016473331e+00
9.936741236304422742e-01
1.002311274897090598e+00
1.008939786334285715e+00
1.028624456662926123e+00
9.816222846537238089e-01
1.016773481669152712e+00
1.012555338027301355e+00
1.002913866845926538e+00
9.782075969436535567e-01
1.008738922351340550e+00
9.932723956645517216e-01
1.011551018112574862e+00
1.014764841839699727e+00
1.008538058368395163e+00
9.916654838009891781e-01
1.012555338027301355e+00
1.009341514300176490e+00
1.007132010487777896e+00
1.007734602436613836e+00
1.010144970231957595e+00
1.017376073617988652e+00
1.006931146504832730e+00
9.950801715110594303e-01
9.964862193916765865e-01
9.866438842273564935e-01
9.832291965172862414e-01
9.870456121932471572e-01
1.015769161754426220e+00
1.014764841839699727e+00
9.968879473575672501e-01
1.014764841839699727e+00
1.006328554555996790e+00
1.005123370658324911e+00
1.023602857089293217e+00
9.870456121932471572e-01
9.997000431188015623e-01
1.028423592679980736e+00
1.004721642692434358e+00
9.972896753234579137e-01
1.020389033362168352e+00
1.011350154129629475e+00
1.004922506675379523e+00
1.008738922351340550e+00
1.001106090999418718e+00
9.685661257622787401e-01
1.015769161754426220e+00
1.017777801583879427e+00
1.004520778709488971e+00
1.017376073617988652e+00
1.013157929976137295e+00
9.926698037157157817e-01
9.852378363467393374e-01
1.027218408782308856e+00
1.004520778709488971e+00
9.999009071017468386e-01
9.920672117668798418e-01
1.017175209635043487e+00
1.004119050743598418e+00
9.896568439715361931e-01
1.007132010487777896e+00
1.027218408782308856e+00
9.954818994769500939e-01
1.008337194385449775e+00
1.023401993106348051e+00
1.005324234641270298e+00
9.992983151529110097e-01
1.004319914726543583e+00
1.019384713447441859e+00
9.747929092335833046e-01
1.017576937600934039e+00
9.834300605002315177e-01
9.701730376258411725e-01
9.968879473575672501e-01
1.025209768952855871e+00
1.011952746078465415e+00
1.018782121498605919e+00
1.000503499050582779e+00
1.006328554555996790e+00
1.014965705822645115e+00
0.000000000000000000e+00
1.037060743946629060e+00
1.026214088867582364e+00
9.952810354940048176e-01
1.019384713447441859e+00
1.001306954982364106e+00
1.038065063861355553e+00
1.000503499050582779e+00
1.028423592679980736e+00
9.832291965172862414e-01
1.008939786334285715e+00
1.000905227016473331e+00
9.954818994769500939e-01
1.017576937600934039e+00
1.024607177004019931e+00
1.015166569805590280e+00
1.005525098624215463e+00
1.011952746078465415e+00
9.974905393064031900e-01
1.004520778709488971e+00
1.003315594811817091e+00
9.836309244831769050e-01
9.717799494894037160e-01
9.890542520227002532e-01
9.822248766025597488e-01
9.894559799885908058e-01
1.010747562180793535e+00
9.892551160056455295e-01
1.027017544799363469e+00
1.013358793959082682e+00
1.001909546931200046e+00
1.006127690573051403e+00
1.012555338027301355e+00
1.015769161754426220e+00
9.970888113405125264e-01
1.010345834214902982e+00
9.878490681250283734e-01
1.019384713447441859e+00
9.888533880397548659e-01
9.918663477839345655e-01
1.005123370658324911e+00
1.010345834214902982e+00
1.010546698197848148e+00
1.017978665566824592e+00
1.039471111741972820e+00
9.950801715110594303e-01
1.015166569805590280e+00
1.012153610061410802e+00
9.884516600738643133e-01
1.025611496918746424e+00
1.016572617686207547e+00
1.012153610061410802e+00
9.924689397327705054e-01
1.003114730828871926e+00
1.005926826590106238e+00
1.018982985481551307e+00
1.013961385907918400e+00
1.022799401157512111e+00
1.004119050743598418e+00
1.030833960475324496e+00
9.816222846537238089e-01
1.002512138880035986e+00
1.005525098624215463e+00
1.005324234641270298e+00
9.814214206707785326e-01
9.749937732165285809e-01
9.914646198180439018e-01
9.824257405855050251e-01
9.886525240568095896e-01
1.007935466419559223e+00
1.009542378283121655e+00
1.024004585055183991e+00
1.001306954982364106e+00
1.025611496918746424e+00
1.002713002862981151e+00
1.005324234641270298e+00
9.908620278692079619e-01
9.902594359203720220e-01
1.002311274897090598e+00
9.856395643126300010e-01
1.021393353276894844e+00
1.004721642692434358e+00
9.988965871870203461e-01
9.999009071017468386e-01
9.934732596474969979e-01
1.020188169379222964e+00
9.964862193916765865e-01
9.940758515963329378e-01
1.008136330402504610e+00
1.003516458794762478e+00
1.026615816833472916e+00
1.014764841839699727e+00
1.035855560048957180e+00
1.026615816833472916e+00
9.860412922785205536e-01
1.001507818965309271e+00
9.880499321079736497e-01
1.001909546931200046e+00
9.870456121932471572e-01
9.832291965172862414e-01

# time bin value
-1.000000000000000000e+02
-9.900000000000000000e+01
-9.800000000000000000e+01
-9.700000000000000000e+01
-9.600000000000000000e+01
-9.500000000000000000e+01
-9.400000000000000000e+01
-9.300000000000000000e+01
-9.200000000000000000e+01
-9.100000000000000000e+01
-9.000000000000000000e+01
-8.900000000000000000e+01
-8.800000000000000000e+01
-8.700000000000000000e+01
-8.600000000000000000e+01
-8.500000000000000000e+01
-8.400000000000000000e+01
-8.300000000000000000e+01
-8.200000000000000000e+01
-8.100000000000000000e+01
-8.000000000000000000e+01
-7.900000000000000000e+01
-7.800000000000000000e+01
-7.700000000000000000e+01
-7.600000000000000000e+01
-7.500000000000000000e+01
-7.400000000000000000e+01
-7.300000000000000000e+01
-7.200000000000000000e+01
-7.100000000000000000e+01
-7.000000000000000000e+01
-6.900000000000000000e+01
-6.800000000000000000e+01
-6.700000000000000000e+01
-6.600000000000000000e+01
-6.500000000000000000e+01
-6.400000000000000000e+01
-6.300000000000000000e+01
-6.200000000000000000e+01
-6.100000000000000000e+01
-6.000000000000000000e+01
-5.900000000000000000e+01
-5.800000000000000000e+01
-5.700000000000000000e+01
-5.600000000000000000e+01
-5.500000000000000000e+01
-5.400000000000000000e+01
-5.300000000000000000e+01
-5.200000000000000000e+01
-5.100000000000000000e+01
-5.000000000000000000e+01
-4.900000000000000000e+01
-4.800000000000000000e+01
-4.700000000000000000e+01
-4.600000000000000000e+01
-4.500000000000000000e+01
-4.400000000000000000e+01
-4.300000000000000000e+01
-4.200000000000000000e+01
-4.100000000000000000e+01
-4.000000000000000000e+01
-3.900000000000000000e+01
-3.800000000000000000e+01
-3.700000000000000000e+01
-3.600000000000000000e+01
-3.500000000000000000e+01
-3.400000000000000000e+01
-3.300000000000000000e+01
-3.200000000000000000e+01
-3.100000000000000000e+01
-3.000000000000000000e+01
-2.900000000000000000e+01
-2.800000000000000000e+01
-2.700000000000000000e+01
-2.600000000000000000e+01
-2.500000000000000000e+01
-2.400000000000000000e+01
-2.300000000000000000e+01
-2.200000000000000000e+01
-2.100000000000000000e+01
-2.000000000000000000e+01
-1.900000000000000000e+01
-1.800000000000000000e+01
-1.700000000000000000e+01
-1.600000000000000000e+01
-1.500000000000000000e+01
-1.400000000000000000e+01
-1.300000000000000000e+01
-1.200000000000000000e+01
-1.100000000000000000e+01
-1.000000000000000000e+01
-9.000000000000000000e+00
-8.000000000000000000e+00
-7.000000000000000000e+00
-6.000000000000000000e+00
-5.000000000000000000e+00
-4.000000000000000000e+00
-3.000000000000000000e+00
-2.000000000000000000e+00
-1.000000000000000000e+00
0.000000000000000000e+00
1.000000000000000000e+00
2.000000000000000000e+00
3.000000000000000000e+00
4.000000000000000000e+00
5.000000000000000000e+00
6.000000000000000000e+00
7.000000000000000000e+00
8.000000000000000000e+00
9.000000000000000000e+00
1.000000000000000000e+01
1.100000000000000000e+01
1.200000000000000000e+01
1.300000000000000000e+01
1.400000000000000000e+01
1.500000000000000000e+01
1.600000000000000000e+01
1.700000000000000000e+01
1.800000000000000000e+01
1.900000000000000000e+01
2.000000000000000000e+01
2.100000000000000000e+01
2.200000000000000000e+01
2.300000000000000000e+01
2.400000000000000000e+01
2.500000000000000000e+01
2.600000000000000000e+01
2.700000000000000000e+01
2.800000000000000000e+01
2.900000000000000000e+01
3.000000000000000000e+01
3.100000000000000000e+01
3.200000000000000000e+01
3.300000000000000000e+01
3.400000000000000000e+01
3.500000000000000000e+01
3.600000000000000000e+01
3.700000000000000000e+01
3.800000000000000000e+01
3.900000000000000000e+01
4.000000000000000000e+01
4.100000000000000000e+01
4.200000000000000000e+01
4.300000000000000000e+01
4.400000000000000000e+01
4.500000000000000000e+01
4.600000000000000000e+01
4.700000000000000000e+01
4.800000000000000000e+01
4.900000000000000000e+01
5.000000000000000000e+01
5.100000000000000000e+01
5.200000000000000000e+01
5.300000000000000000e+01
5.400000000000000000e+01
5.500000000000000000e+01
5.600000000000000000e+01
5.700000000000000000e+01
5.800000000000000000e+01
5.900000000000000000e+01
6.000000000000000000e+01
6.100000000000000000e+01
6.200000000000000000e+01
6.300000000000000000e+01
6.400000000000000000e+01
6.500000000000000000e+01
6.600000000000000000e+01
6.700000000000000000e+01
6.800000000000000000e+01
6.900000000000000000e+01
7.000000000000000000e+01
7.100000000000000000e+01
7.200000000000000000e+01
7.300000000000000000e+01
7.400000000000000000e+01
7.500000000000000000e+01
7.600000000000000000e+01
7.700000000000000000e+01
7.800000000000000000e+01
7.900000000000000000e+01
8.000000000000000000e+01
8.100000000000000000e+01
8.200000000000000000e+01
8.300000000000000000e+01
8.400000000000000000e+01
8.500000000000000000e+01
8.600000000000000000e+01
8.700000000000000000e+01
8.800000000000000000e+01
8.900000000000000000e+01
9.000000000000000000e+01
9.100000000000000000e+01
9.200000000000000000e+01
9.300000000000000000e+01
9.400000000000000000e+01
9.500000000000000000e+01
9.600000000000000000e+01
9.700000000000000000e+01
9.800000000000000000e+01
9.900000000000000000e+01
