single photon fraction:    1.0000
laser fraction:    0.0000
thermal source fraction:    0.0000
non-detected fraction:    0.0000
number of bins:  200.0000
bin width (ns):    1.0000
average detection events per bin: 5000.0000

# binary result
1.000000000000000000e+00

# g2 signal
1.003367962432876404e+00
1.019816617554726967e+00
1.006778049470333336e+00
1.014601190320969515e+00
1.017208903937848241e+00
1.019014244134148761e+00
9.710724322546091525e-01
1.009987543152645495e+00
1.030849252087675305e+00
1.002966775722587300e+00
9.939400747410841452e-01
9.760872661332220535e-01
9.991555019748415978e-01
1.022825517881894575e+00
1.015604157096692051e+00
9.931377013205060500e-01
9.945418548065176889e-01
9.989549086196970462e-01
1.000760248815997677e+00
9.953442282270957842e-01
1.030448065377386202e+00
9.837098136287136807e-01
9.809015066566905139e-01
1.005975676049755130e+00
9.943412614513731373e-01
1.007179236180622217e+00
1.000158468750564245e+00
1.022424331171605694e+00
9.817038800772684981e-01
1.006376862760044233e+00
1.014200003610680412e+00
1.029445098601663666e+00
1.010789916573223479e+00
9.817038800772684981e-01
1.022825517881894575e+00
9.959460082925293278e-01
1.016807717227559138e+00
9.971495684233964152e-01
1.010188136507790047e+00
9.991555019748415978e-01
9.989549086196970462e-01
1.012394663414379670e+00
9.891258342176156848e-01
1.030648658732530754e+00
9.857157471801588633e-01
1.015604157096692051e+00
1.004370929208598939e+00
9.941406680962285858e-01
1.010388729862934598e+00
9.901288009933383316e-01
1.003969742498310058e+00
9.811021000118349544e-01
1.009185169732067511e+00
1.000960842171142229e+00
9.901288009933383316e-01
1.024831451433339868e+00
9.943412614513731373e-01
9.953442282270957842e-01
1.015202970386402948e+00
9.648540382451290531e-01
1.027840351760507476e+00
9.997572820402751415e-01
1.018613057423859880e+00
1.007981609601200423e+00
9.981525351991189510e-01
1.007981609601200423e+00
9.833086269184246886e-01
1.014400596965824963e+00
1.018813650779004210e+00
1.003367962432876404e+00
9.985537219094080541e-01
1.001562622236575884e+00
9.863175272455924070e-01
1.013397630190102205e+00
9.849133737595808791e-01
9.881228674418931490e-01
1.013999410255535860e+00
1.008182202956344753e+00
9.825062534978465933e-01
9.969489750682518636e-01
1.016607123872414586e+00
1.004571522563743491e+00
1.025032044788484420e+00
9.977513484888299589e-01
9.983531285542635025e-01
9.961466016476737684e-01
1.004772115918888042e+00
1.018813650779004210e+00
1.010388729862934598e+00
9.995566886851305899e-01
1.024831451433339868e+00
1.010589323218079150e+00
1.000559655460853126e+00
9.939400747410841452e-01
9.977513484888299589e-01
1.003769149143165507e+00
1.035864085966288206e+00
1.006577456115188784e+00
9.817038800772684981e-01
9.911317677690608674e-01
0.000000000000000000e+00
1.000760248815997677e+00
9.608421711422386879e-01
1.010789916573223479e+00
1.012795850124668773e+00
9.943412614513731373e-01
1.002565589012298419e+00
1.004772115918888042e+00
9.873204940213150538e-01
9.847127804044363275e-01
1.000559655460853126e+00
1.003367962432876404e+00
1.002164402302009316e+00
1.002966775722587300e+00
1.027639758405363146e+00
1.000960842171142229e+00
9.975507551336854073e-01
9.867187139558815101e-01
1.005574489339466027e+00
1.004170335853454610e+00
9.899282076381937800e-01
1.013197036834957876e+00
1.005373895984321697e+00
9.925359212550725063e-01
9.967483817131073121e-01
1.004972709274032594e+00
9.875210873764596053e-01
9.879222740867485975e-01
1.003367962432876404e+00
1.006978642825477666e+00
9.843115936941473354e-01
1.020618990975304952e+00
1.034660525835421119e+00
1.013999410255535860e+00
1.001362028881431332e+00
9.951436348719512326e-01
9.969489750682518636e-01
1.005975676049755130e+00
9.750842993574995177e-01
9.911317677690608674e-01
1.001562622236575884e+00
9.947424481616622405e-01
1.007179236180622217e+00
1.034259339125132238e+00
1.007580422890911320e+00
1.012194070059235118e+00
1.003769149143165507e+00
1.014200003610680412e+00
1.004972709274032594e+00
9.800991332361124186e-01
9.778926063295226845e-01
1.013197036834957876e+00
9.937394813859395937e-01
9.967483817131073121e-01
1.030247472022241872e+00
1.000960842171142229e+00
9.991555019748415978e-01
9.885240541521821411e-01
1.025032044788484420e+00
1.014400596965824963e+00
1.009786949797500943e+00
9.903293943484827722e-01
1.003367962432876404e+00
1.011993476704090789e+00
1.008583389666633856e+00
1.018211870713570777e+00
9.905299877036273237e-01
1.007781016246055872e+00
9.955448215822402247e-01
9.991555019748415978e-01
1.016406530517270035e+00
1.001362028881431332e+00
1.001362028881431332e+00
9.770902329089447003e-01
9.798985398809678671e-01
9.943412614513731373e-01
1.020618990975304952e+00
1.000359062105708574e+00
1.009786949797500943e+00
9.953442282270957842e-01
1.008182202956344753e+00
1.007981609601200423e+00
9.983531285542635025e-01
9.867187139558815101e-01
9.877216807316040459e-01
1.005173302629177146e+00
1.009185169732067511e+00
9.925359212550725063e-01
1.018412464068715328e+00
9.877216807316040459e-01
9.971495684233964152e-01
1.003769149143165507e+00
9.909311744139163158e-01
1.016807717227559138e+00
1.011592289993801685e+00
1.019214837489293313e+00
1.004772115918888042e+00
1.006376862760044233e+00
1.024630858078195317e+00
1.011993476704090789e+00

# time bin value
-1.000000000000000000e+02
-9.900000000000000000e+01
-9.800000000000000000e+01
-9.700000000000000000e+01
-9.600000000000000000e+01
-9.500000000000000000e+01
-9.400000000000000000e+01
-9.300000000000000000e+01
-9.200000000000000000e+01
-9.100000000000000000e+01
-9.000000000000000000e+01
-8.900000000000000000e+01
-8.800000000000000000e+01
-8.700000000000000000e+01
-8.600000000000000000e+01
-8.500000000000000000e+01
-8.400000000000000000e+01
-8.300000000000000000e+01
-8.200000000000000000e+01
-8.100000000000000000e+01
-8.000000000000000000e+01
-7.900000000000000000e+01
-7.800000000000000000e+01
-7.700000000000000000e+01
-7.600000000000000000e+01
-7.500000000000000000e+01
-7.400000000000000000e+01
-7.300000000000000000e+01
-7.200000000000000000e+01
-7.100000000000000000e+01
-7.000000000000000000e+01
-6.900000000000000000e+01
-6.800000000000000000e+01
-6.700000000000000000e+01
-6.600000000000000000e+01
-6.500000000000000000e+01
-6.400000000000000000e+01
-6.300000000000000000e+01
-6.200000000000000000e+01
-6.100000000000000000e+01
-6.000000000000000000e+01
-5.900000000000000000e+01
-5.800000000000000000e+01
-5.700000000000000000e+01
-5.600000000000000000e+01
-5.500000000000000000e+01
-5.400000000000000000e+01
-5.300000000000000000e+01
-5.200000000000000000e+01
-5.100000000000000000e+01
-5.000000000000000000e+01
-4.900000000000000000e+01
-4.800000000000000000e+01
-4.700000000000000000e+01
-4.600000000000000000e+01
-4.500000000000000000e+01
-4.400000000000000000e+01
-4.300000000000000000e+01
-4.200000000000000000e+01
-4.100000000000000000e+01
-4.000000000000000000e+01
-3.900000000000000000e+01
-3.800000000000000000e+01
-3.700000000000000000e+01
-3.600000000000000000e+01
-3.500000000000000000e+01
-3.400000000000000000e+01
-3.300000000000000000e+01
-3.200000000000000000e+01
-3.100000000000000000e+01
-3.000000000000000000e+01
-2.900000000000000000e+01
-2.800000000000000000e+01
-2.700000000000000000e+01
-2.600000000000000000e+01
-2.500000000000000000e+01
-2.400000000000000000e+01
-2.300000000000000000e+01
-2.200000000000000000e+01
-2.100000000000000000e+01
-2.000000000000000000e+01
-1.900000000000000000e+01
-1.800000000000000000e+01
-1.700000000000000000e+01
-1.600000000000000000e+01
-1.500000000000000000e+01
-1.400000000000000000e+01
-1.300000000000000000e+01
-1.200000000000000000e+01
-1.100000000000000000e+01
-1.000000000000000000e+01
-9.000000000000000000e+00
-8.000000000000000000e+00
-7.000000000000000000e+00
-6.000000000000000000e+00
-5.000000000000000000e+00
-4.000000000000000000e+00
-3.000000000000000000e+00
-2.000000000000000000e+00
-1.000000000000000000e+00
0.000000000000000000e+00
1.000000000000000000e+00
2.000000000000000000e+00
3.000000000000000000e+00
4.000000000000000000e+00
5.000000000000000000e+00
6.000000000000000000e+00
7.000000000000000000e+00
8.000000000000000000e+00
9.000000000000000000e+00
1.000000000000000000e+01
1.100000000000000000e+01
1.200000000000000000e+01
1.300000000000000000e+01
1.400000000000000000e+01
1.500000000000000000e+01
1.600000000000000000e+01
1.700000000000000000e+01
1.800000000000000000e+01
1.900000000000000000e+01
2.000000000000000000e+01
2.100000000000000000e+01
2.200000000000000000e+01
2.300000000000000000e+01
2.400000000000000000e+01
2.500000000000000000e+01
2.600000000000000000e+01
2.700000000000000000e+01
2.800000000000000000e+01
2.900000000000000000e+01
3.000000000000000000e+01
3.100000000000000000e+01
3.200000000000000000e+01
3.300000000000000000e+01
3.400000000000000000e+01
3.500000000000000000e+01
3.600000000000000000e+01
3.700000000000000000e+01
3.800000000000000000e+01
3.900000000000000000e+01
4.000000000000000000e+01
4.100000000000000000e+01
4.200000000000000000e+01
4.300000000000000000e+01
4.400000000000000000e+01
4.500000000000000000e+01
4.600000000000000000e+01
4.700000000000000000e+01
4.800000000000000000e+01
4.900000000000000000e+01
5.000000000000000000e+01
5.100000000000000000e+01
5.200000000000000000e+01
5.300000000000000000e+01
5.400000000000000000e+01
5.500000000000000000e+01
5.600000000000000000e+01
5.700000000000000000e+01
5.800000000000000000e+01
5.900000000000000000e+01
6.000000000000000000e+01
6.100000000000000000e+01
6.200000000000000000e+01
6.300000000000000000e+01
6.400000000000000000e+01
6.500000000000000000e+01
6.600000000000000000e+01
6.700000000000000000e+01
6.800000000000000000e+01
6.900000000000000000e+01
7.000000000000000000e+01
7.100000000000000000e+01
7.200000000000000000e+01
7.300000000000000000e+01
7.400000000000000000e+01
7.500000000000000000e+01
7.600000000000000000e+01
7.700000000000000000e+01
7.800000000000000000e+01
7.900000000000000000e+01
8.000000000000000000e+01
8.100000000000000000e+01
8.200000000000000000e+01
8.300000000000000000e+01
8.400000000000000000e+01
8.500000000000000000e+01
8.600000000000000000e+01
8.700000000000000000e+01
8.800000000000000000e+01
8.900000000000000000e+01
9.000000000000000000e+01
9.100000000000000000e+01
9.200000000000000000e+01
9.300000000000000000e+01
9.400000000000000000e+01
9.500000000000000000e+01
9.600000000000000000e+01
9.700000000000000000e+01
9.800000000000000000e+01
9.900000000000000000e+01
