single photon fraction:    1.0000
laser fraction:    0.0000
thermal source fraction:    0.0000
non-detected fraction:    0.0000
number of bins:  200.0000
bin width (ns):    1.0000
average detection events per bin: 5000.0000

# binary result
1.000000000000000000e+00

# g2 signal
1.009144114128820213e+00
9.924856094604248558e-01
9.918834948338564050e-01
9.952954777177446255e-01
1.016168784772119471e+00
1.015165260394505387e+00
1.003925787365226530e+00
9.776334486717350725e-01
9.922849045849020388e-01
1.004126492240749347e+00
9.854609388171255979e-01
9.906792655807193926e-01
1.020985701784667743e+00
1.003925787365226530e+00
9.772320389206893276e-01
9.896757412031051970e-01
1.034232223569174769e+00
1.022792045664373095e+00
9.950947728422218086e-01
1.010549048257480154e+00
1.016369489647642510e+00
9.838552998129429517e-01
1.002320148361043994e+00
9.890736265765367463e-01
1.010749753133002971e+00
9.942919533401304300e-01
9.886722168254910015e-01
1.011351867759571421e+00
1.016369489647642510e+00
9.952954777177446255e-01
9.969011167219272718e-01
1.001718033734475322e+00
1.013358916514799812e+00
1.019982177407053436e+00
1.030418830934241026e+00
9.846581193150343303e-01
1.011351867759571421e+00
1.001316623983429688e+00
1.021788521286759011e+00
1.013559621390322629e+00
1.007739180000160495e+00
1.005932836120454921e+00
1.004126492240749347e+00
1.026404733423784243e+00
9.952954777177446255e-01
9.987074606016328460e-01
1.011351867759571421e+00
1.005932836120454921e+00
9.856616436926485258e-01
9.756263999165066814e-01
9.910806753317650264e-01
1.006334245871500555e+00
9.720137121570956440e-01
9.971018215974500887e-01
9.788376779248720849e-01
9.932884289625162344e-01
9.954961825932674424e-01
1.006936360498069005e+00
1.017373014025256595e+00
1.013158211639276995e+00
1.012556097012708545e+00
1.004126492240749347e+00
9.985067557261100291e-01
9.940912484646076130e-01
1.007538475124637678e+00
9.960982972198360041e-01
1.001718033734475322e+00
9.954961825932674424e-01
9.794397925514405356e-01
9.928870192114706006e-01
1.019380062780484986e+00
1.021587816411236194e+00
1.027207552925875511e+00
1.008341294626728946e+00
9.973025264729730166e-01
1.013158211639276995e+00
1.006936360498069005e+00
1.001316623983429688e+00
9.858623485681713428e-01
1.003725082489703713e+00
1.010749753133002971e+00
9.930877240869934175e-01
9.854609388171255979e-01
9.724151219081412778e-01
1.039851960083814308e+00
1.008742704377774579e+00
1.008140589751206129e+00
9.766299242941208769e-01
1.006534950747023371e+00
1.003925787365226530e+00
1.017373014025256595e+00
1.010749753133002971e+00
1.004527901991794980e+00
1.012957506763754179e+00
1.006534950747023371e+00
9.882708070744453677e-01
9.675982048955932280e-01
1.012957506763754179e+00
9.804433169290547312e-01
1.007939884875683312e+00
0.000000000000000000e+00
9.930877240869934175e-01
9.960982972198360041e-01
9.964997069708816380e-01
1.002721558112089628e+00
9.993095752282012967e-01
9.872672826968311721e-01
1.000915214232384054e+00
9.908799704562422095e-01
1.017573718900779411e+00
9.786369730493492680e-01
1.006534950747023371e+00
1.019179357904962169e+00
1.017172309149733778e+00
9.653904512648420200e-01
1.020985701784667743e+00
9.979046410995414673e-01
9.975032313484958335e-01
9.975032313484958335e-01
9.983060508505872122e-01
1.029214601681103902e+00
9.973025264729730166e-01
1.022591340788850278e+00
9.904785607051965757e-01
1.028211077303489818e+00
9.758271047920294983e-01
1.001115919107906871e+00
1.015165260394505387e+00
9.754256950409838645e-01
1.010348343381957337e+00
1.009545523879866069e+00
1.007337770249114861e+00
1.029214601681103902e+00
1.003122967863135262e+00
9.987074606016328460e-01
1.017373014025256595e+00
1.024598389544078669e+00
1.013358916514799812e+00
1.004728606867318019e+00
1.023795570041987402e+00
1.014563145767936936e+00
1.023594865166464585e+00
9.794397925514405356e-01
1.014161736016891302e+00
1.011151162884048604e+00
1.010147638506434520e+00
1.016971604274210961e+00
9.989081654771556629e-01
1.002721558112089628e+00
9.866651680702626104e-01
1.012355392137185728e+00
1.007739180000160495e+00
1.030218126058718209e+00
9.960982972198360041e-01
1.002520853236566811e+00
9.846581193150343303e-01
9.946933630911760638e-01
1.002320148361043994e+00
1.036239272324403160e+00
1.011552572635094238e+00
1.011753277510617277e+00
9.926863143359477837e-01
1.019580767656007803e+00
9.938905435890847961e-01
9.814468413066689267e-01
9.938905435890847961e-01
1.003323672738658079e+00
9.812461364311461098e-01
1.002520853236566811e+00
1.007538475124637678e+00
1.025802618797215793e+00
1.007739180000160495e+00
1.008742704377774579e+00
1.012957506763754179e+00
1.013158211639276995e+00
1.032425879689469417e+00
9.924856094604248558e-01
1.017373014025256595e+00
1.028010372427967001e+00
9.948940679666989917e-01
9.934891338380390513e-01
1.017373014025256595e+00
1.014161736016891302e+00
1.029616011432149536e+00
9.973025264729730166e-01
9.958975923443130762e-01
1.008742704377774579e+00
9.934891338380390513e-01
1.014763850643459753e+00
1.022189931037804644e+00
1.011753277510617277e+00
1.009144114128820213e+00
9.738200560368011072e-01
9.926863143359477837e-01
9.882708070744453677e-01
9.987074606016328460e-01
1.019781472531530619e+00
1.003725082489703713e+00
9.969011167219272718e-01
9.985067557261100291e-01

# time bin value
-1.000000000000000000e+02
-9.900000000000000000e+01
-9.800000000000000000e+01
-9.700000000000000000e+01
-9.600000000000000000e+01
-9.500000000000000000e+01
-9.400000000000000000e+01
-9.300000000000000000e+01
-9.200000000000000000e+01
-9.100000000000000000e+01
-9.000000000000000000e+01
-8.900000000000000000e+01
-8.800000000000000000e+01
-8.700000000000000000e+01
-8.600000000000000000e+01
-8.500000000000000000e+01
-8.400000000000000000e+01
-8.300000000000000000e+01
-8.200000000000000000e+01
-8.100000000000000000e+01
-8.000000000000000000e+01
-7.900000000000000000e+01
-7.800000000000000000e+01
-7.700000000000000000e+01
-7.600000000000000000e+01
-7.500000000000000000e+01
-7.400000000000000000e+01
-7.300000000000000000e+01
-7.200000000000000000e+01
-7.100000000000000000e+01
-7.000000000000000000e+01
-6.900000000000000000e+01
-6.800000000000000000e+01
-6.700000000000000000e+01
-6.600000000000000000e+01
-6.500000000000000000e+01
-6.400000000000000000e+01
-6.300000000000000000e+01
-6.200000000000000000e+01
-6.100000000000000000e+01
-6.000000000000000000e+01
-5.900000000000000000e+01
-5.800000000000000000e+01
-5.700000000000000000e+01
-5.600000000000000000e+01
-5.500000000000000000e+01
-5.400000000000000000e+01
-5.300000000000000000e+01
-5.200000000000000000e+01
-5.100000000000000000e+01
-5.000000000000000000e+01
-4.900000000000000000e+01
-4.800000000000000000e+01
-4.700000000000000000e+01
-4.600000000000000000e+01
-4.500000000000000000e+01
-4.400000000000000000e+01
-4.300000000000000000e+01
-4.200000000000000000e+01
-4.100000000000000000e+01
-4.000000000000000000e+01
-3.900000000000000000e+01
-3.800000000000000000e+01
-3.700000000000000000e+01
-3.600000000000000000e+01
-3.500000000000000000e+01
-3.400000000000000000e+01
-3.300000000000000000e+01
-3.200000000000000000e+01
-3.100000000000000000e+01
-3.000000000000000000e+01
-2.900000000000000000e+01
-2.800000000000000000e+01
-2.700000000000000000e+01
-2.600000000000000000e+01
-2.500000000000000000e+01
-2.400000000000000000e+01
-2.300000000000000000e+01
-2.200000000000000000e+01
-2.100000000000000000e+01
-2.000000000000000000e+01
-1.900000000000000000e+01
-1.800000000000000000e+01
-1.700000000000000000e+01
-1.600000000000000000e+01
-1.500000000000000000e+01
-1.400000000000000000e+01
-1.300000000000000000e+01
-1.200000000000000000e+01
-1.100000000000000000e+01
-1.000000000000000000e+01
-9.000000000000000000e+00
-8.000000000000000000e+00
-7.000000000000000000e+00
-6.000000000000000000e+00
-5.000000000000000000e+00
-4.000000000000000000e+00
-3.000000000000000000e+00
-2.000000000000000000e+00
-1.000000000000000000e+00
0.000000000000000000e+00
1.000000000000000000e+00
2.000000000000000000e+00
3.000000000000000000e+00
4.000000000000000000e+00
5.000000000000000000e+00
6.000000000000000000e+00
7.000000000000000000e+00
8.000000000000000000e+00
9.000000000000000000e+00
1.000000000000000000e+01
1.100000000000000000e+01
1.200000000000000000e+01
1.300000000000000000e+01
1.400000000000000000e+01
1.500000000000000000e+01
1.600000000000000000e+01
1.700000000000000000e+01
1.800000000000000000e+01
1.900000000000000000e+01
2.000000000000000000e+01
2.100000000000000000e+01
2.200000000000000000e+01
2.300000000000000000e+01
2.400000000000000000e+01
2.500000000000000000e+01
2.600000000000000000e+01
2.700000000000000000e+01
2.800000000000000000e+01
2.900000000000000000e+01
3.000000000000000000e+01
3.100000000000000000e+01
3.200000000000000000e+01
3.300000000000000000e+01
3.400000000000000000e+01
3.500000000000000000e+01
3.600000000000000000e+01
3.700000000000000000e+01
3.800000000000000000e+01
3.900000000000000000e+01
4.000000000000000000e+01
4.100000000000000000e+01
4.200000000000000000e+01
4.300000000000000000e+01
4.400000000000000000e+01
4.500000000000000000e+01
4.600000000000000000e+01
4.700000000000000000e+01
4.800000000000000000e+01
4.900000000000000000e+01
5.000000000000000000e+01
5.100000000000000000e+01
5.200000000000000000e+01
5.300000000000000000e+01
5.400000000000000000e+01
5.500000000000000000e+01
5.600000000000000000e+01
5.700000000000000000e+01
5.800000000000000000e+01
5.900000000000000000e+01
6.000000000000000000e+01
6.100000000000000000e+01
6.200000000000000000e+01
6.300000000000000000e+01
6.400000000000000000e+01
6.500000000000000000e+01
6.600000000000000000e+01
6.700000000000000000e+01
6.800000000000000000e+01
6.900000000000000000e+01
7.000000000000000000e+01
7.100000000000000000e+01
7.200000000000000000e+01
7.300000000000000000e+01
7.400000000000000000e+01
7.500000000000000000e+01
7.600000000000000000e+01
7.700000000000000000e+01
7.800000000000000000e+01
7.900000000000000000e+01
8.000000000000000000e+01
8.100000000000000000e+01
8.200000000000000000e+01
8.300000000000000000e+01
8.400000000000000000e+01
8.500000000000000000e+01
8.600000000000000000e+01
8.700000000000000000e+01
8.800000000000000000e+01
8.900000000000000000e+01
9.000000000000000000e+01
9.100000000000000000e+01
9.200000000000000000e+01
9.300000000000000000e+01
9.400000000000000000e+01
9.500000000000000000e+01
9.600000000000000000e+01
9.700000000000000000e+01
9.800000000000000000e+01
9.900000000000000000e+01
