single photon fraction:    1.0000
laser fraction:    0.0000
thermal source fraction:    0.0000
non-detected fraction:    0.0000
number of bins:  200.0000
bin width (ns):    1.0000
average detection events per bin: 5000.0000

# binary result
1.000000000000000000e+00

# g2 signal
9.979986479159832502e-01
1.011854162343790664e+00
9.763117557681108005e-01
9.817334788050788852e-01
1.015870253482285657e+00
1.018882321836156679e+00
9.996050843713812917e-01
1.003621175509876062e+00
1.016673471709984566e+00
1.008038875762220510e+00
9.927777294359398930e-01
9.853479608297243120e-01
1.022898412974651672e+00
9.931793385497893478e-01
9.981994524729079776e-01
9.988018661436822709e-01
9.971954296882843405e-01
1.009042898546844258e+00
1.009042898546844258e+00
1.010649335002242299e+00
9.925769248790151655e-01
9.859503745004986053e-01
9.992034752575317258e-01
1.010448530445317461e+00
1.003018761839101991e+00
1.015267839811511363e+00
1.018480712722307224e+00
9.765125603250355280e-01
9.684803780480457647e-01
1.014063012469962777e+00
9.845447426020254023e-01
1.014464621583812454e+00
9.979986479159832502e-01
1.001211520826779111e+00
9.801270423496809547e-01
1.020087149177705266e+00
1.030127377023942525e+00
1.025508872214673461e+00
1.039163582085556037e+00
1.000006693485230747e+00
1.007637266648371055e+00
9.827375015897026334e-01
9.967938205744347746e-01
1.002014739054478243e+00
1.000006693485230747e+00
9.947857750051873893e-01
1.003219566396026607e+00
9.807294560204552480e-01
9.975970388021337953e-01
1.006030830192973013e+00
1.012657380571489574e+00
1.001613129940628788e+00
9.897656610820687595e-01
9.973962342452090679e-01
9.971954296882843405e-01
1.000207498042155363e+00
1.003219566396026607e+00
9.901672701959182143e-01
1.019083126393081518e+00
9.975970388021337953e-01
9.861511790574233327e-01
9.996050843713812917e-01
9.626570458972281141e-01
1.012255771457640119e+00
1.007235657534521600e+00
1.017476689937683476e+00
1.006834048420672145e+00
9.945849704482626619e-01
1.020488758291554721e+00
1.006030830192973013e+00
9.819342833620036126e-01
9.994042798144564532e-01
1.004022784623725739e+00
1.002416348168327698e+00
9.879584200697459906e-01
1.006834048420672145e+00
9.955889932328862990e-01
9.895648565251440321e-01
9.917737066513161448e-01
1.008842093989919420e+00
1.010247725888392623e+00
9.909704884236172351e-01
1.001813934497553404e+00
1.013058989685339251e+00
1.000408302599080201e+00
1.013460598799188705e+00
9.871552018420470809e-01
9.965930160175100472e-01
1.003219566396026607e+00
1.015267839811511363e+00
1.017075080823834021e+00
1.010448530445317461e+00
1.035147490947061044e+00
1.013259794242263867e+00
9.891632474112944662e-01
1.031733813479340567e+00
1.002014739054478243e+00
1.024103240316200036e+00
1.012657380571489574e+00
1.023099217531576510e+00
0.000000000000000000e+00
9.992034752575317258e-01
1.023300022088501127e+00
9.873560063989718083e-01
1.006834048420672145e+00
9.979986479159832502e-01
1.009846116774543168e+00
1.001412325383703950e+00
1.004625198294499810e+00
1.026312090442372371e+00
9.877576155128212632e-01
1.003219566396026607e+00
9.959906023467358649e-01
1.008440484876069965e+00
1.012657380571489574e+00
9.853479608297243120e-01
1.032336227150114638e+00
1.009645312217618551e+00
1.002014739054478243e+00
9.939825567774883686e-01
9.797254332358314999e-01
1.022898412974651672e+00
1.010649335002242299e+00
1.016673471709984566e+00
1.009444507660693713e+00
1.004223589180650356e+00
1.034545077276286973e+00
1.005629221079123559e+00
1.018882321836156679e+00
9.877576155128212632e-01
1.013259794242263867e+00
1.009846116774543168e+00
9.929785339928646204e-01
1.008239680319145348e+00
1.000809911712929656e+00
1.012255771457640119e+00
1.000809911712929656e+00
1.016673471709984566e+00
1.017677494494608315e+00
1.013862207913038160e+00
1.031533008922415728e+00
9.767133648819602554e-01
1.001211520826779111e+00
1.016071058039210273e+00
9.873560063989718083e-01
1.040770018540954078e+00
1.007838071205295893e+00
9.881592246266707180e-01
1.004424393737575194e+00
9.883600291835955565e-01
9.975970388021337953e-01
1.020087149177705266e+00
9.915729020943914174e-01
1.005026807408349265e+00
1.012456576014564957e+00
9.759101466542613457e-01
9.929785339928646204e-01
9.935809476636389137e-01
1.017275885380758860e+00
1.008239680319145348e+00
1.000809911712929656e+00
9.889624428543697388e-01
1.010247725888392623e+00
1.021894390190027924e+00
9.986010615867575435e-01
9.973962342452090679e-01
1.039364386642480875e+00
9.969946251313595020e-01
9.821350879189284511e-01
1.014063012469962777e+00
9.959906023467358649e-01
1.005026807408349265e+00
9.821350879189284511e-01
9.963922114605853197e-01
1.001010716269854495e+00
9.839423289312511089e-01
1.019685540063855811e+00
1.015468644368436202e+00
1.015870253482285657e+00
1.012657380571489574e+00
9.971954296882843405e-01
9.965930160175100472e-01
1.007436462091446217e+00
1.001613129940628788e+00
1.001211520826779111e+00
1.004826002851424649e+00
9.945849704482626619e-01
1.001211520826779111e+00
9.871552018420470809e-01
1.011653357786866048e+00
9.823358924758531785e-01
1.006633243863747307e+00
1.011452553229941209e+00
1.009846116774543168e+00
1.012054966900715502e+00
1.011452553229941209e+00
1.003018761839101991e+00
1.028320136011619867e+00
1.026713699556221826e+00
1.032737836263964093e+00

# time bin value
-1.000000000000000000e+02
-9.900000000000000000e+01
-9.800000000000000000e+01
-9.700000000000000000e+01
-9.600000000000000000e+01
-9.500000000000000000e+01
-9.400000000000000000e+01
-9.300000000000000000e+01
-9.200000000000000000e+01
-9.100000000000000000e+01
-9.000000000000000000e+01
-8.900000000000000000e+01
-8.800000000000000000e+01
-8.700000000000000000e+01
-8.600000000000000000e+01
-8.500000000000000000e+01
-8.400000000000000000e+01
-8.300000000000000000e+01
-8.200000000000000000e+01
-8.100000000000000000e+01
-8.000000000000000000e+01
-7.900000000000000000e+01
-7.800000000000000000e+01
-7.700000000000000000e+01
-7.600000000000000000e+01
-7.500000000000000000e+01
-7.400000000000000000e+01
-7.300000000000000000e+01
-7.200000000000000000e+01
-7.100000000000000000e+01
-7.000000000000000000e+01
-6.900000000000000000e+01
-6.800000000000000000e+01
-6.700000000000000000e+01
-6.600000000000000000e+01
-6.500000000000000000e+01
-6.400000000000000000e+01
-6.300000000000000000e+01
-6.200000000000000000e+01
-6.100000000000000000e+01
-6.000000000000000000e+01
-5.900000000000000000e+01
-5.800000000000000000e+01
-5.700000000000000000e+01
-5.600000000000000000e+01
-5.500000000000000000e+01
-5.400000000000000000e+01
-5.300000000000000000e+01
-5.200000000000000000e+01
-5.100000000000000000e+01
-5.000000000000000000e+01
-4.900000000000000000e+01
-4.800000000000000000e+01
-4.700000000000000000e+01
-4.600000000000000000e+01
-4.500000000000000000e+01
-4.400000000000000000e+01
-4.300000000000000000e+01
-4.200000000000000000e+01
-4.100000000000000000e+01
-4.000000000000000000e+01
-3.900000000000000000e+01
-3.800000000000000000e+01
-3.700000000000000000e+01
-3.600000000000000000e+01
-3.500000000000000000e+01
-3.400000000000000000e+01
-3.300000000000000000e+01
-3.200000000000000000e+01
-3.100000000000000000e+01
-3.000000000000000000e+01
-2.900000000000000000e+01
-2.800000000000000000e+01
-2.700000000000000000e+01
-2.600000000000000000e+01
-2.500000000000000000e+01
-2.400000000000000000e+01
-2.300000000000000000e+01
-2.200000000000000000e+01
-2.100000000000000000e+01
-2.000000000000000000e+01
-1.900000000000000000e+01
-1.800000000000000000e+01
-1.700000000000000000e+01
-1.600000000000000000e+01
-1.500000000000000000e+01
-1.400000000000000000e+01
-1.300000000000000000e+01
-1.200000000000000000e+01
-1.100000000000000000e+01
-1.000000000000000000e+01
-9.000000000000000000e+00
-8.000000000000000000e+00
-7.000000000000000000e+00
-6.000000000000000000e+00
-5.000000000000000000e+00
-4.000000000000000000e+00
-3.000000000000000000e+00
-2.000000000000000000e+00
-1.000000000000000000e+00
0.000000000000000000e+00
1.000000000000000000e+00
2.000000000000000000e+00
3.000000000000000000e+00
4.000000000000000000e+00
5.000000000000000000e+00
6.000000000000000000e+00
7.000000000000000000e+00
8.000000000000000000e+00
9.000000000000000000e+00
1.000000000000000000e+01
1.100000000000000000e+01
1.200000000000000000e+01
1.300000000000000000e+01
1.400000000000000000e+01
1.500000000000000000e+01
1.600000000000000000e+01
1.700000000000000000e+01
1.800000000000000000e+01
1.900000000000000000e+01
2.000000000000000000e+01
2.100000000000000000e+01
2.200000000000000000e+01
2.300000000000000000e+01
2.400000000000000000e+01
2.500000000000000000e+01
2.600000000000000000e+01
2.700000000000000000e+01
2.800000000000000000e+01
2.900000000000000000e+01
3.000000000000000000e+01
3.100000000000000000e+01
3.200000000000000000e+01
3.300000000000000000e+01
3.400000000000000000e+01
3.500000000000000000e+01
3.600000000000000000e+01
3.700000000000000000e+01
3.800000000000000000e+01
3.900000000000000000e+01
4.000000000000000000e+01
4.100000000000000000e+01
4.200000000000000000e+01
4.300000000000000000e+01
4.400000000000000000e+01
4.500000000000000000e+01
4.600000000000000000e+01
4.700000000000000000e+01
4.800000000000000000e+01
4.900000000000000000e+01
5.000000000000000000e+01
5.100000000000000000e+01
5.200000000000000000e+01
5.300000000000000000e+01
5.400000000000000000e+01
5.500000000000000000e+01
5.600000000000000000e+01
5.700000000000000000e+01
5.800000000000000000e+01
5.900000000000000000e+01
6.000000000000000000e+01
6.100000000000000000e+01
6.200000000000000000e+01
6.300000000000000000e+01
6.400000000000000000e+01
6.500000000000000000e+01
6.600000000000000000e+01
6.700000000000000000e+01
6.800000000000000000e+01
6.900000000000000000e+01
7.000000000000000000e+01
7.100000000000000000e+01
7.200000000000000000e+01
7.300000000000000000e+01
7.400000000000000000e+01
7.500000000000000000e+01
7.600000000000000000e+01
7.700000000000000000e+01
7.800000000000000000e+01
7.900000000000000000e+01
8.000000000000000000e+01
8.100000000000000000e+01
8.200000000000000000e+01
8.300000000000000000e+01
8.400000000000000000e+01
8.500000000000000000e+01
8.600000000000000000e+01
8.700000000000000000e+01
8.800000000000000000e+01
8.900000000000000000e+01
9.000000000000000000e+01
9.100000000000000000e+01
9.200000000000000000e+01
9.300000000000000000e+01
9.400000000000000000e+01
9.500000000000000000e+01
9.600000000000000000e+01
9.700000000000000000e+01
9.800000000000000000e+01
9.900000000000000000e+01
