single photon fraction:    1.0000
laser fraction:    0.0000
thermal source fraction:    0.0000
non-detected fraction:    0.0000
number of bins:  200.0000
bin width (ns):    1.0000
average detection events per bin: 5000.0000

# binary result
1.000000000000000000e+00

# g2 signal
9.975668122831813367e-01
1.004994860593601436e+00
9.811046511627906641e-01
1.003790312218938663e+00
9.853205704741102577e-01
1.016237312090453537e+00
1.011218360529358984e+00
1.015032763715790765e+00
1.007805473467814572e+00
9.897372478478736468e-01
9.967637800334061549e-01
1.008608505717589532e+00
1.011218360529358984e+00
9.921463445971990813e-01
1.007002441218039390e+00
1.006600925093151799e+00
1.006199408968264208e+00
1.013025183091353032e+00
9.881311833483232832e-01
1.005396376718489027e+00
9.821084414750096414e-01
1.003790312218938663e+00
9.724720544777077924e-01
1.030290376461518775e+00
1.003188038031607388e+00
9.799001027881280024e-01
1.007002441218039390e+00
1.004392586406270160e+00
9.907410381600925131e-01
1.006600925093151799e+00
1.001581973532057024e+00
1.015635037903122262e+00
9.863243607863292350e-01
1.013828215341128214e+00
1.031695682898625233e+00
9.732750867274829742e-01
1.019047924964666674e+00
1.001782731594500930e+00
9.933508929718617431e-01
1.005797892843376617e+00
1.020453231401773131e+00
9.905402800976487176e-01
1.010616086342027486e+00
1.011619876654246353e+00
9.855213285365540532e-01
1.003589554156494978e+00
1.009612296029808620e+00
9.967637800334061549e-01
1.013225941153796716e+00
1.004191828343826254e+00
1.004191828343826254e+00
1.007002441218039390e+00
1.007805473467814572e+00
1.025070666837980315e+00
9.985706025954002030e-01
9.957599897211871776e-01
9.953584735962996977e-01
1.022460812026211086e+00
1.004994860593601436e+00
9.889342155980984650e-01
9.925478607220866722e-01
1.002385005781832206e+00
1.014028973403571898e+00
1.003188038031607388e+00
1.019449441089554265e+00
1.015233521778234671e+00
9.997751509700629757e-01
9.999759090325067712e-01
9.999759090325067712e-01
1.016438070152897444e+00
1.018044134652447585e+00
9.907410381600925131e-01
1.013225941153796716e+00
1.012222150841577850e+00
1.011017602466915077e+00
1.008407747655145847e+00
9.977675703456251322e-01
1.012824425028909126e+00
1.006600925093151799e+00
1.023866118463317543e+00
1.010214570217139896e+00
1.004994860593601436e+00
9.929493768469741521e-01
1.009612296029808620e+00
1.008206989592702163e+00
1.003991070281382569e+00
1.009010021842477123e+00
9.987713606578439984e-01
9.917448284723114904e-01
1.014631247590903174e+00
1.014631247590903174e+00
9.756841834768084087e-01
1.011619876654246353e+00
9.949569574714121067e-01
9.893357317229860559e-01
1.027881279712193230e+00
1.007604715405370666e+00
9.873281510985481013e-01
9.821084414750096414e-01
1.009411537967364714e+00
0.000000000000000000e+00
1.015434279840678355e+00
1.010616086342027486e+00
1.008809263780033438e+00
9.973660542207375412e-01
9.895364897854298514e-01
9.989721187202877939e-01
1.002786521906719797e+00
1.001782731594500930e+00
9.975668122831813367e-01
1.009411537967364714e+00
1.001381215469613339e+00
9.782940382885776387e-01
9.963622639085185639e-01
9.718697802903765171e-01
1.004593344468713845e+00
1.027479763587305639e+00
1.016839586277785035e+00
9.931501349094179476e-01
9.788963124759090251e-01
1.016036554028009853e+00
9.877296672234356922e-01
9.875289091609918968e-01
1.004994860593601436e+00
1.023866118463317543e+00
1.006199408968264208e+00
9.873281510985481013e-01
1.002585763844276112e+00
1.003589554156494978e+00
9.979683284080689276e-01
1.005195618656045342e+00
9.969645380958499503e-01
1.013225941153796716e+00
1.015835795965565946e+00
1.024869908775536409e+00
1.012222150841577850e+00
9.981690864705127231e-01
9.903395220352049222e-01
9.817069253501220505e-01
1.006199408968264208e+00
1.003991070281382569e+00
9.825099575998972323e-01
1.020854747526660722e+00
1.003790312218938663e+00
9.909417962225363086e-01
9.979683284080689276e-01
1.011820634716690259e+00
1.002585763844276112e+00
1.032498715148400414e+00
9.917448284723114904e-01
1.003991070281382569e+00
1.024267634588205134e+00
1.001983489656944615e+00
1.000578183219838158e+00
1.025873699087755497e+00
1.004392586406270160e+00
9.953584735962996977e-01
9.853205704741102577e-01
9.875289091609918968e-01
9.985706025954002030e-01
1.004794102531157751e+00
1.026676731337530457e+00
1.017241102402672404e+00
1.030089618399074869e+00
9.927486187845303567e-01
1.002786521906719797e+00
1.004994860593601436e+00
9.881311833483232832e-01
1.011419118591802668e+00
1.019850957214441856e+00
1.011218360529358984e+00
1.003388796094051072e+00
1.014028973403571898e+00
9.943546832840807204e-01
9.662485545419504662e-01
1.014229731466015805e+00
1.027479763587305639e+00
9.953584735962996977e-01
9.941539252216369249e-01
1.005396376718489027e+00
9.987713606578439984e-01
1.026074457150199182e+00
9.780932802261339543e-01
1.025672941025311591e+00
1.018044134652447585e+00
9.903395220352049222e-01
1.011820634716690259e+00
1.016237312090453537e+00
9.963622639085185639e-01
1.007604715405370666e+00
1.031093408711293957e+00
9.923471026596428768e-01
9.889342155980984650e-01
1.017441860465116310e+00
9.973660542207375412e-01
9.941539252216369249e-01
1.008006231530258257e+00
1.011820634716690259e+00
9.963622639085185639e-01
1.035510086085057235e+00

# time bin value
-1.000000000000000000e+02
-9.900000000000000000e+01
-9.800000000000000000e+01
-9.700000000000000000e+01
-9.600000000000000000e+01
-9.500000000000000000e+01
-9.400000000000000000e+01
-9.300000000000000000e+01
-9.200000000000000000e+01
-9.100000000000000000e+01
-9.000000000000000000e+01
-8.900000000000000000e+01
-8.800000000000000000e+01
-8.700000000000000000e+01
-8.600000000000000000e+01
-8.500000000000000000e+01
-8.400000000000000000e+01
-8.300000000000000000e+01
-8.200000000000000000e+01
-8.100000000000000000e+01
-8.000000000000000000e+01
-7.900000000000000000e+01
-7.800000000000000000e+01
-7.700000000000000000e+01
-7.600000000000000000e+01
-7.500000000000000000e+01
-7.400000000000000000e+01
-7.300000000000000000e+01
-7.200000000000000000e+01
-7.100000000000000000e+01
-7.000000000000000000e+01
-6.900000000000000000e+01
-6.800000000000000000e+01
-6.700000000000000000e+01
-6.600000000000000000e+01
-6.500000000000000000e+01
-6.400000000000000000e+01
-6.300000000000000000e+01
-6.200000000000000000e+01
-6.100000000000000000e+01
-6.000000000000000000e+01
-5.900000000000000000e+01
-5.800000000000000000e+01
-5.700000000000000000e+01
-5.600000000000000000e+01
-5.500000000000000000e+01
-5.400000000000000000e+01
-5.300000000000000000e+01
-5.200000000000000000e+01
-5.100000000000000000e+01
-5.000000000000000000e+01
-4.900000000000000000e+01
-4.800000000000000000e+01
-4.700000000000000000e+01
-4.600000000000000000e+01
-4.500000000000000000e+01
-4.400000000000000000e+01
-4.300000000000000000e+01
-4.200000000000000000e+01
-4.100000000000000000e+01
-4.000000000000000000e+01
-3.900000000000000000e+01
-3.800000000000000000e+01
-3.700000000000000000e+01
-3.600000000000000000e+01
-3.500000000000000000e+01
-3.400000000000000000e+01
-3.300000000000000000e+01
-3.200000000000000000e+01
-3.100000000000000000e+01
-3.000000000000000000e+01
-2.900000000000000000e+01
-2.800000000000000000e+01
-2.700000000000000000e+01
-2.600000000000000000e+01
-2.500000000000000000e+01
-2.400000000000000000e+01
-2.300000000000000000e+01
-2.200000000000000000e+01
-2.100000000000000000e+01
-2.000000000000000000e+01
-1.900000000000000000e+01
-1.800000000000000000e+01
-1.700000000000000000e+01
-1.600000000000000000e+01
-1.500000000000000000e+01
-1.400000000000000000e+01
-1.300000000000000000e+01
-1.200000000000000000e+01
-1.100000000000000000e+01
-1.000000000000000000e+01
-9.000000000000000000e+00
-8.000000000000000000e+00
-7.000000000000000000e+00
-6.000000000000000000e+00
-5.000000000000000000e+00
-4.000000000000000000e+00
-3.000000000000000000e+00
-2.000000000000000000e+00
-1.000000000000000000e+00
0.000000000000000000e+00
1.000000000000000000e+00
2.000000000000000000e+00
3.000000000000000000e+00
4.000000000000000000e+00
5.000000000000000000e+00
6.000000000000000000e+00
7.000000000000000000e+00
8.000000000000000000e+00
9.000000000000000000e+00
1.000000000000000000e+01
1.100000000000000000e+01
1.200000000000000000e+01
1.300000000000000000e+01
1.400000000000000000e+01
1.500000000000000000e+01
1.600000000000000000e+01
1.700000000000000000e+01
1.800000000000000000e+01
1.900000000000000000e+01
2.000000000000000000e+01
2.100000000000000000e+01
2.200000000000000000e+01
2.300000000000000000e+01
2.400000000000000000e+01
2.500000000000000000e+01
2.600000000000000000e+01
2.700000000000000000e+01
2.800000000000000000e+01
2.900000000000000000e+01
3.000000000000000000e+01
3.100000000000000000e+01
3.200000000000000000e+01
3.300000000000000000e+01
3.400000000000000000e+01
3.500000000000000000e+01
3.600000000000000000e+01
3.700000000000000000e+01
3.800000000000000000e+01
3.900000000000000000e+01
4.000000000000000000e+01
4.100000000000000000e+01
4.200000000000000000e+01
4.300000000000000000e+01
4.400000000000000000e+01
4.500000000000000000e+01
4.600000000000000000e+01
4.700000000000000000e+01
4.800000000000000000e+01
4.900000000000000000e+01
5.000000000000000000e+01
5.100000000000000000e+01
5.200000000000000000e+01
5.300000000000000000e+01
5.400000000000000000e+01
5.500000000000000000e+01
5.600000000000000000e+01
5.700000000000000000e+01
5.800000000000000000e+01
5.900000000000000000e+01
6.000000000000000000e+01
6.100000000000000000e+01
6.200000000000000000e+01
6.300000000000000000e+01
6.400000000000000000e+01
6.500000000000000000e+01
6.600000000000000000e+01
6.700000000000000000e+01
6.800000000000000000e+01
6.900000000000000000e+01
7.000000000000000000e+01
7.100000000000000000e+01
7.200000000000000000e+01
7.300000000000000000e+01
7.400000000000000000e+01
7.500000000000000000e+01
7.600000000000000000e+01
7.700000000000000000e+01
7.800000000000000000e+01
7.900000000000000000e+01
8.000000000000000000e+01
8.100000000000000000e+01
8.200000000000000000e+01
8.300000000000000000e+01
8.400000000000000000e+01
8.500000000000000000e+01
8.600000000000000000e+01
8.700000000000000000e+01
8.800000000000000000e+01
8.900000000000000000e+01
9.000000000000000000e+01
9.100000000000000000e+01
9.200000000000000000e+01
9.300000000000000000e+01
9.400000000000000000e+01
9.500000000000000000e+01
9.600000000000000000e+01
9.700000000000000000e+01
9.800000000000000000e+01
9.900000000000000000e+01
