single photon fraction:    1.0000
laser fraction:    0.0000
thermal source fraction:    0.0000
non-detected fraction:    0.0000
number of bins:  200.0000
bin width (ns):    1.0000
average detection events per bin: 5000.0000

# binary result
1.000000000000000000e+00

# g2 signal
1.020159579380769843e+00
1.007108925442617986e+00
1.006908146151261674e+00
9.844208655193692481e-01
1.009518276938892178e+00
9.669530671713811865e-01
1.005904249694480779e+00
9.980738573315897089e-01
9.978730780402335077e-01
1.005703470403124689e+00
1.010321394104316983e+00
1.011124511269741566e+00
9.948613886698907116e-01
1.021163475837550738e+00
1.027186854578236330e+00
1.024375944499249735e+00
1.002491001741425691e+00
9.870309963069995307e-01
1.016545552136358666e+00
9.958652851266717176e-01
9.785982660700398572e-01
9.908458028427671316e-01
1.010923731978385476e+00
1.020561137963482246e+00
9.888380099292052305e-01
9.874325548897119331e-01
9.850232033934377407e-01
9.940582715044660178e-01
1.031804778279428625e+00
9.834169690625882421e-01
1.002089443158713289e+00
1.003494898198206586e+00
1.010120614812960671e+00
1.008715159773467374e+00
9.892395685119176330e-01
1.010722952687029164e+00
1.007912042608042791e+00
9.808068382749578484e-01
1.004498794654987481e+00
1.007711263316686479e+00
1.000081650245151499e+00
1.009116718356179776e+00
9.906450235514109304e-01
1.011124511269741566e+00
1.003093339615494184e+00
9.864286584329310381e-01
9.914481407168356242e-01
1.000081650245151499e+00
1.000081650245151499e+00
1.020761917254838558e+00
1.016344772845002353e+00
1.018151786467208053e+00
1.009919835521604581e+00
1.026584516704167838e+00
1.018352565758564365e+00
9.860270998502186357e-01
9.852239826847939419e-01
9.892395685119176330e-01
9.804052796922455570e-01
1.019155682923988948e+00
1.018151786467208053e+00
9.876333341810681343e-01
1.018352565758564365e+00
1.010321394104316983e+00
1.012128407726522461e+00
1.008715159773467374e+00
1.017549448593139561e+00
1.021364255128907050e+00
9.806060589836016472e-01
9.950621679612469128e-01
9.950621679612469128e-01
9.926528164649727204e-01
1.013533862766015758e+00
9.974715194575211052e-01
9.956645058353155164e-01
9.868302170156434405e-01
1.028190751035017225e+00
9.980738573315897089e-01
9.860270998502186357e-01
1.031202440405360132e+00
9.932551543390413240e-01
1.003896456780918989e+00
1.004298015363631391e+00
1.002691781032782004e+00
9.834169690625882421e-01
1.007309704733974076e+00
1.012128407726522461e+00
9.988769744970144027e-01
1.004699573946343794e+00
1.002290222450069601e+00
1.002290222450069601e+00
9.944598300871784202e-01
1.009116718356179776e+00
9.733780044947790699e-01
1.014336979931440563e+00
1.019758020798057441e+00
1.023171268751112750e+00
9.972707401661649040e-01
1.015742434970933861e+00
1.011726849143810281e+00
0.000000000000000000e+00
1.036021143397908517e+00
9.846216448107253383e-01
1.001085546701932394e+00
1.038028936311470307e+00
9.876333341810681343e-01
9.709686529985048775e-01
1.015541655679577770e+00
1.020761917254838558e+00
1.011726849143810281e+00
1.012529966309234863e+00
1.008915939064823686e+00
1.013935421348728161e+00
1.003494898198206586e+00
9.894403478032738342e-01
1.016545552136358666e+00
9.932551543390413240e-01
1.002290222450069601e+00
1.014136200640084473e+00
1.008514380482111283e+00
1.013333083474659668e+00
1.003695677489562899e+00
1.006305808277193181e+00
9.856255412675063443e-01
1.022368151585687945e+00
9.898419063859861255e-01
9.810076175663140496e-01
1.007912042608042791e+00
1.000483208827863901e+00
9.938574922131098166e-01
9.900426856773423268e-01
1.018151786467208053e+00
1.015541655679577770e+00
1.007108925442617986e+00
9.810076175663140496e-01
1.022368151585687945e+00
1.002491001741425691e+00
1.018352565758564365e+00
9.964676230007402102e-01
1.006707366859905584e+00
1.007309704733974076e+00
9.848224241020815395e-01
9.908458028427671316e-01
1.003896456780918989e+00
9.974715194575211052e-01
9.735787837861352711e-01
9.902434649686985280e-01
1.005502691111768598e+00
9.912473614254794230e-01
1.000683988119219991e+00
1.009116718356179776e+00
1.019356462215345260e+00
1.012529966309234863e+00
1.021163475837550738e+00
1.007711263316686479e+00
9.960660644180278078e-01
1.023773606625181243e+00
1.007912042608042791e+00
1.015340876388221458e+00
1.010321394104316983e+00
1.007912042608042791e+00
1.004097236072275301e+00
9.944598300871784202e-01
9.974715194575211052e-01
1.011526069852453968e+00
1.020159579380769843e+00
1.012128407726522461e+00
1.016746331427714756e+00
1.003494898198206586e+00
9.944598300871784202e-01
9.888380099292052305e-01
1.005703470403124689e+00
9.908458028427671316e-01
9.968691815834526126e-01
1.019356462215345260e+00
1.014738538514152966e+00
1.014939317805509056e+00
1.014738538514152966e+00
9.964676230007402102e-01
9.948613886698907116e-01
9.926528164649727204e-01
1.001286325993288706e+00
9.922512578822603180e-01
9.994793123710830063e-01
1.029194647491798120e+00
1.012931524891947266e+00
1.025982178830099345e+00
9.946606093785346214e-01
1.009518276938892178e+00
1.015742434970933861e+00
9.964676230007402102e-01
9.916489200081918254e-01
1.024375944499249735e+00
1.007510484025330388e+00
1.018754124341276546e+00
9.866294377242872393e-01
1.009719056230248269e+00
1.008715159773467374e+00
9.912473614254794230e-01
1.002491001741425691e+00

# time bin value
-1.000000000000000000e+02
-9.900000000000000000e+01
-9.800000000000000000e+01
-9.700000000000000000e+01
-9.600000000000000000e+01
-9.500000000000000000e+01
-9.400000000000000000e+01
-9.300000000000000000e+01
-9.200000000000000000e+01
-9.100000000000000000e+01
-9.000000000000000000e+01
-8.900000000000000000e+01
-8.800000000000000000e+01
-8.700000000000000000e+01
-8.600000000000000000e+01
-8.500000000000000000e+01
-8.400000000000000000e+01
-8.300000000000000000e+01
-8.200000000000000000e+01
-8.100000000000000000e+01
-8.000000000000000000e+01
-7.900000000000000000e+01
-7.800000000000000000e+01
-7.700000000000000000e+01
-7.600000000000000000e+01
-7.500000000000000000e+01
-7.400000000000000000e+01
-7.300000000000000000e+01
-7.200000000000000000e+01
-7.100000000000000000e+01
-7.000000000000000000e+01
-6.900000000000000000e+01
-6.800000000000000000e+01
-6.700000000000000000e+01
-6.600000000000000000e+01
-6.500000000000000000e+01
-6.400000000000000000e+01
-6.300000000000000000e+01
-6.200000000000000000e+01
-6.100000000000000000e+01
-6.000000000000000000e+01
-5.900000000000000000e+01
-5.800000000000000000e+01
-5.700000000000000000e+01
-5.600000000000000000e+01
-5.500000000000000000e+01
-5.400000000000000000e+01
-5.300000000000000000e+01
-5.200000000000000000e+01
-5.100000000000000000e+01
-5.000000000000000000e+01
-4.900000000000000000e+01
-4.800000000000000000e+01
-4.700000000000000000e+01
-4.600000000000000000e+01
-4.500000000000000000e+01
-4.400000000000000000e+01
-4.300000000000000000e+01
-4.200000000000000000e+01
-4.100000000000000000e+01
-4.000000000000000000e+01
-3.900000000000000000e+01
-3.800000000000000000e+01
-3.700000000000000000e+01
-3.600000000000000000e+01
-3.500000000000000000e+01
-3.400000000000000000e+01
-3.300000000000000000e+01
-3.200000000000000000e+01
-3.100000000000000000e+01
-3.000000000000000000e+01
-2.900000000000000000e+01
-2.800000000000000000e+01
-2.700000000000000000e+01
-2.600000000000000000e+01
-2.500000000000000000e+01
-2.400000000000000000e+01
-2.300000000000000000e+01
-2.200000000000000000e+01
-2.100000000000000000e+01
-2.000000000000000000e+01
-1.900000000000000000e+01
-1.800000000000000000e+01
-1.700000000000000000e+01
-1.600000000000000000e+01
-1.500000000000000000e+01
-1.400000000000000000e+01
-1.300000000000000000e+01
-1.200000000000000000e+01
-1.100000000000000000e+01
-1.000000000000000000e+01
-9.000000000000000000e+00
-8.000000000000000000e+00
-7.000000000000000000e+00
-6.000000000000000000e+00
-5.000000000000000000e+00
-4.000000000000000000e+00
-3.000000000000000000e+00
-2.000000000000000000e+00
-1.000000000000000000e+00
0.000000000000000000e+00
1.000000000000000000e+00
2.000000000000000000e+00
3.000000000000000000e+00
4.000000000000000000e+00
5.000000000000000000e+00
6.000000000000000000e+00
7.000000000000000000e+00
8.000000000000000000e+00
9.000000000000000000e+00
1.000000000000000000e+01
1.100000000000000000e+01
1.200000000000000000e+01
1.300000000000000000e+01
1.400000000000000000e+01
1.500000000000000000e+01
1.600000000000000000e+01
1.700000000000000000e+01
1.800000000000000000e+01
1.900000000000000000e+01
2.000000000000000000e+01
2.100000000000000000e+01
2.200000000000000000e+01
2.300000000000000000e+01
2.400000000000000000e+01
2.500000000000000000e+01
2.600000000000000000e+01
2.700000000000000000e+01
2.800000000000000000e+01
2.900000000000000000e+01
3.000000000000000000e+01
3.100000000000000000e+01
3.200000000000000000e+01
3.300000000000000000e+01
3.400000000000000000e+01
3.500000000000000000e+01
3.600000000000000000e+01
3.700000000000000000e+01
3.800000000000000000e+01
3.900000000000000000e+01
4.000000000000000000e+01
4.100000000000000000e+01
4.200000000000000000e+01
4.300000000000000000e+01
4.400000000000000000e+01
4.500000000000000000e+01
4.600000000000000000e+01
4.700000000000000000e+01
4.800000000000000000e+01
4.900000000000000000e+01
5.000000000000000000e+01
5.100000000000000000e+01
5.200000000000000000e+01
5.300000000000000000e+01
5.400000000000000000e+01
5.500000000000000000e+01
5.600000000000000000e+01
5.700000000000000000e+01
5.800000000000000000e+01
5.900000000000000000e+01
6.000000000000000000e+01
6.100000000000000000e+01
6.200000000000000000e+01
6.300000000000000000e+01
6.400000000000000000e+01
6.500000000000000000e+01
6.600000000000000000e+01
6.700000000000000000e+01
6.800000000000000000e+01
6.900000000000000000e+01
7.000000000000000000e+01
7.100000000000000000e+01
7.200000000000000000e+01
7.300000000000000000e+01
7.400000000000000000e+01
7.500000000000000000e+01
7.600000000000000000e+01
7.700000000000000000e+01
7.800000000000000000e+01
7.900000000000000000e+01
8.000000000000000000e+01
8.100000000000000000e+01
8.200000000000000000e+01
8.300000000000000000e+01
8.400000000000000000e+01
8.500000000000000000e+01
8.600000000000000000e+01
8.700000000000000000e+01
8.800000000000000000e+01
8.900000000000000000e+01
9.000000000000000000e+01
9.100000000000000000e+01
9.200000000000000000e+01
9.300000000000000000e+01
9.400000000000000000e+01
9.500000000000000000e+01
9.600000000000000000e+01
9.700000000000000000e+01
9.800000000000000000e+01
9.900000000000000000e+01
