single photon fraction:    1.0000
laser fraction:    0.0000
thermal source fraction:    0.0000
non-detected fraction:    0.0000
number of bins:  200.0000
bin width (ns):    1.0000
average detection events per bin: 5000.0000

# binary result
1.000000000000000000e+00

# g2 signal
9.981016223411187660e-01
1.006320575246518523e+00
9.944933015533822251e-01
1.008926584704328278e+00
9.906845184996603271e-01
9.934909902234554391e-01
1.009327509236298992e+00
9.882789713078360405e-01
1.003714565788708990e+00
9.766521598806849891e-01
9.934909902234554391e-01
1.013537216821991604e+00
1.011733056428123279e+00
1.013938141353962319e+00
1.028170962238923014e+00
1.002311329926811378e+00
9.948942260853529396e-01
9.983020846071041232e-01
1.018147848939654931e+00
9.962974619472504401e-01
1.024763103717171830e+00
9.938919147554261535e-01
1.005117801650606379e+00
1.033783905686513238e+00
9.858734241160116429e-01
1.009928896034255175e+00
1.011532594162138032e+00
1.005117801650606379e+00
9.964979242132357973e-01
1.015541839481845177e+00
1.030576509430747523e+00
1.010530282832211135e+00
1.006921962044474705e+00
1.002712254458782093e+00
9.858734241160116429e-01
1.027970499972937768e+00
1.020152471599508504e+00
9.979011600751334088e-01
1.029574198100820626e+00
9.962974619472504401e-01
1.014539528151918502e+00
1.001108556330899235e+00
1.003113178990752807e+00
1.016945075343742788e+00
1.014739990417903748e+00
1.005919650714547808e+00
9.758503108167435602e-01
1.005919650714547808e+00
9.995048582030162665e-01
1.006721499778489237e+00
1.005518726182577094e+00
1.022958943323303727e+00
1.004917339384621133e+00
1.000908094064913767e+00
9.842697259881287852e-01
1.000306707266957806e+00
9.896822071697335410e-01
9.958965374152797256e-01
9.926891411595140102e-01
1.012935830024035644e+00
9.868757354459384290e-01
9.762512353487142747e-01
9.932905279574700819e-01
9.997053204690016237e-01
9.844701882541141424e-01
1.004315952586664951e+00
1.025364490515128013e+00
1.005117801650606379e+00
9.985025468730894804e-01
1.011532594162138032e+00
9.958965374152797256e-01
1.023359867855274441e+00
1.002712254458782093e+00
1.003313641256738276e+00
9.946937638193675824e-01
9.816637165303190304e-01
1.014138603619947787e+00
1.023159405589288973e+00
9.846706505200994997e-01
1.002712254458782093e+00
1.005919650714547808e+00
9.972997732771773371e-01
1.012735367758050176e+00
1.019751547067537789e+00
1.006120112980533277e+00
9.922882166275432958e-01
1.031578820760674198e+00
9.972997732771773371e-01
1.033182518888557055e+00
9.856729618500262857e-01
9.975002355431626944e-01
1.016744613077757542e+00
1.031779283026659666e+00
9.700369051031679790e-01
9.958965374152797256e-01
9.780553957425824896e-01
9.956960751492943684e-01
1.007924273374401603e+00
1.008325197906372317e+00
9.948942260853529396e-01
0.000000000000000000e+00
1.019952009333523257e+00
9.902835939676896126e-01
9.824655655942604593e-01
1.006120112980533277e+00
1.015742301747830645e+00
1.009728433768269706e+00
9.989034714050601949e-01
9.920877543615578276e-01
1.007924273374401603e+00
1.015341377215859930e+00
1.001910405394840664e+00
9.970993110111919799e-01
9.970993110111919799e-01
9.989034714050601949e-01
9.975002355431626944e-01
1.017546462141698971e+00
1.007322886576445420e+00
1.001108556330899235e+00
1.000908094064913767e+00
1.000306707266957806e+00
1.004516414852650419e+00
1.001509480862869950e+00
1.003313641256738276e+00
9.991039336710455521e-01
1.011733056428123279e+00
1.006521037512503991e+00
9.964979242132357973e-01
9.900831317017042554e-01
1.013537216821991604e+00
1.001309018596884481e+00
1.008525660172357563e+00
1.014940452683889216e+00
9.914863675636017559e-01
9.756498485507582030e-01
1.019952009333523257e+00
9.806614052003922444e-01
9.912859052976163987e-01
1.005117801650606379e+00
1.008124735640386849e+00
1.006120112980533277e+00
1.003714565788708990e+00
9.944933015533822251e-01
9.938919147554261535e-01
9.894817449037481838e-01
1.015341377215859930e+00
9.842697259881287852e-01
9.742466126888605915e-01
9.734447636249191627e-01
9.852720373180555713e-01
9.768526221466703463e-01
1.007723811108416134e+00
9.906845184996603271e-01
1.042403783123883709e+00
1.015541839481845177e+00
1.003714565788708990e+00
1.016143226279801359e+00
1.012534905492064929e+00
1.005919650714547808e+00
1.004115490320679704e+00
1.016544150811772074e+00
1.037793151006220382e+00
1.011532594162138032e+00
1.007523348842430888e+00
1.006120112980533277e+00
9.962974619472504401e-01
1.001309018596884481e+00
9.864748109139677146e-01
1.002311329926811378e+00
1.003514103522723522e+00
9.910854430316310415e-01
9.908849807656456843e-01
1.009928896034255175e+00
9.856729618500262857e-01
9.874771222438945006e-01
1.022958943323303727e+00
1.027770037706952300e+00
9.985025468730894804e-01
1.003113178990752807e+00
9.738456881568898771e-01
9.981016223411187660e-01
9.962974619472504401e-01
9.764516976146996319e-01
9.784563202745532040e-01
9.938919147554261535e-01
1.004315952586664951e+00
9.922882166275432958e-01
1.014940452683889216e+00
9.916868298295871131e-01
9.956960751492943684e-01
9.954956128833090112e-01
9.882789713078360405e-01
1.009527971502284460e+00
9.742466126888605915e-01
1.012534905492064929e+00
1.030175584898776808e+00
9.740461504228752343e-01
9.977006978091480516e-01
1.020553396131479218e+00
9.888803581057921122e-01

# time bin value
-1.000000000000000000e+02
-9.900000000000000000e+01
-9.800000000000000000e+01
-9.700000000000000000e+01
-9.600000000000000000e+01
-9.500000000000000000e+01
-9.400000000000000000e+01
-9.300000000000000000e+01
-9.200000000000000000e+01
-9.100000000000000000e+01
-9.000000000000000000e+01
-8.900000000000000000e+01
-8.800000000000000000e+01
-8.700000000000000000e+01
-8.600000000000000000e+01
-8.500000000000000000e+01
-8.400000000000000000e+01
-8.300000000000000000e+01
-8.200000000000000000e+01
-8.100000000000000000e+01
-8.000000000000000000e+01
-7.900000000000000000e+01
-7.800000000000000000e+01
-7.700000000000000000e+01
-7.600000000000000000e+01
-7.500000000000000000e+01
-7.400000000000000000e+01
-7.300000000000000000e+01
-7.200000000000000000e+01
-7.100000000000000000e+01
-7.000000000000000000e+01
-6.900000000000000000e+01
-6.800000000000000000e+01
-6.700000000000000000e+01
-6.600000000000000000e+01
-6.500000000000000000e+01
-6.400000000000000000e+01
-6.300000000000000000e+01
-6.200000000000000000e+01
-6.100000000000000000e+01
-6.000000000000000000e+01
-5.900000000000000000e+01
-5.800000000000000000e+01
-5.700000000000000000e+01
-5.600000000000000000e+01
-5.500000000000000000e+01
-5.400000000000000000e+01
-5.300000000000000000e+01
-5.200000000000000000e+01
-5.100000000000000000e+01
-5.000000000000000000e+01
-4.900000000000000000e+01
-4.800000000000000000e+01
-4.700000000000000000e+01
-4.600000000000000000e+01
-4.500000000000000000e+01
-4.400000000000000000e+01
-4.300000000000000000e+01
-4.200000000000000000e+01
-4.100000000000000000e+01
-4.000000000000000000e+01
-3.900000000000000000e+01
-3.800000000000000000e+01
-3.700000000000000000e+01
-3.600000000000000000e+01
-3.500000000000000000e+01
-3.400000000000000000e+01
-3.300000000000000000e+01
-3.200000000000000000e+01
-3.100000000000000000e+01
-3.000000000000000000e+01
-2.900000000000000000e+01
-2.800000000000000000e+01
-2.700000000000000000e+01
-2.600000000000000000e+01
-2.500000000000000000e+01
-2.400000000000000000e+01
-2.300000000000000000e+01
-2.200000000000000000e+01
-2.100000000000000000e+01
-2.000000000000000000e+01
-1.900000000000000000e+01
-1.800000000000000000e+01
-1.700000000000000000e+01
-1.600000000000000000e+01
-1.500000000000000000e+01
-1.400000000000000000e+01
-1.300000000000000000e+01
-1.200000000000000000e+01
-1.100000000000000000e+01
-1.000000000000000000e+01
-9.000000000000000000e+00
-8.000000000000000000e+00
-7.000000000000000000e+00
-6.000000000000000000e+00
-5.000000000000000000e+00
-4.000000000000000000e+00
-3.000000000000000000e+00
-2.000000000000000000e+00
-1.000000000000000000e+00
0.000000000000000000e+00
1.000000000000000000e+00
2.000000000000000000e+00
3.000000000000000000e+00
4.000000000000000000e+00
5.000000000000000000e+00
6.000000000000000000e+00
7.000000000000000000e+00
8.000000000000000000e+00
9.000000000000000000e+00
1.000000000000000000e+01
1.100000000000000000e+01
1.200000000000000000e+01
1.300000000000000000e+01
1.400000000000000000e+01
1.500000000000000000e+01
1.600000000000000000e+01
1.700000000000000000e+01
1.800000000000000000e+01
1.900000000000000000e+01
2.000000000000000000e+01
2.100000000000000000e+01
2.200000000000000000e+01
2.300000000000000000e+01
2.400000000000000000e+01
2.500000000000000000e+01
2.600000000000000000e+01
2.700000000000000000e+01
2.800000000000000000e+01
2.900000000000000000e+01
3.000000000000000000e+01
3.100000000000000000e+01
3.200000000000000000e+01
3.300000000000000000e+01
3.400000000000000000e+01
3.500000000000000000e+01
3.600000000000000000e+01
3.700000000000000000e+01
3.800000000000000000e+01
3.900000000000000000e+01
4.000000000000000000e+01
4.100000000000000000e+01
4.200000000000000000e+01
4.300000000000000000e+01
4.400000000000000000e+01
4.500000000000000000e+01
4.600000000000000000e+01
4.700000000000000000e+01
4.800000000000000000e+01
4.900000000000000000e+01
5.000000000000000000e+01
5.100000000000000000e+01
5.200000000000000000e+01
5.300000000000000000e+01
5.400000000000000000e+01
5.500000000000000000e+01
5.600000000000000000e+01
5.700000000000000000e+01
5.800000000000000000e+01
5.900000000000000000e+01
6.000000000000000000e+01
6.100000000000000000e+01
6.200000000000000000e+01
6.300000000000000000e+01
6.400000000000000000e+01
6.500000000000000000e+01
6.600000000000000000e+01
6.700000000000000000e+01
6.800000000000000000e+01
6.900000000000000000e+01
7.000000000000000000e+01
7.100000000000000000e+01
7.200000000000000000e+01
7.300000000000000000e+01
7.400000000000000000e+01
7.500000000000000000e+01
7.600000000000000000e+01
7.700000000000000000e+01
7.800000000000000000e+01
7.900000000000000000e+01
8.000000000000000000e+01
8.100000000000000000e+01
8.200000000000000000e+01
8.300000000000000000e+01
8.400000000000000000e+01
8.500000000000000000e+01
8.600000000000000000e+01
8.700000000000000000e+01
8.800000000000000000e+01
8.900000000000000000e+01
9.000000000000000000e+01
9.100000000000000000e+01
9.200000000000000000e+01
9.300000000000000000e+01
9.400000000000000000e+01
9.500000000000000000e+01
9.600000000000000000e+01
9.700000000000000000e+01
9.800000000000000000e+01
9.900000000000000000e+01
