single photon fraction:    1.0000
laser fraction:    0.0000
thermal source fraction:    0.0000
non-detected fraction:    0.0000
number of bins:  200.0000
bin width (ns):    1.0000
average detection events per bin: 5000.0000

# binary result
1.000000000000000000e+00

# g2 signal
9.953001388215224621e-01
9.936944922979144001e-01
1.022997541353760864e+00
9.894796701734434041e-01
9.944973155597184311e-01
9.953001388215224621e-01
1.017578484336583822e+00
1.006138252855876658e+00
1.002926959808660534e+00
9.977086086069345550e-01
9.930923748515614324e-01
9.856662596798743126e-01
1.014367191289367698e+00
1.018782719229289757e+00
1.015772131997524808e+00
1.009750957533994686e+00
1.011557309873053700e+00
1.024201776246466800e+00
9.997156667614445213e-01
1.017979895967485726e+00
1.013765073843014619e+00
9.959022562678754298e-01
9.981100202378364594e-01
9.963036678987774453e-01
1.012761544765759636e+00
1.032029303049055935e+00
1.019184130860191884e+00
9.914867283279533705e-01
1.003930488885915517e+00
1.014166485473916746e+00
1.008346016825837577e+00
9.918881399588553860e-01
1.005536135409523579e+00
9.938951981133654634e-01
9.965043737142285085e-01
1.001722724915954599e+00
9.850641422335213448e-01
9.892789643579923409e-01
9.942966097442674789e-01
1.001923430731405551e+00
1.005536135409523579e+00
9.870712003880313112e-01
9.999163725768955846e-01
1.006138252855876658e+00
1.008948134272190655e+00
9.934937864824634479e-01
9.965043737142285085e-01
1.011356604057602748e+00
1.001923430731405551e+00
9.965043737142285085e-01
9.886768469116393732e-01
9.975079027914834917e-01
1.002525548177758630e+00
1.010754486611249670e+00
1.003529077255013613e+00
1.030423656525447873e+00
9.940959039288164156e-01
1.009550251718543734e+00
1.011758015688504653e+00
9.786415561390892082e-01
9.973071969760325395e-01
9.814514375554033165e-01
1.005937547040425706e+00
1.008346016825837577e+00
9.979093144223855072e-01
1.029821539079095016e+00
9.997156667614445213e-01
9.999163725768955846e-01
9.708140293365001838e-01
1.029821539079095016e+00
1.015170014551171729e+00
9.896803759888943564e-01
1.000518490023248441e+00
1.020990483199250898e+00
1.027011657662780797e+00
1.020589071568348771e+00
1.006539664486778562e+00
1.016173543628426712e+00
9.989128434996404904e-01
1.010152369164896591e+00
9.950994330060715098e-01
9.902824934352474351e-01
9.790429677699912236e-01
9.944973155597184311e-01
1.013564368027563667e+00
9.997156667614445213e-01
1.027011657662780797e+00
1.012962250581210810e+00
1.013564368027563667e+00
1.012560838950308684e+00
9.812507317399522533e-01
1.005736841224974532e+00
1.023800364615564895e+00
1.001321313285052472e+00
1.012159427319406779e+00
1.010353074980347765e+00
1.001722724915954599e+00
1.000518490023248441e+00
9.720182642292061193e-01
1.030022244894545969e+00
0.000000000000000000e+00
9.973071969760325395e-01
1.012360133134857731e+00
9.993142551305425059e-01
9.942966097442674789e-01
9.985114318687384749e-01
9.672013246583820445e-01
9.900817876197963718e-01
1.011958721503955605e+00
1.015370720366622681e+00
1.004331900516817644e+00
9.926909632206594170e-01
1.008145311010386624e+00
1.000518490023248441e+00
1.019585542491093788e+00
1.025004599508270831e+00
9.993142551305425059e-01
9.872719062034823745e-01
1.003328371439562661e+00
1.010955192426700622e+00
1.017578484336583822e+00
1.022596129722858738e+00
1.004131194701366692e+00
1.033835655388114949e+00
1.001722724915954599e+00
1.021793306461054929e+00
1.021592600645603754e+00
1.008747428456739703e+00
1.008948134272190655e+00
9.983107260532875227e-01
1.020589071568348771e+00
1.016574955259328839e+00
1.016574955259328839e+00
9.969057853451305240e-01
1.011758015688504653e+00
9.866697887571294068e-01
1.012560838950308684e+00
9.858669654953253758e-01
9.832577898944623307e-01
9.930923748515614324e-01
1.031427185602702856e+00
9.969057853451305240e-01
1.002525548177758630e+00
1.027613775109133876e+00
1.002124136546856503e+00
9.955008446369735253e-01
1.022596129722858738e+00
1.009148840087641608e+00
9.718175584137551670e-01
1.000117078392346537e+00
1.022997541353760864e+00
9.619829734566560653e-01
1.001522019100503647e+00
1.011557309873053700e+00
9.983107260532875227e-01
1.008546722641288751e+00
9.808493201090502378e-01
1.007141781933131641e+00
1.023800364615564895e+00
1.040860358928900053e+00
1.001522019100503647e+00
9.902824934352474351e-01
1.000317784207797489e+00
1.002124136546856503e+00
9.950994330060715098e-01
9.846627306026193294e-01
9.906839050661494506e-01
9.991135493150915536e-01
9.953001388215224621e-01
1.008948134272190655e+00
1.024603187877368926e+00
1.014367191289367698e+00
9.836592015253643462e-01
1.007543193564033546e+00
1.007743899379484720e+00
9.836592015253643462e-01
1.009349545903092560e+00
9.997156667614445213e-01
9.938951981133654634e-01
9.993142551305425059e-01
9.820535550017562842e-01
1.021391894830152802e+00
9.894796701734434041e-01
9.659970897656761091e-01
9.969057853451305240e-01
9.916874341434044338e-01
1.012560838950308684e+00
1.010553780795798717e+00
1.010353074980347765e+00
9.916874341434044338e-01
1.014166485473916746e+00
1.018582013413838805e+00
1.010754486611249670e+00
9.826556724481092520e-01
9.997156667614445213e-01
9.934937864824634479e-01
9.928916690361104802e-01
9.930923748515614324e-01
9.985114318687384749e-01
1.002124136546856503e+00

# time bin value
-1.000000000000000000e+02
-9.900000000000000000e+01
-9.800000000000000000e+01
-9.700000000000000000e+01
-9.600000000000000000e+01
-9.500000000000000000e+01
-9.400000000000000000e+01
-9.300000000000000000e+01
-9.200000000000000000e+01
-9.100000000000000000e+01
-9.000000000000000000e+01
-8.900000000000000000e+01
-8.800000000000000000e+01
-8.700000000000000000e+01
-8.600000000000000000e+01
-8.500000000000000000e+01
-8.400000000000000000e+01
-8.300000000000000000e+01
-8.200000000000000000e+01
-8.100000000000000000e+01
-8.000000000000000000e+01
-7.900000000000000000e+01
-7.800000000000000000e+01
-7.700000000000000000e+01
-7.600000000000000000e+01
-7.500000000000000000e+01
-7.400000000000000000e+01
-7.300000000000000000e+01
-7.200000000000000000e+01
-7.100000000000000000e+01
-7.000000000000000000e+01
-6.900000000000000000e+01
-6.800000000000000000e+01
-6.700000000000000000e+01
-6.600000000000000000e+01
-6.500000000000000000e+01
-6.400000000000000000e+01
-6.300000000000000000e+01
-6.200000000000000000e+01
-6.100000000000000000e+01
-6.000000000000000000e+01
-5.900000000000000000e+01
-5.800000000000000000e+01
-5.700000000000000000e+01
-5.600000000000000000e+01
-5.500000000000000000e+01
-5.400000000000000000e+01
-5.300000000000000000e+01
-5.200000000000000000e+01
-5.100000000000000000e+01
-5.000000000000000000e+01
-4.900000000000000000e+01
-4.800000000000000000e+01
-4.700000000000000000e+01
-4.600000000000000000e+01
-4.500000000000000000e+01
-4.400000000000000000e+01
-4.300000000000000000e+01
-4.200000000000000000e+01
-4.100000000000000000e+01
-4.000000000000000000e+01
-3.900000000000000000e+01
-3.800000000000000000e+01
-3.700000000000000000e+01
-3.600000000000000000e+01
-3.500000000000000000e+01
-3.400000000000000000e+01
-3.300000000000000000e+01
-3.200000000000000000e+01
-3.100000000000000000e+01
-3.000000000000000000e+01
-2.900000000000000000e+01
-2.800000000000000000e+01
-2.700000000000000000e+01
-2.600000000000000000e+01
-2.500000000000000000e+01
-2.400000000000000000e+01
-2.300000000000000000e+01
-2.200000000000000000e+01
-2.100000000000000000e+01
-2.000000000000000000e+01
-1.900000000000000000e+01
-1.800000000000000000e+01
-1.700000000000000000e+01
-1.600000000000000000e+01
-1.500000000000000000e+01
-1.400000000000000000e+01
-1.300000000000000000e+01
-1.200000000000000000e+01
-1.100000000000000000e+01
-1.000000000000000000e+01
-9.000000000000000000e+00
-8.000000000000000000e+00
-7.000000000000000000e+00
-6.000000000000000000e+00
-5.000000000000000000e+00
-4.000000000000000000e+00
-3.000000000000000000e+00
-2.000000000000000000e+00
-1.000000000000000000e+00
0.000000000000000000e+00
1.000000000000000000e+00
2.000000000000000000e+00
3.000000000000000000e+00
4.000000000000000000e+00
5.000000000000000000e+00
6.000000000000000000e+00
7.000000000000000000e+00
8.000000000000000000e+00
9.000000000000000000e+00
1.000000000000000000e+01
1.100000000000000000e+01
1.200000000000000000e+01
1.300000000000000000e+01
1.400000000000000000e+01
1.500000000000000000e+01
1.600000000000000000e+01
1.700000000000000000e+01
1.800000000000000000e+01
1.900000000000000000e+01
2.000000000000000000e+01
2.100000000000000000e+01
2.200000000000000000e+01
2.300000000000000000e+01
2.400000000000000000e+01
2.500000000000000000e+01
2.600000000000000000e+01
2.700000000000000000e+01
2.800000000000000000e+01
2.900000000000000000e+01
3.000000000000000000e+01
3.100000000000000000e+01
3.200000000000000000e+01
3.300000000000000000e+01
3.400000000000000000e+01
3.500000000000000000e+01
3.600000000000000000e+01
3.700000000000000000e+01
3.800000000000000000e+01
3.900000000000000000e+01
4.000000000000000000e+01
4.100000000000000000e+01
4.200000000000000000e+01
4.300000000000000000e+01
4.400000000000000000e+01
4.500000000000000000e+01
4.600000000000000000e+01
4.700000000000000000e+01
4.800000000000000000e+01
4.900000000000000000e+01
5.000000000000000000e+01
5.100000000000000000e+01
5.200000000000000000e+01
5.300000000000000000e+01
5.400000000000000000e+01
5.500000000000000000e+01
5.600000000000000000e+01
5.700000000000000000e+01
5.800000000000000000e+01
5.900000000000000000e+01
6.000000000000000000e+01
6.100000000000000000e+01
6.200000000000000000e+01
6.300000000000000000e+01
6.400000000000000000e+01
6.500000000000000000e+01
6.600000000000000000e+01
6.700000000000000000e+01
6.800000000000000000e+01
6.900000000000000000e+01
7.000000000000000000e+01
7.100000000000000000e+01
7.200000000000000000e+01
7.300000000000000000e+01
7.400000000000000000e+01
7.500000000000000000e+01
7.600000000000000000e+01
7.700000000000000000e+01
7.800000000000000000e+01
7.900000000000000000e+01
8.000000000000000000e+01
8.100000000000000000e+01
8.200000000000000000e+01
8.300000000000000000e+01
8.400000000000000000e+01
8.500000000000000000e+01
8.600000000000000000e+01
8.700000000000000000e+01
8.800000000000000000e+01
8.900000000000000000e+01
9.000000000000000000e+01
9.100000000000000000e+01
9.200000000000000000e+01
9.300000000000000000e+01
9.400000000000000000e+01
9.500000000000000000e+01
9.600000000000000000e+01
9.700000000000000000e+01
9.800000000000000000e+01
9.900000000000000000e+01
