single photon fraction:    1.0000
laser fraction:    0.0000
thermal source fraction:    0.0000
non-detected fraction:    0.0000
number of bins:  200.0000
bin width (ns):    1.0000
average detection events per bin: 5000.0000

# binary result
1.000000000000000000e+00

# g2 signal
1.032134717362059195e+00
9.891876379306999700e-01
1.018688669128876567e+00
1.005643995469818863e+00
9.972151294131970101e-01
1.000827500580320661e+00
9.767450261328295413e-01
9.928000090978236214e-01
1.014875610674690565e+00
1.020294167425376042e+00
9.960110056908224596e-01
1.022100353008937867e+00
1.004239184460381962e+00
9.974158167002594721e-01
1.009256366636942515e+00
1.017283858119439666e+00
9.833677066058895688e-01
9.869800777730132202e-01
1.003436435312132113e+00
9.976165039873218232e-01
1.018086607267689292e+00
1.016481108971190039e+00
9.837690811800143820e-01
1.006446744618068712e+00
1.024709287740749319e+00
9.829663320317647557e-01
9.769457134198918924e-01
1.014474236100565641e+00
1.018487981841814216e+00
9.923986345236988083e-01
1.019491418277126416e+00
1.024307913166624617e+00
1.016882483545314741e+00
9.954089438296351844e-01
1.010861864933441989e+00
9.839697684670768441e-01
1.015076297961752916e+00
1.009858428498129790e+00
1.005242620895694161e+00
1.007048806479255987e+00
1.012467363229941464e+00
1.007650868340443262e+00
9.913951980883866089e-01
9.805580845870156548e-01
9.899903870789495963e-01
9.879835142083254196e-01
1.006045370043943787e+00
1.016481108971190039e+00
9.831670193188271067e-01
9.946061946813854471e-01
9.783505244293289049e-01
9.942048201072606339e-01
1.037753961399807245e+00
1.003637122599194687e+00
9.913951980883866089e-01
9.980178785614467474e-01
1.021698978434812943e+00
9.887862633565750459e-01
1.011463926794629264e+00
1.005643995469818863e+00
9.891876379306999700e-01
1.016481108971190039e+00
1.014875610674690565e+00
9.835683938929520309e-01
1.003235748025069762e+00
1.006246057331006138e+00
1.010661177646379638e+00
1.025712724176061519e+00
9.942048201072606339e-01
9.773470879940168166e-01
9.946061946813854471e-01
9.974158167002594721e-01
1.018086607267689292e+00
9.964123802649472728e-01
1.002232311589757563e+00
9.909938235142617957e-01
1.006647431905131063e+00
9.891876379306999700e-01
9.921979472366363462e-01
1.023103789444250067e+00
1.008854992062817812e+00
1.017885919980626941e+00
9.940041328201981718e-01
9.936027582460733587e-01
9.839697684670768441e-01
1.000426126006195737e+00
9.936027582460733587e-01
1.000024751432071035e+00
1.010059115785192363e+00
9.869800777730132202e-01
1.015477672535877840e+00
9.988206277096963737e-01
9.984192531355715605e-01
9.791532735775786422e-01
1.009858428498129790e+00
9.773470879940168166e-01
1.018688669128876567e+00
1.014072861526440716e+00
1.021899665721875516e+00
9.811601464482029300e-01
0.000000000000000000e+00
1.015076297961752916e+00
9.889869506436375080e-01
9.966130675520097348e-01
1.013872174239378365e+00
9.803573972999531927e-01
1.017283858119439666e+00
1.033138153797371395e+00
1.015678359822940191e+00
9.809594591611404679e-01
1.003035060738007411e+00
1.007048806479255987e+00
1.004640559034506664e+00
9.877828269212629575e-01
1.007048806479255987e+00
9.727312803915809658e-01
1.021096916573625668e+00
1.012868737804066166e+00
1.001830937015632861e+00
9.952082565425727223e-01
9.923986345236988083e-01
9.915958853754490709e-01
1.025913411463123870e+00
1.000225438719133386e+00
9.895890125048247832e-01
1.005643995469818863e+00
9.925993218107611593e-01
1.014474236100565641e+00
1.015879047110002764e+00
1.001830937015632861e+00
1.001830937015632861e+00
9.988206277096963737e-01
9.823642701705774805e-01
1.011865301368754189e+00
9.932013836719484345e-01
1.022903102157187494e+00
1.004439871747444313e+00
1.001028187867383012e+00
9.966130675520097348e-01
1.031934030074996844e+00
9.917965726625115330e-01
9.944055073943229850e-01
1.024107225879562044e+00
9.871807650600756823e-01
1.031733342787934271e+00
9.972151294131970101e-01
1.012065988655816540e+00
1.016882483545314741e+00
1.040162208844556346e+00
1.013671486952316014e+00
1.007650868340443262e+00
1.007249493766318338e+00
1.009256366636942515e+00
1.012868737804066166e+00
1.005643995469818863e+00
1.008654304775755239e+00
1.019290730990063842e+00
9.956096311166975354e-01
1.007650868340443262e+00
1.024508600453686968e+00
1.002232311589757563e+00
1.003837809886257038e+00
9.683161600762075771e-01
1.023906538592499693e+00
1.005041933608631588e+00
9.940041328201981718e-01
1.012868737804066166e+00
9.817622083093902052e-01
9.930006963848860835e-01
1.002432998876820136e+00
9.960110056908224596e-01
1.017083170832377315e+00
1.001228875154445586e+00
9.735340295398307031e-01
1.014875610674690565e+00
9.827656447447022936e-01
1.000827500580320661e+00
9.913951980883866089e-01
9.889869506436375080e-01
1.007450181053380689e+00
9.923986345236988083e-01
9.972151294131970101e-01
1.013069425091128739e+00
1.010059115785192363e+00
1.016280421684127466e+00
1.003035060738007411e+00
1.000024751432071035e+00
1.010460490359317065e+00
1.007249493766318338e+00
1.033539528371496097e+00
1.013470799665253441e+00
1.016681796258252390e+00
9.974158167002594721e-01
1.011263239507566913e+00
1.002232311589757563e+00
1.007450181053380689e+00
9.996233768579461110e-01
1.013069425091128739e+00
1.004439871747444313e+00
1.005643995469818863e+00

# time bin value
-1.000000000000000000e+02
-9.900000000000000000e+01
-9.800000000000000000e+01
-9.700000000000000000e+01
-9.600000000000000000e+01
-9.500000000000000000e+01
-9.400000000000000000e+01
-9.300000000000000000e+01
-9.200000000000000000e+01
-9.100000000000000000e+01
-9.000000000000000000e+01
-8.900000000000000000e+01
-8.800000000000000000e+01
-8.700000000000000000e+01
-8.600000000000000000e+01
-8.500000000000000000e+01
-8.400000000000000000e+01
-8.300000000000000000e+01
-8.200000000000000000e+01
-8.100000000000000000e+01
-8.000000000000000000e+01
-7.900000000000000000e+01
-7.800000000000000000e+01
-7.700000000000000000e+01
-7.600000000000000000e+01
-7.500000000000000000e+01
-7.400000000000000000e+01
-7.300000000000000000e+01
-7.200000000000000000e+01
-7.100000000000000000e+01
-7.000000000000000000e+01
-6.900000000000000000e+01
-6.800000000000000000e+01
-6.700000000000000000e+01
-6.600000000000000000e+01
-6.500000000000000000e+01
-6.400000000000000000e+01
-6.300000000000000000e+01
-6.200000000000000000e+01
-6.100000000000000000e+01
-6.000000000000000000e+01
-5.900000000000000000e+01
-5.800000000000000000e+01
-5.700000000000000000e+01
-5.600000000000000000e+01
-5.500000000000000000e+01
-5.400000000000000000e+01
-5.300000000000000000e+01
-5.200000000000000000e+01
-5.100000000000000000e+01
-5.000000000000000000e+01
-4.900000000000000000e+01
-4.800000000000000000e+01
-4.700000000000000000e+01
-4.600000000000000000e+01
-4.500000000000000000e+01
-4.400000000000000000e+01
-4.300000000000000000e+01
-4.200000000000000000e+01
-4.100000000000000000e+01
-4.000000000000000000e+01
-3.900000000000000000e+01
-3.800000000000000000e+01
-3.700000000000000000e+01
-3.600000000000000000e+01
-3.500000000000000000e+01
-3.400000000000000000e+01
-3.300000000000000000e+01
-3.200000000000000000e+01
-3.100000000000000000e+01
-3.000000000000000000e+01
-2.900000000000000000e+01
-2.800000000000000000e+01
-2.700000000000000000e+01
-2.600000000000000000e+01
-2.500000000000000000e+01
-2.400000000000000000e+01
-2.300000000000000000e+01
-2.200000000000000000e+01
-2.100000000000000000e+01
-2.000000000000000000e+01
-1.900000000000000000e+01
-1.800000000000000000e+01
-1.700000000000000000e+01
-1.600000000000000000e+01
-1.500000000000000000e+01
-1.400000000000000000e+01
-1.300000000000000000e+01
-1.200000000000000000e+01
-1.100000000000000000e+01
-1.000000000000000000e+01
-9.000000000000000000e+00
-8.000000000000000000e+00
-7.000000000000000000e+00
-6.000000000000000000e+00
-5.000000000000000000e+00
-4.000000000000000000e+00
-3.000000000000000000e+00
-2.000000000000000000e+00
-1.000000000000000000e+00
0.000000000000000000e+00
1.000000000000000000e+00
2.000000000000000000e+00
3.000000000000000000e+00
4.000000000000000000e+00
5.000000000000000000e+00
6.000000000000000000e+00
7.000000000000000000e+00
8.000000000000000000e+00
9.000000000000000000e+00
1.000000000000000000e+01
1.100000000000000000e+01
1.200000000000000000e+01
1.300000000000000000e+01
1.400000000000000000e+01
1.500000000000000000e+01
1.600000000000000000e+01
1.700000000000000000e+01
1.800000000000000000e+01
1.900000000000000000e+01
2.000000000000000000e+01
2.100000000000000000e+01
2.200000000000000000e+01
2.300000000000000000e+01
2.400000000000000000e+01
2.500000000000000000e+01
2.600000000000000000e+01
2.700000000000000000e+01
2.800000000000000000e+01
2.900000000000000000e+01
3.000000000000000000e+01
3.100000000000000000e+01
3.200000000000000000e+01
3.300000000000000000e+01
3.400000000000000000e+01
3.500000000000000000e+01
3.600000000000000000e+01
3.700000000000000000e+01
3.800000000000000000e+01
3.900000000000000000e+01
4.000000000000000000e+01
4.100000000000000000e+01
4.200000000000000000e+01
4.300000000000000000e+01
4.400000000000000000e+01
4.500000000000000000e+01
4.600000000000000000e+01
4.700000000000000000e+01
4.800000000000000000e+01
4.900000000000000000e+01
5.000000000000000000e+01
5.100000000000000000e+01
5.200000000000000000e+01
5.300000000000000000e+01
5.400000000000000000e+01
5.500000000000000000e+01
5.600000000000000000e+01
5.700000000000000000e+01
5.800000000000000000e+01
5.900000000000000000e+01
6.000000000000000000e+01
6.100000000000000000e+01
6.200000000000000000e+01
6.300000000000000000e+01
6.400000000000000000e+01
6.500000000000000000e+01
6.600000000000000000e+01
6.700000000000000000e+01
6.800000000000000000e+01
6.900000000000000000e+01
7.000000000000000000e+01
7.100000000000000000e+01
7.200000000000000000e+01
7.300000000000000000e+01
7.400000000000000000e+01
7.500000000000000000e+01
7.600000000000000000e+01
7.700000000000000000e+01
7.800000000000000000e+01
7.900000000000000000e+01
8.000000000000000000e+01
8.100000000000000000e+01
8.200000000000000000e+01
8.300000000000000000e+01
8.400000000000000000e+01
8.500000000000000000e+01
8.600000000000000000e+01
8.700000000000000000e+01
8.800000000000000000e+01
8.900000000000000000e+01
9.000000000000000000e+01
9.100000000000000000e+01
9.200000000000000000e+01
9.300000000000000000e+01
9.400000000000000000e+01
9.500000000000000000e+01
9.600000000000000000e+01
9.700000000000000000e+01
9.800000000000000000e+01
9.900000000000000000e+01
