single photon fraction:    1.0000
laser fraction:    0.0000
thermal source fraction:    0.0000
non-detected fraction:    0.0000
number of bins:  200.0000
bin width (ns):    1.0000
average detection events per bin: 5000.0000

# binary result
1.000000000000000000e+00

# g2 signal
1.001773429630740786e+00
1.017244058207067869e+00
9.957459120036002975e-01
1.005992691969739061e+00
1.003380767664644901e+00
1.018248644478257914e+00
9.985587535629324440e-01
1.015234885664687781e+00
9.975541672917423996e-01
1.008604616274833221e+00
9.786679453933690986e-01
1.014431216647735612e+00
9.828872077323673739e-01
9.875083045798417336e-01
1.028897258952872651e+00
9.955449947493623108e-01
1.023874327596922429e+00
9.927321531900300533e-01
9.832890422408433473e-01
1.000166091596836671e+00
9.987596708171705417e-01
1.013426630376545567e+00
9.947413257324102531e-01
9.921294014273159823e-01
9.883119735967937913e-01
1.007399112749405079e+00
1.000567926105312644e+00
9.947413257324102531e-01
1.004787188444310919e+00
1.033719273054584997e+00
1.004184436681596848e+00
9.901202288849358935e-01
1.018650478986733887e+00
9.977550845459803863e-01
9.808780351899871741e-01
1.003581684918882777e+00
1.022668824071494287e+00
1.011618375088403354e+00
9.867046355628896759e-01
9.613890615288998021e-01
9.983578363086944574e-01
9.969514155290283286e-01
1.003983519427358972e+00
9.991615053256465151e-01
9.764578555967509121e-01
9.943394912239341688e-01
1.011819292342641452e+00
9.720376760035145391e-01
1.003380767664644901e+00
1.023070658579970260e+00
1.010814706071451408e+00
1.017846809969781940e+00
1.016038554681639727e+00
1.019454148003686056e+00
9.917275669188400089e-01
9.879101390883177070e-01
1.014230299393497736e+00
9.842936285120335027e-01
9.983578363086944574e-01
1.005389940207024990e+00
1.003581684918882777e+00
9.772615246137029699e-01
1.006394526478215035e+00
1.003782602173120875e+00
1.008403699020595123e+00
1.021865155054542118e+00
1.018047727224019816e+00
1.005590857461263088e+00
9.865037183086515782e-01
1.005992691969739061e+00
1.031308266003728935e+00
1.015234885664687781e+00
9.915266496646020222e-01
9.844945457662714894e-01
1.019052313495210083e+00
1.036933949122393228e+00
1.006193609223976937e+00
1.001974346884978662e+00
1.027490838173206633e+00
1.011618375088403354e+00
1.006595443732453132e+00
9.907229806476499645e-01
9.820835387154153162e-01
1.012020209596879550e+00
9.857000492916995205e-01
1.005590857461263088e+00
1.021061486037590171e+00
9.911248151561259379e-01
1.002778015901930830e+00
1.005389940207024990e+00
1.028897258952872651e+00
1.024677996613874376e+00
1.011819292342641452e+00
1.019052313495210083e+00
9.869055528171276626e-01
9.995633398341225995e-01
1.002978933156168706e+00
1.019655065257923932e+00
1.017645892715543843e+00
9.967504982747903419e-01
0.000000000000000000e+00
1.000969760613788617e+00
9.905220633934118668e-01
1.019454148003686056e+00
1.005992691969739061e+00
1.001572512376502688e+00
1.003179850410406804e+00
9.987596708171705417e-01
1.017846809969781940e+00
1.011618375088403354e+00
1.008403699020595123e+00
9.756541865797988544e-01
1.008202781766357248e+00
1.000567926105312644e+00
9.854991320374615338e-01
1.001572512376502688e+00
1.023874327596922429e+00
1.002175264139216759e+00
9.975541672917423996e-01
9.881110563425556936e-01
1.030705514241014864e+00
9.949422429866482398e-01
1.013024795868069594e+00
1.009408285291785168e+00
1.003983519427358972e+00
1.034723859325775042e+00
1.005590857461263088e+00
1.013828464885021541e+00
9.895174771222218224e-01
1.005389940207024990e+00
1.000969760613788617e+00
1.002978933156168706e+00
9.957459120036002975e-01
9.949422429866482398e-01
9.762569383425129255e-01
9.971523327832664263e-01
1.012020209596879550e+00
1.008403699020595123e+00
1.002978933156168706e+00
9.973532500375044130e-01
1.028294507190158580e+00
9.822844559696533029e-01
1.015435802918925656e+00
9.953440774951242132e-01
9.977550845459803863e-01
1.002778015901930830e+00
1.021865155054542118e+00
1.016842223698591896e+00
1.024477079359636278e+00
9.981569190544564707e-01
1.008202781766357248e+00
9.893165598679838357e-01
1.022668824071494287e+00
1.011216540579927381e+00
9.911248151561259379e-01
1.011216540579927381e+00
1.000367008851074546e+00
1.000567926105312644e+00
1.000768843359550742e+00
1.010011037054499239e+00
1.019253230749447958e+00
9.965495810205523552e-01
1.042157797732581548e+00
9.985587535629324440e-01
1.008202781766357248e+00
1.014230299393497736e+00
1.031509183257966811e+00
9.985587535629324440e-01
1.001170677868026715e+00
1.025079831122350349e+00
9.861018838001756048e-01
1.002778015901930830e+00
1.004787188444310919e+00
9.955449947493623108e-01
1.003380767664644901e+00
9.991615053256465151e-01
1.007800947257881052e+00
9.830881249866053606e-01
1.000166091596836671e+00
1.002778015901930830e+00
1.013828464885021541e+00
1.029098176207110749e+00
9.939376567154581954e-01
1.028495424444396678e+00
1.010211954308737337e+00
1.014230299393497736e+00
9.995633398341225995e-01
1.005389940207024990e+00
1.009609202546023266e+00
9.834899594950814450e-01
1.008805533529071319e+00
1.015033968410449683e+00
1.001974346884978662e+00
1.017244058207067869e+00
1.000969760613788617e+00
1.000768843359550742e+00
1.020257817020638003e+00
1.019454148003686056e+00
1.013225713122307470e+00
1.004988105698549017e+00

# time bin value
-1.000000000000000000e+02
-9.900000000000000000e+01
-9.800000000000000000e+01
-9.700000000000000000e+01
-9.600000000000000000e+01
-9.500000000000000000e+01
-9.400000000000000000e+01
-9.300000000000000000e+01
-9.200000000000000000e+01
-9.100000000000000000e+01
-9.000000000000000000e+01
-8.900000000000000000e+01
-8.800000000000000000e+01
-8.700000000000000000e+01
-8.600000000000000000e+01
-8.500000000000000000e+01
-8.400000000000000000e+01
-8.300000000000000000e+01
-8.200000000000000000e+01
-8.100000000000000000e+01
-8.000000000000000000e+01
-7.900000000000000000e+01
-7.800000000000000000e+01
-7.700000000000000000e+01
-7.600000000000000000e+01
-7.500000000000000000e+01
-7.400000000000000000e+01
-7.300000000000000000e+01
-7.200000000000000000e+01
-7.100000000000000000e+01
-7.000000000000000000e+01
-6.900000000000000000e+01
-6.800000000000000000e+01
-6.700000000000000000e+01
-6.600000000000000000e+01
-6.500000000000000000e+01
-6.400000000000000000e+01
-6.300000000000000000e+01
-6.200000000000000000e+01
-6.100000000000000000e+01
-6.000000000000000000e+01
-5.900000000000000000e+01
-5.800000000000000000e+01
-5.700000000000000000e+01
-5.600000000000000000e+01
-5.500000000000000000e+01
-5.400000000000000000e+01
-5.300000000000000000e+01
-5.200000000000000000e+01
-5.100000000000000000e+01
-5.000000000000000000e+01
-4.900000000000000000e+01
-4.800000000000000000e+01
-4.700000000000000000e+01
-4.600000000000000000e+01
-4.500000000000000000e+01
-4.400000000000000000e+01
-4.300000000000000000e+01
-4.200000000000000000e+01
-4.100000000000000000e+01
-4.000000000000000000e+01
-3.900000000000000000e+01
-3.800000000000000000e+01
-3.700000000000000000e+01
-3.600000000000000000e+01
-3.500000000000000000e+01
-3.400000000000000000e+01
-3.300000000000000000e+01
-3.200000000000000000e+01
-3.100000000000000000e+01
-3.000000000000000000e+01
-2.900000000000000000e+01
-2.800000000000000000e+01
-2.700000000000000000e+01
-2.600000000000000000e+01
-2.500000000000000000e+01
-2.400000000000000000e+01
-2.300000000000000000e+01
-2.200000000000000000e+01
-2.100000000000000000e+01
-2.000000000000000000e+01
-1.900000000000000000e+01
-1.800000000000000000e+01
-1.700000000000000000e+01
-1.600000000000000000e+01
-1.500000000000000000e+01
-1.400000000000000000e+01
-1.300000000000000000e+01
-1.200000000000000000e+01
-1.100000000000000000e+01
-1.000000000000000000e+01
-9.000000000000000000e+00
-8.000000000000000000e+00
-7.000000000000000000e+00
-6.000000000000000000e+00
-5.000000000000000000e+00
-4.000000000000000000e+00
-3.000000000000000000e+00
-2.000000000000000000e+00
-1.000000000000000000e+00
0.000000000000000000e+00
1.000000000000000000e+00
2.000000000000000000e+00
3.000000000000000000e+00
4.000000000000000000e+00
5.000000000000000000e+00
6.000000000000000000e+00
7.000000000000000000e+00
8.000000000000000000e+00
9.000000000000000000e+00
1.000000000000000000e+01
1.100000000000000000e+01
1.200000000000000000e+01
1.300000000000000000e+01
1.400000000000000000e+01
1.500000000000000000e+01
1.600000000000000000e+01
1.700000000000000000e+01
1.800000000000000000e+01
1.900000000000000000e+01
2.000000000000000000e+01
2.100000000000000000e+01
2.200000000000000000e+01
2.300000000000000000e+01
2.400000000000000000e+01
2.500000000000000000e+01
2.600000000000000000e+01
2.700000000000000000e+01
2.800000000000000000e+01
2.900000000000000000e+01
3.000000000000000000e+01
3.100000000000000000e+01
3.200000000000000000e+01
3.300000000000000000e+01
3.400000000000000000e+01
3.500000000000000000e+01
3.600000000000000000e+01
3.700000000000000000e+01
3.800000000000000000e+01
3.900000000000000000e+01
4.000000000000000000e+01
4.100000000000000000e+01
4.200000000000000000e+01
4.300000000000000000e+01
4.400000000000000000e+01
4.500000000000000000e+01
4.600000000000000000e+01
4.700000000000000000e+01
4.800000000000000000e+01
4.900000000000000000e+01
5.000000000000000000e+01
5.100000000000000000e+01
5.200000000000000000e+01
5.300000000000000000e+01
5.400000000000000000e+01
5.500000000000000000e+01
5.600000000000000000e+01
5.700000000000000000e+01
5.800000000000000000e+01
5.900000000000000000e+01
6.000000000000000000e+01
6.100000000000000000e+01
6.200000000000000000e+01
6.300000000000000000e+01
6.400000000000000000e+01
6.500000000000000000e+01
6.600000000000000000e+01
6.700000000000000000e+01
6.800000000000000000e+01
6.900000000000000000e+01
7.000000000000000000e+01
7.100000000000000000e+01
7.200000000000000000e+01
7.300000000000000000e+01
7.400000000000000000e+01
7.500000000000000000e+01
7.600000000000000000e+01
7.700000000000000000e+01
7.800000000000000000e+01
7.900000000000000000e+01
8.000000000000000000e+01
8.100000000000000000e+01
8.200000000000000000e+01
8.300000000000000000e+01
8.400000000000000000e+01
8.500000000000000000e+01
8.600000000000000000e+01
8.700000000000000000e+01
8.800000000000000000e+01
8.900000000000000000e+01
9.000000000000000000e+01
9.100000000000000000e+01
9.200000000000000000e+01
9.300000000000000000e+01
9.400000000000000000e+01
9.500000000000000000e+01
9.600000000000000000e+01
9.700000000000000000e+01
9.800000000000000000e+01
9.900000000000000000e+01
