single photon fraction:    1.0000
laser fraction:    0.0000
thermal source fraction:    0.0000
non-detected fraction:    0.0000
number of bins:  200.0000
bin width (ns):    1.0000
average detection events per bin: 5000.0000

# binary result
1.000000000000000000e+00

# g2 signal
1.000237578174931086e+00
1.000036807886256929e+00
1.017303052712239309e+00
9.960214021127726802e-01
1.018306904155610315e+00
1.005658375969134877e+00
1.006862997701180262e+00
1.031959283785456982e+00
9.801605493075098430e-01
1.013086876650080903e+00
1.010075322319967661e+00
1.001040659329627935e+00
1.001040659329627935e+00
1.000237578174931086e+00
1.014893809248148759e+00
9.883921311431526080e-01
1.016901512134890773e+00
1.025735404836556341e+00
9.956198615354242554e-01
1.003449902793718485e+00
9.968244832674695299e-01
9.709251160284959603e-01
1.009272241165270811e+00
9.895967528751978826e-01
9.835736442149713987e-01
1.019913066465004015e+00
1.023727701949814106e+00
1.008268389721899805e+00
1.005056065103112184e+00
9.753420623793287447e-01
9.984306455768632294e-01
9.827705630602745490e-01
1.030152351187388904e+00
1.008669930299248119e+00
1.007264538278528576e+00
9.833728739262972418e-01
9.954190912467500985e-01
1.010276092608641818e+00
9.972260238448179548e-01
1.001442199906976471e+00
9.980291049995148045e-01
9.901990637412204643e-01
1.005658375969134877e+00
1.004252983948415334e+00
9.982298752881890724e-01
1.009473011453944968e+00
1.011882254918035517e+00
1.000036807886256929e+00
9.881913608544783401e-01
9.849790362356909412e-01
1.017905363578262001e+00
1.022322309929094564e+00
9.899982934525463074e-01
9.964229426901211051e-01
1.000438348463605465e+00
1.004654524525763870e+00
9.845774956583425164e-01
1.011681484629361361e+00
1.018708444732958851e+00
1.000036807886256929e+00
1.003851443371067020e+00
1.033766216383524839e+00
9.976275644221663796e-01
1.012484565784058210e+00
1.009473011453944968e+00
1.007264538278528576e+00
1.000036807886256929e+00
1.007063767989854419e+00
1.018306904155610315e+00
9.926083072053110135e-01
1.005256835391786563e+00
1.005859146257809034e+00
9.769482246887224441e-01
1.005056065103112184e+00
1.011279944052012825e+00
9.914036854732657389e-01
9.893959825865236146e-01
1.001040659329627935e+00
9.982298752881890724e-01
1.013889957804777753e+00
1.002646821639021635e+00
1.031959283785456982e+00
1.008469160010573962e+00
1.006461457123831726e+00
1.000036807886256929e+00
1.011079173763338668e+00
9.986314158655374973e-01
9.841759550809940915e-01
1.008669930299248119e+00
1.022121539640420407e+00
9.988321861542116542e-01
9.928090774939852814e-01
1.010878403474664511e+00
1.009473011453944968e+00
1.002646821639021635e+00
1.005658375969134877e+00
9.956198615354242554e-01
1.022523080217768943e+00
9.861836579677362158e-01
1.012886106361406524e+00
0.000000000000000000e+00
1.031758513496782603e+00
9.851798065243652092e-01
9.978283347108406476e-01
9.841759550809940915e-01
1.017503823000913465e+00
1.011079173763338668e+00
1.024530783104510956e+00
1.003851443371067020e+00
9.980291049995148045e-01
9.811644007508808496e-01
9.978283347108406476e-01
1.006461457123831726e+00
9.881913608544783401e-01
9.879905905658041831e-01
1.006461457123831726e+00
9.863844282564104837e-01
1.035573148981592695e+00
1.004855294814438027e+00
1.000036807886256929e+00
9.903998340298947323e-01
9.773497652660708690e-01
1.019913066465004015e+00
1.006662227412505883e+00
1.030553891764737440e+00
1.003249132505044328e+00
1.003249132505044328e+00
1.004453754237089713e+00
1.009473011453944968e+00
1.011480714340687204e+00
9.994344970202343470e-01
9.956198615354242554e-01
1.003249132505044328e+00
1.006662227412505883e+00
1.026136945413904655e+00
1.004052213659741177e+00
9.867859688337589086e-01
9.906006043185688892e-01
9.954190912467500985e-01
1.005256835391786563e+00
1.021920769351746250e+00
9.984306455768632294e-01
9.980291049995148045e-01
1.012886106361406524e+00
1.019913066465004015e+00
9.883921311431526080e-01
9.936121586486821311e-01
1.015094579536822916e+00
1.009473011453944968e+00
9.994344970202343470e-01
1.001642970195650628e+00
1.010476862897315975e+00
1.004453754237089713e+00
1.021719999063072093e+00
1.003048362216370171e+00
1.007666078855877112e+00
1.005256835391786563e+00
9.932106180713337062e-01
1.015496120114171452e+00
1.012886106361406524e+00
1.000639118752279622e+00
9.875890499884557583e-01
9.978283347108406476e-01
1.018106133866936158e+00
1.005256835391786563e+00
9.954190912467500985e-01
9.699212645851249537e-01
1.004252983948415334e+00
1.008067619433225426e+00
9.932106180713337062e-01
1.005056065103112184e+00
1.022523080217768943e+00
1.000839889040953778e+00
1.023928472238488263e+00
1.011079173763338668e+00
1.015696890402845609e+00
1.025735404836556341e+00
9.791566978641387253e-01
1.011681484629361361e+00
9.869867391224330655e-01
9.924075369166368565e-01
1.016299201268868302e+00
1.027743107723298355e+00
1.016700741846216616e+00
9.767474544000481762e-01
9.926083072053110135e-01
9.956198615354242554e-01
9.839751847923199346e-01
9.948167803807274057e-01
1.011480714340687204e+00
1.005256835391786563e+00
1.015696890402845609e+00
9.901990637412204643e-01
1.031557743208108446e+00
1.004855294814438027e+00
1.015496120114171452e+00
1.031156202630760133e+00
1.015496120114171452e+00
9.815659413282292745e-01
9.996352673089085039e-01

# time bin value
-1.000000000000000000e+02
-9.900000000000000000e+01
-9.800000000000000000e+01
-9.700000000000000000e+01
-9.600000000000000000e+01
-9.500000000000000000e+01
-9.400000000000000000e+01
-9.300000000000000000e+01
-9.200000000000000000e+01
-9.100000000000000000e+01
-9.000000000000000000e+01
-8.900000000000000000e+01
-8.800000000000000000e+01
-8.700000000000000000e+01
-8.600000000000000000e+01
-8.500000000000000000e+01
-8.400000000000000000e+01
-8.300000000000000000e+01
-8.200000000000000000e+01
-8.100000000000000000e+01
-8.000000000000000000e+01
-7.900000000000000000e+01
-7.800000000000000000e+01
-7.700000000000000000e+01
-7.600000000000000000e+01
-7.500000000000000000e+01
-7.400000000000000000e+01
-7.300000000000000000e+01
-7.200000000000000000e+01
-7.100000000000000000e+01
-7.000000000000000000e+01
-6.900000000000000000e+01
-6.800000000000000000e+01
-6.700000000000000000e+01
-6.600000000000000000e+01
-6.500000000000000000e+01
-6.400000000000000000e+01
-6.300000000000000000e+01
-6.200000000000000000e+01
-6.100000000000000000e+01
-6.000000000000000000e+01
-5.900000000000000000e+01
-5.800000000000000000e+01
-5.700000000000000000e+01
-5.600000000000000000e+01
-5.500000000000000000e+01
-5.400000000000000000e+01
-5.300000000000000000e+01
-5.200000000000000000e+01
-5.100000000000000000e+01
-5.000000000000000000e+01
-4.900000000000000000e+01
-4.800000000000000000e+01
-4.700000000000000000e+01
-4.600000000000000000e+01
-4.500000000000000000e+01
-4.400000000000000000e+01
-4.300000000000000000e+01
-4.200000000000000000e+01
-4.100000000000000000e+01
-4.000000000000000000e+01
-3.900000000000000000e+01
-3.800000000000000000e+01
-3.700000000000000000e+01
-3.600000000000000000e+01
-3.500000000000000000e+01
-3.400000000000000000e+01
-3.300000000000000000e+01
-3.200000000000000000e+01
-3.100000000000000000e+01
-3.000000000000000000e+01
-2.900000000000000000e+01
-2.800000000000000000e+01
-2.700000000000000000e+01
-2.600000000000000000e+01
-2.500000000000000000e+01
-2.400000000000000000e+01
-2.300000000000000000e+01
-2.200000000000000000e+01
-2.100000000000000000e+01
-2.000000000000000000e+01
-1.900000000000000000e+01
-1.800000000000000000e+01
-1.700000000000000000e+01
-1.600000000000000000e+01
-1.500000000000000000e+01
-1.400000000000000000e+01
-1.300000000000000000e+01
-1.200000000000000000e+01
-1.100000000000000000e+01
-1.000000000000000000e+01
-9.000000000000000000e+00
-8.000000000000000000e+00
-7.000000000000000000e+00
-6.000000000000000000e+00
-5.000000000000000000e+00
-4.000000000000000000e+00
-3.000000000000000000e+00
-2.000000000000000000e+00
-1.000000000000000000e+00
0.000000000000000000e+00
1.000000000000000000e+00
2.000000000000000000e+00
3.000000000000000000e+00
4.000000000000000000e+00
5.000000000000000000e+00
6.000000000000000000e+00
7.000000000000000000e+00
8.000000000000000000e+00
9.000000000000000000e+00
1.000000000000000000e+01
1.100000000000000000e+01
1.200000000000000000e+01
1.300000000000000000e+01
1.400000000000000000e+01
1.500000000000000000e+01
1.600000000000000000e+01
1.700000000000000000e+01
1.800000000000000000e+01
1.900000000000000000e+01
2.000000000000000000e+01
2.100000000000000000e+01
2.200000000000000000e+01
2.300000000000000000e+01
2.400000000000000000e+01
2.500000000000000000e+01
2.600000000000000000e+01
2.700000000000000000e+01
2.800000000000000000e+01
2.900000000000000000e+01
3.000000000000000000e+01
3.100000000000000000e+01
3.200000000000000000e+01
3.300000000000000000e+01
3.400000000000000000e+01
3.500000000000000000e+01
3.600000000000000000e+01
3.700000000000000000e+01
3.800000000000000000e+01
3.900000000000000000e+01
4.000000000000000000e+01
4.100000000000000000e+01
4.200000000000000000e+01
4.300000000000000000e+01
4.400000000000000000e+01
4.500000000000000000e+01
4.600000000000000000e+01
4.700000000000000000e+01
4.800000000000000000e+01
4.900000000000000000e+01
5.000000000000000000e+01
5.100000000000000000e+01
5.200000000000000000e+01
5.300000000000000000e+01
5.400000000000000000e+01
5.500000000000000000e+01
5.600000000000000000e+01
5.700000000000000000e+01
5.800000000000000000e+01
5.900000000000000000e+01
6.000000000000000000e+01
6.100000000000000000e+01
6.200000000000000000e+01
6.300000000000000000e+01
6.400000000000000000e+01
6.500000000000000000e+01
6.600000000000000000e+01
6.700000000000000000e+01
6.800000000000000000e+01
6.900000000000000000e+01
7.000000000000000000e+01
7.100000000000000000e+01
7.200000000000000000e+01
7.300000000000000000e+01
7.400000000000000000e+01
7.500000000000000000e+01
7.600000000000000000e+01
7.700000000000000000e+01
7.800000000000000000e+01
7.900000000000000000e+01
8.000000000000000000e+01
8.100000000000000000e+01
8.200000000000000000e+01
8.300000000000000000e+01
8.400000000000000000e+01
8.500000000000000000e+01
8.600000000000000000e+01
8.700000000000000000e+01
8.800000000000000000e+01
8.900000000000000000e+01
9.000000000000000000e+01
9.100000000000000000e+01
9.200000000000000000e+01
9.300000000000000000e+01
9.400000000000000000e+01
9.500000000000000000e+01
9.600000000000000000e+01
9.700000000000000000e+01
9.800000000000000000e+01
9.900000000000000000e+01
