single photon fraction:    1.0000
laser fraction:    0.0000
thermal source fraction:    0.0000
non-detected fraction:    0.0000
number of bins:  200.0000
bin width (ns):    1.0000
average detection events per bin: 5000.0000

# binary result
1.000000000000000000e+00

# g2 signal
1.007434824848052024e+00
1.011650033320219633e+00
1.000409477394439417e+00
9.971978899870734825e-01
1.025700728227444847e+00
9.953913720704302692e-01
1.022689865033039380e+00
1.013657275449823203e+00
9.867602309131348060e-01
1.008237721699893452e+00
9.893696456816194473e-01
9.933841299408266989e-01
1.006431203783250128e+00
1.011650033320219633e+00
9.996065805425978779e-01
1.001011650033320377e+00
1.008639170125814166e+00
9.799356076724824449e-01
9.875631277649762341e-01
9.996065805425978779e-01
1.016467414431268201e+00
1.007836273273972738e+00
1.006832652209170842e+00
1.016467414431268201e+00
9.841508161446500536e-01
1.011650033320219633e+00
9.909754393853023036e-01
1.016868862857188915e+00
1.018073208134951058e+00
9.923805088760249138e-01
1.038547077856907919e+00
9.821435740150464833e-01
1.025299279801524133e+00
9.837493677187293395e-01
1.007836273273972738e+00
1.005427582718448232e+00
9.879645761908969481e-01
9.915776120241833747e-01
9.955920962833906263e-01
1.021485519755277238e+00
9.911761635982626606e-01
1.011449309107259165e+00
9.992051321166771638e-01
9.945884752185888411e-01
1.011650033320219633e+00
1.018675380773832240e+00
9.899718183205005184e-01
9.915776120241833747e-01
1.000208753181478949e+00
9.941870267926681271e-01
1.021284795542316770e+00
1.046977494801243136e+00
1.002015271098122273e+00
1.008839894338774412e+00
1.003018892162923947e+00
9.957928204963509833e-01
9.737131570707112660e-01
1.011047860681338451e+00
9.871616793390555200e-01
1.009040618551734880e+00
1.016065966005347487e+00
1.012653654385021307e+00
1.014259448088704163e+00
1.018474656560871772e+00
9.980007868389150216e-01
9.945884752185888411e-01
9.971978899870734825e-01
1.024295658736722237e+00
1.002617443737003233e+00
1.035536214662502452e+00
1.001212374246280845e+00
9.899718183205005184e-01
9.957928204963509833e-01
1.000610201607399663e+00
9.988036836907564497e-01
1.026905073505206989e+00
1.010646412255417737e+00
1.006832652209170842e+00
1.016868862857188915e+00
1.007033376422131310e+00
1.017471035496070098e+00
9.986029594777960927e-01
9.723080875799887668e-01
1.006631927996210596e+00
1.024697107162642951e+00
9.990044079037168068e-01
1.004624685866606804e+00
1.022689865033039380e+00
1.014058723875743917e+00
9.949899236445095552e-01
1.000409477394439417e+00
9.955920962833906263e-01
9.982015110518753787e-01
1.007635549061012270e+00
1.006230479570289882e+00
9.883660246168176622e-01
1.001212374246280845e+00
9.851544372094518387e-01
1.008036997486932984e+00
9.891689214686590903e-01
0.000000000000000000e+00
1.001613822672201559e+00
1.036539835727304348e+00
1.001413098459241091e+00
9.799356076724824449e-01
1.024697107162642951e+00
1.023292037671920562e+00
9.901725425334608754e-01
1.022489140820079134e+00
1.036339111514343880e+00
9.933841299408266989e-01
1.003621064801805129e+00
9.971978899870734825e-01
1.028109418782969131e+00
1.020682622903435810e+00
9.719066391540680527e-01
9.731109844318301949e-01
1.000208753181478949e+00
9.799356076724824449e-01
9.867602309131348060e-01
1.005226858505487986e+00
1.011248584894298697e+00
9.891689214686590903e-01
9.715051907281473387e-01
9.865595067001744489e-01
9.965957173481924114e-01
1.008639170125814166e+00
1.016668138644228447e+00
1.009040618551734880e+00
1.018273932347911526e+00
1.027507246144087949e+00
1.023292037671920562e+00
1.020883347116396056e+00
9.711037423022266246e-01
9.763225718391960184e-01
1.000610201607399663e+00
1.003018892162923947e+00
1.003219616375884415e+00
9.907747151723419465e-01
9.835486435057689825e-01
9.927819573019456278e-01
9.903732667464212325e-01
9.969971657741131255e-01
1.003219616375884415e+00
9.994058563296375208e-01
1.029313764060731273e+00
1.018675380773832240e+00
9.787312623947203027e-01
1.027507246144087949e+00
9.994058563296375208e-01
9.909754393853023036e-01
1.019478277625673668e+00
1.013456551236862735e+00
1.001814546885161805e+00
9.921797846630645568e-01
9.925812330889852708e-01
1.009241342764695126e+00
1.019076829199752954e+00
9.767240202651167325e-01
1.011248584894298697e+00
9.584581168857239097e-01
1.021084071329356524e+00
9.984022352648357357e-01
1.005427582718448232e+00
1.011248584894298697e+00
9.959935447093113403e-01
1.003621064801805129e+00
1.003420340588844661e+00
1.005427582718448232e+00
9.907747151723419465e-01
9.789319866076806598e-01
1.018876104986792486e+00
9.951906478574699122e-01
9.905739909593815895e-01
9.843515403576104106e-01
9.949899236445095552e-01
1.015263069153506059e+00
9.975993384129943076e-01
1.034131145171780064e+00
1.011850757533179879e+00
9.941870267926681271e-01
1.008438445912853698e+00
1.013456551236862735e+00
1.012252205959100593e+00
1.003621064801805129e+00
1.016467414431268201e+00
9.907747151723419465e-01
1.006431203783250128e+00
9.937855783667474130e-01
1.020481898690475342e+00
1.007234100635091556e+00
9.869609551260951630e-01
9.839500919316896965e-01
1.015263069153506059e+00
1.012051481746140347e+00
1.020883347116396056e+00
9.967964415611527684e-01
1.015664517579426773e+00
1.017872483921990812e+00
1.006631927996210596e+00

# time bin value
-1.000000000000000000e+02
-9.900000000000000000e+01
-9.800000000000000000e+01
-9.700000000000000000e+01
-9.600000000000000000e+01
-9.500000000000000000e+01
-9.400000000000000000e+01
-9.300000000000000000e+01
-9.200000000000000000e+01
-9.100000000000000000e+01
-9.000000000000000000e+01
-8.900000000000000000e+01
-8.800000000000000000e+01
-8.700000000000000000e+01
-8.600000000000000000e+01
-8.500000000000000000e+01
-8.400000000000000000e+01
-8.300000000000000000e+01
-8.200000000000000000e+01
-8.100000000000000000e+01
-8.000000000000000000e+01
-7.900000000000000000e+01
-7.800000000000000000e+01
-7.700000000000000000e+01
-7.600000000000000000e+01
-7.500000000000000000e+01
-7.400000000000000000e+01
-7.300000000000000000e+01
-7.200000000000000000e+01
-7.100000000000000000e+01
-7.000000000000000000e+01
-6.900000000000000000e+01
-6.800000000000000000e+01
-6.700000000000000000e+01
-6.600000000000000000e+01
-6.500000000000000000e+01
-6.400000000000000000e+01
-6.300000000000000000e+01
-6.200000000000000000e+01
-6.100000000000000000e+01
-6.000000000000000000e+01
-5.900000000000000000e+01
-5.800000000000000000e+01
-5.700000000000000000e+01
-5.600000000000000000e+01
-5.500000000000000000e+01
-5.400000000000000000e+01
-5.300000000000000000e+01
-5.200000000000000000e+01
-5.100000000000000000e+01
-5.000000000000000000e+01
-4.900000000000000000e+01
-4.800000000000000000e+01
-4.700000000000000000e+01
-4.600000000000000000e+01
-4.500000000000000000e+01
-4.400000000000000000e+01
-4.300000000000000000e+01
-4.200000000000000000e+01
-4.100000000000000000e+01
-4.000000000000000000e+01
-3.900000000000000000e+01
-3.800000000000000000e+01
-3.700000000000000000e+01
-3.600000000000000000e+01
-3.500000000000000000e+01
-3.400000000000000000e+01
-3.300000000000000000e+01
-3.200000000000000000e+01
-3.100000000000000000e+01
-3.000000000000000000e+01
-2.900000000000000000e+01
-2.800000000000000000e+01
-2.700000000000000000e+01
-2.600000000000000000e+01
-2.500000000000000000e+01
-2.400000000000000000e+01
-2.300000000000000000e+01
-2.200000000000000000e+01
-2.100000000000000000e+01
-2.000000000000000000e+01
-1.900000000000000000e+01
-1.800000000000000000e+01
-1.700000000000000000e+01
-1.600000000000000000e+01
-1.500000000000000000e+01
-1.400000000000000000e+01
-1.300000000000000000e+01
-1.200000000000000000e+01
-1.100000000000000000e+01
-1.000000000000000000e+01
-9.000000000000000000e+00
-8.000000000000000000e+00
-7.000000000000000000e+00
-6.000000000000000000e+00
-5.000000000000000000e+00
-4.000000000000000000e+00
-3.000000000000000000e+00
-2.000000000000000000e+00
-1.000000000000000000e+00
0.000000000000000000e+00
1.000000000000000000e+00
2.000000000000000000e+00
3.000000000000000000e+00
4.000000000000000000e+00
5.000000000000000000e+00
6.000000000000000000e+00
7.000000000000000000e+00
8.000000000000000000e+00
9.000000000000000000e+00
1.000000000000000000e+01
1.100000000000000000e+01
1.200000000000000000e+01
1.300000000000000000e+01
1.400000000000000000e+01
1.500000000000000000e+01
1.600000000000000000e+01
1.700000000000000000e+01
1.800000000000000000e+01
1.900000000000000000e+01
2.000000000000000000e+01
2.100000000000000000e+01
2.200000000000000000e+01
2.300000000000000000e+01
2.400000000000000000e+01
2.500000000000000000e+01
2.600000000000000000e+01
2.700000000000000000e+01
2.800000000000000000e+01
2.900000000000000000e+01
3.000000000000000000e+01
3.100000000000000000e+01
3.200000000000000000e+01
3.300000000000000000e+01
3.400000000000000000e+01
3.500000000000000000e+01
3.600000000000000000e+01
3.700000000000000000e+01
3.800000000000000000e+01
3.900000000000000000e+01
4.000000000000000000e+01
4.100000000000000000e+01
4.200000000000000000e+01
4.300000000000000000e+01
4.400000000000000000e+01
4.500000000000000000e+01
4.600000000000000000e+01
4.700000000000000000e+01
4.800000000000000000e+01
4.900000000000000000e+01
5.000000000000000000e+01
5.100000000000000000e+01
5.200000000000000000e+01
5.300000000000000000e+01
5.400000000000000000e+01
5.500000000000000000e+01
5.600000000000000000e+01
5.700000000000000000e+01
5.800000000000000000e+01
5.900000000000000000e+01
6.000000000000000000e+01
6.100000000000000000e+01
6.200000000000000000e+01
6.300000000000000000e+01
6.400000000000000000e+01
6.500000000000000000e+01
6.600000000000000000e+01
6.700000000000000000e+01
6.800000000000000000e+01
6.900000000000000000e+01
7.000000000000000000e+01
7.100000000000000000e+01
7.200000000000000000e+01
7.300000000000000000e+01
7.400000000000000000e+01
7.500000000000000000e+01
7.600000000000000000e+01
7.700000000000000000e+01
7.800000000000000000e+01
7.900000000000000000e+01
8.000000000000000000e+01
8.100000000000000000e+01
8.200000000000000000e+01
8.300000000000000000e+01
8.400000000000000000e+01
8.500000000000000000e+01
8.600000000000000000e+01
8.700000000000000000e+01
8.800000000000000000e+01
8.900000000000000000e+01
9.000000000000000000e+01
9.100000000000000000e+01
9.200000000000000000e+01
9.300000000000000000e+01
9.400000000000000000e+01
9.500000000000000000e+01
9.600000000000000000e+01
9.700000000000000000e+01
9.800000000000000000e+01
9.900000000000000000e+01
