single photon fraction:    1.0000
laser fraction:    0.0000
thermal source fraction:    0.0000
non-detected fraction:    0.0000
number of bins:  200.0000
bin width (ns):    1.0000
average detection events per bin: 5000.0000

# binary result
1.000000000000000000e+00

# g2 signal
1.013102118687420727e+00
1.012299661563707875e+00
9.978554333368774287e-01
1.008287375945143838e+00
9.890284049760365015e-01
1.020725461362692377e+00
1.052422517749348474e+00
1.019120547115266895e+00
1.008688604507000264e+00
9.858185764811853158e-01
9.944449905610980300e-01
1.016713175744128339e+00
9.920376191899595852e-01
1.014506418653918107e+00
9.932413048755287521e-01
1.009691675911641440e+00
1.000864647550800512e+00
9.824081337054058061e-01
9.816056765816930652e-01
1.004475704607508124e+00
9.928400763136723262e-01
1.020926075643620701e+00
1.001867718955441466e+00
1.007886147383287634e+00
9.918370049090313723e-01
9.848155050765442509e-01
1.001065261831728614e+00
1.005679390293077402e+00
1.008287375945143838e+00
1.003472633202867170e+00
9.793989194914828333e-01
1.023534061295687358e+00
9.948462191229543450e-01
9.928400763136723262e-01
1.012099047282779773e+00
1.037577060960661379e+00
9.930406905946005391e-01
1.009691675911641440e+00
1.035771532432307573e+00
1.038178903803446129e+00
1.000262804708015763e+00
9.860191907621135288e-01
1.000062190427087661e+00
1.004676318888436226e+00
1.011095975878138820e+00
9.870222621667544827e-01
9.994603475843030216e-01
9.896302478188211404e-01
9.795995337724110463e-01
1.000864647550800512e+00
1.006080618854933606e+00
1.018719318553410469e+00
1.005880004574005504e+00
9.992597333033748086e-01
9.968523619322363638e-01
9.986578904605902807e-01
1.023132832733830933e+00
9.926394620327441132e-01
9.910345477853185203e-01
1.001065261831728614e+00
1.007886147383287634e+00
1.016311947182271913e+00
1.005880004574005504e+00
1.017315018586913089e+00
1.009691675911641440e+00
9.761890909966315366e-01
1.008688604507000264e+00
1.017114404305984765e+00
1.002469561798225994e+00
1.003272018921938846e+00
1.007284304540502884e+00
1.008086761664215736e+00
1.025339589824041164e+00
9.962505190894518359e-01
9.880253335713955476e-01
1.000062190427087661e+00
9.964511333703800489e-01
1.018919932834338571e+00
1.012099047282779773e+00
9.994603475843030216e-01
9.890284049760365015e-01
1.025339589824041164e+00
1.009491061630713116e+00
9.902320906616057794e-01
1.004074476045651698e+00
9.968523619322363638e-01
1.005278161731220976e+00
1.029351875442605202e+00
1.007484918821431208e+00
1.005478776012149078e+00
1.031759246813743536e+00
1.007886147383287634e+00
9.942443762801698171e-01
9.894296335378929275e-01
9.910345477853185203e-01
9.988585047415183826e-01
1.017515632867841191e+00
1.023534061295687358e+00
1.004676318888436226e+00
1.019321161396194997e+00
0.000000000000000000e+00
1.006481847416790032e+00
9.844142765146878249e-01
9.964511333703800489e-01
1.005278161731220976e+00
9.808032194579802132e-01
1.018518704272482145e+00
9.783958480868417684e-01
1.000864647550800512e+00
1.004876933169364550e+00
9.996609618652312346e-01
9.890284049760365015e-01
1.012299661563707875e+00
1.004676318888436226e+00
1.001667104674513364e+00
1.001065261831728614e+00
1.002870790360082420e+00
9.822075194244777041e-01
9.966517476513081508e-01
9.832105908291186580e-01
9.862198050430417418e-01
1.011497204439995246e+00
9.968523619322363638e-01
9.910345477853185203e-01
9.753866338729187957e-01
1.005077547450292652e+00
9.930406905946005391e-01
1.014506418653918107e+00
1.008688604507000264e+00
1.020324232800835951e+00
1.030956789690030684e+00
9.854173479193288898e-01
1.012700890125564301e+00
9.733804910636367769e-01
1.021728532767333553e+00
1.009491061630713116e+00
9.988585047415183826e-01
9.795995337724110463e-01
1.003472633202867170e+00
1.000463418988944087e+00
1.021126689924548803e+00
9.938431477183133911e-01
1.006481847416790032e+00
1.004876933169364550e+00
1.008086761664215736e+00
1.020725461362692377e+00
1.016512561463200237e+00
1.002268947517297892e+00
9.755872481538470087e-01
9.958492905275954099e-01
9.940437619992416041e-01
1.040385660893656361e+00
9.816056765816930652e-01
9.866210336048980567e-01
1.017916861429697617e+00
1.023935289857543784e+00
1.004676318888436226e+00
1.013503347249277153e+00
9.946456048420261320e-01
1.018518704272482145e+00
1.009290447349785014e+00
9.972535904940927898e-01
9.890284049760365015e-01
1.006281233135861930e+00
9.637510055790831087e-01
9.984572761796620677e-01
1.008487990226072162e+00
9.972535904940927898e-01
9.952474476848107710e-01
1.007284304540502884e+00
1.030154332566318054e+00
9.918370049090313723e-01
9.980560476178056417e-01
9.958492905275954099e-01
9.840130479528315099e-01
1.011095975878138820e+00
1.012901504406492625e+00
1.010895361597210496e+00
1.012700890125564301e+00
9.852167336384006768e-01
9.808032194579802132e-01
1.004475704607508124e+00
1.009691675911641440e+00
1.006281233135861930e+00
9.719761910971393970e-01
9.960499048085236229e-01
9.898308620997493534e-01
9.948462191229543450e-01
9.910345477853185203e-01
1.021327304205477127e+00
1.026944504071466646e+00
1.014707032934846431e+00
1.010092904473497644e+00
9.976548190559492157e-01
1.020524847081764275e+00
1.012099047282779773e+00
9.878247192904673346e-01
1.033163546780240916e+00
9.892290192569647145e-01
9.810038337389084262e-01

# time bin value
-1.000000000000000000e+02
-9.900000000000000000e+01
-9.800000000000000000e+01
-9.700000000000000000e+01
-9.600000000000000000e+01
-9.500000000000000000e+01
-9.400000000000000000e+01
-9.300000000000000000e+01
-9.200000000000000000e+01
-9.100000000000000000e+01
-9.000000000000000000e+01
-8.900000000000000000e+01
-8.800000000000000000e+01
-8.700000000000000000e+01
-8.600000000000000000e+01
-8.500000000000000000e+01
-8.400000000000000000e+01
-8.300000000000000000e+01
-8.200000000000000000e+01
-8.100000000000000000e+01
-8.000000000000000000e+01
-7.900000000000000000e+01
-7.800000000000000000e+01
-7.700000000000000000e+01
-7.600000000000000000e+01
-7.500000000000000000e+01
-7.400000000000000000e+01
-7.300000000000000000e+01
-7.200000000000000000e+01
-7.100000000000000000e+01
-7.000000000000000000e+01
-6.900000000000000000e+01
-6.800000000000000000e+01
-6.700000000000000000e+01
-6.600000000000000000e+01
-6.500000000000000000e+01
-6.400000000000000000e+01
-6.300000000000000000e+01
-6.200000000000000000e+01
-6.100000000000000000e+01
-6.000000000000000000e+01
-5.900000000000000000e+01
-5.800000000000000000e+01
-5.700000000000000000e+01
-5.600000000000000000e+01
-5.500000000000000000e+01
-5.400000000000000000e+01
-5.300000000000000000e+01
-5.200000000000000000e+01
-5.100000000000000000e+01
-5.000000000000000000e+01
-4.900000000000000000e+01
-4.800000000000000000e+01
-4.700000000000000000e+01
-4.600000000000000000e+01
-4.500000000000000000e+01
-4.400000000000000000e+01
-4.300000000000000000e+01
-4.200000000000000000e+01
-4.100000000000000000e+01
-4.000000000000000000e+01
-3.900000000000000000e+01
-3.800000000000000000e+01
-3.700000000000000000e+01
-3.600000000000000000e+01
-3.500000000000000000e+01
-3.400000000000000000e+01
-3.300000000000000000e+01
-3.200000000000000000e+01
-3.100000000000000000e+01
-3.000000000000000000e+01
-2.900000000000000000e+01
-2.800000000000000000e+01
-2.700000000000000000e+01
-2.600000000000000000e+01
-2.500000000000000000e+01
-2.400000000000000000e+01
-2.300000000000000000e+01
-2.200000000000000000e+01
-2.100000000000000000e+01
-2.000000000000000000e+01
-1.900000000000000000e+01
-1.800000000000000000e+01
-1.700000000000000000e+01
-1.600000000000000000e+01
-1.500000000000000000e+01
-1.400000000000000000e+01
-1.300000000000000000e+01
-1.200000000000000000e+01
-1.100000000000000000e+01
-1.000000000000000000e+01
-9.000000000000000000e+00
-8.000000000000000000e+00
-7.000000000000000000e+00
-6.000000000000000000e+00
-5.000000000000000000e+00
-4.000000000000000000e+00
-3.000000000000000000e+00
-2.000000000000000000e+00
-1.000000000000000000e+00
0.000000000000000000e+00
1.000000000000000000e+00
2.000000000000000000e+00
3.000000000000000000e+00
4.000000000000000000e+00
5.000000000000000000e+00
6.000000000000000000e+00
7.000000000000000000e+00
8.000000000000000000e+00
9.000000000000000000e+00
1.000000000000000000e+01
1.100000000000000000e+01
1.200000000000000000e+01
1.300000000000000000e+01
1.400000000000000000e+01
1.500000000000000000e+01
1.600000000000000000e+01
1.700000000000000000e+01
1.800000000000000000e+01
1.900000000000000000e+01
2.000000000000000000e+01
2.100000000000000000e+01
2.200000000000000000e+01
2.300000000000000000e+01
2.400000000000000000e+01
2.500000000000000000e+01
2.600000000000000000e+01
2.700000000000000000e+01
2.800000000000000000e+01
2.900000000000000000e+01
3.000000000000000000e+01
3.100000000000000000e+01
3.200000000000000000e+01
3.300000000000000000e+01
3.400000000000000000e+01
3.500000000000000000e+01
3.600000000000000000e+01
3.700000000000000000e+01
3.800000000000000000e+01
3.900000000000000000e+01
4.000000000000000000e+01
4.100000000000000000e+01
4.200000000000000000e+01
4.300000000000000000e+01
4.400000000000000000e+01
4.500000000000000000e+01
4.600000000000000000e+01
4.700000000000000000e+01
4.800000000000000000e+01
4.900000000000000000e+01
5.000000000000000000e+01
5.100000000000000000e+01
5.200000000000000000e+01
5.300000000000000000e+01
5.400000000000000000e+01
5.500000000000000000e+01
5.600000000000000000e+01
5.700000000000000000e+01
5.800000000000000000e+01
5.900000000000000000e+01
6.000000000000000000e+01
6.100000000000000000e+01
6.200000000000000000e+01
6.300000000000000000e+01
6.400000000000000000e+01
6.500000000000000000e+01
6.600000000000000000e+01
6.700000000000000000e+01
6.800000000000000000e+01
6.900000000000000000e+01
7.000000000000000000e+01
7.100000000000000000e+01
7.200000000000000000e+01
7.300000000000000000e+01
7.400000000000000000e+01
7.500000000000000000e+01
7.600000000000000000e+01
7.700000000000000000e+01
7.800000000000000000e+01
7.900000000000000000e+01
8.000000000000000000e+01
8.100000000000000000e+01
8.200000000000000000e+01
8.300000000000000000e+01
8.400000000000000000e+01
8.500000000000000000e+01
8.600000000000000000e+01
8.700000000000000000e+01
8.800000000000000000e+01
8.900000000000000000e+01
9.000000000000000000e+01
9.100000000000000000e+01
9.200000000000000000e+01
9.300000000000000000e+01
9.400000000000000000e+01
9.500000000000000000e+01
9.600000000000000000e+01
9.700000000000000000e+01
9.800000000000000000e+01
9.900000000000000000e+01
