single photon fraction:    1.0000
laser fraction:    0.0000
thermal source fraction:    0.0000
non-detected fraction:    0.0000
number of bins:  200.0000
bin width (ns):    1.0000
average detection events per bin: 5000.0000

# binary result
1.000000000000000000e+00

# g2 signal
9.880421666386689505e-01
1.003100724350089346e+00
1.027595978227333395e+00
1.019163185908937841e+00
1.034623305159329654e+00
9.984827666519204836e-01
1.005710874353402229e+00
1.003703066658546250e+00
1.008321024356715112e+00
9.828218666320431840e-01
9.772000050864462217e-01
9.834242089404999776e-01
9.872390435607265591e-01
1.001293697424719076e+00
1.005510093583916742e+00
1.008521805126200821e+00
9.904515358724962359e-01
1.002096820502661467e+00
1.008321024356715112e+00
1.019765528217394746e+00
1.000691355116262171e+00
9.725820473882772488e-01
9.667594050731946886e-01
1.001695258963690272e+00
1.017356158983567571e+00
9.994866704993484730e-01
1.023580362837621216e+00
9.683656512290795826e-01
1.028198320535790300e+00
1.003502285889060541e+00
1.010529612821056800e+00
1.006915558970316038e+00
9.988843281908916794e-01
1.001494478194204563e+00
9.798101550897591050e-01
1.017958501292024254e+00
9.998882320383197797e-01
1.020367870525851650e+00
9.898491935640394424e-01
1.012938982054884196e+00
9.858335781743272630e-01
1.003502285889060541e+00
1.008722585895686308e+00
1.018159282061509963e+00
9.872390435607265591e-01
9.958726166486076004e-01
1.010128051282085604e+00
9.862351397132984587e-01
1.012938982054884196e+00
1.023981924376592412e+00
1.010730393590542509e+00
1.006714778200830329e+00
9.930616858758091192e-01
9.978804243434636900e-01
9.952702743401508068e-01
1.004305408967003155e+00
1.000289793577290975e+00
9.998882320383197797e-01
9.846288935574136758e-01
9.920577820283811299e-01
1.013942885902312074e+00
1.002096820502661467e+00
1.005911655122887938e+00
1.008521805126200821e+00
9.850304550963848715e-01
1.014545228210768979e+00
1.023379582068135729e+00
1.019564747447909259e+00
1.010328832051571313e+00
1.024985828224020512e+00
9.808140589371870943e-01
1.008321024356715112e+00
9.996874512688341818e-01
1.007919462817743916e+00
1.004506189736488642e+00
1.012537420515913000e+00
1.007919462817743916e+00
9.932624666452947171e-01
1.004506189736488642e+00
1.004305408967003155e+00
9.990851089603772772e-01
1.015549132058197079e+00
9.836249897099855755e-01
1.003502285889060541e+00
1.004907751275459837e+00
1.002498382041632663e+00
1.003502285889060541e+00
9.982819858824348858e-01
1.003502285889060541e+00
1.009726489743114408e+00
9.751921973915901320e-01
9.954710551096364046e-01
1.018761624369966645e+00
9.834242089404999776e-01
1.003703066658546250e+00
1.000490574346776462e+00
1.020167089756365941e+00
1.006915558970316038e+00
1.032615497464473675e+00
9.898491935640394424e-01
0.000000000000000000e+00
1.012135858976941805e+00
9.960733974180931982e-01
1.004706970505974351e+00
9.826210858625575861e-01
9.808140589371870943e-01
1.015950693597168275e+00
1.004706970505974351e+00
1.016352255136139471e+00
1.033820182081387262e+00
1.000490574346776462e+00
1.009927270512600117e+00
1.012537420515913000e+00
1.002899943580603859e+00
1.000089012807805267e+00
9.972780820350068964e-01
9.996874512688341818e-01
1.023379582068135729e+00
9.930616858758091192e-01
9.950694935706652089e-01
1.004506189736488642e+00
1.010328832051571313e+00
1.008120243587229625e+00
9.976796435739780922e-01
1.006714778200830329e+00
9.956718358791220025e-01
9.970773012655212986e-01
1.020167089756365941e+00
1.026592074379905295e+00
1.021371774373279528e+00
1.018560843600481158e+00
9.940655897232371085e-01
9.703734589239355612e-01
1.018360062830995449e+00
9.852312358658704694e-01
9.900499743335250402e-01
1.001293697424719076e+00
1.003903847428031959e+00
9.964749589570643939e-01
1.021371774373279528e+00
9.870382627912409612e-01
1.025588170532477417e+00
1.038638920549041833e+00
9.948687128011796110e-01
1.019765528217394746e+00
1.015549132058197079e+00
1.004506189736488642e+00
1.003703066658546250e+00
9.982819858824348858e-01
9.956718358791220025e-01
1.017356158983567571e+00
1.011131955129513704e+00
1.024584266685049316e+00
1.015147570519225884e+00
9.948687128011796110e-01
1.015348351288711370e+00
1.016753816675110667e+00
9.713773627713636616e-01
9.755937589305613278e-01
1.031410812847559866e+00
1.028599882074761496e+00
1.005108532044945546e+00
9.990851089603772772e-01
1.004104628197517446e+00
1.006714778200830329e+00
9.922585627978667278e-01
1.003301505119575054e+00
1.023580362837621216e+00
1.027194416688362200e+00
9.924593435673523256e-01
1.015147570519225884e+00
1.005108532044945546e+00
1.006915558970316038e+00
1.000289793577290975e+00
1.023580362837621216e+00
9.928609051063235214e-01
1.008321024356715112e+00
9.834242089404999776e-01
1.011533516668484900e+00
9.868374820217553633e-01
1.010128051282085604e+00
1.003301505119575054e+00
9.900499743335250402e-01
1.016151474366653762e+00
1.006112435892373425e+00
9.932624666452947171e-01
1.006513997431344842e+00
1.023580362837621216e+00
9.814164012456439989e-01
1.001494478194204563e+00
9.976796435739780922e-01
1.008722585895686308e+00
9.958726166486076004e-01
1.011533516668484900e+00
9.872390435607265591e-01
1.005911655122887938e+00
1.020167089756365941e+00
1.004506189736488642e+00
9.942663704927227064e-01
1.004706970505974351e+00

# time bin value
-1.000000000000000000e+02
-9.900000000000000000e+01
-9.800000000000000000e+01
-9.700000000000000000e+01
-9.600000000000000000e+01
-9.500000000000000000e+01
-9.400000000000000000e+01
-9.300000000000000000e+01
-9.200000000000000000e+01
-9.100000000000000000e+01
-9.000000000000000000e+01
-8.900000000000000000e+01
-8.800000000000000000e+01
-8.700000000000000000e+01
-8.600000000000000000e+01
-8.500000000000000000e+01
-8.400000000000000000e+01
-8.300000000000000000e+01
-8.200000000000000000e+01
-8.100000000000000000e+01
-8.000000000000000000e+01
-7.900000000000000000e+01
-7.800000000000000000e+01
-7.700000000000000000e+01
-7.600000000000000000e+01
-7.500000000000000000e+01
-7.400000000000000000e+01
-7.300000000000000000e+01
-7.200000000000000000e+01
-7.100000000000000000e+01
-7.000000000000000000e+01
-6.900000000000000000e+01
-6.800000000000000000e+01
-6.700000000000000000e+01
-6.600000000000000000e+01
-6.500000000000000000e+01
-6.400000000000000000e+01
-6.300000000000000000e+01
-6.200000000000000000e+01
-6.100000000000000000e+01
-6.000000000000000000e+01
-5.900000000000000000e+01
-5.800000000000000000e+01
-5.700000000000000000e+01
-5.600000000000000000e+01
-5.500000000000000000e+01
-5.400000000000000000e+01
-5.300000000000000000e+01
-5.200000000000000000e+01
-5.100000000000000000e+01
-5.000000000000000000e+01
-4.900000000000000000e+01
-4.800000000000000000e+01
-4.700000000000000000e+01
-4.600000000000000000e+01
-4.500000000000000000e+01
-4.400000000000000000e+01
-4.300000000000000000e+01
-4.200000000000000000e+01
-4.100000000000000000e+01
-4.000000000000000000e+01
-3.900000000000000000e+01
-3.800000000000000000e+01
-3.700000000000000000e+01
-3.600000000000000000e+01
-3.500000000000000000e+01
-3.400000000000000000e+01
-3.300000000000000000e+01
-3.200000000000000000e+01
-3.100000000000000000e+01
-3.000000000000000000e+01
-2.900000000000000000e+01
-2.800000000000000000e+01
-2.700000000000000000e+01
-2.600000000000000000e+01
-2.500000000000000000e+01
-2.400000000000000000e+01
-2.300000000000000000e+01
-2.200000000000000000e+01
-2.100000000000000000e+01
-2.000000000000000000e+01
-1.900000000000000000e+01
-1.800000000000000000e+01
-1.700000000000000000e+01
-1.600000000000000000e+01
-1.500000000000000000e+01
-1.400000000000000000e+01
-1.300000000000000000e+01
-1.200000000000000000e+01
-1.100000000000000000e+01
-1.000000000000000000e+01
-9.000000000000000000e+00
-8.000000000000000000e+00
-7.000000000000000000e+00
-6.000000000000000000e+00
-5.000000000000000000e+00
-4.000000000000000000e+00
-3.000000000000000000e+00
-2.000000000000000000e+00
-1.000000000000000000e+00
0.000000000000000000e+00
1.000000000000000000e+00
2.000000000000000000e+00
3.000000000000000000e+00
4.000000000000000000e+00
5.000000000000000000e+00
6.000000000000000000e+00
7.000000000000000000e+00
8.000000000000000000e+00
9.000000000000000000e+00
1.000000000000000000e+01
1.100000000000000000e+01
1.200000000000000000e+01
1.300000000000000000e+01
1.400000000000000000e+01
1.500000000000000000e+01
1.600000000000000000e+01
1.700000000000000000e+01
1.800000000000000000e+01
1.900000000000000000e+01
2.000000000000000000e+01
2.100000000000000000e+01
2.200000000000000000e+01
2.300000000000000000e+01
2.400000000000000000e+01
2.500000000000000000e+01
2.600000000000000000e+01
2.700000000000000000e+01
2.800000000000000000e+01
2.900000000000000000e+01
3.000000000000000000e+01
3.100000000000000000e+01
3.200000000000000000e+01
3.300000000000000000e+01
3.400000000000000000e+01
3.500000000000000000e+01
3.600000000000000000e+01
3.700000000000000000e+01
3.800000000000000000e+01
3.900000000000000000e+01
4.000000000000000000e+01
4.100000000000000000e+01
4.200000000000000000e+01
4.300000000000000000e+01
4.400000000000000000e+01
4.500000000000000000e+01
4.600000000000000000e+01
4.700000000000000000e+01
4.800000000000000000e+01
4.900000000000000000e+01
5.000000000000000000e+01
5.100000000000000000e+01
5.200000000000000000e+01
5.300000000000000000e+01
5.400000000000000000e+01
5.500000000000000000e+01
5.600000000000000000e+01
5.700000000000000000e+01
5.800000000000000000e+01
5.900000000000000000e+01
6.000000000000000000e+01
6.100000000000000000e+01
6.200000000000000000e+01
6.300000000000000000e+01
6.400000000000000000e+01
6.500000000000000000e+01
6.600000000000000000e+01
6.700000000000000000e+01
6.800000000000000000e+01
6.900000000000000000e+01
7.000000000000000000e+01
7.100000000000000000e+01
7.200000000000000000e+01
7.300000000000000000e+01
7.400000000000000000e+01
7.500000000000000000e+01
7.600000000000000000e+01
7.700000000000000000e+01
7.800000000000000000e+01
7.900000000000000000e+01
8.000000000000000000e+01
8.100000000000000000e+01
8.200000000000000000e+01
8.300000000000000000e+01
8.400000000000000000e+01
8.500000000000000000e+01
8.600000000000000000e+01
8.700000000000000000e+01
8.800000000000000000e+01
8.900000000000000000e+01
9.000000000000000000e+01
9.100000000000000000e+01
9.200000000000000000e+01
9.300000000000000000e+01
9.400000000000000000e+01
9.500000000000000000e+01
9.600000000000000000e+01
9.700000000000000000e+01
9.800000000000000000e+01
9.900000000000000000e+01
