single photon fraction:    0.0000
laser fraction:    1.0000
thermal source fraction:    0.0000
non-detected fraction:    0.0000
number of bins:  200.0000
bin width (ns):    1.0000
average detection events per bin: 5000.0000

# binary result
0.000000000000000000e+00

# g2 signal
9.780819718196779311e-01
1.018827024206173881e+00
9.839026935891773684e-01
1.010798442455140167e+00
1.009393440648709284e+00
9.919312753402109717e-01
1.019429167837501371e+00
1.007988438842278400e+00
1.011199871542691753e+00
9.999598570912446860e-01
9.941391353217452487e-01
1.003171289791658261e+00
1.002569146160330549e+00
9.915298462526592749e-01
9.929348480590902692e-01
9.951427080406244352e-01
1.006583437035847517e+00
1.011400586086467657e+00
1.019027738749949563e+00
9.907269880775559923e-01
1.001164144353899665e+00
1.001364858897675569e+00
9.843041226767290652e-01
9.987555698285895955e-01
1.022239171450363138e+00
1.006182007948295709e+00
9.903255589900042954e-01
1.009995584280036773e+00
9.794869736261088145e-01
1.003171289791658261e+00
1.003773433422985750e+00
9.967484243908312225e-01
1.001164144353899665e+00
9.865119826582632312e-01
1.014210589699329423e+00
1.004977720685640730e+00
1.005379149773192315e+00
1.035887760427120385e+00
1.010397013367588359e+00
9.957448516719520359e-01
1.018024166031070488e+00
1.004375577054313240e+00
1.017622736943518680e+00
9.951427080406244352e-01
1.030869896832724342e+00
9.839026935891773684e-01
1.010597727911364263e+00
9.961462807595037328e-01
9.875155553771425287e-01
9.967484243908312225e-01
9.981534261972621058e-01
9.883184135522458114e-01
9.794869736261088145e-01
9.772791136445745375e-01
9.826984063265222780e-01
9.985548552848138026e-01
9.933362771466418550e-01
1.010397013367588359e+00
1.002569146160330549e+00
9.921319898839868756e-01
9.917305607964351788e-01
9.913291317088834820e-01
1.012404158805346954e+00
1.012805587892898540e+00
9.953434225844003391e-01
1.010196298823812677e+00
9.921319898839868756e-01
9.718598209626267970e-01
9.784834009072296279e-01
9.869134117458149280e-01
9.883184135522458114e-01
1.005379149773192315e+00
1.009393440648709284e+00
9.861105535707115344e-01
9.857091244831599486e-01
1.008791297017381794e+00
9.949419934968486423e-01
1.012203444261571050e+00
1.000963429810123984e+00
9.977519971097104090e-01
9.796876881698846073e-01
9.933362771466418550e-01
9.983541407410378987e-01
1.018024166031070488e+00
9.941391353217452487e-01
9.961462807595037328e-01
9.855084099393840447e-01
1.000963429810123984e+00
9.778812572759020272e-01
1.010597727911364263e+00
1.018827024206173881e+00
1.012002729717795146e+00
9.989562843723654995e-01
1.006784151579623421e+00
9.796876881698846073e-01
1.005178435229416634e+00
9.983541407410378987e-01
1.007386295210950911e+00
1.000160571635020590e+00
9.608205210549555231e-01
1.012604873349122636e+00
9.961462807595037328e-01
1.002970575247882357e+00
9.995584280036929892e-01
9.847055517642806510e-01
9.887198426397975082e-01
9.991569989161412924e-01
9.973505680221587122e-01
1.010397013367588359e+00
1.024045602344345829e+00
9.899241299024525986e-01
9.770783991007987446e-01
9.730641082252818874e-01
9.837019790454014645e-01
1.023042029625466531e+00
9.937377062341935519e-01
9.873148408333666248e-01
9.913291317088834820e-01
9.909277026213317852e-01
9.913291317088834820e-01
1.020834169643932254e+00
9.887198426397975082e-01
1.009594155192485188e+00
9.692505318935408232e-01
9.989562843723654995e-01
1.003171289791658261e+00
9.728633936815059835e-01
9.931355626028660621e-01
9.953434225844003391e-01
9.971498534783829193e-01
1.016418449680863700e+00
9.943398498655211526e-01
9.921319898839868756e-01
1.005178435229416634e+00
9.903255589900042954e-01
1.002970575247882357e+00
1.011400586086467657e+00
1.007386295210950911e+00
1.003372004335433942e+00
9.993577134599171963e-01
1.004375577054313240e+00
1.017622736943518680e+00
1.005178435229416634e+00
1.005981293404520027e+00
1.005981293404520027e+00
1.008992011561157476e+00
9.949419934968486423e-01
9.971498534783829193e-01
1.019429167837501371e+00
9.714583918750751002e-01
9.939384207779694558e-01
9.931355626028660621e-01
1.004174862510537336e+00
1.015816306049536211e+00
1.043514913090602292e+00
1.010196298823812677e+00
9.857091244831599486e-01
9.977519971097104090e-01
9.997591425474688931e-01
9.796876881698846073e-01
1.001164144353899665e+00
1.008791297017381794e+00
1.003171289791658261e+00
1.000361286178796272e+00
9.949419934968486423e-01
1.005981293404520027e+00
9.822969772389705811e-01
9.943398498655211526e-01
9.766769700132470478e-01
9.937377062341935519e-01
9.752719682068161644e-01
1.004977720685640730e+00
9.971498534783829193e-01
9.843041226767290652e-01
1.004174862510537336e+00
9.995584280036929892e-01
9.776805427321262343e-01
9.822969772389705811e-01
9.983541407410378987e-01
1.002569146160330549e+00
1.005981293404520027e+00
9.891212717273492050e-01
9.889205571835734121e-01
1.002769860704106453e+00
1.005981293404520027e+00
9.828991208702980709e-01
9.865119826582632312e-01
9.905262735337800883e-01
1.014009875155553519e+00
1.001967002529003059e+00
1.004174862510537336e+00
1.014411304243105327e+00
1.006182007948295709e+00
9.688491028059891264e-01
1.002368431616554867e+00
1.007587009754726592e+00
9.949419934968486423e-01
1.017622736943518680e+00
9.728633936815059835e-01
1.017823451487294584e+00

# time bin value
-1.000000000000000000e+02
-9.900000000000000000e+01
-9.800000000000000000e+01
-9.700000000000000000e+01
-9.600000000000000000e+01
-9.500000000000000000e+01
-9.400000000000000000e+01
-9.300000000000000000e+01
-9.200000000000000000e+01
-9.100000000000000000e+01
-9.000000000000000000e+01
-8.900000000000000000e+01
-8.800000000000000000e+01
-8.700000000000000000e+01
-8.600000000000000000e+01
-8.500000000000000000e+01
-8.400000000000000000e+01
-8.300000000000000000e+01
-8.200000000000000000e+01
-8.100000000000000000e+01
-8.000000000000000000e+01
-7.900000000000000000e+01
-7.800000000000000000e+01
-7.700000000000000000e+01
-7.600000000000000000e+01
-7.500000000000000000e+01
-7.400000000000000000e+01
-7.300000000000000000e+01
-7.200000000000000000e+01
-7.100000000000000000e+01
-7.000000000000000000e+01
-6.900000000000000000e+01
-6.800000000000000000e+01
-6.700000000000000000e+01
-6.600000000000000000e+01
-6.500000000000000000e+01
-6.400000000000000000e+01
-6.300000000000000000e+01
-6.200000000000000000e+01
-6.100000000000000000e+01
-6.000000000000000000e+01
-5.900000000000000000e+01
-5.800000000000000000e+01
-5.700000000000000000e+01
-5.600000000000000000e+01
-5.500000000000000000e+01
-5.400000000000000000e+01
-5.300000000000000000e+01
-5.200000000000000000e+01
-5.100000000000000000e+01
-5.000000000000000000e+01
-4.900000000000000000e+01
-4.800000000000000000e+01
-4.700000000000000000e+01
-4.600000000000000000e+01
-4.500000000000000000e+01
-4.400000000000000000e+01
-4.300000000000000000e+01
-4.200000000000000000e+01
-4.100000000000000000e+01
-4.000000000000000000e+01
-3.900000000000000000e+01
-3.800000000000000000e+01
-3.700000000000000000e+01
-3.600000000000000000e+01
-3.500000000000000000e+01
-3.400000000000000000e+01
-3.300000000000000000e+01
-3.200000000000000000e+01
-3.100000000000000000e+01
-3.000000000000000000e+01
-2.900000000000000000e+01
-2.800000000000000000e+01
-2.700000000000000000e+01
-2.600000000000000000e+01
-2.500000000000000000e+01
-2.400000000000000000e+01
-2.300000000000000000e+01
-2.200000000000000000e+01
-2.100000000000000000e+01
-2.000000000000000000e+01
-1.900000000000000000e+01
-1.800000000000000000e+01
-1.700000000000000000e+01
-1.600000000000000000e+01
-1.500000000000000000e+01
-1.400000000000000000e+01
-1.300000000000000000e+01
-1.200000000000000000e+01
-1.100000000000000000e+01
-1.000000000000000000e+01
-9.000000000000000000e+00
-8.000000000000000000e+00
-7.000000000000000000e+00
-6.000000000000000000e+00
-5.000000000000000000e+00
-4.000000000000000000e+00
-3.000000000000000000e+00
-2.000000000000000000e+00
-1.000000000000000000e+00
0.000000000000000000e+00
1.000000000000000000e+00
2.000000000000000000e+00
3.000000000000000000e+00
4.000000000000000000e+00
5.000000000000000000e+00
6.000000000000000000e+00
7.000000000000000000e+00
8.000000000000000000e+00
9.000000000000000000e+00
1.000000000000000000e+01
1.100000000000000000e+01
1.200000000000000000e+01
1.300000000000000000e+01
1.400000000000000000e+01
1.500000000000000000e+01
1.600000000000000000e+01
1.700000000000000000e+01
1.800000000000000000e+01
1.900000000000000000e+01
2.000000000000000000e+01
2.100000000000000000e+01
2.200000000000000000e+01
2.300000000000000000e+01
2.400000000000000000e+01
2.500000000000000000e+01
2.600000000000000000e+01
2.700000000000000000e+01
2.800000000000000000e+01
2.900000000000000000e+01
3.000000000000000000e+01
3.100000000000000000e+01
3.200000000000000000e+01
3.300000000000000000e+01
3.400000000000000000e+01
3.500000000000000000e+01
3.600000000000000000e+01
3.700000000000000000e+01
3.800000000000000000e+01
3.900000000000000000e+01
4.000000000000000000e+01
4.100000000000000000e+01
4.200000000000000000e+01
4.300000000000000000e+01
4.400000000000000000e+01
4.500000000000000000e+01
4.600000000000000000e+01
4.700000000000000000e+01
4.800000000000000000e+01
4.900000000000000000e+01
5.000000000000000000e+01
5.100000000000000000e+01
5.200000000000000000e+01
5.300000000000000000e+01
5.400000000000000000e+01
5.500000000000000000e+01
5.600000000000000000e+01
5.700000000000000000e+01
5.800000000000000000e+01
5.900000000000000000e+01
6.000000000000000000e+01
6.100000000000000000e+01
6.200000000000000000e+01
6.300000000000000000e+01
6.400000000000000000e+01
6.500000000000000000e+01
6.600000000000000000e+01
6.700000000000000000e+01
6.800000000000000000e+01
6.900000000000000000e+01
7.000000000000000000e+01
7.100000000000000000e+01
7.200000000000000000e+01
7.300000000000000000e+01
7.400000000000000000e+01
7.500000000000000000e+01
7.600000000000000000e+01
7.700000000000000000e+01
7.800000000000000000e+01
7.900000000000000000e+01
8.000000000000000000e+01
8.100000000000000000e+01
8.200000000000000000e+01
8.300000000000000000e+01
8.400000000000000000e+01
8.500000000000000000e+01
8.600000000000000000e+01
8.700000000000000000e+01
8.800000000000000000e+01
8.900000000000000000e+01
9.000000000000000000e+01
9.100000000000000000e+01
9.200000000000000000e+01
9.300000000000000000e+01
9.400000000000000000e+01
9.500000000000000000e+01
9.600000000000000000e+01
9.700000000000000000e+01
9.800000000000000000e+01
9.900000000000000000e+01
