single photon fraction:    0.0000
laser fraction:    1.0000
thermal source fraction:    0.0000
non-detected fraction:    0.0000
number of bins:  200.0000
bin width (ns):    1.0000
average detection events per bin: 5000.0000

# binary result
0.000000000000000000e+00

# g2 signal
9.745676964044723833e-01
9.964793875983848359e-01
1.019195177551706966e+00
1.000700906085285391e+00
9.763769186131440181e-01
9.836138074478307791e-01
9.934640172505987410e-01
1.007334720850414866e+00
1.008540868989529216e+00
1.005726523331595512e+00
9.970824616679420105e-01
1.010752140577905855e+00
9.968814369780896190e-01
1.004118325812776380e+00
9.898455728332553605e-01
1.004319350502628660e+00
1.021808498519788166e+00
9.842168815173879537e-01
9.838148321376831706e-01
1.002711152983809528e+00
9.715523260566862884e-01
1.004721399882333444e+00
9.866291777956168740e-01
9.884384000042885088e-01
1.015174683754658691e+00
1.007937794919972152e+00
1.000298856705580608e+00
1.000499881395432888e+00
9.922578691114842808e-01
1.023416696038607521e+00
1.005525498641743232e+00
1.021004399760378600e+00
1.002108078914252243e+00
1.005123449262038449e+00
9.651195359814092045e-01
1.002912177673661809e+00
1.021607473829935886e+00
9.868302024854692656e-01
1.027035140455950790e+00
1.008942918369234221e+00
9.994947579461709308e-01
1.002711152983809528e+00
9.972834863577945130e-01
9.940670913201559156e-01
9.910517209723698207e-01
1.002912177673661809e+00
9.779851161319633723e-01
9.972834863577945130e-01
1.014772634374953908e+00
1.004118325812776380e+00
9.994947579461709308e-01
1.013968535615544342e+00
1.012561362786577490e+00
1.006530622091005300e+00
9.906496715926650376e-01
9.862271284159120910e-01
9.994947579461709308e-01
1.006128572711300295e+00
9.972834863577945130e-01
9.805984371000446842e-01
1.000298856705580608e+00
1.001505004844694957e+00
1.005525498641743232e+00
1.039900720606504958e+00
9.952732394592703757e-01
1.010350091198201072e+00
9.906496715926650376e-01
9.890414740738457944e-01
1.000298856705580608e+00
1.005726523331595512e+00
9.866291777956168740e-01
9.908506962825174291e-01
9.976855357374992961e-01
1.012159313406872707e+00
9.954742641491227673e-01
1.007736770230119649e+00
1.003113202363514311e+00
9.830107333782734935e-01
9.990927085664661478e-01
9.960773382186800529e-01
1.004319350502628660e+00
1.005525498641743232e+00
1.033668955221080266e+00
1.004922424572185946e+00
9.978865604273516876e-01
1.002711152983809528e+00
1.014370584995249125e+00
9.944691406998608096e-01
9.803974124101921817e-01
1.020200301000969034e+00
9.671297828799333418e-01
1.007736770230119649e+00
1.013968535615544342e+00
9.673308075697857333e-01
9.854230296565024139e-01
9.928609431810414554e-01
9.930619678708939579e-01
9.894435234535505774e-01
9.799953630304873986e-01
9.838148321376831706e-01
1.000298856705580608e+00
1.003314227053366592e+00
1.000700906085285391e+00
1.012762387476429771e+00
9.765779433029965206e-01
9.830107333782734935e-01
1.006128572711300295e+00
9.902476222129601435e-01
1.016179807203920760e+00
9.826086839985687105e-01
1.011154189957610638e+00
9.842168815173879537e-01
1.012963412166282273e+00
9.777840914421108698e-01
9.884384000042885088e-01
9.737635976450628172e-01
1.010350091198201072e+00
1.018994152861854463e+00
1.007937794919972152e+00
1.016581856583625543e+00
1.008339844299676935e+00
9.803974124101921817e-01
1.002309103604104745e+00
1.004319350502628660e+00
1.010149066508348570e+00
1.023617720728459801e+00
9.998968073258757139e-01
1.011958288717020205e+00
9.996957826360233224e-01
9.948711900795655927e-01
1.009545992438791284e+00
1.012561362786577490e+00
1.001907054224399740e+00
1.002711152983809528e+00
9.950722147694179842e-01
9.793922889609302240e-01
1.000901930775137894e+00
1.013968535615544342e+00
9.946701653897132012e-01
9.898455728332553605e-01
9.978865604273516876e-01
1.002711152983809528e+00
9.860261037260595884e-01
9.795933136507826156e-01
1.002912177673661809e+00
1.017385955343035331e+00
1.010953165267758136e+00
1.002510128293957026e+00
1.004520375192481163e+00
9.988916838766137563e-01
1.008741893679381718e+00
1.015777757824215977e+00
9.966804122882372274e-01
9.793922889609302240e-01
9.996957826360233224e-01
9.882373753144361173e-01
1.008138819609824433e+00
9.846189308970927367e-01
9.874332765550264401e-01
1.016581856583625543e+00
9.886394246941409003e-01
1.004520375192481163e+00
9.854230296565024139e-01
9.705472026074242198e-01
1.017586980032887611e+00
9.992937332563185393e-01
1.011958288717020205e+00
1.022813621969050235e+00
9.990927085664661478e-01
1.012561362786577490e+00
1.020401325690821315e+00
9.743666717146199918e-01
1.014370584995249125e+00
1.018190054102444897e+00
9.795933136507826156e-01
9.860261037260595884e-01
1.022411572589345452e+00
9.994947579461709308e-01
1.037086374948571255e+00
9.858250790362071969e-01
1.009948041818496067e+00
1.007736770230119649e+00
9.729594988856531401e-01
1.010752140577905855e+00
9.972834863577945130e-01
1.006329597401152798e+00
1.010149066508348570e+00
1.007535745540267369e+00
9.761758939232916266e-01
1.019798251621264029e+00
1.019999276311116532e+00
1.006329597401152798e+00
1.009344967748939004e+00
1.007334720850414866e+00
9.922578691114842808e-01
1.022009523209640669e+00
1.009344967748939004e+00
9.970824616679420105e-01
9.950722147694179842e-01
9.898455728332553605e-01

# time bin value
-1.000000000000000000e+02
-9.900000000000000000e+01
-9.800000000000000000e+01
-9.700000000000000000e+01
-9.600000000000000000e+01
-9.500000000000000000e+01
-9.400000000000000000e+01
-9.300000000000000000e+01
-9.200000000000000000e+01
-9.100000000000000000e+01
-9.000000000000000000e+01
-8.900000000000000000e+01
-8.800000000000000000e+01
-8.700000000000000000e+01
-8.600000000000000000e+01
-8.500000000000000000e+01
-8.400000000000000000e+01
-8.300000000000000000e+01
-8.200000000000000000e+01
-8.100000000000000000e+01
-8.000000000000000000e+01
-7.900000000000000000e+01
-7.800000000000000000e+01
-7.700000000000000000e+01
-7.600000000000000000e+01
-7.500000000000000000e+01
-7.400000000000000000e+01
-7.300000000000000000e+01
-7.200000000000000000e+01
-7.100000000000000000e+01
-7.000000000000000000e+01
-6.900000000000000000e+01
-6.800000000000000000e+01
-6.700000000000000000e+01
-6.600000000000000000e+01
-6.500000000000000000e+01
-6.400000000000000000e+01
-6.300000000000000000e+01
-6.200000000000000000e+01
-6.100000000000000000e+01
-6.000000000000000000e+01
-5.900000000000000000e+01
-5.800000000000000000e+01
-5.700000000000000000e+01
-5.600000000000000000e+01
-5.500000000000000000e+01
-5.400000000000000000e+01
-5.300000000000000000e+01
-5.200000000000000000e+01
-5.100000000000000000e+01
-5.000000000000000000e+01
-4.900000000000000000e+01
-4.800000000000000000e+01
-4.700000000000000000e+01
-4.600000000000000000e+01
-4.500000000000000000e+01
-4.400000000000000000e+01
-4.300000000000000000e+01
-4.200000000000000000e+01
-4.100000000000000000e+01
-4.000000000000000000e+01
-3.900000000000000000e+01
-3.800000000000000000e+01
-3.700000000000000000e+01
-3.600000000000000000e+01
-3.500000000000000000e+01
-3.400000000000000000e+01
-3.300000000000000000e+01
-3.200000000000000000e+01
-3.100000000000000000e+01
-3.000000000000000000e+01
-2.900000000000000000e+01
-2.800000000000000000e+01
-2.700000000000000000e+01
-2.600000000000000000e+01
-2.500000000000000000e+01
-2.400000000000000000e+01
-2.300000000000000000e+01
-2.200000000000000000e+01
-2.100000000000000000e+01
-2.000000000000000000e+01
-1.900000000000000000e+01
-1.800000000000000000e+01
-1.700000000000000000e+01
-1.600000000000000000e+01
-1.500000000000000000e+01
-1.400000000000000000e+01
-1.300000000000000000e+01
-1.200000000000000000e+01
-1.100000000000000000e+01
-1.000000000000000000e+01
-9.000000000000000000e+00
-8.000000000000000000e+00
-7.000000000000000000e+00
-6.000000000000000000e+00
-5.000000000000000000e+00
-4.000000000000000000e+00
-3.000000000000000000e+00
-2.000000000000000000e+00
-1.000000000000000000e+00
0.000000000000000000e+00
1.000000000000000000e+00
2.000000000000000000e+00
3.000000000000000000e+00
4.000000000000000000e+00
5.000000000000000000e+00
6.000000000000000000e+00
7.000000000000000000e+00
8.000000000000000000e+00
9.000000000000000000e+00
1.000000000000000000e+01
1.100000000000000000e+01
1.200000000000000000e+01
1.300000000000000000e+01
1.400000000000000000e+01
1.500000000000000000e+01
1.600000000000000000e+01
1.700000000000000000e+01
1.800000000000000000e+01
1.900000000000000000e+01
2.000000000000000000e+01
2.100000000000000000e+01
2.200000000000000000e+01
2.300000000000000000e+01
2.400000000000000000e+01
2.500000000000000000e+01
2.600000000000000000e+01
2.700000000000000000e+01
2.800000000000000000e+01
2.900000000000000000e+01
3.000000000000000000e+01
3.100000000000000000e+01
3.200000000000000000e+01
3.300000000000000000e+01
3.400000000000000000e+01
3.500000000000000000e+01
3.600000000000000000e+01
3.700000000000000000e+01
3.800000000000000000e+01
3.900000000000000000e+01
4.000000000000000000e+01
4.100000000000000000e+01
4.200000000000000000e+01
4.300000000000000000e+01
4.400000000000000000e+01
4.500000000000000000e+01
4.600000000000000000e+01
4.700000000000000000e+01
4.800000000000000000e+01
4.900000000000000000e+01
5.000000000000000000e+01
5.100000000000000000e+01
5.200000000000000000e+01
5.300000000000000000e+01
5.400000000000000000e+01
5.500000000000000000e+01
5.600000000000000000e+01
5.700000000000000000e+01
5.800000000000000000e+01
5.900000000000000000e+01
6.000000000000000000e+01
6.100000000000000000e+01
6.200000000000000000e+01
6.300000000000000000e+01
6.400000000000000000e+01
6.500000000000000000e+01
6.600000000000000000e+01
6.700000000000000000e+01
6.800000000000000000e+01
6.900000000000000000e+01
7.000000000000000000e+01
7.100000000000000000e+01
7.200000000000000000e+01
7.300000000000000000e+01
7.400000000000000000e+01
7.500000000000000000e+01
7.600000000000000000e+01
7.700000000000000000e+01
7.800000000000000000e+01
7.900000000000000000e+01
8.000000000000000000e+01
8.100000000000000000e+01
8.200000000000000000e+01
8.300000000000000000e+01
8.400000000000000000e+01
8.500000000000000000e+01
8.600000000000000000e+01
8.700000000000000000e+01
8.800000000000000000e+01
8.900000000000000000e+01
9.000000000000000000e+01
9.100000000000000000e+01
9.200000000000000000e+01
9.300000000000000000e+01
9.400000000000000000e+01
9.500000000000000000e+01
9.600000000000000000e+01
9.700000000000000000e+01
9.800000000000000000e+01
9.900000000000000000e+01
