single photon fraction:    0.0000
laser fraction:    1.0000
thermal source fraction:    0.0000
non-detected fraction:    0.0000
number of bins:  200.0000
bin width (ns):    1.0000
average detection events per bin: 5000.0000

# binary result
0.000000000000000000e+00

# g2 signal
9.989238335663350732e-01
9.991249861707584001e-01
1.019843704426363074e+00
1.007774548160962347e+00
1.001538817423838434e+00
9.896708137628611457e-01
9.946996288734447633e-01
9.882627455318977461e-01
9.888662033451677269e-01
1.010992989831735800e+00
1.015016041920202783e+00
1.004958411699035326e+00
9.619117543524393632e-01
9.737797580134167630e-01
9.983203757530649813e-01
9.761935892664969083e-01
1.013004515875969291e+00
9.991249861707584001e-01
1.006567632534422163e+00
9.840385408390074362e-01
9.695555533205265641e-01
1.006567632534422163e+00
1.005360716907882201e+00
9.979180705442183275e-01
9.808200991682338721e-01
1.013205668480392507e+00
9.993261387751817271e-01
9.987226809619116352e-01
1.043378559143894435e+00
9.995272913796050540e-01
1.016222957546742744e+00
9.904754241805544535e-01
1.018636788799822890e+00
9.975157653353715625e-01
9.848431512567008550e-01
9.920846450159412910e-01
1.018636788799822890e+00
9.973146127309482356e-01
1.011395295040582454e+00
9.914811872026711992e-01
1.004757259094612110e+00
9.892685085540143808e-01
9.955042392911381821e-01
9.997284439840283810e-01
9.973146127309482356e-01
1.012199905458275762e+00
9.745843684311101818e-01
1.004556106490188672e+00
9.949007814778680903e-01
9.926881028292112719e-01
9.882627455318977461e-01
9.892685085540143808e-01
1.014814889315779345e+00
1.009987226809619054e+00
9.874581351142043273e-01
9.784062679151537267e-01
9.886650507407444000e-01
9.949007814778680903e-01
9.844408460478540901e-01
1.016222957546742744e+00
1.023062146097136527e+00
1.007774548160962347e+00
1.020044857030786289e+00
1.020246009635209727e+00
1.005159564303458763e+00
1.000130749192875035e+00
9.729751475957234552e-01
1.010389532018465708e+00
9.912800345982478722e-01
1.016424110151166182e+00
9.755901314532269275e-01
1.018837941404246328e+00
9.991249861707584001e-01
9.973146127309482356e-01
1.001941122632685310e+00
9.944984762690214364e-01
1.008981463787502308e+00
9.928892554336347098e-01
1.014814889315779345e+00
1.014814889315779345e+00
9.932915606424813637e-01
1.010992989831735800e+00
9.977169179397950005e-01
1.018033330986552798e+00
1.012401058062699200e+00
1.002142275237108526e+00
1.007774548160962347e+00
9.926881028292112719e-01
9.765958944753436732e-01
9.806189465638105451e-01
9.995272913796050540e-01
9.862512194876642546e-01
1.013607973689239161e+00
1.007372242952115471e+00
9.914811872026711992e-01
1.001136512214991781e+00
9.920846450159412910e-01
9.830327778168906905e-01
1.002946885654801834e+00
1.022056383075019781e+00
9.959065444999848360e-01
1.001941122632685310e+00
9.729751475957234552e-01
1.037343981011193961e+00
9.918834924115179641e-01
9.836362356301607823e-01
1.009383768996348962e+00
1.042171643517354473e+00
9.798143361461171263e-01
9.882627455318977461e-01
9.906765767849778914e-01
9.832339304213140174e-01
1.014814889315779345e+00
1.009584921600772400e+00
9.977169179397950005e-01
1.025475977350216672e+00
1.005561869512305417e+00
1.007372242952115471e+00
1.008579158578655655e+00
1.005159564303458763e+00
9.866535246965109085e-01
1.009987226809619054e+00
9.908777293894012184e-01
1.001739970028261872e+00
1.008579158578655655e+00
9.938950184557513445e-01
1.007975700765385563e+00
1.026884045581180072e+00
1.021855230470596343e+00
1.015418347129049437e+00
9.955042392911381821e-01
1.005763022116728855e+00
9.814235569815039639e-01
1.000734207006145127e+00
9.892685085540143808e-01
1.004757259094612110e+00
9.844408460478540901e-01
9.938950184557513445e-01
9.967111549176782548e-01
1.009987226809619054e+00
1.013406821084815945e+00
9.908777293894012184e-01
1.029901334647530309e+00
9.874581351142043273e-01
9.920846450159412910e-01
9.946996288734447633e-01
9.910788819938245453e-01
1.023263298701559965e+00
9.969123075221015817e-01
9.872569825097810003e-01
1.018636788799822890e+00
9.999295965884517079e-01
1.011194142436159016e+00
9.886650507407444000e-01
1.005159564303458763e+00
1.006366479929998725e+00
1.018435636195399674e+00
1.017027567964436052e+00
9.830327778168906905e-01
9.983203757530649813e-01
9.957053918955615091e-01
9.898719663672844726e-01
1.012803363271545853e+00
1.005763022116728855e+00
1.016021804942319307e+00
1.031309402878493708e+00
9.896708137628611457e-01
1.014211431502509253e+00
1.006567632534422163e+00
9.852454564655475089e-01
1.019240246613092982e+00
9.955042392911381821e-01
1.011194142436159016e+00
1.024872519536946580e+00
1.000935359610568565e+00
1.009987226809619054e+00
9.981192231486416544e-01
9.922857976203646180e-01
1.000331901797298473e+00
1.000533054401721689e+00
1.022056383075019781e+00
9.987226809619116352e-01
9.763947418709203463e-01
1.008780311183078870e+00
9.985215283574883083e-01
9.981192231486416544e-01
9.804177939593872182e-01
9.942973236645981094e-01
1.005763022116728855e+00
9.804177939593872182e-01
1.017631025777706144e+00
9.755901314532269275e-01
1.008780311183078870e+00
9.838373882345841093e-01
9.778028101018837459e-01
9.818258621903506178e-01
1.008378005974232217e+00
1.024269061723676488e+00
9.926881028292112719e-01
1.010188379414042492e+00

# time bin value
-1.000000000000000000e+02
-9.900000000000000000e+01
-9.800000000000000000e+01
-9.700000000000000000e+01
-9.600000000000000000e+01
-9.500000000000000000e+01
-9.400000000000000000e+01
-9.300000000000000000e+01
-9.200000000000000000e+01
-9.100000000000000000e+01
-9.000000000000000000e+01
-8.900000000000000000e+01
-8.800000000000000000e+01
-8.700000000000000000e+01
-8.600000000000000000e+01
-8.500000000000000000e+01
-8.400000000000000000e+01
-8.300000000000000000e+01
-8.200000000000000000e+01
-8.100000000000000000e+01
-8.000000000000000000e+01
-7.900000000000000000e+01
-7.800000000000000000e+01
-7.700000000000000000e+01
-7.600000000000000000e+01
-7.500000000000000000e+01
-7.400000000000000000e+01
-7.300000000000000000e+01
-7.200000000000000000e+01
-7.100000000000000000e+01
-7.000000000000000000e+01
-6.900000000000000000e+01
-6.800000000000000000e+01
-6.700000000000000000e+01
-6.600000000000000000e+01
-6.500000000000000000e+01
-6.400000000000000000e+01
-6.300000000000000000e+01
-6.200000000000000000e+01
-6.100000000000000000e+01
-6.000000000000000000e+01
-5.900000000000000000e+01
-5.800000000000000000e+01
-5.700000000000000000e+01
-5.600000000000000000e+01
-5.500000000000000000e+01
-5.400000000000000000e+01
-5.300000000000000000e+01
-5.200000000000000000e+01
-5.100000000000000000e+01
-5.000000000000000000e+01
-4.900000000000000000e+01
-4.800000000000000000e+01
-4.700000000000000000e+01
-4.600000000000000000e+01
-4.500000000000000000e+01
-4.400000000000000000e+01
-4.300000000000000000e+01
-4.200000000000000000e+01
-4.100000000000000000e+01
-4.000000000000000000e+01
-3.900000000000000000e+01
-3.800000000000000000e+01
-3.700000000000000000e+01
-3.600000000000000000e+01
-3.500000000000000000e+01
-3.400000000000000000e+01
-3.300000000000000000e+01
-3.200000000000000000e+01
-3.100000000000000000e+01
-3.000000000000000000e+01
-2.900000000000000000e+01
-2.800000000000000000e+01
-2.700000000000000000e+01
-2.600000000000000000e+01
-2.500000000000000000e+01
-2.400000000000000000e+01
-2.300000000000000000e+01
-2.200000000000000000e+01
-2.100000000000000000e+01
-2.000000000000000000e+01
-1.900000000000000000e+01
-1.800000000000000000e+01
-1.700000000000000000e+01
-1.600000000000000000e+01
-1.500000000000000000e+01
-1.400000000000000000e+01
-1.300000000000000000e+01
-1.200000000000000000e+01
-1.100000000000000000e+01
-1.000000000000000000e+01
-9.000000000000000000e+00
-8.000000000000000000e+00
-7.000000000000000000e+00
-6.000000000000000000e+00
-5.000000000000000000e+00
-4.000000000000000000e+00
-3.000000000000000000e+00
-2.000000000000000000e+00
-1.000000000000000000e+00
0.000000000000000000e+00
1.000000000000000000e+00
2.000000000000000000e+00
3.000000000000000000e+00
4.000000000000000000e+00
5.000000000000000000e+00
6.000000000000000000e+00
7.000000000000000000e+00
8.000000000000000000e+00
9.000000000000000000e+00
1.000000000000000000e+01
1.100000000000000000e+01
1.200000000000000000e+01
1.300000000000000000e+01
1.400000000000000000e+01
1.500000000000000000e+01
1.600000000000000000e+01
1.700000000000000000e+01
1.800000000000000000e+01
1.900000000000000000e+01
2.000000000000000000e+01
2.100000000000000000e+01
2.200000000000000000e+01
2.300000000000000000e+01
2.400000000000000000e+01
2.500000000000000000e+01
2.600000000000000000e+01
2.700000000000000000e+01
2.800000000000000000e+01
2.900000000000000000e+01
3.000000000000000000e+01
3.100000000000000000e+01
3.200000000000000000e+01
3.300000000000000000e+01
3.400000000000000000e+01
3.500000000000000000e+01
3.600000000000000000e+01
3.700000000000000000e+01
3.800000000000000000e+01
3.900000000000000000e+01
4.000000000000000000e+01
4.100000000000000000e+01
4.200000000000000000e+01
4.300000000000000000e+01
4.400000000000000000e+01
4.500000000000000000e+01
4.600000000000000000e+01
4.700000000000000000e+01
4.800000000000000000e+01
4.900000000000000000e+01
5.000000000000000000e+01
5.100000000000000000e+01
5.200000000000000000e+01
5.300000000000000000e+01
5.400000000000000000e+01
5.500000000000000000e+01
5.600000000000000000e+01
5.700000000000000000e+01
5.800000000000000000e+01
5.900000000000000000e+01
6.000000000000000000e+01
6.100000000000000000e+01
6.200000000000000000e+01
6.300000000000000000e+01
6.400000000000000000e+01
6.500000000000000000e+01
6.600000000000000000e+01
6.700000000000000000e+01
6.800000000000000000e+01
6.900000000000000000e+01
7.000000000000000000e+01
7.100000000000000000e+01
7.200000000000000000e+01
7.300000000000000000e+01
7.400000000000000000e+01
7.500000000000000000e+01
7.600000000000000000e+01
7.700000000000000000e+01
7.800000000000000000e+01
7.900000000000000000e+01
8.000000000000000000e+01
8.100000000000000000e+01
8.200000000000000000e+01
8.300000000000000000e+01
8.400000000000000000e+01
8.500000000000000000e+01
8.600000000000000000e+01
8.700000000000000000e+01
8.800000000000000000e+01
8.900000000000000000e+01
9.000000000000000000e+01
9.100000000000000000e+01
9.200000000000000000e+01
9.300000000000000000e+01
9.400000000000000000e+01
9.500000000000000000e+01
9.600000000000000000e+01
9.700000000000000000e+01
9.800000000000000000e+01
9.900000000000000000e+01
