single photon fraction:    0.0000
laser fraction:    1.0000
thermal source fraction:    0.0000
non-detected fraction:    0.0000
number of bins:  200.0000
bin width (ns):    1.0000
average detection events per bin: 5000.0000

# binary result
0.000000000000000000e+00

# g2 signal
1.010163219348006125e+00
9.894779685343194631e-01
1.003535905980514231e+00
1.013577289870653653e+00
1.007351631858767194e+00
9.951011435127974369e-01
9.794365846441801526e-01
9.983143863576419141e-01
1.014782255937470179e+00
9.794365846441801526e-01
1.030848470161693120e+00
1.005945838114147728e+00
1.018597981815723141e+00
1.009761563992400690e+00
9.942978328015862344e-01
9.975110756464308226e-01
1.021208741627159355e+00
1.003535905980514231e+00
9.924903837013612229e-01
9.834531382002358324e-01
1.003535905980514231e+00
1.024823639827609600e+00
1.011167357737020156e+00
9.936953497681778602e-01
1.010966530059217439e+00
9.979127310020363684e-01
9.969085926130224484e-01
9.858630703338693291e-01
1.023016190727384478e+00
9.884738301453055431e-01
1.009359908636795033e+00
1.011970668448231248e+00
1.000121835457866926e+00
9.888754855009110889e-01
1.003937561336119888e+00
1.024020329116398287e+00
1.011167357737020156e+00
9.965069372574169027e-01
1.005945838114147728e+00
9.750183757325189271e-01
1.013175634515047996e+00
9.987160417132474599e-01
9.772274801883495954e-01
9.864655533672777032e-01
9.961052819018113569e-01
1.009560736314597973e+00
1.000523490813472582e+00
9.814448614222079925e-01
9.959044542240085285e-01
1.003535905980514231e+00
9.892771408565166347e-01
9.951011435127974369e-01
1.009359908636795033e+00
1.000925146169078239e+00
1.005142527402936636e+00
1.001125973846880957e+00
1.022815363049581761e+00
9.828506551668275693e-01
9.820473444556163667e-01
9.842564489114470350e-01
1.015786394326484210e+00
9.816456891000108209e-01
1.011167357737020156e+00
9.951011435127974369e-01
1.021007913949356638e+00
1.007351631858767194e+00
1.018798809493525859e+00
9.732109266322939156e-01
1.000724318491275300e+00
1.008958253281189599e+00
9.997201801022613799e-01
1.004740872047330980e+00
9.866663810450804206e-01
9.926912113791639403e-01
9.930928667347695971e-01
9.804407230331940726e-01
9.708009944986604189e-01
9.708009944986604189e-01
1.012773979159442339e+00
1.021610396982765012e+00
9.902812792455305546e-01
9.888754855009110889e-01
1.004540044369528262e+00
1.003937561336119888e+00
1.026631088927834501e+00
9.695960284318437816e-01
9.798382399997858094e-01
1.027836054994651249e+00
9.874696917562916232e-01
9.969085926130224484e-01
9.977119033242335400e-01
9.900804515677277262e-01
1.004941699725133919e+00
9.752192034103217555e-01
9.985152140354447425e-01
9.830514828446302866e-01
9.930928667347695971e-01
1.020405430915948264e+00
1.001527629202486391e+00
9.942978328015862344e-01
9.949003158349946085e-01
9.946994881571917801e-01
1.017593843426709332e+00
1.000523490813472582e+00
9.724076159210827131e-01
9.942978328015862344e-01
9.708009944986604189e-01
1.019802947882539890e+00
1.005343355080739354e+00
9.794365846441801526e-01
9.944986604793890628e-01
9.712026498542660757e-01
9.838547935558414892e-01
1.005544182758542293e+00
1.018196326460117707e+00
9.997201801022613799e-01
9.928920390569667687e-01
1.009560736314597973e+00
9.710018221764632473e-01
1.019802947882539890e+00
9.928920390569667687e-01
1.029643504094876372e+00
1.013577289870653653e+00
1.003937561336119888e+00
9.977119033242335400e-01
1.032455091584115303e+00
1.006347493469753385e+00
1.007552459536570133e+00
1.013577289870653653e+00
1.018397154137920424e+00
1.033660057650932051e+00
1.019401292526934233e+00
9.834531382002358324e-01
1.002531767591500422e+00
9.971094202908252768e-01
9.780307908995606869e-01
9.896787962121221804e-01
1.002130112235894766e+00
9.985152140354447425e-01
1.000523490813472582e+00
9.949003158349946085e-01
9.991176970688531167e-01
1.017192188071103676e+00
9.750183757325189271e-01
9.932936944125723144e-01
9.932936944125723144e-01
9.973102479686279942e-01
9.985152140354447425e-01
9.874696917562916232e-01
1.017995498782314767e+00
1.000523490813472582e+00
9.985152140354447425e-01
9.880721747896998863e-01
9.874696917562916232e-01
9.904821069233333830e-01
9.944986604793890628e-01
1.004138389013922605e+00
9.828506551668275693e-01
9.770266525105467670e-01
9.788341016107718895e-01
1.017593843426709332e+00
9.802398953553913552e-01
1.016790532715498019e+00
9.844572765892498634e-01
9.965069372574169027e-01
9.953019711906001543e-01
9.963061095796140743e-01
1.015987222004286927e+00
1.008958253281189599e+00
1.006749148825358819e+00
1.007351631858767194e+00
1.006146665791950445e+00
1.014179772904062027e+00
1.007150804180964476e+00
1.040488198696226663e+00
1.002130112235894766e+00
9.802398953553913552e-01
1.018597981815723141e+00
9.667844409426047392e-01
9.870680364006859664e-01
1.003335078302711514e+00
9.820473444556163667e-01
1.025626950538820692e+00
1.000121835457866926e+00
9.944986604793890628e-01
9.953019711906001543e-01
1.005745010436345011e+00
9.864655533672777032e-01
9.788341016107718895e-01
9.701985114652521558e-01
9.802398953553913552e-01
9.780307908995606869e-01
9.872688640784887948e-01
1.024221156794201226e+00
1.009359908636795033e+00
9.832523105224331150e-01
9.920887283457555661e-01
1.023618673760792852e+00
1.011368185414822873e+00
1.006548321147556102e+00

# time bin value
-1.000000000000000000e+02
-9.900000000000000000e+01
-9.800000000000000000e+01
-9.700000000000000000e+01
-9.600000000000000000e+01
-9.500000000000000000e+01
-9.400000000000000000e+01
-9.300000000000000000e+01
-9.200000000000000000e+01
-9.100000000000000000e+01
-9.000000000000000000e+01
-8.900000000000000000e+01
-8.800000000000000000e+01
-8.700000000000000000e+01
-8.600000000000000000e+01
-8.500000000000000000e+01
-8.400000000000000000e+01
-8.300000000000000000e+01
-8.200000000000000000e+01
-8.100000000000000000e+01
-8.000000000000000000e+01
-7.900000000000000000e+01
-7.800000000000000000e+01
-7.700000000000000000e+01
-7.600000000000000000e+01
-7.500000000000000000e+01
-7.400000000000000000e+01
-7.300000000000000000e+01
-7.200000000000000000e+01
-7.100000000000000000e+01
-7.000000000000000000e+01
-6.900000000000000000e+01
-6.800000000000000000e+01
-6.700000000000000000e+01
-6.600000000000000000e+01
-6.500000000000000000e+01
-6.400000000000000000e+01
-6.300000000000000000e+01
-6.200000000000000000e+01
-6.100000000000000000e+01
-6.000000000000000000e+01
-5.900000000000000000e+01
-5.800000000000000000e+01
-5.700000000000000000e+01
-5.600000000000000000e+01
-5.500000000000000000e+01
-5.400000000000000000e+01
-5.300000000000000000e+01
-5.200000000000000000e+01
-5.100000000000000000e+01
-5.000000000000000000e+01
-4.900000000000000000e+01
-4.800000000000000000e+01
-4.700000000000000000e+01
-4.600000000000000000e+01
-4.500000000000000000e+01
-4.400000000000000000e+01
-4.300000000000000000e+01
-4.200000000000000000e+01
-4.100000000000000000e+01
-4.000000000000000000e+01
-3.900000000000000000e+01
-3.800000000000000000e+01
-3.700000000000000000e+01
-3.600000000000000000e+01
-3.500000000000000000e+01
-3.400000000000000000e+01
-3.300000000000000000e+01
-3.200000000000000000e+01
-3.100000000000000000e+01
-3.000000000000000000e+01
-2.900000000000000000e+01
-2.800000000000000000e+01
-2.700000000000000000e+01
-2.600000000000000000e+01
-2.500000000000000000e+01
-2.400000000000000000e+01
-2.300000000000000000e+01
-2.200000000000000000e+01
-2.100000000000000000e+01
-2.000000000000000000e+01
-1.900000000000000000e+01
-1.800000000000000000e+01
-1.700000000000000000e+01
-1.600000000000000000e+01
-1.500000000000000000e+01
-1.400000000000000000e+01
-1.300000000000000000e+01
-1.200000000000000000e+01
-1.100000000000000000e+01
-1.000000000000000000e+01
-9.000000000000000000e+00
-8.000000000000000000e+00
-7.000000000000000000e+00
-6.000000000000000000e+00
-5.000000000000000000e+00
-4.000000000000000000e+00
-3.000000000000000000e+00
-2.000000000000000000e+00
-1.000000000000000000e+00
0.000000000000000000e+00
1.000000000000000000e+00
2.000000000000000000e+00
3.000000000000000000e+00
4.000000000000000000e+00
5.000000000000000000e+00
6.000000000000000000e+00
7.000000000000000000e+00
8.000000000000000000e+00
9.000000000000000000e+00
1.000000000000000000e+01
1.100000000000000000e+01
1.200000000000000000e+01
1.300000000000000000e+01
1.400000000000000000e+01
1.500000000000000000e+01
1.600000000000000000e+01
1.700000000000000000e+01
1.800000000000000000e+01
1.900000000000000000e+01
2.000000000000000000e+01
2.100000000000000000e+01
2.200000000000000000e+01
2.300000000000000000e+01
2.400000000000000000e+01
2.500000000000000000e+01
2.600000000000000000e+01
2.700000000000000000e+01
2.800000000000000000e+01
2.900000000000000000e+01
3.000000000000000000e+01
3.100000000000000000e+01
3.200000000000000000e+01
3.300000000000000000e+01
3.400000000000000000e+01
3.500000000000000000e+01
3.600000000000000000e+01
3.700000000000000000e+01
3.800000000000000000e+01
3.900000000000000000e+01
4.000000000000000000e+01
4.100000000000000000e+01
4.200000000000000000e+01
4.300000000000000000e+01
4.400000000000000000e+01
4.500000000000000000e+01
4.600000000000000000e+01
4.700000000000000000e+01
4.800000000000000000e+01
4.900000000000000000e+01
5.000000000000000000e+01
5.100000000000000000e+01
5.200000000000000000e+01
5.300000000000000000e+01
5.400000000000000000e+01
5.500000000000000000e+01
5.600000000000000000e+01
5.700000000000000000e+01
5.800000000000000000e+01
5.900000000000000000e+01
6.000000000000000000e+01
6.100000000000000000e+01
6.200000000000000000e+01
6.300000000000000000e+01
6.400000000000000000e+01
6.500000000000000000e+01
6.600000000000000000e+01
6.700000000000000000e+01
6.800000000000000000e+01
6.900000000000000000e+01
7.000000000000000000e+01
7.100000000000000000e+01
7.200000000000000000e+01
7.300000000000000000e+01
7.400000000000000000e+01
7.500000000000000000e+01
7.600000000000000000e+01
7.700000000000000000e+01
7.800000000000000000e+01
7.900000000000000000e+01
8.000000000000000000e+01
8.100000000000000000e+01
8.200000000000000000e+01
8.300000000000000000e+01
8.400000000000000000e+01
8.500000000000000000e+01
8.600000000000000000e+01
8.700000000000000000e+01
8.800000000000000000e+01
8.900000000000000000e+01
9.000000000000000000e+01
9.100000000000000000e+01
9.200000000000000000e+01
9.300000000000000000e+01
9.400000000000000000e+01
9.500000000000000000e+01
9.600000000000000000e+01
9.700000000000000000e+01
9.800000000000000000e+01
9.900000000000000000e+01
