single photon fraction:    0.0000
laser fraction:    1.0000
thermal source fraction:    0.0000
non-detected fraction:    0.0000
number of bins:  200.0000
bin width (ns):    1.0000
average detection events per bin: 5000.0000

# binary result
0.000000000000000000e+00

# g2 signal
9.964394699852744397e-01
1.011707494122145556e+00
1.012912864448740624e+00
1.010903913904415363e+00
9.984484205295995896e-01
1.006685117761332737e+00
9.958367848219767948e-01
1.004676167217007476e+00
1.002667216672682438e+00
9.855911370459186083e-01
9.867965073725136760e-01
1.009899438632252844e+00
9.775553348686180088e-01
1.012310179285442979e+00
1.001863636454952244e+00
1.011506599067713008e+00
9.998546859106270945e-01
1.018939716081715963e+00
9.871982974813786615e-01
1.007086907870197612e+00
9.707249030179124771e-01
1.004073482053710054e+00
9.894081430801363597e-01
1.015524500156363308e+00
1.001260951291654822e+00
1.013515549612038269e+00
9.994528958017621090e-01
9.888054579168388258e-01
1.006685117761332737e+00
1.000055580965059754e+00
1.009899438632252844e+00
1.001060056237222273e+00
1.007488697979062708e+00
1.009095858414522873e+00
9.765508595964553784e-01
9.837830815560258957e-01
1.000658266128357177e+00
1.016528975428525827e+00
1.028984468803341823e+00
1.002466321618249889e+00
9.966403650397068770e-01
1.008292278196792680e+00
1.003470796890412409e+00
1.000859161182789725e+00
1.004274377108142380e+00
9.898099331890013453e-01
9.835821865015934584e-01
1.005680642489169996e+00
9.878009826446761954e-01
1.004073482053710054e+00
1.007890488087927805e+00
1.003269901835979860e+00
1.017332555646256020e+00
1.003671691944844957e+00
9.986493155840320268e-01
1.002466321618249889e+00
9.970421551485719736e-01
1.002064531509384793e+00
9.781580200319155427e-01
9.934260441687866594e-01
1.004676167217007476e+00
1.003269901835979860e+00
9.815732359572683086e-01
9.839839766104584440e-01
1.014520024884200788e+00
1.004877062271440025e+00
1.024765672660258975e+00
9.990511056928971234e-01
1.004877062271440025e+00
1.006082432598035092e+00
1.021350456734906320e+00
1.047265918756700609e+00
1.030591629238801987e+00
1.013314654557605721e+00
9.978457353663019447e-01
9.886045628624062775e-01
1.010703018849983037e+00
9.954349947131118093e-01
1.001260951291654822e+00
1.000859161182789725e+00
1.005680642489169996e+00
9.799660755218081443e-01
1.006082432598035092e+00
1.023158512224798811e+00
9.940287293320841933e-01
1.004274377108142380e+00
9.994528958017621090e-01
9.954349947131118093e-01
1.005881537543602544e+00
1.007086907870197612e+00
9.912161985700289613e-01
1.007287802924630160e+00
1.034408635273019739e+00
9.783589150863480910e-01
1.008694068305657776e+00
9.908144084611639757e-01
9.857920321003510455e-01
9.751445942154277624e-01
9.789616002496456248e-01
9.948323095498142754e-01
9.841848716648909923e-01
9.791624953040780621e-01
9.984484205295995896e-01
9.942296243865167416e-01
1.009899438632252844e+00
1.000457371073924628e+00
1.016127185319660953e+00
1.016930765537390924e+00
9.976448403118695074e-01
9.994528958017621090e-01
9.960376798764093431e-01
1.000457371073924628e+00
1.004475272162574928e+00
1.005479747434737670e+00
9.761490694875903928e-01
1.021752246843771195e+00
9.783589150863480910e-01
1.011707494122145556e+00
1.012109284231010653e+00
1.001260951291654822e+00
9.968412600941394253e-01
9.817741310117007458e-01
9.873991925358112098e-01
9.956358897675443576e-01
9.956358897675443576e-01
1.009899438632252844e+00
9.845866617737559778e-01
9.966403650397068770e-01
9.902117232978664418e-01
9.970421551485719736e-01
9.928233590054891256e-01
1.012511074339875528e+00
1.019341506190581059e+00
9.884036678079738403e-01
1.017131660591823472e+00
9.880018776991087437e-01
9.853902419914860600e-01
1.006283327652467641e+00
1.017533450700688569e+00
9.876000875902437581e-01
9.815732359572683086e-01
9.861938222092161421e-01
9.813723409028357603e-01
1.001863636454952244e+00
9.821759211205658424e-01
9.964394699852744397e-01
9.920197787877590434e-01
9.934260441687866594e-01
1.006283327652467641e+00
9.990511056928971234e-01
1.015323605101930760e+00
1.003872586999277505e+00
9.934260441687866594e-01
9.898099331890013453e-01
9.992520007473295607e-01
9.787607051952130766e-01
1.009899438632252844e+00
9.942296243865167416e-01
9.817741310117007458e-01
9.952340996586792610e-01
9.759481744331578446e-01
1.006685117761332737e+00
1.008091383142360353e+00
1.005680642489169996e+00
1.009698543577820296e+00
9.940287293320841933e-01
9.988502106384645751e-01
9.855911370459186083e-01
1.017332555646256020e+00
1.026975518259016562e+00
9.787607051952130766e-01
1.023158512224798811e+00
9.986493155840320268e-01
9.807696557395382264e-01
9.978457353663019447e-01
9.833812914471609101e-01
9.831803963927283618e-01
9.878009826446761954e-01
1.011506599067713008e+00
9.956358897675443576e-01
9.863947172636486904e-01
1.008493173251225228e+00
1.007086907870197612e+00
1.006886012815765064e+00
1.004475272162574928e+00
9.904126183522989901e-01
9.970421551485719736e-01
9.859929271547835938e-01
1.011707494122145556e+00
9.873991925358112098e-01
9.958367848219767948e-01
9.946314144953817271e-01
9.849884518826210744e-01
9.882027727535412920e-01
1.001461846346087370e+00
1.001461846346087370e+00
1.021752246843771195e+00
9.986493155840320268e-01
9.793633903585106104e-01
9.876000875902437581e-01

# time bin value
-1.000000000000000000e+02
-9.900000000000000000e+01
-9.800000000000000000e+01
-9.700000000000000000e+01
-9.600000000000000000e+01
-9.500000000000000000e+01
-9.400000000000000000e+01
-9.300000000000000000e+01
-9.200000000000000000e+01
-9.100000000000000000e+01
-9.000000000000000000e+01
-8.900000000000000000e+01
-8.800000000000000000e+01
-8.700000000000000000e+01
-8.600000000000000000e+01
-8.500000000000000000e+01
-8.400000000000000000e+01
-8.300000000000000000e+01
-8.200000000000000000e+01
-8.100000000000000000e+01
-8.000000000000000000e+01
-7.900000000000000000e+01
-7.800000000000000000e+01
-7.700000000000000000e+01
-7.600000000000000000e+01
-7.500000000000000000e+01
-7.400000000000000000e+01
-7.300000000000000000e+01
-7.200000000000000000e+01
-7.100000000000000000e+01
-7.000000000000000000e+01
-6.900000000000000000e+01
-6.800000000000000000e+01
-6.700000000000000000e+01
-6.600000000000000000e+01
-6.500000000000000000e+01
-6.400000000000000000e+01
-6.300000000000000000e+01
-6.200000000000000000e+01
-6.100000000000000000e+01
-6.000000000000000000e+01
-5.900000000000000000e+01
-5.800000000000000000e+01
-5.700000000000000000e+01
-5.600000000000000000e+01
-5.500000000000000000e+01
-5.400000000000000000e+01
-5.300000000000000000e+01
-5.200000000000000000e+01
-5.100000000000000000e+01
-5.000000000000000000e+01
-4.900000000000000000e+01
-4.800000000000000000e+01
-4.700000000000000000e+01
-4.600000000000000000e+01
-4.500000000000000000e+01
-4.400000000000000000e+01
-4.300000000000000000e+01
-4.200000000000000000e+01
-4.100000000000000000e+01
-4.000000000000000000e+01
-3.900000000000000000e+01
-3.800000000000000000e+01
-3.700000000000000000e+01
-3.600000000000000000e+01
-3.500000000000000000e+01
-3.400000000000000000e+01
-3.300000000000000000e+01
-3.200000000000000000e+01
-3.100000000000000000e+01
-3.000000000000000000e+01
-2.900000000000000000e+01
-2.800000000000000000e+01
-2.700000000000000000e+01
-2.600000000000000000e+01
-2.500000000000000000e+01
-2.400000000000000000e+01
-2.300000000000000000e+01
-2.200000000000000000e+01
-2.100000000000000000e+01
-2.000000000000000000e+01
-1.900000000000000000e+01
-1.800000000000000000e+01
-1.700000000000000000e+01
-1.600000000000000000e+01
-1.500000000000000000e+01
-1.400000000000000000e+01
-1.300000000000000000e+01
-1.200000000000000000e+01
-1.100000000000000000e+01
-1.000000000000000000e+01
-9.000000000000000000e+00
-8.000000000000000000e+00
-7.000000000000000000e+00
-6.000000000000000000e+00
-5.000000000000000000e+00
-4.000000000000000000e+00
-3.000000000000000000e+00
-2.000000000000000000e+00
-1.000000000000000000e+00
0.000000000000000000e+00
1.000000000000000000e+00
2.000000000000000000e+00
3.000000000000000000e+00
4.000000000000000000e+00
5.000000000000000000e+00
6.000000000000000000e+00
7.000000000000000000e+00
8.000000000000000000e+00
9.000000000000000000e+00
1.000000000000000000e+01
1.100000000000000000e+01
1.200000000000000000e+01
1.300000000000000000e+01
1.400000000000000000e+01
1.500000000000000000e+01
1.600000000000000000e+01
1.700000000000000000e+01
1.800000000000000000e+01
1.900000000000000000e+01
2.000000000000000000e+01
2.100000000000000000e+01
2.200000000000000000e+01
2.300000000000000000e+01
2.400000000000000000e+01
2.500000000000000000e+01
2.600000000000000000e+01
2.700000000000000000e+01
2.800000000000000000e+01
2.900000000000000000e+01
3.000000000000000000e+01
3.100000000000000000e+01
3.200000000000000000e+01
3.300000000000000000e+01
3.400000000000000000e+01
3.500000000000000000e+01
3.600000000000000000e+01
3.700000000000000000e+01
3.800000000000000000e+01
3.900000000000000000e+01
4.000000000000000000e+01
4.100000000000000000e+01
4.200000000000000000e+01
4.300000000000000000e+01
4.400000000000000000e+01
4.500000000000000000e+01
4.600000000000000000e+01
4.700000000000000000e+01
4.800000000000000000e+01
4.900000000000000000e+01
5.000000000000000000e+01
5.100000000000000000e+01
5.200000000000000000e+01
5.300000000000000000e+01
5.400000000000000000e+01
5.500000000000000000e+01
5.600000000000000000e+01
5.700000000000000000e+01
5.800000000000000000e+01
5.900000000000000000e+01
6.000000000000000000e+01
6.100000000000000000e+01
6.200000000000000000e+01
6.300000000000000000e+01
6.400000000000000000e+01
6.500000000000000000e+01
6.600000000000000000e+01
6.700000000000000000e+01
6.800000000000000000e+01
6.900000000000000000e+01
7.000000000000000000e+01
7.100000000000000000e+01
7.200000000000000000e+01
7.300000000000000000e+01
7.400000000000000000e+01
7.500000000000000000e+01
7.600000000000000000e+01
7.700000000000000000e+01
7.800000000000000000e+01
7.900000000000000000e+01
8.000000000000000000e+01
8.100000000000000000e+01
8.200000000000000000e+01
8.300000000000000000e+01
8.400000000000000000e+01
8.500000000000000000e+01
8.600000000000000000e+01
8.700000000000000000e+01
8.800000000000000000e+01
8.900000000000000000e+01
9.000000000000000000e+01
9.100000000000000000e+01
9.200000000000000000e+01
9.300000000000000000e+01
9.400000000000000000e+01
9.500000000000000000e+01
9.600000000000000000e+01
9.700000000000000000e+01
9.800000000000000000e+01
9.900000000000000000e+01
