single photon fraction:    0.0000
laser fraction:    1.0000
thermal source fraction:    0.0000
non-detected fraction:    0.0000
number of bins:  200.0000
bin width (ns):    1.0000
average detection events per bin: 5000.0000

# binary result
0.000000000000000000e+00

# g2 signal
9.877666836202050327e-01
1.015673100088336778e+00
1.007441711058168377e+00
9.877666836202050327e-01
1.026514441737826910e+00
1.001619509061220104e+00
1.011256257194100172e+00
1.018283052707658509e+00
1.011858553952405204e+00
1.003225633750033374e+00
9.917819953422384316e-01
9.899751050673233355e-01
9.951950103059666874e-01
9.959980726503734338e-01
9.825467783815616807e-01
9.911796985839333995e-01
9.911796985839333995e-01
9.947934791337633698e-01
1.009650132505286901e+00
9.897743394812217321e-01
1.019286880638166970e+00
9.974034317530851013e-01
1.028321332012742007e+00
1.012862381882913443e+00
9.799368257622399492e-01
9.966003694086784659e-01
9.976041973391867046e-01
9.739138581791899618e-01
9.925850576866450670e-01
1.008244773402575234e+00
9.929865888588483847e-01
9.857590277591883332e-01
9.929865888588483847e-01
1.035348127526300344e+00
1.026715207323928514e+00
9.931873544449500990e-01
1.032738174906978612e+00
1.000214149958508436e+00
1.006437883127660138e+00
1.002221805819525136e+00
9.881682147924083504e-01
1.011457022780201775e+00
1.022499130015793511e+00
9.909789329978316852e-01
1.001820274647321707e+00
9.955965414781701162e-01
1.012260085124608411e+00
9.935888856171534167e-01
1.010252429263591711e+00
1.012059319538506807e+00
1.007642476644270202e+00
1.015673100088336778e+00
1.025109082635115243e+00
9.877666836202050327e-01
1.026112910565623482e+00
9.968011349947800692e-01
9.957973070642717195e-01
9.976041973391867046e-01
9.990095564418983720e-01
1.001418743475118500e+00
1.003225633750033374e+00
1.018283052707658509e+00
1.013464678641218475e+00
9.680916561822415778e-01
1.002623336991728342e+00
9.873651524480017150e-01
1.013263913055116872e+00
9.913804641700350029e-01
1.007843242230371805e+00
9.801375913483416635e-01
9.907781674117300819e-01
1.011055491607998569e+00
9.877666836202050327e-01
9.843536686564766658e-01
9.959980726503734338e-01
1.012059319538506807e+00
1.021495302085285273e+00
9.927858232727467813e-01
9.733115614208849298e-01
9.951950103059666874e-01
1.011457022780201775e+00
9.727092646625800088e-01
1.009248601333083473e+00
9.970019005808817836e-01
1.005032524024948470e+00
9.988087908557967687e-01
1.001017212302915071e+00
9.955965414781701162e-01
1.007642476644270202e+00
1.010453194849693537e+00
9.817437160371550453e-01
9.606633294964799230e-01
9.881682147924083504e-01
1.025711379393420275e+00
9.963996038225767515e-01
1.022699895601895115e+00
9.891720427229167001e-01
1.002221805819525136e+00
1.010453194849693537e+00
1.009650132505286901e+00
9.865620901035950796e-01
1.016275396846641810e+00
9.959980726503734338e-01
1.008646304574778441e+00
1.005835586369355106e+00
1.001820274647321707e+00
1.010051663677490108e+00
1.012059319538506807e+00
9.807398881066466956e-01
9.945927135476617664e-01
1.014669272157828539e+00
9.873651524480017150e-01
9.831490751398667127e-01
1.001017212302915071e+00
9.986080252696950543e-01
9.817437160371550453e-01
1.016476162432743413e+00
1.002623336991728342e+00
1.011858553952405204e+00
9.959980726503734338e-01
1.013263913055116872e+00
1.006638648713761741e+00
9.843536686564766658e-01
9.733115614208849298e-01
9.833498407259683161e-01
1.018885349465963541e+00
9.757207484541049469e-01
9.829483095537649984e-01
9.877666836202050327e-01
9.791337634178333138e-01
1.012862381882913443e+00
1.005032524024948470e+00
1.007843242230371805e+00
9.851567310008833012e-01
9.923842921005433526e-01
1.002824102577830168e+00
9.747169205235965972e-01
9.988087908557967687e-01
1.017279224777150270e+00
9.767245763846132967e-01
1.011657788366303601e+00
1.009047835746981869e+00
1.007040179885965170e+00
1.018483818293760113e+00
9.831490751398667127e-01
9.889712771368150968e-01
1.000013384372406833e+00
9.937896512032550200e-01
9.984072596835934510e-01
9.707016088015633093e-01
9.777284043151216464e-01
1.001619509061220104e+00
9.767245763846132967e-01
9.823460127954599663e-01
1.001619509061220104e+00
9.757207484541049469e-01
9.713039055598683413e-01
9.735123270069866441e-01
9.947934791337633698e-01
1.010854726021896743e+00
9.741146237652916762e-01
9.955965414781701162e-01
1.011256257194100172e+00
9.895735738951200178e-01
9.825467783815616807e-01
1.006437883127660138e+00
9.935888856171534167e-01
1.025309848221216846e+00
1.007240945472066773e+00
9.935888856171534167e-01
1.012661616296811840e+00
9.988087908557967687e-01
9.988087908557967687e-01
9.853574965869850155e-01
9.863613245174933652e-01
9.783307010734266784e-01
9.813421848649516166e-01
1.011055491607998569e+00
1.014468506571726936e+00
9.947934791337633698e-01
1.021093770913081844e+00
1.011055491607998569e+00
1.012862381882913443e+00
9.972026661669833869e-01
1.009047835746981869e+00
9.867628556896966829e-01
9.887705115507133824e-01
1.008445538988676837e+00
1.002021040233423532e+00
9.789329978317317105e-01
1.020290708568675209e+00
1.024105254704606782e+00
9.845544342425783801e-01
9.855582621730867299e-01
1.005634820783253502e+00
9.905774018256283675e-01
9.901758706534250498e-01
9.709023743876649126e-01
9.839521374842733481e-01
1.002422571405626739e+00

# time bin value
-1.000000000000000000e+02
-9.900000000000000000e+01
-9.800000000000000000e+01
-9.700000000000000000e+01
-9.600000000000000000e+01
-9.500000000000000000e+01
-9.400000000000000000e+01
-9.300000000000000000e+01
-9.200000000000000000e+01
-9.100000000000000000e+01
-9.000000000000000000e+01
-8.900000000000000000e+01
-8.800000000000000000e+01
-8.700000000000000000e+01
-8.600000000000000000e+01
-8.500000000000000000e+01
-8.400000000000000000e+01
-8.300000000000000000e+01
-8.200000000000000000e+01
-8.100000000000000000e+01
-8.000000000000000000e+01
-7.900000000000000000e+01
-7.800000000000000000e+01
-7.700000000000000000e+01
-7.600000000000000000e+01
-7.500000000000000000e+01
-7.400000000000000000e+01
-7.300000000000000000e+01
-7.200000000000000000e+01
-7.100000000000000000e+01
-7.000000000000000000e+01
-6.900000000000000000e+01
-6.800000000000000000e+01
-6.700000000000000000e+01
-6.600000000000000000e+01
-6.500000000000000000e+01
-6.400000000000000000e+01
-6.300000000000000000e+01
-6.200000000000000000e+01
-6.100000000000000000e+01
-6.000000000000000000e+01
-5.900000000000000000e+01
-5.800000000000000000e+01
-5.700000000000000000e+01
-5.600000000000000000e+01
-5.500000000000000000e+01
-5.400000000000000000e+01
-5.300000000000000000e+01
-5.200000000000000000e+01
-5.100000000000000000e+01
-5.000000000000000000e+01
-4.900000000000000000e+01
-4.800000000000000000e+01
-4.700000000000000000e+01
-4.600000000000000000e+01
-4.500000000000000000e+01
-4.400000000000000000e+01
-4.300000000000000000e+01
-4.200000000000000000e+01
-4.100000000000000000e+01
-4.000000000000000000e+01
-3.900000000000000000e+01
-3.800000000000000000e+01
-3.700000000000000000e+01
-3.600000000000000000e+01
-3.500000000000000000e+01
-3.400000000000000000e+01
-3.300000000000000000e+01
-3.200000000000000000e+01
-3.100000000000000000e+01
-3.000000000000000000e+01
-2.900000000000000000e+01
-2.800000000000000000e+01
-2.700000000000000000e+01
-2.600000000000000000e+01
-2.500000000000000000e+01
-2.400000000000000000e+01
-2.300000000000000000e+01
-2.200000000000000000e+01
-2.100000000000000000e+01
-2.000000000000000000e+01
-1.900000000000000000e+01
-1.800000000000000000e+01
-1.700000000000000000e+01
-1.600000000000000000e+01
-1.500000000000000000e+01
-1.400000000000000000e+01
-1.300000000000000000e+01
-1.200000000000000000e+01
-1.100000000000000000e+01
-1.000000000000000000e+01
-9.000000000000000000e+00
-8.000000000000000000e+00
-7.000000000000000000e+00
-6.000000000000000000e+00
-5.000000000000000000e+00
-4.000000000000000000e+00
-3.000000000000000000e+00
-2.000000000000000000e+00
-1.000000000000000000e+00
0.000000000000000000e+00
1.000000000000000000e+00
2.000000000000000000e+00
3.000000000000000000e+00
4.000000000000000000e+00
5.000000000000000000e+00
6.000000000000000000e+00
7.000000000000000000e+00
8.000000000000000000e+00
9.000000000000000000e+00
1.000000000000000000e+01
1.100000000000000000e+01
1.200000000000000000e+01
1.300000000000000000e+01
1.400000000000000000e+01
1.500000000000000000e+01
1.600000000000000000e+01
1.700000000000000000e+01
1.800000000000000000e+01
1.900000000000000000e+01
2.000000000000000000e+01
2.100000000000000000e+01
2.200000000000000000e+01
2.300000000000000000e+01
2.400000000000000000e+01
2.500000000000000000e+01
2.600000000000000000e+01
2.700000000000000000e+01
2.800000000000000000e+01
2.900000000000000000e+01
3.000000000000000000e+01
3.100000000000000000e+01
3.200000000000000000e+01
3.300000000000000000e+01
3.400000000000000000e+01
3.500000000000000000e+01
3.600000000000000000e+01
3.700000000000000000e+01
3.800000000000000000e+01
3.900000000000000000e+01
4.000000000000000000e+01
4.100000000000000000e+01
4.200000000000000000e+01
4.300000000000000000e+01
4.400000000000000000e+01
4.500000000000000000e+01
4.600000000000000000e+01
4.700000000000000000e+01
4.800000000000000000e+01
4.900000000000000000e+01
5.000000000000000000e+01
5.100000000000000000e+01
5.200000000000000000e+01
5.300000000000000000e+01
5.400000000000000000e+01
5.500000000000000000e+01
5.600000000000000000e+01
5.700000000000000000e+01
5.800000000000000000e+01
5.900000000000000000e+01
6.000000000000000000e+01
6.100000000000000000e+01
6.200000000000000000e+01
6.300000000000000000e+01
6.400000000000000000e+01
6.500000000000000000e+01
6.600000000000000000e+01
6.700000000000000000e+01
6.800000000000000000e+01
6.900000000000000000e+01
7.000000000000000000e+01
7.100000000000000000e+01
7.200000000000000000e+01
7.300000000000000000e+01
7.400000000000000000e+01
7.500000000000000000e+01
7.600000000000000000e+01
7.700000000000000000e+01
7.800000000000000000e+01
7.900000000000000000e+01
8.000000000000000000e+01
8.100000000000000000e+01
8.200000000000000000e+01
8.300000000000000000e+01
8.400000000000000000e+01
8.500000000000000000e+01
8.600000000000000000e+01
8.700000000000000000e+01
8.800000000000000000e+01
8.900000000000000000e+01
9.000000000000000000e+01
9.100000000000000000e+01
9.200000000000000000e+01
9.300000000000000000e+01
9.400000000000000000e+01
9.500000000000000000e+01
9.600000000000000000e+01
9.700000000000000000e+01
9.800000000000000000e+01
9.900000000000000000e+01
