single photon fraction:    0.0000
laser fraction:    1.0000
thermal source fraction:    0.0000
non-detected fraction:    0.0000
number of bins:  200.0000
bin width (ns):    1.0000
average detection events per bin: 5000.0000

# binary result
0.000000000000000000e+00

# g2 signal
1.001275348044220914e+00
1.004487137452542589e+00
1.005290084804622897e+00
9.964576639317388462e-01
9.992679796640201451e-01
9.904355587911359837e-01
1.021951242360290557e+00
1.001074611206201004e+00
1.008702611050964482e+00
9.902348219531159623e-01
1.002078295396301444e+00
1.001275348044220914e+00
9.910377693051962700e-01
9.976620849598593077e-01
9.854171378406336723e-01
9.860193483546939586e-01
1.016330610895727959e+00
1.004487137452542589e+00
1.007498190022843909e+00
9.988665059879798802e-01
1.011312189945225537e+00
1.006494505832743469e+00
1.001877558558281311e+00
1.010910716269185494e+00
1.005691558480662939e+00
9.870230325447943986e-01
1.008903347888984614e+00
9.958554534176785600e-01
1.023155663388411130e+00
1.005892295318683072e+00
1.008301137374924217e+00
1.014724716191567122e+00
1.024360084416531702e+00
9.916399798192565562e-01
9.894318746010355436e-01
9.946510323895579875e-01
9.828075589463725059e-01
1.008702611050964482e+00
9.992679796640201451e-01
9.709640855031870244e-01
9.958554534176785600e-01
1.015728400381667562e+00
9.954539797416382951e-01
9.972606112838191539e-01
1.014523979353547212e+00
1.017936505599888575e+00
1.023757873902471305e+00
9.972606112838191539e-01
9.976620849598593077e-01
9.998701901780803203e-01
9.846141904885533647e-01
1.012115137297306067e+00
9.868222957067743772e-01
9.954539797416382951e-01
9.994687165020401665e-01
1.016531347733748092e+00
1.004085663776502324e+00
1.031385873747234783e+00
9.974613481218392863e-01
1.013520295163446550e+00
9.747780854255687633e-01
1.024360084416531702e+00
9.982642954739195940e-01
9.936473481994575474e-01
9.858186115166739372e-01
9.924429271713369749e-01
9.763839801297296006e-01
1.011713663621265802e+00
9.976620849598593077e-01
9.886289272489552360e-01
9.769861906437897758e-01
9.683545066089258579e-01
9.894318746010355436e-01
1.026166715958712450e+00
9.942495587135178337e-01
9.976620849598593077e-01
9.844134536505332322e-01
9.944502955515378551e-01
1.027973347500893198e+00
9.906362956291561161e-01
1.017936505599888575e+00
9.840119799744930784e-01
1.011111453107205627e+00
9.938480850374775688e-01
1.007297453184823777e+00
1.017535031923848532e+00
1.002479769072341487e+00
1.010709979431165362e+00
9.902348219531159623e-01
9.910377693051962700e-01
1.006895979508783512e+00
9.822053484323122197e-01
9.858186115166739372e-01
9.926436640093569963e-01
9.880267167348949497e-01
1.011914400459285934e+00
9.974613481218392863e-01
1.009706295241064922e+00
1.000673137530160739e+00
9.956547165796584276e-01
9.896326114390556761e-01
9.908370324671762486e-01
1.023356400226431262e+00
9.898333482770756975e-01
9.996694533400602989e-01
9.805994537281514933e-01
1.017936505599888575e+00
1.009706295241064922e+00
1.010509242593145229e+00
9.960561902556985814e-01
9.972606112838191539e-01
9.830082957843926383e-01
1.003483453262441927e+00
1.005892295318683072e+00
9.982642954739195940e-01
1.011312189945225537e+00
1.006895979508783512e+00
9.836105062984529246e-01
9.868222957067743772e-01
1.005691558480662939e+00
9.715662960172473106e-01
9.759825064536893358e-01
9.914392429812365348e-01
9.970598744457990215e-01
9.962569270937187138e-01
9.874245062208346635e-01
9.978628217978794401e-01
9.874245062208346635e-01
9.950525060655981413e-01
1.002279032234321576e+00
1.011111453107205627e+00
1.006695242670763601e+00
9.900340851150958299e-01
1.005691558480662939e+00
9.952532429036182737e-01
9.980635586358995726e-01
9.583176647079212351e-01
9.908370324671762486e-01
9.988665059879798802e-01
9.803987168901313609e-01
9.805994537281514933e-01
9.870230325447943986e-01
9.880267167348949497e-01
9.926436640093569963e-01
1.007698926860864042e+00
9.840119799744930784e-01
9.880267167348949497e-01
9.994687165020401665e-01
9.769861906437897758e-01
1.005691558480662939e+00
1.011312189945225537e+00
9.998701901780803203e-01
1.030181452719114432e+00
1.007698926860864042e+00
9.962569270937187138e-01
9.958554534176785600e-01
1.027772610662873287e+00
9.685552434469459904e-01
9.968591376077790001e-01
1.006895979508783512e+00
9.962569270937187138e-01
1.010910716269185494e+00
1.010910716269185494e+00
9.964576639317388462e-01
1.011111453107205627e+00
9.874245062208346635e-01
9.870230325447943986e-01
1.007297453184823777e+00
1.009505558403044789e+00
9.954539797416382951e-01
9.886289272489552360e-01
1.027571873824853155e+00
9.834097694604327922e-01
9.990672428260000126e-01
1.005490821642643029e+00
9.836105062984529246e-01
1.006494505832743469e+00
9.848149273265733861e-01
9.980635586358995726e-01
1.014323242515527079e+00
9.962569270937187138e-01
9.830082957843926383e-01
9.826068221083523735e-01
9.868222957067743772e-01
1.006695242670763601e+00
9.910377693051962700e-01
1.016531347733748092e+00
1.000673137530160739e+00
1.007498190022843909e+00
9.956547165796584276e-01
1.021148295008210249e+00
1.010308505755125097e+00
9.886289272489552360e-01
1.003884926938482192e+00
1.000673137530160739e+00
9.669493487427852640e-01
9.753802959396290495e-01
9.960561902556985814e-01
1.020345347656129720e+00
1.012516610973346110e+00

# time bin value
-1.000000000000000000e+02
-9.900000000000000000e+01
-9.800000000000000000e+01
-9.700000000000000000e+01
-9.600000000000000000e+01
-9.500000000000000000e+01
-9.400000000000000000e+01
-9.300000000000000000e+01
-9.200000000000000000e+01
-9.100000000000000000e+01
-9.000000000000000000e+01
-8.900000000000000000e+01
-8.800000000000000000e+01
-8.700000000000000000e+01
-8.600000000000000000e+01
-8.500000000000000000e+01
-8.400000000000000000e+01
-8.300000000000000000e+01
-8.200000000000000000e+01
-8.100000000000000000e+01
-8.000000000000000000e+01
-7.900000000000000000e+01
-7.800000000000000000e+01
-7.700000000000000000e+01
-7.600000000000000000e+01
-7.500000000000000000e+01
-7.400000000000000000e+01
-7.300000000000000000e+01
-7.200000000000000000e+01
-7.100000000000000000e+01
-7.000000000000000000e+01
-6.900000000000000000e+01
-6.800000000000000000e+01
-6.700000000000000000e+01
-6.600000000000000000e+01
-6.500000000000000000e+01
-6.400000000000000000e+01
-6.300000000000000000e+01
-6.200000000000000000e+01
-6.100000000000000000e+01
-6.000000000000000000e+01
-5.900000000000000000e+01
-5.800000000000000000e+01
-5.700000000000000000e+01
-5.600000000000000000e+01
-5.500000000000000000e+01
-5.400000000000000000e+01
-5.300000000000000000e+01
-5.200000000000000000e+01
-5.100000000000000000e+01
-5.000000000000000000e+01
-4.900000000000000000e+01
-4.800000000000000000e+01
-4.700000000000000000e+01
-4.600000000000000000e+01
-4.500000000000000000e+01
-4.400000000000000000e+01
-4.300000000000000000e+01
-4.200000000000000000e+01
-4.100000000000000000e+01
-4.000000000000000000e+01
-3.900000000000000000e+01
-3.800000000000000000e+01
-3.700000000000000000e+01
-3.600000000000000000e+01
-3.500000000000000000e+01
-3.400000000000000000e+01
-3.300000000000000000e+01
-3.200000000000000000e+01
-3.100000000000000000e+01
-3.000000000000000000e+01
-2.900000000000000000e+01
-2.800000000000000000e+01
-2.700000000000000000e+01
-2.600000000000000000e+01
-2.500000000000000000e+01
-2.400000000000000000e+01
-2.300000000000000000e+01
-2.200000000000000000e+01
-2.100000000000000000e+01
-2.000000000000000000e+01
-1.900000000000000000e+01
-1.800000000000000000e+01
-1.700000000000000000e+01
-1.600000000000000000e+01
-1.500000000000000000e+01
-1.400000000000000000e+01
-1.300000000000000000e+01
-1.200000000000000000e+01
-1.100000000000000000e+01
-1.000000000000000000e+01
-9.000000000000000000e+00
-8.000000000000000000e+00
-7.000000000000000000e+00
-6.000000000000000000e+00
-5.000000000000000000e+00
-4.000000000000000000e+00
-3.000000000000000000e+00
-2.000000000000000000e+00
-1.000000000000000000e+00
0.000000000000000000e+00
1.000000000000000000e+00
2.000000000000000000e+00
3.000000000000000000e+00
4.000000000000000000e+00
5.000000000000000000e+00
6.000000000000000000e+00
7.000000000000000000e+00
8.000000000000000000e+00
9.000000000000000000e+00
1.000000000000000000e+01
1.100000000000000000e+01
1.200000000000000000e+01
1.300000000000000000e+01
1.400000000000000000e+01
1.500000000000000000e+01
1.600000000000000000e+01
1.700000000000000000e+01
1.800000000000000000e+01
1.900000000000000000e+01
2.000000000000000000e+01
2.100000000000000000e+01
2.200000000000000000e+01
2.300000000000000000e+01
2.400000000000000000e+01
2.500000000000000000e+01
2.600000000000000000e+01
2.700000000000000000e+01
2.800000000000000000e+01
2.900000000000000000e+01
3.000000000000000000e+01
3.100000000000000000e+01
3.200000000000000000e+01
3.300000000000000000e+01
3.400000000000000000e+01
3.500000000000000000e+01
3.600000000000000000e+01
3.700000000000000000e+01
3.800000000000000000e+01
3.900000000000000000e+01
4.000000000000000000e+01
4.100000000000000000e+01
4.200000000000000000e+01
4.300000000000000000e+01
4.400000000000000000e+01
4.500000000000000000e+01
4.600000000000000000e+01
4.700000000000000000e+01
4.800000000000000000e+01
4.900000000000000000e+01
5.000000000000000000e+01
5.100000000000000000e+01
5.200000000000000000e+01
5.300000000000000000e+01
5.400000000000000000e+01
5.500000000000000000e+01
5.600000000000000000e+01
5.700000000000000000e+01
5.800000000000000000e+01
5.900000000000000000e+01
6.000000000000000000e+01
6.100000000000000000e+01
6.200000000000000000e+01
6.300000000000000000e+01
6.400000000000000000e+01
6.500000000000000000e+01
6.600000000000000000e+01
6.700000000000000000e+01
6.800000000000000000e+01
6.900000000000000000e+01
7.000000000000000000e+01
7.100000000000000000e+01
7.200000000000000000e+01
7.300000000000000000e+01
7.400000000000000000e+01
7.500000000000000000e+01
7.600000000000000000e+01
7.700000000000000000e+01
7.800000000000000000e+01
7.900000000000000000e+01
8.000000000000000000e+01
8.100000000000000000e+01
8.200000000000000000e+01
8.300000000000000000e+01
8.400000000000000000e+01
8.500000000000000000e+01
8.600000000000000000e+01
8.700000000000000000e+01
8.800000000000000000e+01
8.900000000000000000e+01
9.000000000000000000e+01
9.100000000000000000e+01
9.200000000000000000e+01
9.300000000000000000e+01
9.400000000000000000e+01
9.500000000000000000e+01
9.600000000000000000e+01
9.700000000000000000e+01
9.800000000000000000e+01
9.900000000000000000e+01
