single photon fraction:    0.0000
laser fraction:    1.0000
thermal source fraction:    0.0000
non-detected fraction:    0.0000
number of bins:  200.0000
bin width (ns):    1.0000
average detection events per bin: 5000.0000

# binary result
0.000000000000000000e+00

# g2 signal
9.936396346674739588e-01
1.001476226326125429e+00
9.956490171440511849e-01
9.944433876581048048e-01
1.012326891699642850e+00
9.912283756955811986e-01
9.847983517705337642e-01
9.962518318870243750e-01
1.008710003241803710e+00
1.000672473335494583e+00
9.500360349257465087e-01
9.968546466299975650e-01
1.012326891699642850e+00
1.026794445530999411e+00
1.011925015204327316e+00
9.884152402283729044e-01
1.009513756232434556e+00
9.956490171440511849e-01
9.819852163033255810e-01
9.685223537102577440e-01
9.896208697143192845e-01
1.013130644690273696e+00
1.007504373755857330e+00
1.014939088919193377e+00
1.012326891699642850e+00
1.008107188498830409e+00
9.976583996206285221e-01
1.002480917564414042e+00
9.843964752752183411e-01
1.020364421605951977e+00
1.015742841909824223e+00
9.805786485697215449e-01
1.039654493381094058e+00
1.013331582937931463e+00
9.932377581721584248e-01
1.014336274176220076e+00
1.000873411583152128e+00
9.641017122617876467e-01
1.001074349830809895e+00
9.922330669338698117e-01
1.016345656652797302e+00
9.858030430088224882e-01
1.019761606862978898e+00
1.009915632727750090e+00
9.835927222845873841e-01
1.005695929526937649e+00
1.019761606862978898e+00
9.691251684532309341e-01
1.021971927587213891e+00
1.007303435508199563e+00
9.807795868173792009e-01
1.016747533148112836e+00
1.022574742330186970e+00
1.007504373755857330e+00
9.795739573314328208e-01
1.034430098941993004e+00
9.761580071212514476e-01
9.695270449485463571e-01
9.892189932190038615e-01
9.896208697143192845e-01
9.954480788963935289e-01
9.657092182430494498e-01
9.944433876581048048e-01
1.025588816045053031e+00
1.017350347891086138e+00
9.992659056018903252e-01
1.012929706442615929e+00
9.839945987799029181e-01
9.773636366071978276e-01
1.014537212423877843e+00
1.030612272236496318e+00
9.632979592711566896e-01
9.950462024010779949e-01
1.016345656652797302e+00
1.012728768194958162e+00
1.007303435508199563e+00
9.928358816768430017e-01
1.003887485298018190e+00
1.019560668615321131e+00
1.025789754292710798e+00
1.015140027166850922e+00
9.886161784760306714e-01
9.570688735937671332e-01
1.018154100881716984e+00
1.007906250251172642e+00
9.749523776353050675e-01
9.811814633126947349e-01
1.030009457493523017e+00
9.803777103220637779e-01
1.016144718405139757e+00
9.990649673542326692e-01
9.958499553917089520e-01
9.896208697143192845e-01
1.017149409643428370e+00
9.813824015603523909e-01
1.011322200461354237e+00
1.038850740390463212e+00
9.964527701346821420e-01
9.992659056018903252e-01
9.964527701346821420e-01
1.008710003241803710e+00
9.878124254853997144e-01
1.003887485298018190e+00
9.942424494104471488e-01
1.018154100881716984e+00
9.946443259057625719e-01
1.009714694480092323e+00
1.019560668615321131e+00
1.005494991279279882e+00
9.815833398080101579e-01
9.839945987799029181e-01
9.811814633126947349e-01
1.003485608802702655e+00
9.966537083823399090e-01
9.982612143636017121e-01
9.689242302055731670e-01
9.938405729151316148e-01
9.938405729151316148e-01
9.922330669338698117e-01
1.011523138709011782e+00
1.001476226326125429e+00
9.996677820972058592e-01
1.011523138709011782e+00
9.829899075416141940e-01
1.008910941489461477e+00
1.020364421605951977e+00
9.882143019807152484e-01
9.960508936393667190e-01
1.001677164573783196e+00
1.011121262213696470e+00
1.002681855812071809e+00
1.023177557073160271e+00
9.898218079619770515e-01
9.884152402283729044e-01
1.005294053031622337e+00
1.001677164573783196e+00
9.833917840369297281e-01
9.912283756955811986e-01
9.960508936393667190e-01
1.018957853872347830e+00
1.001275288078467662e+00
1.017149409643428370e+00
9.968546466299975650e-01
1.010116570975407857e+00
1.005896867774595416e+00
1.012527829947300617e+00
9.805786485697215449e-01
9.717373656727813502e-01
1.012527829947300617e+00
9.988640291065749022e-01
1.016345656652797302e+00
9.916302521908966217e-01
1.000672473335494583e+00
1.015943780157481990e+00
9.960508936393667190e-01
9.783683278454864407e-01
1.015742841909824223e+00
9.910274374479234316e-01
9.988640291065749022e-01
1.014738150671535610e+00
9.994668438495480922e-01
9.775645748548555947e-01
9.860039812564801442e-01
1.006097806022253183e+00
9.797748955790905878e-01
1.001476226326125429e+00
9.992659056018903252e-01
9.823870927986410040e-01
9.984621526112594792e-01
9.847983517705337642e-01
1.005695929526937649e+00
1.003284670555044888e+00
9.854011665135069542e-01
1.000471535087836816e+00
9.972565231253130991e-01
9.920321286862120447e-01
1.002279979316756275e+00
9.982612143636017121e-01
9.874105489900842914e-01
1.002882794059729576e+00
1.035233851932624072e+00
1.009312817984776789e+00
1.019158792120005597e+00
9.986630908589171352e-01
1.000672473335494583e+00
1.005494991279279882e+00
1.010518447470723169e+00
9.823870927986410040e-01
9.902236844572924745e-01
9.942424494104471488e-01
1.001476226326125429e+00
9.600829473086330834e-01
1.026191630788026110e+00
1.002480917564414042e+00
9.894199314666616285e-01
9.980602761159439451e-01
9.944433876581048048e-01
1.012527829947300617e+00
1.000270596840179049e+00
9.878124254853997144e-01

# time bin value
-1.000000000000000000e+02
-9.900000000000000000e+01
-9.800000000000000000e+01
-9.700000000000000000e+01
-9.600000000000000000e+01
-9.500000000000000000e+01
-9.400000000000000000e+01
-9.300000000000000000e+01
-9.200000000000000000e+01
-9.100000000000000000e+01
-9.000000000000000000e+01
-8.900000000000000000e+01
-8.800000000000000000e+01
-8.700000000000000000e+01
-8.600000000000000000e+01
-8.500000000000000000e+01
-8.400000000000000000e+01
-8.300000000000000000e+01
-8.200000000000000000e+01
-8.100000000000000000e+01
-8.000000000000000000e+01
-7.900000000000000000e+01
-7.800000000000000000e+01
-7.700000000000000000e+01
-7.600000000000000000e+01
-7.500000000000000000e+01
-7.400000000000000000e+01
-7.300000000000000000e+01
-7.200000000000000000e+01
-7.100000000000000000e+01
-7.000000000000000000e+01
-6.900000000000000000e+01
-6.800000000000000000e+01
-6.700000000000000000e+01
-6.600000000000000000e+01
-6.500000000000000000e+01
-6.400000000000000000e+01
-6.300000000000000000e+01
-6.200000000000000000e+01
-6.100000000000000000e+01
-6.000000000000000000e+01
-5.900000000000000000e+01
-5.800000000000000000e+01
-5.700000000000000000e+01
-5.600000000000000000e+01
-5.500000000000000000e+01
-5.400000000000000000e+01
-5.300000000000000000e+01
-5.200000000000000000e+01
-5.100000000000000000e+01
-5.000000000000000000e+01
-4.900000000000000000e+01
-4.800000000000000000e+01
-4.700000000000000000e+01
-4.600000000000000000e+01
-4.500000000000000000e+01
-4.400000000000000000e+01
-4.300000000000000000e+01
-4.200000000000000000e+01
-4.100000000000000000e+01
-4.000000000000000000e+01
-3.900000000000000000e+01
-3.800000000000000000e+01
-3.700000000000000000e+01
-3.600000000000000000e+01
-3.500000000000000000e+01
-3.400000000000000000e+01
-3.300000000000000000e+01
-3.200000000000000000e+01
-3.100000000000000000e+01
-3.000000000000000000e+01
-2.900000000000000000e+01
-2.800000000000000000e+01
-2.700000000000000000e+01
-2.600000000000000000e+01
-2.500000000000000000e+01
-2.400000000000000000e+01
-2.300000000000000000e+01
-2.200000000000000000e+01
-2.100000000000000000e+01
-2.000000000000000000e+01
-1.900000000000000000e+01
-1.800000000000000000e+01
-1.700000000000000000e+01
-1.600000000000000000e+01
-1.500000000000000000e+01
-1.400000000000000000e+01
-1.300000000000000000e+01
-1.200000000000000000e+01
-1.100000000000000000e+01
-1.000000000000000000e+01
-9.000000000000000000e+00
-8.000000000000000000e+00
-7.000000000000000000e+00
-6.000000000000000000e+00
-5.000000000000000000e+00
-4.000000000000000000e+00
-3.000000000000000000e+00
-2.000000000000000000e+00
-1.000000000000000000e+00
0.000000000000000000e+00
1.000000000000000000e+00
2.000000000000000000e+00
3.000000000000000000e+00
4.000000000000000000e+00
5.000000000000000000e+00
6.000000000000000000e+00
7.000000000000000000e+00
8.000000000000000000e+00
9.000000000000000000e+00
1.000000000000000000e+01
1.100000000000000000e+01
1.200000000000000000e+01
1.300000000000000000e+01
1.400000000000000000e+01
1.500000000000000000e+01
1.600000000000000000e+01
1.700000000000000000e+01
1.800000000000000000e+01
1.900000000000000000e+01
2.000000000000000000e+01
2.100000000000000000e+01
2.200000000000000000e+01
2.300000000000000000e+01
2.400000000000000000e+01
2.500000000000000000e+01
2.600000000000000000e+01
2.700000000000000000e+01
2.800000000000000000e+01
2.900000000000000000e+01
3.000000000000000000e+01
3.100000000000000000e+01
3.200000000000000000e+01
3.300000000000000000e+01
3.400000000000000000e+01
3.500000000000000000e+01
3.600000000000000000e+01
3.700000000000000000e+01
3.800000000000000000e+01
3.900000000000000000e+01
4.000000000000000000e+01
4.100000000000000000e+01
4.200000000000000000e+01
4.300000000000000000e+01
4.400000000000000000e+01
4.500000000000000000e+01
4.600000000000000000e+01
4.700000000000000000e+01
4.800000000000000000e+01
4.900000000000000000e+01
5.000000000000000000e+01
5.100000000000000000e+01
5.200000000000000000e+01
5.300000000000000000e+01
5.400000000000000000e+01
5.500000000000000000e+01
5.600000000000000000e+01
5.700000000000000000e+01
5.800000000000000000e+01
5.900000000000000000e+01
6.000000000000000000e+01
6.100000000000000000e+01
6.200000000000000000e+01
6.300000000000000000e+01
6.400000000000000000e+01
6.500000000000000000e+01
6.600000000000000000e+01
6.700000000000000000e+01
6.800000000000000000e+01
6.900000000000000000e+01
7.000000000000000000e+01
7.100000000000000000e+01
7.200000000000000000e+01
7.300000000000000000e+01
7.400000000000000000e+01
7.500000000000000000e+01
7.600000000000000000e+01
7.700000000000000000e+01
7.800000000000000000e+01
7.900000000000000000e+01
8.000000000000000000e+01
8.100000000000000000e+01
8.200000000000000000e+01
8.300000000000000000e+01
8.400000000000000000e+01
8.500000000000000000e+01
8.600000000000000000e+01
8.700000000000000000e+01
8.800000000000000000e+01
8.900000000000000000e+01
9.000000000000000000e+01
9.100000000000000000e+01
9.200000000000000000e+01
9.300000000000000000e+01
9.400000000000000000e+01
9.500000000000000000e+01
9.600000000000000000e+01
9.700000000000000000e+01
9.800000000000000000e+01
9.900000000000000000e+01
