single photon fraction:    0.0000
laser fraction:    1.0000
thermal source fraction:    0.0000
non-detected fraction:    0.0000
number of bins:  200.0000
bin width (ns):    1.0000
average detection events per bin: 5000.0000

# binary result
0.000000000000000000e+00

# g2 signal
1.009683929985058848e+00
9.763026249905318865e-01
9.982216746556128451e-01
9.964118448667529382e-01
9.933954618853197971e-01
9.952052916741797040e-01
1.012499220767729913e+00
1.001841334233332548e+00
9.895747101088377962e-01
9.849495895373069354e-01
9.859550505311179824e-01
1.014510142755352007e+00
9.980205824568506578e-01
1.014510142755352007e+00
9.817321143571116071e-01
9.980205824568506578e-01
9.676556604437568376e-01
1.004857717214765911e+00
9.913845398976977030e-01
9.837430363447337012e-01
9.970151214630396108e-01
1.014510142755352007e+00
1.005863178208576958e+00
1.025570213687273524e+00
9.805255611645383729e-01
1.004656625016003613e+00
1.015515603749163054e+00
9.893736179100756090e-01
1.007471915798674456e+00
9.815310221583494199e-01
1.009281745587534473e+00
1.000634781040759425e+00
1.000433688841997126e+00
1.001439149835808173e+00
9.761015327917696993e-01
9.881670647175023747e-01
1.000634781040759425e+00
1.005259901612290285e+00
9.929932774877954227e-01
1.002243518630857144e+00
1.011091575376394269e+00
1.000232596643235050e+00
1.010488298780107819e+00
9.946020150778930313e-01
1.010890483177632193e+00
1.017928710134309522e+00
1.015113419351638457e+00
1.000433688841997126e+00
9.895747101088377962e-01
1.007874100196199052e+00
9.823353909533982797e-01
1.015917788146687428e+00
9.980205824568506578e-01
9.797211923694895130e-01
9.996293200469483775e-01
1.015314511550400756e+00
9.893736179100756090e-01
9.992271356494238921e-01
9.962107526679907510e-01
1.002645703028381519e+00
9.807266533633005601e-01
1.016521064742974101e+00
1.001640242034570472e+00
1.010086114382583222e+00
9.921889086927465629e-01
9.929932774877954227e-01
9.980205824568506578e-01
1.001640242034570472e+00
1.004455532817241314e+00
1.014107958357827410e+00
9.803244689657761857e-01
1.018934171128120569e+00
1.011895944171443240e+00
9.976183980593262834e-01
9.799222845682517002e-01
1.003651164022192566e+00
9.966129370655152364e-01
1.009080653388772175e+00
1.005460993811052361e+00
1.002042426432094846e+00
1.001640242034570472e+00
9.939987384816064697e-01
9.998304122457105647e-01
1.006265362606101332e+00
1.002846795227143817e+00
1.001841334233332548e+00
9.944009228791308441e-01
9.948031072766553295e-01
1.007270823599912379e+00
1.009281745587534473e+00
1.003852256220954864e+00
9.990260434506617049e-01
1.033010625041475228e+00
1.001238057637046097e+00
1.008477376792485503e+00
1.013906866159065334e+00
1.006667547003625707e+00
1.000835873239521501e+00
9.817321143571116071e-01
1.012901405165254287e+00
9.941998306803686569e-01
1.005259901612290285e+00
9.917867242952221885e-01
9.954063838729418912e-01
1.027178951277371244e+00
9.867594193261668423e-01
1.021548369712029336e+00
1.006466454804863409e+00
1.017325433538022850e+00
1.014912327152876381e+00
9.539813909279265536e-01
9.893736179100756090e-01
1.020945093115742663e+00
9.921889086927465629e-01
1.024564752693462477e+00
9.976183980593262834e-01
9.966129370655152364e-01
9.998304122457105647e-01
1.003450071823430267e+00
9.941998306803686569e-01
9.990260434506617049e-01
1.006667547003625707e+00
9.895747101088377962e-01
1.011694851972680942e+00
9.939987384816064697e-01
1.009885022183821146e+00
9.863572349286424679e-01
1.020140724320693915e+00
9.966129370655152364e-01
9.966129370655152364e-01
9.992271356494238921e-01
1.010287206581345520e+00
1.017928710134309522e+00
9.899768945063622816e-01
9.821342987546359815e-01
9.883681569162645619e-01
1.001439149835808173e+00
1.017526525736785148e+00
1.000634781040759425e+00
1.034820454830335246e+00
1.009281745587534473e+00
9.873626959224535149e-01
9.982216746556128451e-01
9.992271356494238921e-01
1.001640242034570472e+00
9.992271356494238921e-01
1.014912327152876381e+00
1.011292667575156567e+00
9.720796888165255112e-01
9.980205824568506578e-01
9.948031072766553295e-01
1.012298128568967615e+00
1.014912327152876381e+00
9.889714335125512346e-01
9.919878164939843757e-01
9.815310221583494199e-01
1.000835873239521501e+00
1.003450071823430267e+00
1.017928710134309522e+00
9.887703413137889363e-01
9.915856320964598902e-01
1.015716695947925130e+00
9.923900008915087501e-01
1.013504681761540960e+00
9.939987384816064697e-01
9.875637881212157021e-01
1.026977859078608946e+00
9.885692491150267491e-01
1.004053348419716940e+00
9.960096604692285638e-01
9.791179157732028404e-01
1.002042426432094846e+00
9.986238590531373305e-01
1.020945093115742663e+00
1.010287206581345520e+00
9.923900008915087501e-01
9.913845398976977030e-01
9.899768945063622816e-01
9.853517739348314208e-01
9.915856320964598902e-01
1.007471915798674456e+00
9.839441285434958884e-01
9.956074760717040784e-01
1.020744000916980365e+00
9.869605115249290295e-01
1.011694851972680942e+00
9.819332065558737943e-01
9.974173058605639852e-01
1.000634781040759425e+00
1.022352738507078085e+00
1.008075192394961128e+00
1.008477376792485503e+00
9.686611214375678847e-01
1.008678468991247801e+00
1.015314511550400756e+00
9.919878164939843757e-01
1.008075192394961128e+00
9.992271356494238921e-01
9.891725257113134218e-01
1.010287206581345520e+00

# time bin value
-1.000000000000000000e+02
-9.900000000000000000e+01
-9.800000000000000000e+01
-9.700000000000000000e+01
-9.600000000000000000e+01
-9.500000000000000000e+01
-9.400000000000000000e+01
-9.300000000000000000e+01
-9.200000000000000000e+01
-9.100000000000000000e+01
-9.000000000000000000e+01
-8.900000000000000000e+01
-8.800000000000000000e+01
-8.700000000000000000e+01
-8.600000000000000000e+01
-8.500000000000000000e+01
-8.400000000000000000e+01
-8.300000000000000000e+01
-8.200000000000000000e+01
-8.100000000000000000e+01
-8.000000000000000000e+01
-7.900000000000000000e+01
-7.800000000000000000e+01
-7.700000000000000000e+01
-7.600000000000000000e+01
-7.500000000000000000e+01
-7.400000000000000000e+01
-7.300000000000000000e+01
-7.200000000000000000e+01
-7.100000000000000000e+01
-7.000000000000000000e+01
-6.900000000000000000e+01
-6.800000000000000000e+01
-6.700000000000000000e+01
-6.600000000000000000e+01
-6.500000000000000000e+01
-6.400000000000000000e+01
-6.300000000000000000e+01
-6.200000000000000000e+01
-6.100000000000000000e+01
-6.000000000000000000e+01
-5.900000000000000000e+01
-5.800000000000000000e+01
-5.700000000000000000e+01
-5.600000000000000000e+01
-5.500000000000000000e+01
-5.400000000000000000e+01
-5.300000000000000000e+01
-5.200000000000000000e+01
-5.100000000000000000e+01
-5.000000000000000000e+01
-4.900000000000000000e+01
-4.800000000000000000e+01
-4.700000000000000000e+01
-4.600000000000000000e+01
-4.500000000000000000e+01
-4.400000000000000000e+01
-4.300000000000000000e+01
-4.200000000000000000e+01
-4.100000000000000000e+01
-4.000000000000000000e+01
-3.900000000000000000e+01
-3.800000000000000000e+01
-3.700000000000000000e+01
-3.600000000000000000e+01
-3.500000000000000000e+01
-3.400000000000000000e+01
-3.300000000000000000e+01
-3.200000000000000000e+01
-3.100000000000000000e+01
-3.000000000000000000e+01
-2.900000000000000000e+01
-2.800000000000000000e+01
-2.700000000000000000e+01
-2.600000000000000000e+01
-2.500000000000000000e+01
-2.400000000000000000e+01
-2.300000000000000000e+01
-2.200000000000000000e+01
-2.100000000000000000e+01
-2.000000000000000000e+01
-1.900000000000000000e+01
-1.800000000000000000e+01
-1.700000000000000000e+01
-1.600000000000000000e+01
-1.500000000000000000e+01
-1.400000000000000000e+01
-1.300000000000000000e+01
-1.200000000000000000e+01
-1.100000000000000000e+01
-1.000000000000000000e+01
-9.000000000000000000e+00
-8.000000000000000000e+00
-7.000000000000000000e+00
-6.000000000000000000e+00
-5.000000000000000000e+00
-4.000000000000000000e+00
-3.000000000000000000e+00
-2.000000000000000000e+00
-1.000000000000000000e+00
0.000000000000000000e+00
1.000000000000000000e+00
2.000000000000000000e+00
3.000000000000000000e+00
4.000000000000000000e+00
5.000000000000000000e+00
6.000000000000000000e+00
7.000000000000000000e+00
8.000000000000000000e+00
9.000000000000000000e+00
1.000000000000000000e+01
1.100000000000000000e+01
1.200000000000000000e+01
1.300000000000000000e+01
1.400000000000000000e+01
1.500000000000000000e+01
1.600000000000000000e+01
1.700000000000000000e+01
1.800000000000000000e+01
1.900000000000000000e+01
2.000000000000000000e+01
2.100000000000000000e+01
2.200000000000000000e+01
2.300000000000000000e+01
2.400000000000000000e+01
2.500000000000000000e+01
2.600000000000000000e+01
2.700000000000000000e+01
2.800000000000000000e+01
2.900000000000000000e+01
3.000000000000000000e+01
3.100000000000000000e+01
3.200000000000000000e+01
3.300000000000000000e+01
3.400000000000000000e+01
3.500000000000000000e+01
3.600000000000000000e+01
3.700000000000000000e+01
3.800000000000000000e+01
3.900000000000000000e+01
4.000000000000000000e+01
4.100000000000000000e+01
4.200000000000000000e+01
4.300000000000000000e+01
4.400000000000000000e+01
4.500000000000000000e+01
4.600000000000000000e+01
4.700000000000000000e+01
4.800000000000000000e+01
4.900000000000000000e+01
5.000000000000000000e+01
5.100000000000000000e+01
5.200000000000000000e+01
5.300000000000000000e+01
5.400000000000000000e+01
5.500000000000000000e+01
5.600000000000000000e+01
5.700000000000000000e+01
5.800000000000000000e+01
5.900000000000000000e+01
6.000000000000000000e+01
6.100000000000000000e+01
6.200000000000000000e+01
6.300000000000000000e+01
6.400000000000000000e+01
6.500000000000000000e+01
6.600000000000000000e+01
6.700000000000000000e+01
6.800000000000000000e+01
6.900000000000000000e+01
7.000000000000000000e+01
7.100000000000000000e+01
7.200000000000000000e+01
7.300000000000000000e+01
7.400000000000000000e+01
7.500000000000000000e+01
7.600000000000000000e+01
7.700000000000000000e+01
7.800000000000000000e+01
7.900000000000000000e+01
8.000000000000000000e+01
8.100000000000000000e+01
8.200000000000000000e+01
8.300000000000000000e+01
8.400000000000000000e+01
8.500000000000000000e+01
8.600000000000000000e+01
8.700000000000000000e+01
8.800000000000000000e+01
8.900000000000000000e+01
9.000000000000000000e+01
9.100000000000000000e+01
9.200000000000000000e+01
9.300000000000000000e+01
9.400000000000000000e+01
9.500000000000000000e+01
9.600000000000000000e+01
9.700000000000000000e+01
9.800000000000000000e+01
9.900000000000000000e+01
