single photon fraction:    0.0000
laser fraction:    1.0000
thermal source fraction:    0.0000
non-detected fraction:    0.0000
number of bins:  200.0000
bin width (ns):    1.0000
average detection events per bin: 5000.0000

# binary result
0.000000000000000000e+00

# g2 signal
9.808021747347934749e-01
9.964853583406387827e-01
1.028454924921785141e+00
1.005734415338958021e+00
1.023026130596685013e+00
1.026243193900448158e+00
9.860299026034086145e-01
9.842203044950418311e-01
1.006538681164898641e+00
1.015787738163217879e+00
9.904533646460829122e-01
1.010560010294602629e+00
9.775851114310302181e-01
9.993002887314316185e-01
9.968874912536092037e-01
1.007946146360295003e+00
1.004326950143561437e+00
9.890458994506865498e-01
9.976917570795500456e-01
1.018803735010495704e+00
9.864320355163789245e-01
9.914586969285088536e-01
9.914586969285088536e-01
9.904533646460829122e-01
1.016390937532673400e+00
9.914586969285088536e-01
9.876384342552901874e-01
9.866331019728641349e-01
9.890458994506865498e-01
9.878395007117753979e-01
9.854267032339529830e-01
1.001914152665739133e+00
1.010761076751087950e+00
1.025639994530992416e+00
9.908554975590533331e-01
1.001109886839798291e+00
1.011967475489998991e+00
9.948768266887572098e-01
9.926650956674201165e-01
1.031873054682033608e+00
9.852256367774677726e-01
1.009956810925147108e+00
1.001310953296283612e+00
9.870352348858345559e-01
1.007745079903809904e+00
9.741669816707818619e-01
1.005131215969502279e+00
1.014380272967821517e+00
9.990992222749464080e-01
9.689392538021667223e-01
1.012972807772424932e+00
1.030264523030151924e+00
1.001914152665739133e+00
1.004729083056531858e+00
9.936704279498460579e-01
9.864320355163789245e-01
9.946757602322721104e-01
1.005533348882472700e+00
9.918608298414792745e-01
1.007745079903809904e+00
9.946757602322721104e-01
1.019809067292921645e+00
1.010761076751087950e+00
9.997024216444020395e-01
1.004528016600046758e+00
9.781883108004858496e-01
1.011766409033513892e+00
1.011364276120543471e+00
9.669285892373148394e-01
1.015586671706732558e+00
9.970885577100944142e-01
9.886437665377161288e-01
1.015988804619702979e+00
1.028655991378270462e+00
9.976917570795500456e-01
9.880405671682604973e-01
9.946757602322721104e-01
9.928661621239053270e-01
9.920618962979644850e-01
1.022221864770744171e+00
9.892469659071717603e-01
1.001914152665739133e+00
1.002115219122224454e+00
9.822096399301898373e-01
9.900512317331124912e-01
9.892469659071717603e-01
9.950778931452424203e-01
9.765797791486042767e-01
1.003924817230591238e+00
1.000104554557372349e+00
9.932682950368756369e-01
1.010157877381632208e+00
9.820085734737046268e-01
1.025438928074507317e+00
9.860299026034086145e-01
1.009353611555691366e+00
1.009152545099206266e+00
1.016592003989158499e+00
9.924640292109349060e-01
1.023629329966140533e+00
1.026846393269903679e+00
9.966864247971239932e-01
9.968874912536092037e-01
1.012570674859454734e+00
1.002517352035194653e+00
9.926650956674201165e-01
9.854267032339529830e-01
9.952789596017276308e-01
1.009152545099206266e+00
9.976917570795500456e-01
9.876384342552901874e-01
1.023629329966140533e+00
1.013374940685395353e+00
1.000506687470342770e+00
1.005734415338958021e+00
9.934693614933608474e-01
1.001109886839798291e+00
9.958821589711832623e-01
9.954800260582128413e-01
9.801989753653378434e-01
9.912576304720237541e-01
1.011565342577028570e+00
1.017597336271584663e+00
9.978928235360352561e-01
1.011565342577028570e+00
1.019205867923466124e+00
1.016592003989158499e+00
9.824107063866750478e-01
1.013978140054851096e+00
9.822096399301898373e-01
1.005935481795443120e+00
9.942736273193016894e-01
9.940725608628164789e-01
9.894480323636569707e-01
9.850245703209825621e-01
9.982949564490055661e-01
1.004729083056531858e+00
1.017999469184554862e+00
9.608965955427588579e-01
1.011967475489998991e+00
1.033481586333915070e+00
9.984960229054907765e-01
1.007946146360295003e+00
1.002316285578709554e+00
9.922629627544496955e-01
9.904533646460829122e-01
1.012771741315939833e+00
9.948768266887572098e-01
1.023830396422625633e+00
1.022221864770744171e+00
1.007745079903809904e+00
1.009956810925147108e+00
9.781883108004858496e-01
9.874373677988049769e-01
1.008147212816780325e+00
9.767808456050894872e-01
1.003522684317620817e+00
9.946757602322721104e-01
9.906544311025681226e-01
1.007544013447324804e+00
1.002115219122224454e+00
1.012168541946484313e+00
9.928661621239053270e-01
1.030063456573666825e+00
9.993002887314316185e-01
9.862309690598937140e-01
1.019608000836436545e+00
9.892469659071717603e-01
1.030666655943122345e+00
1.003321617861135495e+00
9.868341684293493454e-01
1.003924817230591238e+00
9.936704279498460579e-01
9.836171051255861997e-01
9.828128392996453577e-01
1.009554678012176687e+00
1.013777073598365774e+00
9.908554975590533331e-01
1.014380272967821517e+00
9.824107063866750478e-01
9.769819120615746977e-01
1.021618665401288428e+00
9.783893772569710601e-01
1.010761076751087950e+00
1.014380272967821517e+00
9.890458994506865498e-01
9.765797791486042767e-01
9.733627158448411310e-01
1.005131215969502279e+00
1.000104554557372349e+00
1.007745079903809904e+00
9.993002887314316185e-01
1.012771741315939833e+00
1.025036795161536896e+00
9.767808456050894872e-01
1.010761076751087950e+00
9.974906906230648351e-01
1.007544013447324804e+00
9.922629627544496955e-01
9.995013551879168290e-01

# time bin value
-1.000000000000000000e+02
-9.900000000000000000e+01
-9.800000000000000000e+01
-9.700000000000000000e+01
-9.600000000000000000e+01
-9.500000000000000000e+01
-9.400000000000000000e+01
-9.300000000000000000e+01
-9.200000000000000000e+01
-9.100000000000000000e+01
-9.000000000000000000e+01
-8.900000000000000000e+01
-8.800000000000000000e+01
-8.700000000000000000e+01
-8.600000000000000000e+01
-8.500000000000000000e+01
-8.400000000000000000e+01
-8.300000000000000000e+01
-8.200000000000000000e+01
-8.100000000000000000e+01
-8.000000000000000000e+01
-7.900000000000000000e+01
-7.800000000000000000e+01
-7.700000000000000000e+01
-7.600000000000000000e+01
-7.500000000000000000e+01
-7.400000000000000000e+01
-7.300000000000000000e+01
-7.200000000000000000e+01
-7.100000000000000000e+01
-7.000000000000000000e+01
-6.900000000000000000e+01
-6.800000000000000000e+01
-6.700000000000000000e+01
-6.600000000000000000e+01
-6.500000000000000000e+01
-6.400000000000000000e+01
-6.300000000000000000e+01
-6.200000000000000000e+01
-6.100000000000000000e+01
-6.000000000000000000e+01
-5.900000000000000000e+01
-5.800000000000000000e+01
-5.700000000000000000e+01
-5.600000000000000000e+01
-5.500000000000000000e+01
-5.400000000000000000e+01
-5.300000000000000000e+01
-5.200000000000000000e+01
-5.100000000000000000e+01
-5.000000000000000000e+01
-4.900000000000000000e+01
-4.800000000000000000e+01
-4.700000000000000000e+01
-4.600000000000000000e+01
-4.500000000000000000e+01
-4.400000000000000000e+01
-4.300000000000000000e+01
-4.200000000000000000e+01
-4.100000000000000000e+01
-4.000000000000000000e+01
-3.900000000000000000e+01
-3.800000000000000000e+01
-3.700000000000000000e+01
-3.600000000000000000e+01
-3.500000000000000000e+01
-3.400000000000000000e+01
-3.300000000000000000e+01
-3.200000000000000000e+01
-3.100000000000000000e+01
-3.000000000000000000e+01
-2.900000000000000000e+01
-2.800000000000000000e+01
-2.700000000000000000e+01
-2.600000000000000000e+01
-2.500000000000000000e+01
-2.400000000000000000e+01
-2.300000000000000000e+01
-2.200000000000000000e+01
-2.100000000000000000e+01
-2.000000000000000000e+01
-1.900000000000000000e+01
-1.800000000000000000e+01
-1.700000000000000000e+01
-1.600000000000000000e+01
-1.500000000000000000e+01
-1.400000000000000000e+01
-1.300000000000000000e+01
-1.200000000000000000e+01
-1.100000000000000000e+01
-1.000000000000000000e+01
-9.000000000000000000e+00
-8.000000000000000000e+00
-7.000000000000000000e+00
-6.000000000000000000e+00
-5.000000000000000000e+00
-4.000000000000000000e+00
-3.000000000000000000e+00
-2.000000000000000000e+00
-1.000000000000000000e+00
0.000000000000000000e+00
1.000000000000000000e+00
2.000000000000000000e+00
3.000000000000000000e+00
4.000000000000000000e+00
5.000000000000000000e+00
6.000000000000000000e+00
7.000000000000000000e+00
8.000000000000000000e+00
9.000000000000000000e+00
1.000000000000000000e+01
1.100000000000000000e+01
1.200000000000000000e+01
1.300000000000000000e+01
1.400000000000000000e+01
1.500000000000000000e+01
1.600000000000000000e+01
1.700000000000000000e+01
1.800000000000000000e+01
1.900000000000000000e+01
2.000000000000000000e+01
2.100000000000000000e+01
2.200000000000000000e+01
2.300000000000000000e+01
2.400000000000000000e+01
2.500000000000000000e+01
2.600000000000000000e+01
2.700000000000000000e+01
2.800000000000000000e+01
2.900000000000000000e+01
3.000000000000000000e+01
3.100000000000000000e+01
3.200000000000000000e+01
3.300000000000000000e+01
3.400000000000000000e+01
3.500000000000000000e+01
3.600000000000000000e+01
3.700000000000000000e+01
3.800000000000000000e+01
3.900000000000000000e+01
4.000000000000000000e+01
4.100000000000000000e+01
4.200000000000000000e+01
4.300000000000000000e+01
4.400000000000000000e+01
4.500000000000000000e+01
4.600000000000000000e+01
4.700000000000000000e+01
4.800000000000000000e+01
4.900000000000000000e+01
5.000000000000000000e+01
5.100000000000000000e+01
5.200000000000000000e+01
5.300000000000000000e+01
5.400000000000000000e+01
5.500000000000000000e+01
5.600000000000000000e+01
5.700000000000000000e+01
5.800000000000000000e+01
5.900000000000000000e+01
6.000000000000000000e+01
6.100000000000000000e+01
6.200000000000000000e+01
6.300000000000000000e+01
6.400000000000000000e+01
6.500000000000000000e+01
6.600000000000000000e+01
6.700000000000000000e+01
6.800000000000000000e+01
6.900000000000000000e+01
7.000000000000000000e+01
7.100000000000000000e+01
7.200000000000000000e+01
7.300000000000000000e+01
7.400000000000000000e+01
7.500000000000000000e+01
7.600000000000000000e+01
7.700000000000000000e+01
7.800000000000000000e+01
7.900000000000000000e+01
8.000000000000000000e+01
8.100000000000000000e+01
8.200000000000000000e+01
8.300000000000000000e+01
8.400000000000000000e+01
8.500000000000000000e+01
8.600000000000000000e+01
8.700000000000000000e+01
8.800000000000000000e+01
8.900000000000000000e+01
9.000000000000000000e+01
9.100000000000000000e+01
9.200000000000000000e+01
9.300000000000000000e+01
9.400000000000000000e+01
9.500000000000000000e+01
9.600000000000000000e+01
9.700000000000000000e+01
9.800000000000000000e+01
9.900000000000000000e+01
