single photon fraction:    0.0000
laser fraction:    1.0000
thermal source fraction:    0.0000
non-detected fraction:    0.0000
number of bins:  200.0000
bin width (ns):    1.0000
average detection events per bin: 5000.0000

# binary result
0.000000000000000000e+00

# g2 signal
1.009567427842073206e+00
1.003936374459687197e+00
1.016405135520684899e+00
1.010572973088927906e+00
9.930764857936568157e-01
9.979031029785592199e-01
1.007757446397734791e+00
1.002126393015348782e+00
1.010371864039556922e+00
9.854343419175614072e-01
9.954897943861079623e-01
9.979031029785592199e-01
9.834232514238521183e-01
1.005746355904025391e+00
9.717589265603381321e-01
1.010572973088927906e+00
9.975008848798173622e-01
9.802055066339172562e-01
1.009768536891444191e+00
1.006349683052138344e+00
9.918698314974312424e-01
1.034303840914697625e+00
9.866409962137870915e-01
9.876465414606416804e-01
9.834232514238521183e-01
1.013187390730749815e+00
9.918698314974312424e-01
9.972997758304463778e-01
9.894565229049800958e-01
9.981042120279300933e-01
9.993108663241556666e-01
9.858365600163032649e-01
9.981042120279300933e-01
9.983053210773010777e-01
9.940820310405115157e-01
9.868421052631579649e-01
1.011176300237040637e+00
1.000316411571010367e+00
1.001724174916606813e+00
1.005344137805283644e+00
1.005143028755912660e+00
9.958920124848498201e-01
1.001925283965977798e+00
1.003534156360945229e+00
9.932775948430278001e-01
9.930764857936568157e-01
9.975008848798173622e-01
9.922720495961731002e-01
1.005344137805283644e+00
1.011980736434524353e+00
1.008159664496476537e+00
1.019823989359990746e+00
9.924731586455440846e-01
1.036113822359036041e+00
1.020427316508103477e+00
1.000115302521639382e+00
9.908642862505765425e-01
1.001120847768494082e+00
1.002327502064719544e+00
1.008762991644589491e+00
9.848310147694486760e-01
1.018617335063765061e+00
1.002126393015348782e+00
1.011377409286411622e+00
1.028069460384198885e+00
9.850321238188195494e-01
9.882498686087545225e-01
9.966964486823335356e-01
9.765855437452405363e-01
1.008964100693960475e+00
1.010371864039556922e+00
1.025455042742376754e+00
1.018818444113136046e+00
9.862387781150452337e-01
1.009567427842073206e+00
1.013790717878862768e+00
9.993108663241556666e-01
1.002930829212832498e+00
1.002528611114090529e+00
1.010572973088927906e+00
9.956909034354789467e-01
9.983053210773010777e-01
1.012785172632008068e+00
9.930764857936568157e-01
9.975008848798173622e-01
9.972997758304463778e-01
1.012785172632008068e+00
1.010371864039556922e+00
1.014796263125717468e+00
9.964953396329626623e-01
9.960931215342208045e-01
9.983053210773010777e-01
1.027063915137344186e+00
9.783955251895788408e-01
9.914676133986893847e-01
9.832221423744812450e-01
9.838254695225939761e-01
1.017611789816910361e+00
1.030884987075391779e+00
1.005545246854654629e+00
9.840265785719649605e-01
9.872443233618998226e-01
9.818143790288846873e-01
1.004941919706541675e+00
9.910653952999475269e-01
1.010572973088927906e+00
1.008561882595218506e+00
9.894565229049800958e-01
1.009165209743331237e+00
1.028873896581682601e+00
9.944842491392533734e-01
9.981042120279300933e-01
9.956909034354789467e-01
9.936798129417696579e-01
9.824177061769975294e-01
9.860376690656742493e-01
9.928753767442859424e-01
9.972997758304463778e-01
9.940820310405115157e-01
9.920709405468022268e-01
1.012382954533266100e+00
1.004539701607799929e+00
9.876465414606416804e-01
1.007958555447105775e+00
9.898587410037219536e-01
9.964953396329626623e-01
1.016002917421942930e+00
1.007556337348363806e+00
1.012181845483895337e+00
1.024248388446151070e+00
9.993108663241556666e-01
9.995119753735266510e-01
1.005947464953396375e+00
9.906631772012056691e-01
1.023846170347409323e+00
1.019019553162506808e+00
9.924731586455440846e-01
9.753788894490149630e-01
9.852332328681905338e-01
1.014595154076346484e+00
9.940820310405115157e-01
9.830210333251102606e-01
1.003131938262203482e+00
9.948864672379952312e-01
9.968975577317045200e-01
9.948864672379952312e-01
1.004740810657170913e+00
1.026460587989231454e+00
9.892554138556091115e-01
9.950875762873661046e-01
9.876465414606416804e-01
9.826188152263684028e-01
1.016405135520684899e+00
1.006148574002767360e+00
1.013790717878862768e+00
9.818143790288846873e-01
9.902609591024638114e-01
1.007355228298992822e+00
1.007958555447105775e+00
1.020829534606845224e+00
9.796021794858044140e-01
1.006148574002767360e+00
9.844287966707068183e-01
9.981042120279300933e-01
9.848310147694486760e-01
9.908642862505765425e-01
9.894565229049800958e-01
1.013790717878862768e+00
9.932775948430278001e-01
1.005143028755912660e+00
1.006148574002767360e+00
1.007757446397734791e+00
9.848310147694486760e-01
1.002327502064719544e+00
9.916687224480603691e-01
9.960931215342208045e-01
9.940820310405115157e-01
1.014796263125717468e+00
9.880487595593835382e-01
9.888531957568672537e-01
9.852332328681905338e-01
9.868421052631579649e-01
1.012181845483895337e+00
9.687422908197741434e-01
1.006751901150880091e+00
1.012382954533266100e+00
1.008159664496476537e+00
9.749766713502729942e-01
9.948864672379952312e-01
9.806077247326591140e-01
9.991097572747847932e-01
1.036516040457778010e+00
1.009768536891444191e+00
1.003333047311574244e+00
1.021432861754958177e+00
1.010170754990185937e+00
1.024047279396780086e+00
1.008964100693960475e+00
1.020226207458732492e+00
9.769877618439823941e-01

# time bin value
-1.000000000000000000e+02
-9.900000000000000000e+01
-9.800000000000000000e+01
-9.700000000000000000e+01
-9.600000000000000000e+01
-9.500000000000000000e+01
-9.400000000000000000e+01
-9.300000000000000000e+01
-9.200000000000000000e+01
-9.100000000000000000e+01
-9.000000000000000000e+01
-8.900000000000000000e+01
-8.800000000000000000e+01
-8.700000000000000000e+01
-8.600000000000000000e+01
-8.500000000000000000e+01
-8.400000000000000000e+01
-8.300000000000000000e+01
-8.200000000000000000e+01
-8.100000000000000000e+01
-8.000000000000000000e+01
-7.900000000000000000e+01
-7.800000000000000000e+01
-7.700000000000000000e+01
-7.600000000000000000e+01
-7.500000000000000000e+01
-7.400000000000000000e+01
-7.300000000000000000e+01
-7.200000000000000000e+01
-7.100000000000000000e+01
-7.000000000000000000e+01
-6.900000000000000000e+01
-6.800000000000000000e+01
-6.700000000000000000e+01
-6.600000000000000000e+01
-6.500000000000000000e+01
-6.400000000000000000e+01
-6.300000000000000000e+01
-6.200000000000000000e+01
-6.100000000000000000e+01
-6.000000000000000000e+01
-5.900000000000000000e+01
-5.800000000000000000e+01
-5.700000000000000000e+01
-5.600000000000000000e+01
-5.500000000000000000e+01
-5.400000000000000000e+01
-5.300000000000000000e+01
-5.200000000000000000e+01
-5.100000000000000000e+01
-5.000000000000000000e+01
-4.900000000000000000e+01
-4.800000000000000000e+01
-4.700000000000000000e+01
-4.600000000000000000e+01
-4.500000000000000000e+01
-4.400000000000000000e+01
-4.300000000000000000e+01
-4.200000000000000000e+01
-4.100000000000000000e+01
-4.000000000000000000e+01
-3.900000000000000000e+01
-3.800000000000000000e+01
-3.700000000000000000e+01
-3.600000000000000000e+01
-3.500000000000000000e+01
-3.400000000000000000e+01
-3.300000000000000000e+01
-3.200000000000000000e+01
-3.100000000000000000e+01
-3.000000000000000000e+01
-2.900000000000000000e+01
-2.800000000000000000e+01
-2.700000000000000000e+01
-2.600000000000000000e+01
-2.500000000000000000e+01
-2.400000000000000000e+01
-2.300000000000000000e+01
-2.200000000000000000e+01
-2.100000000000000000e+01
-2.000000000000000000e+01
-1.900000000000000000e+01
-1.800000000000000000e+01
-1.700000000000000000e+01
-1.600000000000000000e+01
-1.500000000000000000e+01
-1.400000000000000000e+01
-1.300000000000000000e+01
-1.200000000000000000e+01
-1.100000000000000000e+01
-1.000000000000000000e+01
-9.000000000000000000e+00
-8.000000000000000000e+00
-7.000000000000000000e+00
-6.000000000000000000e+00
-5.000000000000000000e+00
-4.000000000000000000e+00
-3.000000000000000000e+00
-2.000000000000000000e+00
-1.000000000000000000e+00
0.000000000000000000e+00
1.000000000000000000e+00
2.000000000000000000e+00
3.000000000000000000e+00
4.000000000000000000e+00
5.000000000000000000e+00
6.000000000000000000e+00
7.000000000000000000e+00
8.000000000000000000e+00
9.000000000000000000e+00
1.000000000000000000e+01
1.100000000000000000e+01
1.200000000000000000e+01
1.300000000000000000e+01
1.400000000000000000e+01
1.500000000000000000e+01
1.600000000000000000e+01
1.700000000000000000e+01
1.800000000000000000e+01
1.900000000000000000e+01
2.000000000000000000e+01
2.100000000000000000e+01
2.200000000000000000e+01
2.300000000000000000e+01
2.400000000000000000e+01
2.500000000000000000e+01
2.600000000000000000e+01
2.700000000000000000e+01
2.800000000000000000e+01
2.900000000000000000e+01
3.000000000000000000e+01
3.100000000000000000e+01
3.200000000000000000e+01
3.300000000000000000e+01
3.400000000000000000e+01
3.500000000000000000e+01
3.600000000000000000e+01
3.700000000000000000e+01
3.800000000000000000e+01
3.900000000000000000e+01
4.000000000000000000e+01
4.100000000000000000e+01
4.200000000000000000e+01
4.300000000000000000e+01
4.400000000000000000e+01
4.500000000000000000e+01
4.600000000000000000e+01
4.700000000000000000e+01
4.800000000000000000e+01
4.900000000000000000e+01
5.000000000000000000e+01
5.100000000000000000e+01
5.200000000000000000e+01
5.300000000000000000e+01
5.400000000000000000e+01
5.500000000000000000e+01
5.600000000000000000e+01
5.700000000000000000e+01
5.800000000000000000e+01
5.900000000000000000e+01
6.000000000000000000e+01
6.100000000000000000e+01
6.200000000000000000e+01
6.300000000000000000e+01
6.400000000000000000e+01
6.500000000000000000e+01
6.600000000000000000e+01
6.700000000000000000e+01
6.800000000000000000e+01
6.900000000000000000e+01
7.000000000000000000e+01
7.100000000000000000e+01
7.200000000000000000e+01
7.300000000000000000e+01
7.400000000000000000e+01
7.500000000000000000e+01
7.600000000000000000e+01
7.700000000000000000e+01
7.800000000000000000e+01
7.900000000000000000e+01
8.000000000000000000e+01
8.100000000000000000e+01
8.200000000000000000e+01
8.300000000000000000e+01
8.400000000000000000e+01
8.500000000000000000e+01
8.600000000000000000e+01
8.700000000000000000e+01
8.800000000000000000e+01
8.900000000000000000e+01
9.000000000000000000e+01
9.100000000000000000e+01
9.200000000000000000e+01
9.300000000000000000e+01
9.400000000000000000e+01
9.500000000000000000e+01
9.600000000000000000e+01
9.700000000000000000e+01
9.800000000000000000e+01
9.900000000000000000e+01
