single photon fraction:    0.0000
laser fraction:    1.0000
thermal source fraction:    0.0000
non-detected fraction:    0.0000
number of bins:  200.0000
bin width (ns):    1.0000
average detection events per bin: 5000.0000

# binary result
0.000000000000000000e+00

# g2 signal
9.925498485055495035e-01
1.023893527932040470e+00
1.000988531428066208e+00
9.889332701101850587e-01
1.027711027349369477e+00
9.975728740546666584e-01
9.961664269009138373e-01
9.720559042651514270e-01
1.001390373471995554e+00
1.004404188801465869e+00
1.005207872889324783e+00
9.961664269009138373e-01
9.987784001864546957e-01
1.006212477999148147e+00
1.013244713767912142e+00
9.911434013517966823e-01
1.002997741647713159e+00
1.011637345592194537e+00
9.973719530327018745e-01
1.021281554646499501e+00
9.821019553633857369e-01
9.981756371205606770e-01
1.018267739317029186e+00
1.014249318877735506e+00
9.835084025171385580e-01
9.937553746373375407e-01
9.897369541980438612e-01
9.808964292315976996e-01
1.012039187636124105e+00
1.032533131876522070e+00
9.999839263182428439e-01
9.921480064616200467e-01
1.001792215515925122e+00
1.013043792745947469e+00
9.981756371205606770e-01
9.947599797471610161e-01
1.002997741647713159e+00
9.995820842743134982e-01
1.006011556977183474e+00
9.909424803298320095e-01
1.007819846174865530e+00
1.005810635955218801e+00
9.901387962419732069e-01
1.016459450119347130e+00
9.891341911321498426e-01
9.736632724408689210e-01
1.001591294493960227e+00
9.853166917148207249e-01
1.000184847340207517e+00
1.023089843844181779e+00
9.995820842743134982e-01
1.020276949536676137e+00
9.977737950766313313e-01
1.005609714933254129e+00
1.016861292163276476e+00
1.038359841513497805e+00
9.935544536153728679e-01
9.796909030998095513e-01
9.867231388685735460e-01
9.855176127367853978e-01
1.009829056394512481e+00
1.017464055229170494e+00
1.004203267779501196e+00
1.013445634789876815e+00
9.969701109887725288e-01
1.009829056394512481e+00
9.987784001864546957e-01
1.002194057559854468e+00
1.012039187636124105e+00
9.943581377032316704e-01
1.019674186470782118e+00
9.835084025171385580e-01
9.927507695275141764e-01
9.957645848569843805e-01
9.919470854396553738e-01
9.917461644176907010e-01
1.008221688218794876e+00
1.016057608075417784e+00
9.800927451437388971e-01
9.853166917148207249e-01
9.933535325934081950e-01
1.004002346757536523e+00
9.967691899668078559e-01
1.007819846174865530e+00
9.742660355067630507e-01
9.744669565287277235e-01
1.006212477999148147e+00
9.979747160985960042e-01
9.987784001864546957e-01
9.919470854396553738e-01
9.979747160985960042e-01
9.855176127367853978e-01
1.010230898438441827e+00
1.038359841513497805e+00
1.004605109823430542e+00
9.969701109887725288e-01
1.003600504713607178e+00
1.022085238734358414e+00
9.869240598905382189e-01
9.935544536153728679e-01
1.002796820625748486e+00
1.015253923987559093e+00
9.853166917148207249e-01
9.847139286489267063e-01
9.989793212084193685e-01
9.849148496708913791e-01
9.981756371205606770e-01
9.895360331760791883e-01
9.740651144847983778e-01
9.935544536153728679e-01
9.923489274835847196e-01
9.869240598905382189e-01
9.983765581425253499e-01
1.002194057559854468e+00
9.899378752200085341e-01
1.022286159756323087e+00
1.012641950702018123e+00
9.957645848569843805e-01
1.003399583691642505e+00
1.017865897273099840e+00
9.879286650003616943e-01
9.893351121541145154e-01
1.010632740482371172e+00
1.014249318877735506e+00
9.943581377032316704e-01
9.887323490882203858e-01
9.788872190119507488e-01
9.973719530327018745e-01
9.873259019344675647e-01
1.002796820625748486e+00
9.730605093749749024e-01
1.018468660338993859e+00
1.001189452450030881e+00
9.887323490882203858e-01
1.013646555811841488e+00
1.026103659173652094e+00
9.959655058789491644e-01
9.889332701101850587e-01
1.005408793911289456e+00
1.017865897273099840e+00
1.006614320043077493e+00
1.008221688218794876e+00
9.823028763853504097e-01
1.004806030845395215e+00
9.981756371205606770e-01
1.014651160921664852e+00
1.005810635955218801e+00
9.879286650003616943e-01
9.696448520015752415e-01
9.901387962419732069e-01
9.951618217910903619e-01
1.007016162087006839e+00
9.889332701101850587e-01
9.728595883530102295e-01
1.011034582526300518e+00
9.736632724408689210e-01
1.009829056394512481e+00
9.905406382859025527e-01
9.885314280662557129e-01
9.935544536153728679e-01
1.003801425735571851e+00
1.010230898438441827e+00
9.845130076269620334e-01
9.905406382859025527e-01
9.875268229564323486e-01
9.855176127367853978e-01
9.931526115714435221e-01
1.027711027349369477e+00
1.007418004130936184e+00
9.893351121541145154e-01
9.814991922974917182e-01
9.885314280662557129e-01
9.983765581425253499e-01
1.002595899603783813e+00
1.012641950702018123e+00
9.987784001864546957e-01
1.003801425735571851e+00
9.955636638350197076e-01
9.887323490882203858e-01
1.016459450119347130e+00
1.001993136537889795e+00
1.013244713767912142e+00
1.026907343261510785e+00
1.015053002965594198e+00
9.923489274835847196e-01
1.029318395525087082e+00
9.919470854396553738e-01
1.021683396690428847e+00
9.829056394512445394e-01
1.002194057559854468e+00
9.931526115714435221e-01
9.847139286489267063e-01
1.018267739317029186e+00
1.001993136537889795e+00
9.981756371205606770e-01
9.744669565287277235e-01
1.001189452450030881e+00
9.819010343414210640e-01
1.005207872889324783e+00
9.907415593078672256e-01

# time bin value
-1.000000000000000000e+02
-9.900000000000000000e+01
-9.800000000000000000e+01
-9.700000000000000000e+01
-9.600000000000000000e+01
-9.500000000000000000e+01
-9.400000000000000000e+01
-9.300000000000000000e+01
-9.200000000000000000e+01
-9.100000000000000000e+01
-9.000000000000000000e+01
-8.900000000000000000e+01
-8.800000000000000000e+01
-8.700000000000000000e+01
-8.600000000000000000e+01
-8.500000000000000000e+01
-8.400000000000000000e+01
-8.300000000000000000e+01
-8.200000000000000000e+01
-8.100000000000000000e+01
-8.000000000000000000e+01
-7.900000000000000000e+01
-7.800000000000000000e+01
-7.700000000000000000e+01
-7.600000000000000000e+01
-7.500000000000000000e+01
-7.400000000000000000e+01
-7.300000000000000000e+01
-7.200000000000000000e+01
-7.100000000000000000e+01
-7.000000000000000000e+01
-6.900000000000000000e+01
-6.800000000000000000e+01
-6.700000000000000000e+01
-6.600000000000000000e+01
-6.500000000000000000e+01
-6.400000000000000000e+01
-6.300000000000000000e+01
-6.200000000000000000e+01
-6.100000000000000000e+01
-6.000000000000000000e+01
-5.900000000000000000e+01
-5.800000000000000000e+01
-5.700000000000000000e+01
-5.600000000000000000e+01
-5.500000000000000000e+01
-5.400000000000000000e+01
-5.300000000000000000e+01
-5.200000000000000000e+01
-5.100000000000000000e+01
-5.000000000000000000e+01
-4.900000000000000000e+01
-4.800000000000000000e+01
-4.700000000000000000e+01
-4.600000000000000000e+01
-4.500000000000000000e+01
-4.400000000000000000e+01
-4.300000000000000000e+01
-4.200000000000000000e+01
-4.100000000000000000e+01
-4.000000000000000000e+01
-3.900000000000000000e+01
-3.800000000000000000e+01
-3.700000000000000000e+01
-3.600000000000000000e+01
-3.500000000000000000e+01
-3.400000000000000000e+01
-3.300000000000000000e+01
-3.200000000000000000e+01
-3.100000000000000000e+01
-3.000000000000000000e+01
-2.900000000000000000e+01
-2.800000000000000000e+01
-2.700000000000000000e+01
-2.600000000000000000e+01
-2.500000000000000000e+01
-2.400000000000000000e+01
-2.300000000000000000e+01
-2.200000000000000000e+01
-2.100000000000000000e+01
-2.000000000000000000e+01
-1.900000000000000000e+01
-1.800000000000000000e+01
-1.700000000000000000e+01
-1.600000000000000000e+01
-1.500000000000000000e+01
-1.400000000000000000e+01
-1.300000000000000000e+01
-1.200000000000000000e+01
-1.100000000000000000e+01
-1.000000000000000000e+01
-9.000000000000000000e+00
-8.000000000000000000e+00
-7.000000000000000000e+00
-6.000000000000000000e+00
-5.000000000000000000e+00
-4.000000000000000000e+00
-3.000000000000000000e+00
-2.000000000000000000e+00
-1.000000000000000000e+00
0.000000000000000000e+00
1.000000000000000000e+00
2.000000000000000000e+00
3.000000000000000000e+00
4.000000000000000000e+00
5.000000000000000000e+00
6.000000000000000000e+00
7.000000000000000000e+00
8.000000000000000000e+00
9.000000000000000000e+00
1.000000000000000000e+01
1.100000000000000000e+01
1.200000000000000000e+01
1.300000000000000000e+01
1.400000000000000000e+01
1.500000000000000000e+01
1.600000000000000000e+01
1.700000000000000000e+01
1.800000000000000000e+01
1.900000000000000000e+01
2.000000000000000000e+01
2.100000000000000000e+01
2.200000000000000000e+01
2.300000000000000000e+01
2.400000000000000000e+01
2.500000000000000000e+01
2.600000000000000000e+01
2.700000000000000000e+01
2.800000000000000000e+01
2.900000000000000000e+01
3.000000000000000000e+01
3.100000000000000000e+01
3.200000000000000000e+01
3.300000000000000000e+01
3.400000000000000000e+01
3.500000000000000000e+01
3.600000000000000000e+01
3.700000000000000000e+01
3.800000000000000000e+01
3.900000000000000000e+01
4.000000000000000000e+01
4.100000000000000000e+01
4.200000000000000000e+01
4.300000000000000000e+01
4.400000000000000000e+01
4.500000000000000000e+01
4.600000000000000000e+01
4.700000000000000000e+01
4.800000000000000000e+01
4.900000000000000000e+01
5.000000000000000000e+01
5.100000000000000000e+01
5.200000000000000000e+01
5.300000000000000000e+01
5.400000000000000000e+01
5.500000000000000000e+01
5.600000000000000000e+01
5.700000000000000000e+01
5.800000000000000000e+01
5.900000000000000000e+01
6.000000000000000000e+01
6.100000000000000000e+01
6.200000000000000000e+01
6.300000000000000000e+01
6.400000000000000000e+01
6.500000000000000000e+01
6.600000000000000000e+01
6.700000000000000000e+01
6.800000000000000000e+01
6.900000000000000000e+01
7.000000000000000000e+01
7.100000000000000000e+01
7.200000000000000000e+01
7.300000000000000000e+01
7.400000000000000000e+01
7.500000000000000000e+01
7.600000000000000000e+01
7.700000000000000000e+01
7.800000000000000000e+01
7.900000000000000000e+01
8.000000000000000000e+01
8.100000000000000000e+01
8.200000000000000000e+01
8.300000000000000000e+01
8.400000000000000000e+01
8.500000000000000000e+01
8.600000000000000000e+01
8.700000000000000000e+01
8.800000000000000000e+01
8.900000000000000000e+01
9.000000000000000000e+01
9.100000000000000000e+01
9.200000000000000000e+01
9.300000000000000000e+01
9.400000000000000000e+01
9.500000000000000000e+01
9.600000000000000000e+01
9.700000000000000000e+01
9.800000000000000000e+01
9.900000000000000000e+01
