single photon fraction:    0.0000
laser fraction:    1.0000
thermal source fraction:    0.0000
non-detected fraction:    0.0000
number of bins:  200.0000
bin width (ns):    1.0000
average detection events per bin: 5000.0000

# binary result
0.000000000000000000e+00

# g2 signal
9.994226629570641673e-01
9.835492430990809831e-01
9.933947819983364180e-01
1.015497012180338166e+00
9.743064922956984342e-01
9.883715478660631826e-01
9.811380907155898834e-01
1.016099800276210940e+00
9.943994288247910429e-01
9.941984994595001179e-01
9.935957113636273430e-01
1.014693294719174466e+00
9.992217335917732424e-01
1.012081212970392441e+00
1.016099800276210940e+00
1.015095153449756316e+00
1.006656120107537467e+00
1.011679354239810591e+00
9.763157859486076839e-01
1.008263555029864866e+00
1.017506305833247415e+00
9.759139272180258340e-01
1.002637532801718967e+00
9.974133693041549176e-01
1.009670060586901341e+00
9.915864177107180932e-01
9.791287970626806336e-01
9.952031462859547428e-01
9.925910645371727181e-01
9.992217335917732424e-01
1.010473778048065041e+00
9.745074216609893591e-01
1.014894224084465391e+00
1.019515599486156665e+00
9.966096518429912177e-01
1.027552774097793664e+00
1.022931398696102390e+00
1.000628239148809717e+00
1.003039391532300817e+00
9.887734065966450325e-01
9.968105812082821426e-01
9.855585367519902329e-01
1.025342551079593489e+00
1.008866343125737641e+00
9.674748938758069849e-01
1.008464484395155791e+00
1.001030097879391567e+00
1.002034744705846192e+00
1.024337904253138865e+00
9.941984994595001179e-01
9.984180161306095425e-01
9.803343732544261835e-01
1.018310023294411115e+00
1.004044038358755442e+00
1.000427309783518792e+00
1.011277495509228741e+00
9.972124399388639926e-01
9.996235923223550923e-01
1.019716528851447590e+00
1.025945339175466264e+00
9.909836296148453183e-01
9.720962692774982594e-01
9.608442248212064607e-01
1.010071919317483191e+00
9.875678304048994827e-01
9.801334438891352585e-01
1.018912811390283890e+00
1.004244967724046367e+00
1.007258908203410241e+00
9.986189454959004674e-01
1.012483071700974291e+00
9.873669010396085577e-01
9.986189454959004674e-01
9.885724772313541076e-01
1.004847755819919142e+00
1.003642179628173592e+00
1.013286789162137991e+00
1.006053332011664692e+00
9.759139272180258340e-01
9.867641129437357828e-01
1.009067272491028566e+00
9.851566780214083829e-01
9.867641129437357828e-01
9.931938526330454931e-01
9.990208042264823174e-01
1.013487718527428916e+00
9.686804700675525348e-01
9.829464550032082082e-01
1.003642179628173592e+00
9.905817708842634683e-01
1.010674707413355966e+00
9.909836296148453183e-01
1.002838462167009892e+00
1.013688647892719841e+00
9.962077931124093677e-01
9.948012875553728929e-01
9.905817708842634683e-01
1.010875636778646891e+00
9.972124399388639926e-01
9.718953399122073344e-01
9.891752653272268825e-01
9.966096518429912177e-01
1.011478424874519666e+00
1.005852402646373767e+00
9.905817708842634683e-01
9.923901351718817931e-01
9.976142986694458425e-01
1.017707235198538340e+00
9.984180161306095425e-01
1.010473778048065041e+00
1.019113740755574815e+00
1.017305376467956490e+00
9.807362319850080334e-01
9.891752653272268825e-01
9.933947819983364180e-01
1.007057978838119316e+00
1.000427309783518792e+00
1.003240320897591742e+00
9.919882764412999432e-01
9.994226629570641673e-01
9.889743359619359575e-01
1.000226380418227867e+00
1.009469131221610416e+00
9.927919939024636431e-01
9.931938526330454931e-01
9.851566780214083829e-01
9.948012875553728929e-01
1.000427309783518792e+00
9.921892058065908682e-01
9.992217335917732424e-01
1.004847755819919142e+00
9.694841875287162347e-01
1.003642179628173592e+00
1.026949986001920889e+00
9.584330724377153610e-01
9.958059343818275178e-01
1.016099800276210940e+00
9.867641129437357828e-01
1.008665413760446716e+00
1.005450543915791917e+00
9.935957113636273430e-01
1.005852402646373767e+00
1.018310023294411115e+00
1.024136974887847940e+00
9.724981280080801094e-01
9.811380907155898834e-01
1.005651473281082842e+00
9.966096518429912177e-01
9.819418081767535833e-01
9.853576073866993079e-01
1.001231027244682492e+00
1.004044038358755442e+00
1.012483071700974291e+00
9.968105812082821426e-01
1.017104447102665565e+00
1.022931398696102390e+00
9.986189454959004674e-01
1.004044038358755442e+00
1.026347197906048114e+00
9.827455256379172832e-01
9.966096518429912177e-01
9.757129978527349090e-01
9.960068637471184427e-01
9.986189454959004674e-01
1.030164855846575689e+00
1.006455190742246542e+00
1.001632885975264342e+00
1.001632885975264342e+00
1.010674707413355966e+00
1.031571361403612164e+00
9.686804700675525348e-01
9.913854883454271683e-01
9.885724772313541076e-01
1.003039391532300817e+00
1.023333257426684240e+00
1.003240320897591742e+00
1.015095153449756316e+00
9.735027748345347343e-01
1.008263555029864866e+00
9.604423660906246107e-01
9.933947819983364180e-01
1.002637532801718967e+00
1.000628239148809717e+00
1.045837346339268059e+00
1.009870989952192266e+00
9.921892058065908682e-01
1.010473778048065041e+00
1.001231027244682492e+00
9.722971986427891844e-01
9.994226629570641673e-01
1.016501659006792790e+00
1.023333257426684240e+00
9.923901351718817931e-01
1.024940692349011639e+00
1.008263555029864866e+00
1.000025451052936942e+00
9.845538899255356080e-01
9.843529605602446830e-01
1.012483071700974291e+00
1.004445897089337292e+00

# time bin value
-1.000000000000000000e+02
-9.900000000000000000e+01
-9.800000000000000000e+01
-9.700000000000000000e+01
-9.600000000000000000e+01
-9.500000000000000000e+01
-9.400000000000000000e+01
-9.300000000000000000e+01
-9.200000000000000000e+01
-9.100000000000000000e+01
-9.000000000000000000e+01
-8.900000000000000000e+01
-8.800000000000000000e+01
-8.700000000000000000e+01
-8.600000000000000000e+01
-8.500000000000000000e+01
-8.400000000000000000e+01
-8.300000000000000000e+01
-8.200000000000000000e+01
-8.100000000000000000e+01
-8.000000000000000000e+01
-7.900000000000000000e+01
-7.800000000000000000e+01
-7.700000000000000000e+01
-7.600000000000000000e+01
-7.500000000000000000e+01
-7.400000000000000000e+01
-7.300000000000000000e+01
-7.200000000000000000e+01
-7.100000000000000000e+01
-7.000000000000000000e+01
-6.900000000000000000e+01
-6.800000000000000000e+01
-6.700000000000000000e+01
-6.600000000000000000e+01
-6.500000000000000000e+01
-6.400000000000000000e+01
-6.300000000000000000e+01
-6.200000000000000000e+01
-6.100000000000000000e+01
-6.000000000000000000e+01
-5.900000000000000000e+01
-5.800000000000000000e+01
-5.700000000000000000e+01
-5.600000000000000000e+01
-5.500000000000000000e+01
-5.400000000000000000e+01
-5.300000000000000000e+01
-5.200000000000000000e+01
-5.100000000000000000e+01
-5.000000000000000000e+01
-4.900000000000000000e+01
-4.800000000000000000e+01
-4.700000000000000000e+01
-4.600000000000000000e+01
-4.500000000000000000e+01
-4.400000000000000000e+01
-4.300000000000000000e+01
-4.200000000000000000e+01
-4.100000000000000000e+01
-4.000000000000000000e+01
-3.900000000000000000e+01
-3.800000000000000000e+01
-3.700000000000000000e+01
-3.600000000000000000e+01
-3.500000000000000000e+01
-3.400000000000000000e+01
-3.300000000000000000e+01
-3.200000000000000000e+01
-3.100000000000000000e+01
-3.000000000000000000e+01
-2.900000000000000000e+01
-2.800000000000000000e+01
-2.700000000000000000e+01
-2.600000000000000000e+01
-2.500000000000000000e+01
-2.400000000000000000e+01
-2.300000000000000000e+01
-2.200000000000000000e+01
-2.100000000000000000e+01
-2.000000000000000000e+01
-1.900000000000000000e+01
-1.800000000000000000e+01
-1.700000000000000000e+01
-1.600000000000000000e+01
-1.500000000000000000e+01
-1.400000000000000000e+01
-1.300000000000000000e+01
-1.200000000000000000e+01
-1.100000000000000000e+01
-1.000000000000000000e+01
-9.000000000000000000e+00
-8.000000000000000000e+00
-7.000000000000000000e+00
-6.000000000000000000e+00
-5.000000000000000000e+00
-4.000000000000000000e+00
-3.000000000000000000e+00
-2.000000000000000000e+00
-1.000000000000000000e+00
0.000000000000000000e+00
1.000000000000000000e+00
2.000000000000000000e+00
3.000000000000000000e+00
4.000000000000000000e+00
5.000000000000000000e+00
6.000000000000000000e+00
7.000000000000000000e+00
8.000000000000000000e+00
9.000000000000000000e+00
1.000000000000000000e+01
1.100000000000000000e+01
1.200000000000000000e+01
1.300000000000000000e+01
1.400000000000000000e+01
1.500000000000000000e+01
1.600000000000000000e+01
1.700000000000000000e+01
1.800000000000000000e+01
1.900000000000000000e+01
2.000000000000000000e+01
2.100000000000000000e+01
2.200000000000000000e+01
2.300000000000000000e+01
2.400000000000000000e+01
2.500000000000000000e+01
2.600000000000000000e+01
2.700000000000000000e+01
2.800000000000000000e+01
2.900000000000000000e+01
3.000000000000000000e+01
3.100000000000000000e+01
3.200000000000000000e+01
3.300000000000000000e+01
3.400000000000000000e+01
3.500000000000000000e+01
3.600000000000000000e+01
3.700000000000000000e+01
3.800000000000000000e+01
3.900000000000000000e+01
4.000000000000000000e+01
4.100000000000000000e+01
4.200000000000000000e+01
4.300000000000000000e+01
4.400000000000000000e+01
4.500000000000000000e+01
4.600000000000000000e+01
4.700000000000000000e+01
4.800000000000000000e+01
4.900000000000000000e+01
5.000000000000000000e+01
5.100000000000000000e+01
5.200000000000000000e+01
5.300000000000000000e+01
5.400000000000000000e+01
5.500000000000000000e+01
5.600000000000000000e+01
5.700000000000000000e+01
5.800000000000000000e+01
5.900000000000000000e+01
6.000000000000000000e+01
6.100000000000000000e+01
6.200000000000000000e+01
6.300000000000000000e+01
6.400000000000000000e+01
6.500000000000000000e+01
6.600000000000000000e+01
6.700000000000000000e+01
6.800000000000000000e+01
6.900000000000000000e+01
7.000000000000000000e+01
7.100000000000000000e+01
7.200000000000000000e+01
7.300000000000000000e+01
7.400000000000000000e+01
7.500000000000000000e+01
7.600000000000000000e+01
7.700000000000000000e+01
7.800000000000000000e+01
7.900000000000000000e+01
8.000000000000000000e+01
8.100000000000000000e+01
8.200000000000000000e+01
8.300000000000000000e+01
8.400000000000000000e+01
8.500000000000000000e+01
8.600000000000000000e+01
8.700000000000000000e+01
8.800000000000000000e+01
8.900000000000000000e+01
9.000000000000000000e+01
9.100000000000000000e+01
9.200000000000000000e+01
9.300000000000000000e+01
9.400000000000000000e+01
9.500000000000000000e+01
9.600000000000000000e+01
9.700000000000000000e+01
9.800000000000000000e+01
9.900000000000000000e+01
