single photon fraction:    0.0000
laser fraction:    1.0000
thermal source fraction:    0.0000
non-detected fraction:    0.0000
number of bins:  200.0000
bin width (ns):    1.0000
average detection events per bin: 5000.0000

# binary result
0.000000000000000000e+00

# g2 signal
1.004320587165988155e+00
9.830289907180691511e-01
9.988972559952917774e-01
1.008137005397218955e+00
9.997007124650245657e-01
9.904609630630974992e-01
9.910635554153970350e-01
9.858410883621339105e-01
9.950808377640610880e-01
1.031638107136902960e+00
1.018581939503745204e+00
1.015167249507380687e+00
9.978929354081258474e-01
1.020992308912943569e+00
1.024808727144174370e+00
1.021795765382676358e+00
9.870462730667330931e-01
9.882514577713322756e-01
1.000905897169623859e+00
1.004521451283421296e+00
1.027018232435939371e+00
9.693702307326117484e-01
1.020791444795510428e+00
9.856402242447007689e-01
1.008137005397218955e+00
1.012957744215615685e+00
1.013560336567915110e+00
9.657546766188142007e-01
1.018782803621178346e+00
1.005927500105453731e+00
9.936747889420286528e-01
9.739901054335753372e-01
1.018983667738611487e+00
9.876488654190327399e-01
1.006530092457753378e+00
1.011953423628449533e+00
9.725840566115429020e-01
1.011551695393583250e+00
9.990981201127250300e-01
9.970894789383930590e-01
9.884523218887655283e-01
9.858410883621339105e-01
1.001106761287057001e+00
1.011350831276150108e+00
1.019787124208344276e+00
9.944782454117614412e-01
9.906618271805306408e-01
9.942773812943281886e-01
9.980937995255589890e-01
1.003717994813688508e+00
1.013962064802781615e+00
1.023603542439575076e+00
1.004521451283421296e+00
9.836315830703687979e-01
1.000102440699891071e+00
1.009543054219251168e+00
1.009743918336684532e+00
9.806186213088707859e-01
9.960851583512270180e-01
1.012556015980749180e+00
9.874480013015994873e-01
9.900592348282311050e-01
9.942773812943281886e-01
1.002914538343955719e+00
1.020188852443210781e+00
1.009743918336684532e+00
9.936747889420286528e-01
9.944782454117614412e-01
1.005124043635720943e+00
1.014162928920214757e+00
9.964868865860934122e-01
9.782082518996724207e-01
9.920678760025630760e-01
9.938756530594617944e-01
9.782082518996724207e-01
9.733875130812756904e-01
9.976920712906925948e-01
9.858410883621339105e-01
9.770030671950732382e-01
1.001106761287057001e+00
1.009944782454117673e+00
9.938756530594617944e-01
1.005525771870587226e+00
9.922687401199962176e-01
1.018983667738611487e+00
1.001106761287057001e+00
9.900592348282311050e-01
9.806186213088707859e-01
9.880505936538991341e-01
9.884523218887655283e-01
1.000303304817324213e+00
9.886531860061986698e-01
9.858410883621339105e-01
1.005525771870587226e+00
1.033445884193801678e+00
1.000705033052190496e+00
1.011551695393583250e+00
9.966877507035266648e-01
9.892557783584983166e-01
9.739901054335753372e-01
9.872471371841663457e-01
9.932730607071622586e-01
9.928713324722958644e-01
9.846359036575347279e-01
1.004521451283421296e+00
1.006329228340320014e+00
1.004923179518287801e+00
1.006730956575186520e+00
9.755970183730409140e-01
9.653529483839478065e-01
1.000905897169623859e+00
9.966877507035266648e-01
9.866445448318666989e-01
9.994998483475914242e-01
9.994998483475914242e-01
1.001709353639356648e+00
1.011752559511016392e+00
9.876488654190327399e-01
1.015167249507380687e+00
1.002512810109089436e+00
9.986963918778586358e-01
1.001106761287057001e+00
9.904609630630974992e-01
9.910635554153970350e-01
1.018180211268878699e+00
9.997007124650245657e-01
1.017175890681712769e+00
1.006329228340320014e+00
9.994998483475914242e-01
1.013761200685348474e+00
1.002311945991656073e+00
9.834307189529355453e-01
1.011149967158716745e+00
1.011551695393583250e+00
9.884523218887655283e-01
1.011350831276150108e+00
9.804177571914376443e-01
1.011350831276150108e+00
9.930721965897290060e-01
1.032642427724068890e+00
1.015568977742247192e+00
9.617373942701502587e-01
9.784091160171056734e-01
9.976920712906925948e-01
1.013359472450481968e+00
9.834307189529355453e-01
9.952817018814942296e-01
1.000504168934757354e+00
1.000102440699891071e+00
9.810203495437371801e-01
1.001709353639356648e+00
9.926704683548626118e-01
9.908626912979638934e-01
9.858410883621339105e-01
9.808194854263040385e-01
9.864436807144335573e-01
9.906618271805306408e-01
9.920678760025630760e-01
9.912644195328302876e-01
9.916661477676966818e-01
9.912644195328302876e-01
1.013359472450481968e+00
1.019586260090911134e+00
1.028022553023105523e+00
9.966877507035266648e-01
1.023402678322141934e+00
1.005927500105453731e+00
9.952817018814942296e-01
1.002512810109089436e+00
1.004119723048555013e+00
9.930721965897290060e-01
1.019184531856044851e+00
9.974912071732594532e-01
9.988972559952917774e-01
9.924696042374294702e-01
9.866445448318666989e-01
9.926704683548626118e-01
1.009543054219251168e+00
1.012756880098182322e+00
1.017175890681712769e+00
1.009342190101818026e+00
9.808194854263040385e-01
9.904609630630974992e-01
9.997007124650245657e-01
9.964868865860934122e-01
1.015368113624814050e+00
1.022398357734976004e+00
1.023603542439575076e+00
9.900592348282311050e-01
1.008337869514652096e+00
1.012556015980749180e+00
1.009743918336684532e+00
9.954825659989274822e-01
9.966877507035266648e-01
9.798151648391379975e-01
1.007132684810052803e+00
9.806186213088707859e-01
1.006931820692619661e+00
9.942773812943281886e-01
1.017778483034012416e+00

# time bin value
-1.000000000000000000e+02
-9.900000000000000000e+01
-9.800000000000000000e+01
-9.700000000000000000e+01
-9.600000000000000000e+01
-9.500000000000000000e+01
-9.400000000000000000e+01
-9.300000000000000000e+01
-9.200000000000000000e+01
-9.100000000000000000e+01
-9.000000000000000000e+01
-8.900000000000000000e+01
-8.800000000000000000e+01
-8.700000000000000000e+01
-8.600000000000000000e+01
-8.500000000000000000e+01
-8.400000000000000000e+01
-8.300000000000000000e+01
-8.200000000000000000e+01
-8.100000000000000000e+01
-8.000000000000000000e+01
-7.900000000000000000e+01
-7.800000000000000000e+01
-7.700000000000000000e+01
-7.600000000000000000e+01
-7.500000000000000000e+01
-7.400000000000000000e+01
-7.300000000000000000e+01
-7.200000000000000000e+01
-7.100000000000000000e+01
-7.000000000000000000e+01
-6.900000000000000000e+01
-6.800000000000000000e+01
-6.700000000000000000e+01
-6.600000000000000000e+01
-6.500000000000000000e+01
-6.400000000000000000e+01
-6.300000000000000000e+01
-6.200000000000000000e+01
-6.100000000000000000e+01
-6.000000000000000000e+01
-5.900000000000000000e+01
-5.800000000000000000e+01
-5.700000000000000000e+01
-5.600000000000000000e+01
-5.500000000000000000e+01
-5.400000000000000000e+01
-5.300000000000000000e+01
-5.200000000000000000e+01
-5.100000000000000000e+01
-5.000000000000000000e+01
-4.900000000000000000e+01
-4.800000000000000000e+01
-4.700000000000000000e+01
-4.600000000000000000e+01
-4.500000000000000000e+01
-4.400000000000000000e+01
-4.300000000000000000e+01
-4.200000000000000000e+01
-4.100000000000000000e+01
-4.000000000000000000e+01
-3.900000000000000000e+01
-3.800000000000000000e+01
-3.700000000000000000e+01
-3.600000000000000000e+01
-3.500000000000000000e+01
-3.400000000000000000e+01
-3.300000000000000000e+01
-3.200000000000000000e+01
-3.100000000000000000e+01
-3.000000000000000000e+01
-2.900000000000000000e+01
-2.800000000000000000e+01
-2.700000000000000000e+01
-2.600000000000000000e+01
-2.500000000000000000e+01
-2.400000000000000000e+01
-2.300000000000000000e+01
-2.200000000000000000e+01
-2.100000000000000000e+01
-2.000000000000000000e+01
-1.900000000000000000e+01
-1.800000000000000000e+01
-1.700000000000000000e+01
-1.600000000000000000e+01
-1.500000000000000000e+01
-1.400000000000000000e+01
-1.300000000000000000e+01
-1.200000000000000000e+01
-1.100000000000000000e+01
-1.000000000000000000e+01
-9.000000000000000000e+00
-8.000000000000000000e+00
-7.000000000000000000e+00
-6.000000000000000000e+00
-5.000000000000000000e+00
-4.000000000000000000e+00
-3.000000000000000000e+00
-2.000000000000000000e+00
-1.000000000000000000e+00
0.000000000000000000e+00
1.000000000000000000e+00
2.000000000000000000e+00
3.000000000000000000e+00
4.000000000000000000e+00
5.000000000000000000e+00
6.000000000000000000e+00
7.000000000000000000e+00
8.000000000000000000e+00
9.000000000000000000e+00
1.000000000000000000e+01
1.100000000000000000e+01
1.200000000000000000e+01
1.300000000000000000e+01
1.400000000000000000e+01
1.500000000000000000e+01
1.600000000000000000e+01
1.700000000000000000e+01
1.800000000000000000e+01
1.900000000000000000e+01
2.000000000000000000e+01
2.100000000000000000e+01
2.200000000000000000e+01
2.300000000000000000e+01
2.400000000000000000e+01
2.500000000000000000e+01
2.600000000000000000e+01
2.700000000000000000e+01
2.800000000000000000e+01
2.900000000000000000e+01
3.000000000000000000e+01
3.100000000000000000e+01
3.200000000000000000e+01
3.300000000000000000e+01
3.400000000000000000e+01
3.500000000000000000e+01
3.600000000000000000e+01
3.700000000000000000e+01
3.800000000000000000e+01
3.900000000000000000e+01
4.000000000000000000e+01
4.100000000000000000e+01
4.200000000000000000e+01
4.300000000000000000e+01
4.400000000000000000e+01
4.500000000000000000e+01
4.600000000000000000e+01
4.700000000000000000e+01
4.800000000000000000e+01
4.900000000000000000e+01
5.000000000000000000e+01
5.100000000000000000e+01
5.200000000000000000e+01
5.300000000000000000e+01
5.400000000000000000e+01
5.500000000000000000e+01
5.600000000000000000e+01
5.700000000000000000e+01
5.800000000000000000e+01
5.900000000000000000e+01
6.000000000000000000e+01
6.100000000000000000e+01
6.200000000000000000e+01
6.300000000000000000e+01
6.400000000000000000e+01
6.500000000000000000e+01
6.600000000000000000e+01
6.700000000000000000e+01
6.800000000000000000e+01
6.900000000000000000e+01
7.000000000000000000e+01
7.100000000000000000e+01
7.200000000000000000e+01
7.300000000000000000e+01
7.400000000000000000e+01
7.500000000000000000e+01
7.600000000000000000e+01
7.700000000000000000e+01
7.800000000000000000e+01
7.900000000000000000e+01
8.000000000000000000e+01
8.100000000000000000e+01
8.200000000000000000e+01
8.300000000000000000e+01
8.400000000000000000e+01
8.500000000000000000e+01
8.600000000000000000e+01
8.700000000000000000e+01
8.800000000000000000e+01
8.900000000000000000e+01
9.000000000000000000e+01
9.100000000000000000e+01
9.200000000000000000e+01
9.300000000000000000e+01
9.400000000000000000e+01
9.500000000000000000e+01
9.600000000000000000e+01
9.700000000000000000e+01
9.800000000000000000e+01
9.900000000000000000e+01
