single photon fraction:    0.0000
laser fraction:    1.0000
thermal source fraction:    0.0000
non-detected fraction:    0.0000
number of bins:  200.0000
bin width (ns):    1.0000
average detection events per bin: 5000.0000

# binary result
0.000000000000000000e+00

# g2 signal
9.916398248344251432e-01
1.010539691731107137e+00
1.026423622420871817e+00
9.906345127654526683e-01
9.805813920757281421e-01
9.954600106965204587e-01
9.994812589724102470e-01
1.000687633455177084e+00
9.922430120758085614e-01
1.006719505869011932e+00
9.819888289722895625e-01
9.884228262137132459e-01
9.640942741445799324e-01
9.777665182826053014e-01
9.896292006964801935e-01
1.008730130006956882e+00
1.005111006558655928e+00
1.012952440696641032e+00
1.011343941386285250e+00
1.005111006558655928e+00
9.948568234551369294e-01
1.006116318627628292e+00
9.982748844896432994e-01
1.020793874834626136e+00
9.964653227654929335e-01
1.000084446213793665e+00
1.003100382420710979e+00
9.821898913860840352e-01
1.014762002420791509e+00
9.978727596620543538e-01
9.890260134550967752e-01
1.011746066213874196e+00
9.964653227654929335e-01
1.012952440696641032e+00
1.013153503110435505e+00
1.025217247938104981e+00
1.006116318627628292e+00
9.970685100068763518e-01
9.803803296619336693e-01
9.994812589724102470e-01
1.010539691731107137e+00
9.850047651792069869e-01
1.018180063455297768e+00
9.779675806963997742e-01
1.004507819317272510e+00
9.930472617309865635e-01
9.892270758688912480e-01
1.000285508627588138e+00
9.916398248344251432e-01
1.013756690351818923e+00
1.037683117593363402e+00
1.012550315869052087e+00
9.954600106965204587e-01
1.007121630696600878e+00
9.956610731103149314e-01
1.000486571041382611e+00
1.011142878972490555e+00
1.043312865179609084e+00
9.904334503516581956e-01
9.970685100068763518e-01
9.958621355241094042e-01
9.771633310412218831e-01
1.005513131386244874e+00
1.000888695868971556e+00
9.898302631102746663e-01
1.004909944144861456e+00
9.986770093172322449e-01
1.013354565524229978e+00
1.000486571041382611e+00
1.006518443455217460e+00
1.000687633455177084e+00
9.878196389723298276e-01
1.005111006558655928e+00
1.002698257593122033e+00
1.000687633455177084e+00
9.801792672481391966e-01
9.846026403516179304e-01
9.850047651792069869e-01
9.779675806963997742e-01
1.032857619662295612e+00
9.779675806963997742e-01
9.986770093172322449e-01
9.735442075929210404e-01
9.884228262137132459e-01
9.775654558688108287e-01
9.992801965586157742e-01
1.009132254834545828e+00
1.012349253455257614e+00
9.850047651792069869e-01
1.010740754144901610e+00
1.004105694489683565e+00
1.031852307593323026e+00
9.942536362137535111e-01
9.856079524205904052e-01
1.015767314489763873e+00
9.914387624206306704e-01
1.000084446213793665e+00
9.902323879378637228e-01
9.801792672481391966e-01
9.966663851792874063e-01
1.035672493455418453e+00
9.797771424205502511e-01
9.882217637999187732e-01
9.878196389723298276e-01
1.007724817937984296e+00
9.825920162136730918e-01
1.011545003800079723e+00
9.972695724206708245e-01
1.002296132765533088e+00
9.916398248344251432e-01
9.858090148343848780e-01
9.950578858689314021e-01
9.998833837999991925e-01
9.787718303515777762e-01
9.986770093172322449e-01
9.976716972482597701e-01
1.005915256213833819e+00
9.779675806963997742e-01
9.986770093172322449e-01
1.012550315869052087e+00
1.010740754144901610e+00
1.010137566903518191e+00
1.012550315869052087e+00
1.020994937248420609e+00
9.938515113861644545e-01
1.022402374144982140e+00
9.964653227654929335e-01
9.998833837999991925e-01
9.986770093172322449e-01
9.862111396619739345e-01
1.007523755524189824e+00
9.862111396619739345e-01
9.854068900067959325e-01
1.011343941386285250e+00
9.870153893171518256e-01
1.005513131386244874e+00
1.005915256213833819e+00
9.932483241447810363e-01
9.978727596620543538e-01
1.007925880351778769e+00
9.926451369033976180e-01
9.962642603516983497e-01
9.948568234551369294e-01
1.036878867938185289e+00
9.962642603516983497e-01
1.002698257593122033e+00
1.003904632075889092e+00
9.996823213862047197e-01
1.002899320006916506e+00
9.850047651792069869e-01
9.896292006964801935e-01
1.022201311731187667e+00
1.000486571041382611e+00
1.015968376903558346e+00
1.001894007937944142e+00
9.940525737999590383e-01
1.015767314489763873e+00
1.003904632075889092e+00
9.976716972482597701e-01
1.002296132765533088e+00
9.998833837999991925e-01
1.010137566903518191e+00
9.930472617309865635e-01
9.663059606963193549e-01
1.015365189662174927e+00
9.906345127654526683e-01
9.920419496620140887e-01
9.910366375930416138e-01
1.037482055179568929e+00
9.829941410412620373e-01
9.950578858689314021e-01
1.001491883110355197e+00
1.010941816558696082e+00
9.930472617309865635e-01
1.012952440696641032e+00
1.020391750007037190e+00
9.735442075929210404e-01
9.918408872482196159e-01
1.011142878972490555e+00
1.005312068972450401e+00
1.023005561386365558e+00
1.033862931731267976e+00
9.946557610413424566e-01
1.032053370007117721e+00
1.013354565524229978e+00
9.837983906964400393e-01
1.022000249317393195e+00
1.003703569662094619e+00
1.006116318627628292e+00
9.884228262137132459e-01
9.926451369033976180e-01
9.926451369033976180e-01
1.010740754144901610e+00
1.011343941386285250e+00
9.930472617309865635e-01
9.982748844896432994e-01
9.829941410412620373e-01
1.003301444834505451e+00
9.958621355241094042e-01
1.018984313110475659e+00

# time bin value
-1.000000000000000000e+02
-9.900000000000000000e+01
-9.800000000000000000e+01
-9.700000000000000000e+01
-9.600000000000000000e+01
-9.500000000000000000e+01
-9.400000000000000000e+01
-9.300000000000000000e+01
-9.200000000000000000e+01
-9.100000000000000000e+01
-9.000000000000000000e+01
-8.900000000000000000e+01
-8.800000000000000000e+01
-8.700000000000000000e+01
-8.600000000000000000e+01
-8.500000000000000000e+01
-8.400000000000000000e+01
-8.300000000000000000e+01
-8.200000000000000000e+01
-8.100000000000000000e+01
-8.000000000000000000e+01
-7.900000000000000000e+01
-7.800000000000000000e+01
-7.700000000000000000e+01
-7.600000000000000000e+01
-7.500000000000000000e+01
-7.400000000000000000e+01
-7.300000000000000000e+01
-7.200000000000000000e+01
-7.100000000000000000e+01
-7.000000000000000000e+01
-6.900000000000000000e+01
-6.800000000000000000e+01
-6.700000000000000000e+01
-6.600000000000000000e+01
-6.500000000000000000e+01
-6.400000000000000000e+01
-6.300000000000000000e+01
-6.200000000000000000e+01
-6.100000000000000000e+01
-6.000000000000000000e+01
-5.900000000000000000e+01
-5.800000000000000000e+01
-5.700000000000000000e+01
-5.600000000000000000e+01
-5.500000000000000000e+01
-5.400000000000000000e+01
-5.300000000000000000e+01
-5.200000000000000000e+01
-5.100000000000000000e+01
-5.000000000000000000e+01
-4.900000000000000000e+01
-4.800000000000000000e+01
-4.700000000000000000e+01
-4.600000000000000000e+01
-4.500000000000000000e+01
-4.400000000000000000e+01
-4.300000000000000000e+01
-4.200000000000000000e+01
-4.100000000000000000e+01
-4.000000000000000000e+01
-3.900000000000000000e+01
-3.800000000000000000e+01
-3.700000000000000000e+01
-3.600000000000000000e+01
-3.500000000000000000e+01
-3.400000000000000000e+01
-3.300000000000000000e+01
-3.200000000000000000e+01
-3.100000000000000000e+01
-3.000000000000000000e+01
-2.900000000000000000e+01
-2.800000000000000000e+01
-2.700000000000000000e+01
-2.600000000000000000e+01
-2.500000000000000000e+01
-2.400000000000000000e+01
-2.300000000000000000e+01
-2.200000000000000000e+01
-2.100000000000000000e+01
-2.000000000000000000e+01
-1.900000000000000000e+01
-1.800000000000000000e+01
-1.700000000000000000e+01
-1.600000000000000000e+01
-1.500000000000000000e+01
-1.400000000000000000e+01
-1.300000000000000000e+01
-1.200000000000000000e+01
-1.100000000000000000e+01
-1.000000000000000000e+01
-9.000000000000000000e+00
-8.000000000000000000e+00
-7.000000000000000000e+00
-6.000000000000000000e+00
-5.000000000000000000e+00
-4.000000000000000000e+00
-3.000000000000000000e+00
-2.000000000000000000e+00
-1.000000000000000000e+00
0.000000000000000000e+00
1.000000000000000000e+00
2.000000000000000000e+00
3.000000000000000000e+00
4.000000000000000000e+00
5.000000000000000000e+00
6.000000000000000000e+00
7.000000000000000000e+00
8.000000000000000000e+00
9.000000000000000000e+00
1.000000000000000000e+01
1.100000000000000000e+01
1.200000000000000000e+01
1.300000000000000000e+01
1.400000000000000000e+01
1.500000000000000000e+01
1.600000000000000000e+01
1.700000000000000000e+01
1.800000000000000000e+01
1.900000000000000000e+01
2.000000000000000000e+01
2.100000000000000000e+01
2.200000000000000000e+01
2.300000000000000000e+01
2.400000000000000000e+01
2.500000000000000000e+01
2.600000000000000000e+01
2.700000000000000000e+01
2.800000000000000000e+01
2.900000000000000000e+01
3.000000000000000000e+01
3.100000000000000000e+01
3.200000000000000000e+01
3.300000000000000000e+01
3.400000000000000000e+01
3.500000000000000000e+01
3.600000000000000000e+01
3.700000000000000000e+01
3.800000000000000000e+01
3.900000000000000000e+01
4.000000000000000000e+01
4.100000000000000000e+01
4.200000000000000000e+01
4.300000000000000000e+01
4.400000000000000000e+01
4.500000000000000000e+01
4.600000000000000000e+01
4.700000000000000000e+01
4.800000000000000000e+01
4.900000000000000000e+01
5.000000000000000000e+01
5.100000000000000000e+01
5.200000000000000000e+01
5.300000000000000000e+01
5.400000000000000000e+01
5.500000000000000000e+01
5.600000000000000000e+01
5.700000000000000000e+01
5.800000000000000000e+01
5.900000000000000000e+01
6.000000000000000000e+01
6.100000000000000000e+01
6.200000000000000000e+01
6.300000000000000000e+01
6.400000000000000000e+01
6.500000000000000000e+01
6.600000000000000000e+01
6.700000000000000000e+01
6.800000000000000000e+01
6.900000000000000000e+01
7.000000000000000000e+01
7.100000000000000000e+01
7.200000000000000000e+01
7.300000000000000000e+01
7.400000000000000000e+01
7.500000000000000000e+01
7.600000000000000000e+01
7.700000000000000000e+01
7.800000000000000000e+01
7.900000000000000000e+01
8.000000000000000000e+01
8.100000000000000000e+01
8.200000000000000000e+01
8.300000000000000000e+01
8.400000000000000000e+01
8.500000000000000000e+01
8.600000000000000000e+01
8.700000000000000000e+01
8.800000000000000000e+01
8.900000000000000000e+01
9.000000000000000000e+01
9.100000000000000000e+01
9.200000000000000000e+01
9.300000000000000000e+01
9.400000000000000000e+01
9.500000000000000000e+01
9.600000000000000000e+01
9.700000000000000000e+01
9.800000000000000000e+01
9.900000000000000000e+01
