single photon fraction:    0.0000
laser fraction:    1.0000
thermal source fraction:    0.0000
non-detected fraction:    0.0000
number of bins:  200.0000
bin width (ns):    1.0000
average detection events per bin: 5000.0000

# binary result
0.000000000000000000e+00

# g2 signal
9.826992678990934538e-01
9.919434736911912909e-01
1.005206899392896869e+00
1.006814587356740009e+00
1.001991523465210587e+00
9.768713990301621797e-01
9.965655765872400984e-01
9.991780695284852021e-01
9.742589060889171870e-01
9.899338637363873650e-01
9.764694770392013945e-01
9.768713990301621797e-01
1.001991523465210587e+00
9.826992678990934538e-01
1.014049183194033921e+00
1.016058793148837625e+00
9.989771085330048095e-01
1.010230924279906572e+00
9.969674985782008836e-01
9.935511616550343206e-01
9.953598106143578539e-01
9.768713990301621797e-01
1.021484740026808113e+00
9.796848529668876759e-01
1.005809782379337936e+00
1.025302998940935462e+00
9.895319417454265798e-01
9.975703815646420614e-01
9.943550056369558909e-01
1.014451105184994706e+00
1.016460715139798410e+00
1.016862637130759195e+00
1.028518374868621743e+00
1.020479935049406262e+00
1.020680896044886543e+00
9.800867749578483501e-01
9.897329027409069724e-01
1.000383835501367447e+00
1.013245339212112350e+00
1.010431885275386854e+00
1.012441495230190780e+00
1.009025158307024217e+00
9.985751865420440243e-01
1.016460715139798410e+00
9.728521791205544389e-01
1.001187679483289017e+00
1.025905881927376750e+00
9.981732645510832391e-01
9.987761475375244169e-01
9.955607716098382465e-01
9.961636545962794242e-01
1.015656871157876839e+00
9.869194488041815871e-01
9.925463566776323576e-01
9.943550056369558909e-01
1.004202094415494795e+00
9.993790305239655947e-01
9.808906189397699205e-01
9.808906189397699205e-01
9.909386687137893279e-01
9.981732645510832391e-01
9.702396861793094462e-01
9.826992678990934538e-01
9.997809525149263798e-01
1.004001133420014513e+00
1.019676091067484691e+00
9.983742255465636317e-01
9.909386687137893279e-01
1.021484740026808113e+00
1.024901076949974676e+00
1.006814587356740009e+00
1.017465520117200484e+00
1.008824197311543713e+00
9.865175268132208020e-01
1.023896271972572825e+00
1.014652066180474987e+00
1.010230924279906572e+00
9.911396297092697205e-01
9.965655765872400984e-01
1.007015548352220291e+00
1.025503959936415965e+00
1.016259754144318128e+00
9.863165658177404094e-01
9.839050338719758093e-01
1.027714530886700173e+00
1.012039573239229995e+00
9.937521226505147132e-01
1.017465520117200484e+00
1.020479935049406262e+00
1.009628041293465284e+00
1.018872247085563121e+00
9.989771085330048095e-01
1.014853027175955491e+00
1.000383835501367447e+00
1.001991523465210587e+00
9.923453956821520761e-01
9.784790869940053204e-01
1.026307803918337536e+00
1.021886662017768899e+00
9.690339202064270907e-01
9.947569276279166761e-01
9.953598106143578539e-01
1.005809782379337936e+00
1.004202094415494795e+00
1.014652066180474987e+00
9.983742255465636317e-01
9.871204097996619797e-01
9.923453956821520761e-01
1.020278974053925758e+00
9.999819135104067724e-01
1.010230924279906572e+00
9.921444346866716835e-01
1.006814587356740009e+00
1.003398250433573224e+00
9.979723035556028465e-01
1.004001133420014513e+00
9.915415517002305057e-01
9.879242537815835501e-01
1.016259754144318128e+00
1.015254949166916054e+00
1.003800172424534010e+00
9.883261757725442243e-01
9.601916364052900388e-01
9.981732645510832391e-01
1.014250144189514202e+00
9.979723035556028465e-01
9.814935019262110982e-01
1.018872247085563121e+00
1.002393445456171372e+00
9.913405907047501131e-01
9.999819135104067724e-01
9.961636545962794242e-01
1.019274169076523906e+00
1.006412665365779224e+00
1.011637651248269210e+00
1.001187679483289017e+00
1.001991523465210587e+00
9.899338637363873650e-01
9.863165658177404094e-01
1.002795367447132158e+00
9.690339202064270907e-01
1.002996328442612439e+00
9.989771085330048095e-01
9.684310372199859129e-01
9.917425126957108983e-01
9.835031118810150241e-01
9.923453956821520761e-01
1.004001133420014513e+00
9.873213707951423723e-01
1.002795367447132158e+00
9.907377077183089353e-01
1.010230924279906572e+00
9.981732645510832391e-01
9.806896579442895279e-01
9.831011898900542390e-01
1.006010743374818439e+00
9.766704380346817871e-01
9.893309807499461872e-01
1.007417470343181076e+00
9.847088778538972687e-01
1.015857832153357343e+00
1.007417470343181076e+00
9.939530836459951058e-01
9.901348247318677576e-01
9.983742255465636317e-01
1.021283779031327832e+00
1.008824197311543713e+00
9.766704380346817871e-01
1.016058793148837625e+00
9.977713425601224539e-01
1.000182874505887165e+00
1.001589601474249802e+00
1.004202094415494795e+00
9.833021508855346315e-01
1.011838612243749491e+00
1.008824197311543713e+00
1.013245339212112350e+00
1.023092427990651254e+00
9.822973459081326686e-01
9.885271367680246168e-01
9.987761475375244169e-01
1.000986718487808735e+00
1.000584796496847950e+00
9.780771650030445352e-01
1.006613626361259506e+00
9.913405907047501131e-01
1.012240534234710276e+00
9.947569276279166761e-01
9.985751865420440243e-01
9.726512181250740463e-01
1.014451105184994706e+00
9.786800479894857130e-01
9.859146438267796242e-01
9.772733210211229649e-01
1.005608821383857654e+00
9.929482786685931428e-01
1.015455910162396558e+00
1.014853027175955491e+00
1.011838612243749491e+00
9.754646720617995426e-01

# time bin value
-1.000000000000000000e+02
-9.900000000000000000e+01
-9.800000000000000000e+01
-9.700000000000000000e+01
-9.600000000000000000e+01
-9.500000000000000000e+01
-9.400000000000000000e+01
-9.300000000000000000e+01
-9.200000000000000000e+01
-9.100000000000000000e+01
-9.000000000000000000e+01
-8.900000000000000000e+01
-8.800000000000000000e+01
-8.700000000000000000e+01
-8.600000000000000000e+01
-8.500000000000000000e+01
-8.400000000000000000e+01
-8.300000000000000000e+01
-8.200000000000000000e+01
-8.100000000000000000e+01
-8.000000000000000000e+01
-7.900000000000000000e+01
-7.800000000000000000e+01
-7.700000000000000000e+01
-7.600000000000000000e+01
-7.500000000000000000e+01
-7.400000000000000000e+01
-7.300000000000000000e+01
-7.200000000000000000e+01
-7.100000000000000000e+01
-7.000000000000000000e+01
-6.900000000000000000e+01
-6.800000000000000000e+01
-6.700000000000000000e+01
-6.600000000000000000e+01
-6.500000000000000000e+01
-6.400000000000000000e+01
-6.300000000000000000e+01
-6.200000000000000000e+01
-6.100000000000000000e+01
-6.000000000000000000e+01
-5.900000000000000000e+01
-5.800000000000000000e+01
-5.700000000000000000e+01
-5.600000000000000000e+01
-5.500000000000000000e+01
-5.400000000000000000e+01
-5.300000000000000000e+01
-5.200000000000000000e+01
-5.100000000000000000e+01
-5.000000000000000000e+01
-4.900000000000000000e+01
-4.800000000000000000e+01
-4.700000000000000000e+01
-4.600000000000000000e+01
-4.500000000000000000e+01
-4.400000000000000000e+01
-4.300000000000000000e+01
-4.200000000000000000e+01
-4.100000000000000000e+01
-4.000000000000000000e+01
-3.900000000000000000e+01
-3.800000000000000000e+01
-3.700000000000000000e+01
-3.600000000000000000e+01
-3.500000000000000000e+01
-3.400000000000000000e+01
-3.300000000000000000e+01
-3.200000000000000000e+01
-3.100000000000000000e+01
-3.000000000000000000e+01
-2.900000000000000000e+01
-2.800000000000000000e+01
-2.700000000000000000e+01
-2.600000000000000000e+01
-2.500000000000000000e+01
-2.400000000000000000e+01
-2.300000000000000000e+01
-2.200000000000000000e+01
-2.100000000000000000e+01
-2.000000000000000000e+01
-1.900000000000000000e+01
-1.800000000000000000e+01
-1.700000000000000000e+01
-1.600000000000000000e+01
-1.500000000000000000e+01
-1.400000000000000000e+01
-1.300000000000000000e+01
-1.200000000000000000e+01
-1.100000000000000000e+01
-1.000000000000000000e+01
-9.000000000000000000e+00
-8.000000000000000000e+00
-7.000000000000000000e+00
-6.000000000000000000e+00
-5.000000000000000000e+00
-4.000000000000000000e+00
-3.000000000000000000e+00
-2.000000000000000000e+00
-1.000000000000000000e+00
0.000000000000000000e+00
1.000000000000000000e+00
2.000000000000000000e+00
3.000000000000000000e+00
4.000000000000000000e+00
5.000000000000000000e+00
6.000000000000000000e+00
7.000000000000000000e+00
8.000000000000000000e+00
9.000000000000000000e+00
1.000000000000000000e+01
1.100000000000000000e+01
1.200000000000000000e+01
1.300000000000000000e+01
1.400000000000000000e+01
1.500000000000000000e+01
1.600000000000000000e+01
1.700000000000000000e+01
1.800000000000000000e+01
1.900000000000000000e+01
2.000000000000000000e+01
2.100000000000000000e+01
2.200000000000000000e+01
2.300000000000000000e+01
2.400000000000000000e+01
2.500000000000000000e+01
2.600000000000000000e+01
2.700000000000000000e+01
2.800000000000000000e+01
2.900000000000000000e+01
3.000000000000000000e+01
3.100000000000000000e+01
3.200000000000000000e+01
3.300000000000000000e+01
3.400000000000000000e+01
3.500000000000000000e+01
3.600000000000000000e+01
3.700000000000000000e+01
3.800000000000000000e+01
3.900000000000000000e+01
4.000000000000000000e+01
4.100000000000000000e+01
4.200000000000000000e+01
4.300000000000000000e+01
4.400000000000000000e+01
4.500000000000000000e+01
4.600000000000000000e+01
4.700000000000000000e+01
4.800000000000000000e+01
4.900000000000000000e+01
5.000000000000000000e+01
5.100000000000000000e+01
5.200000000000000000e+01
5.300000000000000000e+01
5.400000000000000000e+01
5.500000000000000000e+01
5.600000000000000000e+01
5.700000000000000000e+01
5.800000000000000000e+01
5.900000000000000000e+01
6.000000000000000000e+01
6.100000000000000000e+01
6.200000000000000000e+01
6.300000000000000000e+01
6.400000000000000000e+01
6.500000000000000000e+01
6.600000000000000000e+01
6.700000000000000000e+01
6.800000000000000000e+01
6.900000000000000000e+01
7.000000000000000000e+01
7.100000000000000000e+01
7.200000000000000000e+01
7.300000000000000000e+01
7.400000000000000000e+01
7.500000000000000000e+01
7.600000000000000000e+01
7.700000000000000000e+01
7.800000000000000000e+01
7.900000000000000000e+01
8.000000000000000000e+01
8.100000000000000000e+01
8.200000000000000000e+01
8.300000000000000000e+01
8.400000000000000000e+01
8.500000000000000000e+01
8.600000000000000000e+01
8.700000000000000000e+01
8.800000000000000000e+01
8.900000000000000000e+01
9.000000000000000000e+01
9.100000000000000000e+01
9.200000000000000000e+01
9.300000000000000000e+01
9.400000000000000000e+01
9.500000000000000000e+01
9.600000000000000000e+01
9.700000000000000000e+01
9.800000000000000000e+01
9.900000000000000000e+01
