single photon fraction:    0.0000
laser fraction:    1.0000
thermal source fraction:    0.0000
non-detected fraction:    0.0000
number of bins:  200.0000
bin width (ns):    1.0000
average detection events per bin: 5000.0000

# binary result
0.000000000000000000e+00

# g2 signal
1.015441839042292793e+00
9.716589432924470637e-01
1.003793178705177924e+00
9.935503911673699839e-01
1.017651067726917935e+00
9.879268999701420473e-01
1.024479592752123303e+00
9.945545860240178060e-01
9.971654926513021655e-01
1.007006602246450999e+00
1.018454423612236370e+00
1.033517346461953812e+00
1.020061135382872797e+00
9.909394845400855134e-01
1.006604924303791782e+00
1.006404085332462284e+00
1.005600729447144071e+00
9.985713654506090942e-01
1.012830932415008434e+00
9.812992139162662886e-01
9.927470352820516597e-01
9.829059256869028260e-01
9.937512301386994817e-01
9.979688485366203787e-01
9.756757227190384629e-01
1.000178077221245632e+00
1.009215830931076141e+00
9.895336117407785848e-01
1.017450228755588437e+00
1.007809958131769212e+00
1.007809958131769212e+00
9.875252220274829407e-01
1.002387305905870996e+00
9.756757227190384629e-01
1.004194856647836920e+00
9.953579419093360192e-01
9.893327727694489759e-01
1.009215830931076141e+00
1.022672042010157156e+00
1.005399890475814351e+00
9.969646536799725567e-01
9.965629757373134501e-01
1.007609119160439715e+00
1.035525736175249456e+00
9.989730433932683118e-01
1.009014991959746643e+00
1.002989822819859711e+00
9.682446807798444910e-01
1.016847711841599722e+00
9.937512301386994817e-01
9.859185102568464032e-01
9.921445183680629443e-01
9.899352896834376914e-01
9.859185102568464032e-01
9.686463587225035976e-01
9.831067646582324349e-01
9.853159933428576878e-01
9.889310948267898693e-01
1.032513151605306101e+00
9.843117984862098657e-01
9.949562639666769126e-01
1.029500567035362524e+00
1.016245194927611006e+00
1.020663652296861512e+00
9.915420014540742288e-01
9.937512301386994817e-01
9.951571029380065214e-01
9.806966970022775731e-01
1.002588144877200493e+00
1.009416669902405861e+00
1.005399890475814351e+00
1.001985627963211778e+00
1.017450228755588437e+00
1.016245194927611006e+00
1.036931608974556607e+00
1.004596534590496137e+00
9.987722044219387030e-01
9.957596198519951258e-01
9.985713654506090942e-01
1.000981433106563845e+00
1.000579755163904849e+00
1.004596534590496137e+00
1.001182272077893565e+00
9.949562639666769126e-01
1.009014991959746643e+00
9.939520691100290906e-01
1.024479592752123303e+00
1.011023381673042287e+00
9.782866293463228224e-01
1.001182272077893565e+00
1.008814152988417145e+00
9.839101205435506481e-01
9.714581043211175659e-01
1.043559295028432254e+00
9.752740447763793563e-01
1.006002407389803066e+00
9.919436793967334465e-01
1.005199051504484853e+00
9.845126374575393635e-01
9.825042477442437194e-01
9.748723668337201387e-01
9.915420014540742288e-01
1.002989822819859711e+00
1.003592339733848204e+00
1.000981433106563845e+00
9.690480366651627042e-01
9.738681719770723166e-01
9.808975359736071820e-01
9.871235440848238341e-01
9.943537470526881972e-01
9.887302558554603715e-01
1.030906439834669452e+00
1.014437644185644860e+00
1.025684626580100733e+00
9.748723668337201387e-01
9.947554249953473038e-01
1.018856101554895366e+00
9.941529080813585884e-01
1.004596534590496137e+00
9.941529080813585884e-01
9.955587808806656280e-01
9.873243830561533319e-01
1.003391500762518707e+00
9.879268999701420473e-01
9.923453573393925531e-01
9.991738823645978096e-01
9.933495521960403751e-01
9.865210271708351186e-01
1.001985627963211778e+00
9.933495521960403751e-01
9.899352896834376914e-01
1.011023381673042287e+00
1.008412475045757928e+00
1.000378916192575129e+00
1.002186466934541276e+00
9.993747213359274184e-01
1.012429254472349216e+00
1.016847711841599722e+00
1.016847711841599722e+00
9.961612977946543435e-01
9.931487132247107663e-01
9.865210271708351186e-01
1.013232610357667651e+00
9.975671705939612721e-01
1.025684626580100733e+00
9.891319337981194781e-01
9.933495521960403751e-01
9.927470352820516597e-01
1.015040161099633576e+00
1.000378916192575129e+00
9.899352896834376914e-01
9.927470352820516597e-01
9.895336117407785848e-01
9.867218661421646164e-01
1.017851906698247655e+00
9.666379690092079535e-01
9.905378065974264068e-01
9.997763992785865250e-01
1.013232610357667651e+00
9.646295792959121984e-01
1.004797373561825635e+00
1.010019186816394354e+00
1.004194856647836920e+00
9.943537470526881972e-01
9.806966970022775731e-01
9.853159933428576878e-01
1.000579755163904849e+00
1.001583950020552560e+00
9.943537470526881972e-01
1.014839322128304078e+00
9.919436793967334465e-01
9.999772382499161338e-01
1.002588144877200493e+00
9.963621367659838413e-01
9.933495521960403751e-01
9.935503911673699839e-01
9.835084426008915415e-01
1.015843516984952011e+00
1.008211636074428430e+00
1.020864491268191010e+00
9.887302558554603715e-01
9.672404859231965579e-01
1.016044355956281509e+00
9.796925021456297511e-01
1.000780594135234347e+00
1.027893855264725875e+00
9.869227051134942252e-01
1.006805763275121279e+00
9.981696875079499875e-01
1.018253584640906650e+00
1.023274558924145872e+00
9.895336117407785848e-01
9.819017308302550040e-01
9.933495521960403751e-01
1.004395695619166640e+00
9.943537470526881972e-01
1.010822542701712790e+00
9.863201881995055098e-01
1.005600729447144071e+00
9.668388079805374513e-01

# time bin value
-1.000000000000000000e+02
-9.900000000000000000e+01
-9.800000000000000000e+01
-9.700000000000000000e+01
-9.600000000000000000e+01
-9.500000000000000000e+01
-9.400000000000000000e+01
-9.300000000000000000e+01
-9.200000000000000000e+01
-9.100000000000000000e+01
-9.000000000000000000e+01
-8.900000000000000000e+01
-8.800000000000000000e+01
-8.700000000000000000e+01
-8.600000000000000000e+01
-8.500000000000000000e+01
-8.400000000000000000e+01
-8.300000000000000000e+01
-8.200000000000000000e+01
-8.100000000000000000e+01
-8.000000000000000000e+01
-7.900000000000000000e+01
-7.800000000000000000e+01
-7.700000000000000000e+01
-7.600000000000000000e+01
-7.500000000000000000e+01
-7.400000000000000000e+01
-7.300000000000000000e+01
-7.200000000000000000e+01
-7.100000000000000000e+01
-7.000000000000000000e+01
-6.900000000000000000e+01
-6.800000000000000000e+01
-6.700000000000000000e+01
-6.600000000000000000e+01
-6.500000000000000000e+01
-6.400000000000000000e+01
-6.300000000000000000e+01
-6.200000000000000000e+01
-6.100000000000000000e+01
-6.000000000000000000e+01
-5.900000000000000000e+01
-5.800000000000000000e+01
-5.700000000000000000e+01
-5.600000000000000000e+01
-5.500000000000000000e+01
-5.400000000000000000e+01
-5.300000000000000000e+01
-5.200000000000000000e+01
-5.100000000000000000e+01
-5.000000000000000000e+01
-4.900000000000000000e+01
-4.800000000000000000e+01
-4.700000000000000000e+01
-4.600000000000000000e+01
-4.500000000000000000e+01
-4.400000000000000000e+01
-4.300000000000000000e+01
-4.200000000000000000e+01
-4.100000000000000000e+01
-4.000000000000000000e+01
-3.900000000000000000e+01
-3.800000000000000000e+01
-3.700000000000000000e+01
-3.600000000000000000e+01
-3.500000000000000000e+01
-3.400000000000000000e+01
-3.300000000000000000e+01
-3.200000000000000000e+01
-3.100000000000000000e+01
-3.000000000000000000e+01
-2.900000000000000000e+01
-2.800000000000000000e+01
-2.700000000000000000e+01
-2.600000000000000000e+01
-2.500000000000000000e+01
-2.400000000000000000e+01
-2.300000000000000000e+01
-2.200000000000000000e+01
-2.100000000000000000e+01
-2.000000000000000000e+01
-1.900000000000000000e+01
-1.800000000000000000e+01
-1.700000000000000000e+01
-1.600000000000000000e+01
-1.500000000000000000e+01
-1.400000000000000000e+01
-1.300000000000000000e+01
-1.200000000000000000e+01
-1.100000000000000000e+01
-1.000000000000000000e+01
-9.000000000000000000e+00
-8.000000000000000000e+00
-7.000000000000000000e+00
-6.000000000000000000e+00
-5.000000000000000000e+00
-4.000000000000000000e+00
-3.000000000000000000e+00
-2.000000000000000000e+00
-1.000000000000000000e+00
0.000000000000000000e+00
1.000000000000000000e+00
2.000000000000000000e+00
3.000000000000000000e+00
4.000000000000000000e+00
5.000000000000000000e+00
6.000000000000000000e+00
7.000000000000000000e+00
8.000000000000000000e+00
9.000000000000000000e+00
1.000000000000000000e+01
1.100000000000000000e+01
1.200000000000000000e+01
1.300000000000000000e+01
1.400000000000000000e+01
1.500000000000000000e+01
1.600000000000000000e+01
1.700000000000000000e+01
1.800000000000000000e+01
1.900000000000000000e+01
2.000000000000000000e+01
2.100000000000000000e+01
2.200000000000000000e+01
2.300000000000000000e+01
2.400000000000000000e+01
2.500000000000000000e+01
2.600000000000000000e+01
2.700000000000000000e+01
2.800000000000000000e+01
2.900000000000000000e+01
3.000000000000000000e+01
3.100000000000000000e+01
3.200000000000000000e+01
3.300000000000000000e+01
3.400000000000000000e+01
3.500000000000000000e+01
3.600000000000000000e+01
3.700000000000000000e+01
3.800000000000000000e+01
3.900000000000000000e+01
4.000000000000000000e+01
4.100000000000000000e+01
4.200000000000000000e+01
4.300000000000000000e+01
4.400000000000000000e+01
4.500000000000000000e+01
4.600000000000000000e+01
4.700000000000000000e+01
4.800000000000000000e+01
4.900000000000000000e+01
5.000000000000000000e+01
5.100000000000000000e+01
5.200000000000000000e+01
5.300000000000000000e+01
5.400000000000000000e+01
5.500000000000000000e+01
5.600000000000000000e+01
5.700000000000000000e+01
5.800000000000000000e+01
5.900000000000000000e+01
6.000000000000000000e+01
6.100000000000000000e+01
6.200000000000000000e+01
6.300000000000000000e+01
6.400000000000000000e+01
6.500000000000000000e+01
6.600000000000000000e+01
6.700000000000000000e+01
6.800000000000000000e+01
6.900000000000000000e+01
7.000000000000000000e+01
7.100000000000000000e+01
7.200000000000000000e+01
7.300000000000000000e+01
7.400000000000000000e+01
7.500000000000000000e+01
7.600000000000000000e+01
7.700000000000000000e+01
7.800000000000000000e+01
7.900000000000000000e+01
8.000000000000000000e+01
8.100000000000000000e+01
8.200000000000000000e+01
8.300000000000000000e+01
8.400000000000000000e+01
8.500000000000000000e+01
8.600000000000000000e+01
8.700000000000000000e+01
8.800000000000000000e+01
8.900000000000000000e+01
9.000000000000000000e+01
9.100000000000000000e+01
9.200000000000000000e+01
9.300000000000000000e+01
9.400000000000000000e+01
9.500000000000000000e+01
9.600000000000000000e+01
9.700000000000000000e+01
9.800000000000000000e+01
9.900000000000000000e+01
