single photon fraction:    0.0000
laser fraction:    1.0000
thermal source fraction:    0.0000
non-detected fraction:    0.0000
number of bins:  200.0000
bin width (ns):    1.0000
average detection events per bin: 5000.0000

# binary result
0.000000000000000000e+00

# g2 signal
1.003292693063625673e+00
1.000678380574183457e+00
1.019179668961005092e+00
1.016565356471562875e+00
9.902211306164145910e-01
1.012141135335583808e+00
9.932376450273094903e-01
9.970585632811095333e-01
1.009124620924688909e+00
9.958519575167515958e-01
1.014755447825026025e+00
1.007515813238878399e+00
1.009325721885415250e+00
9.892156258127829949e-01
9.974607652025622162e-01
1.002086087299267625e+00
1.001080582495636140e+00
9.837858998731722204e-01
9.956508565560253654e-01
9.857969094804355237e-01
9.942431498309410864e-01
9.841881017946249033e-01
9.926343421451304661e-01
9.930365440665831489e-01
9.859980104411618651e-01
1.002488289220720308e+00
1.003694894985078134e+00
9.878079190876987159e-01
9.771495681692036195e-01
1.006912510356699375e+00
9.990695728883728366e-01
1.033860039094026684e+00
1.000678380574183457e+00
1.008923519963962567e+00
9.868024142840671198e-01
9.717198422295928451e-01
9.890145248520566534e-01
9.970585632811095333e-01
1.000276178652730774e+00
9.570394720965712532e-01
9.994717748098254084e-01
1.015157649746478707e+00
1.018978568000278750e+00
1.005303702670888866e+00
9.823781931480880525e-01
1.010331226689046957e+00
1.016967558393015558e+00
9.964552603989306201e-01
9.942431498309410864e-01
9.996728757705517499e-01
1.001683885377814942e+00
1.013749943021394317e+00
9.974607652025622162e-01
9.866013133233407784e-01
1.015358750707205049e+00
9.753396595226666577e-01
1.014353245903573342e+00
1.001683885377814942e+00
1.001482784417088601e+00
1.003091592102899332e+00
1.004097096906530817e+00
9.777528710513825327e-01
1.027223707390058083e+00
9.801660825800984078e-01
1.018777467039552409e+00
1.010532327649773299e+00
9.920310392629515528e-01
1.009526822846141592e+00
1.008521318042509884e+00
1.009727923806867933e+00
9.908244334985936153e-01
1.004901500749436183e+00
9.986673709669201537e-01
9.880090200484250573e-01
9.747363566404877444e-01
9.998739767312780913e-01
1.001683885377814942e+00
9.934387459880357207e-01
9.709154383866875904e-01
1.001482784417088601e+00
1.016766457432289217e+00
9.912266354200461871e-01
1.001884986338541284e+00
1.011135630531952101e+00
9.807693854622774321e-01
9.851936065982564994e-01
9.976618661632885576e-01
1.016967558393015558e+00
9.916288373414988699e-01
1.023804991057710501e+00
1.014554346864299683e+00
9.896178277342356777e-01
9.892156258127829949e-01
1.012141135335583808e+00
1.023402789136257818e+00
1.001281683456362259e+00
9.994717748098254084e-01
9.902211306164145910e-01
1.020185173764636799e+00
1.015962053589383851e+00
9.872046162055198026e-01
9.946453517523936583e-01
9.984662700061938123e-01
9.900200296556882495e-01
1.009526822846141592e+00
9.829814960302669657e-01
1.000477279613457116e+00
1.010934529571225760e+00
1.029636918918773958e+00
9.946453517523936583e-01
1.005705904592341549e+00
1.003694894985078134e+00
1.010130125728320616e+00
1.000075077692004433e+00
1.021793981450447308e+00
9.841881017946249033e-01
1.015760952628657732e+00
1.000477279613457116e+00
9.924332411844041246e-01
9.968574623203833029e-01
9.928354431058568075e-01
1.005504803631615207e+00
9.853947075589828408e-01
1.002488289220720308e+00
9.735297508761298069e-01
9.994717748098254084e-01
1.013749943021394317e+00
1.038284260230005751e+00
1.011135630531952101e+00
1.007918015160331082e+00
9.952486546345726826e-01
1.002287188259993966e+00
9.968574623203833029e-01
9.801660825800984078e-01
9.861991114018880955e-01
1.001884986338541284e+00
9.948464527131199997e-01
1.015962053589383851e+00
1.007918015160331082e+00
1.007314712278152058e+00
1.014554346864299683e+00
1.012141135335583808e+00
9.978629671240148991e-01
9.711165393474139318e-01
1.004700399788709841e+00
9.952486546345726826e-01
1.009727923806867933e+00
9.976618661632885576e-01
9.942431498309410864e-01
1.005504803631615207e+00
1.021190678568268284e+00
1.002890491142172991e+00
9.994717748098254084e-01
1.002488289220720308e+00
1.017771962235920924e+00
1.021995082411173650e+00
1.001080582495636140e+00
9.666923182114347535e-01
1.006510308435246692e+00
1.006510308435246692e+00
1.013951043982120659e+00
1.015157649746478707e+00
1.001482784417088601e+00
1.009124620924688909e+00
1.003694894985078134e+00
1.018174164157373607e+00
9.880090200484250573e-01
1.021391779528994626e+00
9.928354431058568075e-01
9.644802076434452198e-01
1.014755447825026025e+00
1.023201688175531476e+00
1.000477279613457116e+00
9.864002123626144369e-01
9.550284624893080609e-01
9.930365440665831489e-01
9.960530584774779372e-01
1.000477279613457116e+00
9.954497555952990240e-01
1.008923519963962567e+00
9.715187412688665036e-01
9.964552603989306201e-01
1.013548842060667976e+00
1.008722419003236226e+00
9.988684719276464952e-01
9.964552603989306201e-01
1.021793981450447308e+00
1.000075077692004433e+00
9.966563613596569615e-01
1.013548842060667976e+00
1.023402789136257818e+00
9.944442507916674279e-01
1.021995082411173650e+00
9.872046162055198026e-01
9.986673709669201537e-01
9.944442507916674279e-01
9.614636932325504315e-01
1.029838019879500299e+00
9.934387459880357207e-01
1.023804991057710501e+00

# time bin value
-1.000000000000000000e+02
-9.900000000000000000e+01
-9.800000000000000000e+01
-9.700000000000000000e+01
-9.600000000000000000e+01
-9.500000000000000000e+01
-9.400000000000000000e+01
-9.300000000000000000e+01
-9.200000000000000000e+01
-9.100000000000000000e+01
-9.000000000000000000e+01
-8.900000000000000000e+01
-8.800000000000000000e+01
-8.700000000000000000e+01
-8.600000000000000000e+01
-8.500000000000000000e+01
-8.400000000000000000e+01
-8.300000000000000000e+01
-8.200000000000000000e+01
-8.100000000000000000e+01
-8.000000000000000000e+01
-7.900000000000000000e+01
-7.800000000000000000e+01
-7.700000000000000000e+01
-7.600000000000000000e+01
-7.500000000000000000e+01
-7.400000000000000000e+01
-7.300000000000000000e+01
-7.200000000000000000e+01
-7.100000000000000000e+01
-7.000000000000000000e+01
-6.900000000000000000e+01
-6.800000000000000000e+01
-6.700000000000000000e+01
-6.600000000000000000e+01
-6.500000000000000000e+01
-6.400000000000000000e+01
-6.300000000000000000e+01
-6.200000000000000000e+01
-6.100000000000000000e+01
-6.000000000000000000e+01
-5.900000000000000000e+01
-5.800000000000000000e+01
-5.700000000000000000e+01
-5.600000000000000000e+01
-5.500000000000000000e+01
-5.400000000000000000e+01
-5.300000000000000000e+01
-5.200000000000000000e+01
-5.100000000000000000e+01
-5.000000000000000000e+01
-4.900000000000000000e+01
-4.800000000000000000e+01
-4.700000000000000000e+01
-4.600000000000000000e+01
-4.500000000000000000e+01
-4.400000000000000000e+01
-4.300000000000000000e+01
-4.200000000000000000e+01
-4.100000000000000000e+01
-4.000000000000000000e+01
-3.900000000000000000e+01
-3.800000000000000000e+01
-3.700000000000000000e+01
-3.600000000000000000e+01
-3.500000000000000000e+01
-3.400000000000000000e+01
-3.300000000000000000e+01
-3.200000000000000000e+01
-3.100000000000000000e+01
-3.000000000000000000e+01
-2.900000000000000000e+01
-2.800000000000000000e+01
-2.700000000000000000e+01
-2.600000000000000000e+01
-2.500000000000000000e+01
-2.400000000000000000e+01
-2.300000000000000000e+01
-2.200000000000000000e+01
-2.100000000000000000e+01
-2.000000000000000000e+01
-1.900000000000000000e+01
-1.800000000000000000e+01
-1.700000000000000000e+01
-1.600000000000000000e+01
-1.500000000000000000e+01
-1.400000000000000000e+01
-1.300000000000000000e+01
-1.200000000000000000e+01
-1.100000000000000000e+01
-1.000000000000000000e+01
-9.000000000000000000e+00
-8.000000000000000000e+00
-7.000000000000000000e+00
-6.000000000000000000e+00
-5.000000000000000000e+00
-4.000000000000000000e+00
-3.000000000000000000e+00
-2.000000000000000000e+00
-1.000000000000000000e+00
0.000000000000000000e+00
1.000000000000000000e+00
2.000000000000000000e+00
3.000000000000000000e+00
4.000000000000000000e+00
5.000000000000000000e+00
6.000000000000000000e+00
7.000000000000000000e+00
8.000000000000000000e+00
9.000000000000000000e+00
1.000000000000000000e+01
1.100000000000000000e+01
1.200000000000000000e+01
1.300000000000000000e+01
1.400000000000000000e+01
1.500000000000000000e+01
1.600000000000000000e+01
1.700000000000000000e+01
1.800000000000000000e+01
1.900000000000000000e+01
2.000000000000000000e+01
2.100000000000000000e+01
2.200000000000000000e+01
2.300000000000000000e+01
2.400000000000000000e+01
2.500000000000000000e+01
2.600000000000000000e+01
2.700000000000000000e+01
2.800000000000000000e+01
2.900000000000000000e+01
3.000000000000000000e+01
3.100000000000000000e+01
3.200000000000000000e+01
3.300000000000000000e+01
3.400000000000000000e+01
3.500000000000000000e+01
3.600000000000000000e+01
3.700000000000000000e+01
3.800000000000000000e+01
3.900000000000000000e+01
4.000000000000000000e+01
4.100000000000000000e+01
4.200000000000000000e+01
4.300000000000000000e+01
4.400000000000000000e+01
4.500000000000000000e+01
4.600000000000000000e+01
4.700000000000000000e+01
4.800000000000000000e+01
4.900000000000000000e+01
5.000000000000000000e+01
5.100000000000000000e+01
5.200000000000000000e+01
5.300000000000000000e+01
5.400000000000000000e+01
5.500000000000000000e+01
5.600000000000000000e+01
5.700000000000000000e+01
5.800000000000000000e+01
5.900000000000000000e+01
6.000000000000000000e+01
6.100000000000000000e+01
6.200000000000000000e+01
6.300000000000000000e+01
6.400000000000000000e+01
6.500000000000000000e+01
6.600000000000000000e+01
6.700000000000000000e+01
6.800000000000000000e+01
6.900000000000000000e+01
7.000000000000000000e+01
7.100000000000000000e+01
7.200000000000000000e+01
7.300000000000000000e+01
7.400000000000000000e+01
7.500000000000000000e+01
7.600000000000000000e+01
7.700000000000000000e+01
7.800000000000000000e+01
7.900000000000000000e+01
8.000000000000000000e+01
8.100000000000000000e+01
8.200000000000000000e+01
8.300000000000000000e+01
8.400000000000000000e+01
8.500000000000000000e+01
8.600000000000000000e+01
8.700000000000000000e+01
8.800000000000000000e+01
8.900000000000000000e+01
9.000000000000000000e+01
9.100000000000000000e+01
9.200000000000000000e+01
9.300000000000000000e+01
9.400000000000000000e+01
9.500000000000000000e+01
9.600000000000000000e+01
9.700000000000000000e+01
9.800000000000000000e+01
9.900000000000000000e+01
