single photon fraction:    0.0000
laser fraction:    1.0000
thermal source fraction:    0.0000
non-detected fraction:    0.0000
number of bins:  200.0000
bin width (ns):    1.0000
average detection events per bin: 5000.0000

# binary result
0.000000000000000000e+00

# g2 signal
1.031008766191286119e+00
1.011684900210348292e+00
9.955816785595668073e-01
9.992049034309926636e-01
1.002224257490514248e+00
9.839068428627503193e-01
9.740436196016465376e-01
9.718294266246640944e-01
9.897442607111585078e-01
1.008665546150826930e+00
1.022554574824625861e+00
1.007457804527018164e+00
9.967894201833754630e-01
1.000613935325436188e+00
1.026580380237321233e+00
9.708229752714903071e-01
9.698165239183164088e-01
1.019937801306373792e+00
9.826991012389416635e-01
9.812900693444982503e-01
1.011282319669078777e+00
1.000815225596070945e+00
1.004639740738131559e+00
9.812900693444982503e-01
1.014905544540504634e+00
1.008665546150826930e+00
9.915558731468714360e-01
9.839068428627503193e-01
1.011282319669078777e+00
1.001419096407975218e+00
9.988023228897231487e-01
9.820952304270373912e-01
1.018931349953200005e+00
9.742449098722814060e-01
9.780694250143420199e-01
9.929649050413148492e-01
9.814913596151330077e-01
1.004639740738131559e+00
9.929649050413148492e-01
1.004035869926227065e+00
9.951790980182972923e-01
9.883352288167152055e-01
1.007256514256383406e+00
9.849132942159241066e-01
1.013899093187330847e+00
9.961855493714711907e-01
9.686087822945078640e-01
1.005847482361940104e+00
1.022957155365895376e+00
9.913545828762366785e-01
9.919584536881410619e-01
1.004841031008766317e+00
9.802836179913244630e-01
9.796797471794200796e-01
9.939713563944887476e-01
9.853158747571936216e-01
1.031612637003190391e+00
1.009068126692096445e+00
9.851145844865588641e-01
9.750500709548204359e-01
1.010879739127809263e+00
1.017924898600026218e+00
1.007659094797652921e+00
1.014100383457965604e+00
9.975945812659146039e-01
9.867249066516370348e-01
1.012087480751617807e+00
9.897442607111585078e-01
1.018327479141295733e+00
9.939713563944887476e-01
1.008866836421461688e+00
1.011483609939713535e+00
9.818939401564025227e-01
1.031008766191286119e+00
1.003834579655592307e+00
1.003431999114322792e+00
1.004438450467496580e+00
1.020340381847643529e+00
1.007055223985748649e+00
9.933674855825843641e-01
9.913545828762366785e-01
1.006451353173844376e+00
9.885365190873499630e-01
1.015911995893678421e+00
1.043086182429372233e+00
9.925623245000453343e-01
9.917571634175063044e-01
1.003029418573053277e+00
9.873287774635413072e-01
1.004639740738131559e+00
1.009269416962731203e+00
1.012691351563522302e+00
9.778681347437071514e-01
1.009873287774635475e+00
1.005243611550035832e+00
1.014704254269869876e+00
1.017924898600026218e+00
9.992049034309926636e-01
9.977958715365493614e-01
1.014301673728600361e+00
9.955816785595668073e-01
1.009269416962731203e+00
9.698165239183164088e-01
9.869261969222717923e-01
1.030807475920651362e+00
1.009269416962731203e+00
9.728358779778379928e-01
1.011081029398444020e+00
1.014905544540504634e+00
1.039060377016676862e+00
9.975945812659146039e-01
9.955816785595668073e-01
1.006451353173844376e+00
1.014100383457965604e+00
1.033021668897633916e+00
1.003633289384957550e+00
1.003029418573053277e+00
9.897442607111585078e-01
1.023762316448434406e+00
1.010678448857174505e+00
1.006250062903209619e+00
9.931661953119496067e-01
9.961855493714711907e-01
1.008866836421461688e+00
9.905494217936976487e-01
9.967894201833754630e-01
1.016314576434948158e+00
1.009671997504000718e+00
1.008061675338922436e+00
1.004237160196861822e+00
1.012892641834157059e+00
1.008262965609557194e+00
1.016113286164313179e+00
9.951790980182972923e-01
9.929649050413148492e-01
1.025171348342877931e+00
1.007457804527018164e+00
1.027989412131764757e+00
1.003029418573053277e+00
1.005646192091305346e+00
9.959842591008364332e-01
1.019937801306373792e+00
1.011081029398444020e+00
9.752513612254551933e-01
1.010678448857174505e+00
1.011282319669078777e+00
1.004841031008766317e+00
9.977958715365493614e-01
9.837055525921154508e-01
1.000211354784166451e+00
1.012691351563522302e+00
9.977958715365493614e-01
9.861210358397327624e-01
1.022755865095260619e+00
9.951790980182972923e-01
9.881339385460804481e-01
1.001821676949244733e+00
9.975945812659146039e-01
1.016515866705582916e+00
9.915558731468714360e-01
1.000815225596070945e+00
1.019535220765104278e+00
1.007055223985748649e+00
9.919584536881410619e-01
9.770629736611681215e-01
1.017321027788121945e+00
9.961855493714711907e-01
1.003431999114322792e+00
9.527068509143611363e-01
9.859197455690980050e-01
9.913545828762366785e-01
1.017119737517487188e+00
9.963868396421059481e-01
1.012288771022252787e+00
1.020139091577008772e+00
1.008061675338922436e+00
1.006652643444479134e+00
1.016918447246852431e+00
1.017119737517487188e+00
9.734397487897422652e-01
9.684074920238731066e-01
1.003431999114322792e+00
1.008464255880192173e+00
9.822965206976721486e-01
9.720307168952988519e-01
1.007256514256383406e+00
1.009269416962731203e+00
1.017522318058756703e+00
1.008665546150826930e+00
1.015308125081774149e+00
1.021749413742086832e+00
1.020742962388913044e+00
9.998087742428970470e-01
9.981984520778188763e-01
1.010275868315904990e+00
9.700178141889511663e-01
1.008061675338922436e+00
1.000815225596070945e+00
1.005646192091305346e+00
9.855171650278283790e-01

# time bin value
-1.000000000000000000e+02
-9.900000000000000000e+01
-9.800000000000000000e+01
-9.700000000000000000e+01
-9.600000000000000000e+01
-9.500000000000000000e+01
-9.400000000000000000e+01
-9.300000000000000000e+01
-9.200000000000000000e+01
-9.100000000000000000e+01
-9.000000000000000000e+01
-8.900000000000000000e+01
-8.800000000000000000e+01
-8.700000000000000000e+01
-8.600000000000000000e+01
-8.500000000000000000e+01
-8.400000000000000000e+01
-8.300000000000000000e+01
-8.200000000000000000e+01
-8.100000000000000000e+01
-8.000000000000000000e+01
-7.900000000000000000e+01
-7.800000000000000000e+01
-7.700000000000000000e+01
-7.600000000000000000e+01
-7.500000000000000000e+01
-7.400000000000000000e+01
-7.300000000000000000e+01
-7.200000000000000000e+01
-7.100000000000000000e+01
-7.000000000000000000e+01
-6.900000000000000000e+01
-6.800000000000000000e+01
-6.700000000000000000e+01
-6.600000000000000000e+01
-6.500000000000000000e+01
-6.400000000000000000e+01
-6.300000000000000000e+01
-6.200000000000000000e+01
-6.100000000000000000e+01
-6.000000000000000000e+01
-5.900000000000000000e+01
-5.800000000000000000e+01
-5.700000000000000000e+01
-5.600000000000000000e+01
-5.500000000000000000e+01
-5.400000000000000000e+01
-5.300000000000000000e+01
-5.200000000000000000e+01
-5.100000000000000000e+01
-5.000000000000000000e+01
-4.900000000000000000e+01
-4.800000000000000000e+01
-4.700000000000000000e+01
-4.600000000000000000e+01
-4.500000000000000000e+01
-4.400000000000000000e+01
-4.300000000000000000e+01
-4.200000000000000000e+01
-4.100000000000000000e+01
-4.000000000000000000e+01
-3.900000000000000000e+01
-3.800000000000000000e+01
-3.700000000000000000e+01
-3.600000000000000000e+01
-3.500000000000000000e+01
-3.400000000000000000e+01
-3.300000000000000000e+01
-3.200000000000000000e+01
-3.100000000000000000e+01
-3.000000000000000000e+01
-2.900000000000000000e+01
-2.800000000000000000e+01
-2.700000000000000000e+01
-2.600000000000000000e+01
-2.500000000000000000e+01
-2.400000000000000000e+01
-2.300000000000000000e+01
-2.200000000000000000e+01
-2.100000000000000000e+01
-2.000000000000000000e+01
-1.900000000000000000e+01
-1.800000000000000000e+01
-1.700000000000000000e+01
-1.600000000000000000e+01
-1.500000000000000000e+01
-1.400000000000000000e+01
-1.300000000000000000e+01
-1.200000000000000000e+01
-1.100000000000000000e+01
-1.000000000000000000e+01
-9.000000000000000000e+00
-8.000000000000000000e+00
-7.000000000000000000e+00
-6.000000000000000000e+00
-5.000000000000000000e+00
-4.000000000000000000e+00
-3.000000000000000000e+00
-2.000000000000000000e+00
-1.000000000000000000e+00
0.000000000000000000e+00
1.000000000000000000e+00
2.000000000000000000e+00
3.000000000000000000e+00
4.000000000000000000e+00
5.000000000000000000e+00
6.000000000000000000e+00
7.000000000000000000e+00
8.000000000000000000e+00
9.000000000000000000e+00
1.000000000000000000e+01
1.100000000000000000e+01
1.200000000000000000e+01
1.300000000000000000e+01
1.400000000000000000e+01
1.500000000000000000e+01
1.600000000000000000e+01
1.700000000000000000e+01
1.800000000000000000e+01
1.900000000000000000e+01
2.000000000000000000e+01
2.100000000000000000e+01
2.200000000000000000e+01
2.300000000000000000e+01
2.400000000000000000e+01
2.500000000000000000e+01
2.600000000000000000e+01
2.700000000000000000e+01
2.800000000000000000e+01
2.900000000000000000e+01
3.000000000000000000e+01
3.100000000000000000e+01
3.200000000000000000e+01
3.300000000000000000e+01
3.400000000000000000e+01
3.500000000000000000e+01
3.600000000000000000e+01
3.700000000000000000e+01
3.800000000000000000e+01
3.900000000000000000e+01
4.000000000000000000e+01
4.100000000000000000e+01
4.200000000000000000e+01
4.300000000000000000e+01
4.400000000000000000e+01
4.500000000000000000e+01
4.600000000000000000e+01
4.700000000000000000e+01
4.800000000000000000e+01
4.900000000000000000e+01
5.000000000000000000e+01
5.100000000000000000e+01
5.200000000000000000e+01
5.300000000000000000e+01
5.400000000000000000e+01
5.500000000000000000e+01
5.600000000000000000e+01
5.700000000000000000e+01
5.800000000000000000e+01
5.900000000000000000e+01
6.000000000000000000e+01
6.100000000000000000e+01
6.200000000000000000e+01
6.300000000000000000e+01
6.400000000000000000e+01
6.500000000000000000e+01
6.600000000000000000e+01
6.700000000000000000e+01
6.800000000000000000e+01
6.900000000000000000e+01
7.000000000000000000e+01
7.100000000000000000e+01
7.200000000000000000e+01
7.300000000000000000e+01
7.400000000000000000e+01
7.500000000000000000e+01
7.600000000000000000e+01
7.700000000000000000e+01
7.800000000000000000e+01
7.900000000000000000e+01
8.000000000000000000e+01
8.100000000000000000e+01
8.200000000000000000e+01
8.300000000000000000e+01
8.400000000000000000e+01
8.500000000000000000e+01
8.600000000000000000e+01
8.700000000000000000e+01
8.800000000000000000e+01
8.900000000000000000e+01
9.000000000000000000e+01
9.100000000000000000e+01
9.200000000000000000e+01
9.300000000000000000e+01
9.400000000000000000e+01
9.500000000000000000e+01
9.600000000000000000e+01
9.700000000000000000e+01
9.800000000000000000e+01
9.900000000000000000e+01
