single photon fraction:    0.0000
laser fraction:    1.0000
thermal source fraction:    0.0000
non-detected fraction:    0.0000
number of bins:  200.0000
bin width (ns):    1.0000
average detection events per bin: 5000.0000

# binary result
0.000000000000000000e+00

# g2 signal
1.010929456060048581e+00
9.922345983520381996e-01
1.007914156429724484e+00
1.010929456060048581e+00
9.934407182041679052e-01
9.968580577852020896e-01
1.002084577144430888e+00
1.012939655813598128e+00
1.005702936700819894e+00
9.614785421227307616e-01
9.938427581548778811e-01
9.984662175880416601e-01
9.872090989681644446e-01
9.876111389188743095e-01
9.616795620980856940e-01
9.906264385491986291e-01
1.043494692067550744e+00
1.005702936700819894e+00
9.813795196828708489e-01
1.011934555936823354e+00
9.837917593871302602e-01
1.013542715739663036e+00
1.009321296257209122e+00
1.024397794408830276e+00
1.009321296257209122e+00
9.661020015558945406e-01
9.972600977359119545e-01
9.777611601264817320e-01
9.878121588942293529e-01
1.015351895517857539e+00
1.007713136454369440e+00
1.011130476035403625e+00
1.019573315000311453e+00
9.960539778837822489e-01
9.998733574155264092e-01
9.990692775141065685e-01
1.008718236331144213e+00
9.853999191899698307e-01
9.900233786231337207e-01
9.781632000771915969e-01
1.021985554704570864e+00
9.807764597568060516e-01
1.012738635838243306e+00
1.007110076528304532e+00
1.013743735715018079e+00
1.010527416109338716e+00
1.010326396133983895e+00
9.980641776373317953e-01
9.972600977359119545e-01
1.014346795641082766e+00
9.922345983520381996e-01
1.011532515986113490e+00
1.005099876774754986e+00
1.011934555936823354e+00
9.878121588942293529e-01
1.006708036577594667e+00
1.012537615862888263e+00
1.010125376158628852e+00
9.813795196828708489e-01
1.020779434852441270e+00
1.003290696996560483e+00
1.015552915493212582e+00
1.015150875542502718e+00
1.000476417341591207e+00
9.902243985984887642e-01
1.025000854334895184e+00
1.016960055320697220e+00
1.012537615862888263e+00
9.827866595103554870e-01
1.014145775665727944e+00
1.014949855567147674e+00
9.872090989681644446e-01
9.994713174648164333e-01
9.914305184506184698e-01
1.003692736947270348e+00
9.835907394117753277e-01
1.018367195148181858e+00
1.000275397366236163e+00
9.870080789928095122e-01
9.886162387956490827e-01
9.837917593871302602e-01
9.839927793624851926e-01
1.013140675788953171e+00
9.916315384259734023e-01
1.007512116479014397e+00
1.019774334975666497e+00
1.009321296257209122e+00
9.928376582781031079e-01
1.012939655813598128e+00
9.856009391653248741e-01
1.007311096503659575e+00
9.962549978591372923e-01
1.017161075296052042e+00
9.695193411369287251e-01
1.006507016602239846e+00
9.982651976126867277e-01
1.009120276281854078e+00
1.003692736947270348e+00
9.886162387956490827e-01
1.006104976651529759e+00
1.009924356183273808e+00
1.002285597119785709e+00
1.003491716971915526e+00
9.918325584013283347e-01
9.982651976126867277e-01
1.009522316232563943e+00
1.006507016602239846e+00
9.918325584013283347e-01
9.866060390420995363e-01
9.837917593871302602e-01
1.006909056552949711e+00
9.642928217777000377e-01
1.002084577144430888e+00
9.876111389188743095e-01
9.972600977359119545e-01
1.008316196380434349e+00
9.753489204222223208e-01
1.013743735715018079e+00
9.803744198060960757e-01
9.725346407672530447e-01
9.860029791160347390e-01
9.982651976126867277e-01
9.851988992146148982e-01
1.015351895517857539e+00
1.007512116479014397e+00
9.996723374401713658e-01
1.013542715739663036e+00
1.003491716971915526e+00
9.771581002004169347e-01
9.862039990913896714e-01
1.037866132757612192e+00
9.962549978591372923e-01
1.013944755690372901e+00
9.986672375633967036e-01
9.896213386724238559e-01
9.906264385491986291e-01
9.797713598800312784e-01
9.934407182041679052e-01
9.998733574155264092e-01
9.900233786231337207e-01
9.948478580316525433e-01
9.851988992146148982e-01
9.940437781302328135e-01
1.007512116479014397e+00
9.966570378098471572e-01
9.827866595103554870e-01
9.976621376866219304e-01
9.862039990913896714e-01
9.996723374401713658e-01
9.677101613587342221e-01
1.002084577144430888e+00
9.996723374401713658e-01
9.630867019255703321e-01
9.847968592639050334e-01
1.003491716971915526e+00
1.000074377390881342e+00
1.026609014137734865e+00
9.924356183273931320e-01
9.759519803482872291e-01
1.004094776897980434e+00
1.004094776897980434e+00
1.009723336207918987e+00
1.000275397366236163e+00
1.022990654581345638e+00
9.862039990913896714e-01
1.018166175172826815e+00
1.009522316232563943e+00
1.013140675788953171e+00
1.016356995394632312e+00
1.011532515986113490e+00
1.000878457292301071e+00
1.003089677021205661e+00
1.001280497243010936e+00
1.015150875542502718e+00
1.012336595887533219e+00
9.996723374401713658e-01
9.954509179577174516e-01
1.011532515986113490e+00
1.051535491081748708e+00
1.011934555936823354e+00
9.823846195596456221e-01
1.008115176405079305e+00
1.000677437316946250e+00
1.004898856799400164e+00
1.009522316232563943e+00
9.896213386724238559e-01
9.940437781302328135e-01
1.006305996626884802e+00
1.021985554704570864e+00
1.012135575912178398e+00
9.739417805947376827e-01
1.021985554704570864e+00
9.735397406440278179e-01
9.908274585245535615e-01
1.004295796873335256e+00
9.751479004468673883e-01
1.002687637070495574e+00
1.005702936700819894e+00
1.021382494778506178e+00
9.811784997075159165e-01

# time bin value
-1.000000000000000000e+02
-9.900000000000000000e+01
-9.800000000000000000e+01
-9.700000000000000000e+01
-9.600000000000000000e+01
-9.500000000000000000e+01
-9.400000000000000000e+01
-9.300000000000000000e+01
-9.200000000000000000e+01
-9.100000000000000000e+01
-9.000000000000000000e+01
-8.900000000000000000e+01
-8.800000000000000000e+01
-8.700000000000000000e+01
-8.600000000000000000e+01
-8.500000000000000000e+01
-8.400000000000000000e+01
-8.300000000000000000e+01
-8.200000000000000000e+01
-8.100000000000000000e+01
-8.000000000000000000e+01
-7.900000000000000000e+01
-7.800000000000000000e+01
-7.700000000000000000e+01
-7.600000000000000000e+01
-7.500000000000000000e+01
-7.400000000000000000e+01
-7.300000000000000000e+01
-7.200000000000000000e+01
-7.100000000000000000e+01
-7.000000000000000000e+01
-6.900000000000000000e+01
-6.800000000000000000e+01
-6.700000000000000000e+01
-6.600000000000000000e+01
-6.500000000000000000e+01
-6.400000000000000000e+01
-6.300000000000000000e+01
-6.200000000000000000e+01
-6.100000000000000000e+01
-6.000000000000000000e+01
-5.900000000000000000e+01
-5.800000000000000000e+01
-5.700000000000000000e+01
-5.600000000000000000e+01
-5.500000000000000000e+01
-5.400000000000000000e+01
-5.300000000000000000e+01
-5.200000000000000000e+01
-5.100000000000000000e+01
-5.000000000000000000e+01
-4.900000000000000000e+01
-4.800000000000000000e+01
-4.700000000000000000e+01
-4.600000000000000000e+01
-4.500000000000000000e+01
-4.400000000000000000e+01
-4.300000000000000000e+01
-4.200000000000000000e+01
-4.100000000000000000e+01
-4.000000000000000000e+01
-3.900000000000000000e+01
-3.800000000000000000e+01
-3.700000000000000000e+01
-3.600000000000000000e+01
-3.500000000000000000e+01
-3.400000000000000000e+01
-3.300000000000000000e+01
-3.200000000000000000e+01
-3.100000000000000000e+01
-3.000000000000000000e+01
-2.900000000000000000e+01
-2.800000000000000000e+01
-2.700000000000000000e+01
-2.600000000000000000e+01
-2.500000000000000000e+01
-2.400000000000000000e+01
-2.300000000000000000e+01
-2.200000000000000000e+01
-2.100000000000000000e+01
-2.000000000000000000e+01
-1.900000000000000000e+01
-1.800000000000000000e+01
-1.700000000000000000e+01
-1.600000000000000000e+01
-1.500000000000000000e+01
-1.400000000000000000e+01
-1.300000000000000000e+01
-1.200000000000000000e+01
-1.100000000000000000e+01
-1.000000000000000000e+01
-9.000000000000000000e+00
-8.000000000000000000e+00
-7.000000000000000000e+00
-6.000000000000000000e+00
-5.000000000000000000e+00
-4.000000000000000000e+00
-3.000000000000000000e+00
-2.000000000000000000e+00
-1.000000000000000000e+00
0.000000000000000000e+00
1.000000000000000000e+00
2.000000000000000000e+00
3.000000000000000000e+00
4.000000000000000000e+00
5.000000000000000000e+00
6.000000000000000000e+00
7.000000000000000000e+00
8.000000000000000000e+00
9.000000000000000000e+00
1.000000000000000000e+01
1.100000000000000000e+01
1.200000000000000000e+01
1.300000000000000000e+01
1.400000000000000000e+01
1.500000000000000000e+01
1.600000000000000000e+01
1.700000000000000000e+01
1.800000000000000000e+01
1.900000000000000000e+01
2.000000000000000000e+01
2.100000000000000000e+01
2.200000000000000000e+01
2.300000000000000000e+01
2.400000000000000000e+01
2.500000000000000000e+01
2.600000000000000000e+01
2.700000000000000000e+01
2.800000000000000000e+01
2.900000000000000000e+01
3.000000000000000000e+01
3.100000000000000000e+01
3.200000000000000000e+01
3.300000000000000000e+01
3.400000000000000000e+01
3.500000000000000000e+01
3.600000000000000000e+01
3.700000000000000000e+01
3.800000000000000000e+01
3.900000000000000000e+01
4.000000000000000000e+01
4.100000000000000000e+01
4.200000000000000000e+01
4.300000000000000000e+01
4.400000000000000000e+01
4.500000000000000000e+01
4.600000000000000000e+01
4.700000000000000000e+01
4.800000000000000000e+01
4.900000000000000000e+01
5.000000000000000000e+01
5.100000000000000000e+01
5.200000000000000000e+01
5.300000000000000000e+01
5.400000000000000000e+01
5.500000000000000000e+01
5.600000000000000000e+01
5.700000000000000000e+01
5.800000000000000000e+01
5.900000000000000000e+01
6.000000000000000000e+01
6.100000000000000000e+01
6.200000000000000000e+01
6.300000000000000000e+01
6.400000000000000000e+01
6.500000000000000000e+01
6.600000000000000000e+01
6.700000000000000000e+01
6.800000000000000000e+01
6.900000000000000000e+01
7.000000000000000000e+01
7.100000000000000000e+01
7.200000000000000000e+01
7.300000000000000000e+01
7.400000000000000000e+01
7.500000000000000000e+01
7.600000000000000000e+01
7.700000000000000000e+01
7.800000000000000000e+01
7.900000000000000000e+01
8.000000000000000000e+01
8.100000000000000000e+01
8.200000000000000000e+01
8.300000000000000000e+01
8.400000000000000000e+01
8.500000000000000000e+01
8.600000000000000000e+01
8.700000000000000000e+01
8.800000000000000000e+01
8.900000000000000000e+01
9.000000000000000000e+01
9.100000000000000000e+01
9.200000000000000000e+01
9.300000000000000000e+01
9.400000000000000000e+01
9.500000000000000000e+01
9.600000000000000000e+01
9.700000000000000000e+01
9.800000000000000000e+01
9.900000000000000000e+01
