single photon fraction:    0.0000
laser fraction:    1.0000
thermal source fraction:    0.0000
non-detected fraction:    0.0000
number of bins:  200.0000
bin width (ns):    1.0000
average detection events per bin: 5000.0000

# binary result
0.000000000000000000e+00

# g2 signal
9.852985290493995185e-01
9.810801255611146798e-01
9.782678565689246764e-01
1.013019466258128887e+00
1.002573895715709096e+00
9.883116743981744667e-01
1.017639622459583615e+00
1.007595804630333935e+00
1.003779153855218986e+00
1.007194051917164046e+00
9.873072926152495210e-01
9.933335833127993064e-01
1.022460655017623621e+00
1.003779153855218986e+00
1.012416837188373941e+00
1.001368637576199205e+00
9.933335833127993064e-01
9.925300778864593054e-01
9.965476050181593104e-01
9.875081689718344657e-01
9.889143034679294120e-01
9.848967763362295180e-01
9.971502340879142556e-01
9.714380604450348899e-01
9.975519868010842561e-01
9.935344596693843622e-01
1.028888698428343407e+00
9.834906418401345718e-01
9.937353360259693069e-01
1.005386164707898988e+00
1.024268542226888457e+00
9.885125507547594115e-01
1.006792299203993934e+00
9.794731147084346778e-01
1.009001939126428882e+00
9.828880127703796266e-01
9.967484813747442551e-01
1.004783535638144043e+00
1.017639622459583615e+00
1.005386164707898988e+00
1.011010702692278773e+00
1.011613331762033940e+00
1.000766008506444038e+00
1.005185288351313933e+00
1.032102720133703411e+00
1.010608949979108884e+00
1.021456273234698564e+00
1.011412455405448885e+00
9.953423468786493089e-01
1.016032611606903835e+00
9.867046635454944647e-01
9.999625030801041481e-01
1.007997557343504047e+00
9.887134271113444672e-01
9.875081689718344657e-01
9.989581212971792024e-01
9.903204379640244692e-01
1.017639622459583615e+00
1.003578277498634153e+00
1.029893080211268463e+00
9.852985290493995185e-01
9.804774964913596236e-01
9.985563685840092019e-01
9.881107980415895220e-01
1.009604568196183827e+00
1.005787917421069100e+00
9.893160561810994125e-01
1.000565132149859204e+00
9.957440995918193094e-01
9.838923945533045723e-01
1.000565132149859204e+00
9.788704856386797326e-01
1.000766008506444038e+00
9.919274488167043602e-01
9.945388414523093079e-01
9.840932709098896281e-01
9.893160561810994125e-01
9.794731147084346778e-01
1.007997557343504047e+00
9.844950236230595175e-01
9.937353360259693069e-01
1.004180906568389098e+00
1.009805444552768883e+00
9.879099216850044662e-01
9.999625030801041481e-01
1.007997557343504047e+00
1.006390546490824045e+00
9.939362123825543627e-01
1.000364255793274149e+00
1.008600186413258992e+00
1.005185288351313933e+00
1.034714112769308247e+00
9.993598740103492029e-01
9.790713619952646773e-01
9.852985290493995185e-01
1.032504472846873300e+00
9.736477003674698372e-01
9.907221906771943587e-01
1.002774772072294152e+00
1.008399310056673936e+00
9.780669802123397316e-01
9.937353360259693069e-01
9.933335833127993064e-01
1.003779153855218986e+00
1.008801062769844048e+00
9.891151798245144677e-01
9.949405941654793084e-01
9.760582166464898402e-01
1.001167761219614150e+00
9.941370887391393074e-01
9.929318305996293059e-01
9.842941472664745728e-01
9.704336786621099442e-01
1.000565132149859204e+00
1.028085193002003406e+00
1.000565132149859204e+00
9.961458523049893099e-01
9.931327069562143617e-01
1.004180906568389098e+00
9.778661038557547869e-01
9.913248197469494150e-01
1.007194051917164046e+00
1.010809826335693939e+00
1.013019466258128887e+00
9.985563685840092019e-01
1.010608949979108884e+00
9.875081689718344657e-01
1.007796680986918991e+00
1.002573895715709096e+00
9.889143034679294120e-01
9.999625030801041481e-01
9.945388414523093079e-01
9.923292015298743607e-01
1.019648386025433728e+00
9.889143034679294120e-01
9.943379650957243632e-01
9.889143034679294120e-01
1.006792299203993934e+00
9.951414705220642531e-01
1.007997557343504047e+00
9.997616267235192034e-01
9.965476050181593104e-01
1.004984411994729099e+00
1.004783535638144043e+00
9.854994054059845743e-01
9.836915181967196276e-01
9.917265724601194155e-01
9.983554922274242571e-01
9.840932709098896281e-01
9.812810019176996246e-01
1.005185288351313933e+00
9.931327069562143617e-01
9.983554922274242571e-01
9.812810019176996246e-01
9.776652274991697311e-01
1.015429982537148668e+00
1.011613331762033940e+00
1.023665913157133511e+00
9.907221906771943587e-01
9.820845073440396256e-01
1.009805444552768883e+00
1.001569513932784039e+00
1.030294832924438353e+00
1.003176524785464041e+00
1.004783535638144043e+00
9.977528631576692009e-01
1.011412455405448885e+00
1.017438746102998781e+00
1.007595804630333935e+00
1.001770390289369095e+00
1.009805444552768883e+00
1.017036993389828670e+00
9.989581212971792024e-01
1.021657149591283620e+00
1.000163379436689093e+00
9.768617220728297301e-01
1.000966884863029094e+00
9.774643511425847864e-01
1.011010702692278773e+00
1.027683440288833516e+00
9.889143034679294120e-01
9.983554922274242571e-01
1.013622095327883832e+00
9.836915181967196276e-01
9.983554922274242571e-01
9.939362123825543627e-01
1.002573895715709096e+00
1.028085193002003406e+00
1.001167761219614150e+00
9.943379650957243632e-01
1.002975648428878985e+00
9.995607503669341476e-01
9.993598740103492029e-01
1.012416837188373941e+00
1.008801062769844048e+00
1.015229106180563834e+00
9.979537395142542566e-01
9.905213143206094140e-01
1.020853644164943619e+00
9.846958999796445733e-01

# time bin value
-1.000000000000000000e+02
-9.900000000000000000e+01
-9.800000000000000000e+01
-9.700000000000000000e+01
-9.600000000000000000e+01
-9.500000000000000000e+01
-9.400000000000000000e+01
-9.300000000000000000e+01
-9.200000000000000000e+01
-9.100000000000000000e+01
-9.000000000000000000e+01
-8.900000000000000000e+01
-8.800000000000000000e+01
-8.700000000000000000e+01
-8.600000000000000000e+01
-8.500000000000000000e+01
-8.400000000000000000e+01
-8.300000000000000000e+01
-8.200000000000000000e+01
-8.100000000000000000e+01
-8.000000000000000000e+01
-7.900000000000000000e+01
-7.800000000000000000e+01
-7.700000000000000000e+01
-7.600000000000000000e+01
-7.500000000000000000e+01
-7.400000000000000000e+01
-7.300000000000000000e+01
-7.200000000000000000e+01
-7.100000000000000000e+01
-7.000000000000000000e+01
-6.900000000000000000e+01
-6.800000000000000000e+01
-6.700000000000000000e+01
-6.600000000000000000e+01
-6.500000000000000000e+01
-6.400000000000000000e+01
-6.300000000000000000e+01
-6.200000000000000000e+01
-6.100000000000000000e+01
-6.000000000000000000e+01
-5.900000000000000000e+01
-5.800000000000000000e+01
-5.700000000000000000e+01
-5.600000000000000000e+01
-5.500000000000000000e+01
-5.400000000000000000e+01
-5.300000000000000000e+01
-5.200000000000000000e+01
-5.100000000000000000e+01
-5.000000000000000000e+01
-4.900000000000000000e+01
-4.800000000000000000e+01
-4.700000000000000000e+01
-4.600000000000000000e+01
-4.500000000000000000e+01
-4.400000000000000000e+01
-4.300000000000000000e+01
-4.200000000000000000e+01
-4.100000000000000000e+01
-4.000000000000000000e+01
-3.900000000000000000e+01
-3.800000000000000000e+01
-3.700000000000000000e+01
-3.600000000000000000e+01
-3.500000000000000000e+01
-3.400000000000000000e+01
-3.300000000000000000e+01
-3.200000000000000000e+01
-3.100000000000000000e+01
-3.000000000000000000e+01
-2.900000000000000000e+01
-2.800000000000000000e+01
-2.700000000000000000e+01
-2.600000000000000000e+01
-2.500000000000000000e+01
-2.400000000000000000e+01
-2.300000000000000000e+01
-2.200000000000000000e+01
-2.100000000000000000e+01
-2.000000000000000000e+01
-1.900000000000000000e+01
-1.800000000000000000e+01
-1.700000000000000000e+01
-1.600000000000000000e+01
-1.500000000000000000e+01
-1.400000000000000000e+01
-1.300000000000000000e+01
-1.200000000000000000e+01
-1.100000000000000000e+01
-1.000000000000000000e+01
-9.000000000000000000e+00
-8.000000000000000000e+00
-7.000000000000000000e+00
-6.000000000000000000e+00
-5.000000000000000000e+00
-4.000000000000000000e+00
-3.000000000000000000e+00
-2.000000000000000000e+00
-1.000000000000000000e+00
0.000000000000000000e+00
1.000000000000000000e+00
2.000000000000000000e+00
3.000000000000000000e+00
4.000000000000000000e+00
5.000000000000000000e+00
6.000000000000000000e+00
7.000000000000000000e+00
8.000000000000000000e+00
9.000000000000000000e+00
1.000000000000000000e+01
1.100000000000000000e+01
1.200000000000000000e+01
1.300000000000000000e+01
1.400000000000000000e+01
1.500000000000000000e+01
1.600000000000000000e+01
1.700000000000000000e+01
1.800000000000000000e+01
1.900000000000000000e+01
2.000000000000000000e+01
2.100000000000000000e+01
2.200000000000000000e+01
2.300000000000000000e+01
2.400000000000000000e+01
2.500000000000000000e+01
2.600000000000000000e+01
2.700000000000000000e+01
2.800000000000000000e+01
2.900000000000000000e+01
3.000000000000000000e+01
3.100000000000000000e+01
3.200000000000000000e+01
3.300000000000000000e+01
3.400000000000000000e+01
3.500000000000000000e+01
3.600000000000000000e+01
3.700000000000000000e+01
3.800000000000000000e+01
3.900000000000000000e+01
4.000000000000000000e+01
4.100000000000000000e+01
4.200000000000000000e+01
4.300000000000000000e+01
4.400000000000000000e+01
4.500000000000000000e+01
4.600000000000000000e+01
4.700000000000000000e+01
4.800000000000000000e+01
4.900000000000000000e+01
5.000000000000000000e+01
5.100000000000000000e+01
5.200000000000000000e+01
5.300000000000000000e+01
5.400000000000000000e+01
5.500000000000000000e+01
5.600000000000000000e+01
5.700000000000000000e+01
5.800000000000000000e+01
5.900000000000000000e+01
6.000000000000000000e+01
6.100000000000000000e+01
6.200000000000000000e+01
6.300000000000000000e+01
6.400000000000000000e+01
6.500000000000000000e+01
6.600000000000000000e+01
6.700000000000000000e+01
6.800000000000000000e+01
6.900000000000000000e+01
7.000000000000000000e+01
7.100000000000000000e+01
7.200000000000000000e+01
7.300000000000000000e+01
7.400000000000000000e+01
7.500000000000000000e+01
7.600000000000000000e+01
7.700000000000000000e+01
7.800000000000000000e+01
7.900000000000000000e+01
8.000000000000000000e+01
8.100000000000000000e+01
8.200000000000000000e+01
8.300000000000000000e+01
8.400000000000000000e+01
8.500000000000000000e+01
8.600000000000000000e+01
8.700000000000000000e+01
8.800000000000000000e+01
8.900000000000000000e+01
9.000000000000000000e+01
9.100000000000000000e+01
9.200000000000000000e+01
9.300000000000000000e+01
9.400000000000000000e+01
9.500000000000000000e+01
9.600000000000000000e+01
9.700000000000000000e+01
9.800000000000000000e+01
9.900000000000000000e+01
