single photon fraction:    0.0000
laser fraction:    1.0000
thermal source fraction:    0.0000
non-detected fraction:    0.0000
number of bins:  200.0000
bin width (ns):    1.0000
average detection events per bin: 5000.0000

# binary result
0.000000000000000000e+00

# g2 signal
9.962282962874615677e-01
1.002258733916320255e+00
9.831623480916009683e-01
9.849714793802586410e-01
9.926100337101463333e-01
9.934140920606608915e-01
1.008088156957550385e+00
1.027988601132784119e+00
9.889917711328310990e-01
9.755237937617132760e-01
1.024370338555468996e+00
9.974343838132333495e-01
9.869816252565448700e-01
9.751217645864560524e-01
1.007686127782293273e+00
9.743177062359414942e-01
1.014721638349294963e+00
9.978364129884905731e-01
9.905998878338601044e-01
9.926100337101463333e-01
9.833633626792296356e-01
9.869816252565448700e-01
1.002861777679206146e+00
1.009495259070950723e+00
1.000248588040034026e+00
1.005876996493635600e+00
9.964293108750902350e-01
1.016329755050324080e+00
1.050100205771932860e+00
1.006480040256521491e+00
1.017535842576095639e+00
1.024169323967840439e+00
9.914039461843745515e-01
9.648700206173962401e-01
9.855745231431445319e-01
1.002258733916320255e+00
9.966303254627187913e-01
9.996455442771482458e-01
1.002258733916320255e+00
1.001655690153434364e+00
9.986404713390050203e-01
9.787400271637712867e-01
1.015525696699809410e+00
9.895948148957169899e-01
1.016128740462695301e+00
1.001856704741063142e+00
1.006681054844150047e+00
1.007284098607035938e+00
1.005072938143121153e+00
1.018138886338981530e+00
9.859765523184017555e-01
9.879866981946879845e-01
1.006882069431778604e+00
1.001052646390548473e+00
1.004067865204977927e+00
9.980374275761192404e-01
9.875846690194307609e-01
1.001655690153434364e+00
9.745187208235701615e-01
9.966303254627187913e-01
1.006882069431778604e+00
1.026782513607012559e+00
9.857755377307730882e-01
1.006078011081264156e+00
1.017736857163724418e+00
1.005072938143121153e+00
1.000851631802919917e+00
9.851724939678871973e-01
9.978364129884905731e-01
9.950222087616897859e-01
1.009294244483322167e+00
9.793430709266571776e-01
1.008691200720436276e+00
1.002861777679206146e+00
1.010299317421465171e+00
1.031606863710099464e+00
1.016329755050324080e+00
9.821572751534578538e-01
9.751217645864560524e-01
1.006681054844150047e+00
9.948211941740612296e-01
9.897958294833456572e-01
1.006681054844150047e+00
1.035426140875043366e+00
9.901978586586028808e-01
9.847704647926299737e-01
9.642669768545103492e-01
9.994445296895195785e-01
1.006078011081264156e+00
1.019545988452382090e+00
1.018741930101867421e+00
1.031204834534842130e+00
9.817552459782006302e-01
1.022762221854439879e+00
9.634629185039957910e-01
9.966303254627187913e-01
9.946201795864325623e-01
9.797451001019144012e-01
1.023164251029697214e+00
1.006480040256521491e+00
1.001856704741063142e+00
9.976353984008619058e-01
1.008691200720436276e+00
1.001052646390548473e+00
9.992435151018909112e-01
1.005675981906006822e+00
9.875846690194307609e-01
1.016128740462695301e+00
1.014721638349294963e+00
9.775339396379995049e-01
9.964293108750902350e-01
9.889917711328310990e-01
1.011103375771979840e+00
9.948211941740612296e-01
9.865795960812876464e-01
9.938161212359181151e-01
9.889917711328310990e-01
1.019344973864753312e+00
9.785390125761426194e-01
9.839664064421155265e-01
1.014922652936923742e+00
9.855745231431445319e-01
9.964293108750902350e-01
9.823582897410865211e-01
1.012108448710122843e+00
1.001655690153434364e+00
9.930120628854035569e-01
9.885897419575738754e-01
1.012510477885380178e+00
1.007284098607035938e+00
1.006279025668892713e+00
1.017133813400838527e+00
1.004871923555492375e+00
9.688903123699686981e-01
9.833633626792296356e-01
1.016329755050324080e+00
1.011103375771979840e+00
1.004067865204977927e+00
9.851724939678871973e-01
9.901978586586028808e-01
1.012912507060637290e+00
9.970323546379761259e-01
9.958262671122043441e-01
9.942181504111753387e-01
9.871826398441735373e-01
9.984394567513764640e-01
9.998465588647768021e-01
1.013314536235894625e+00
1.012108448710122843e+00
9.439645035040192811e-01
1.028591644895670010e+00
9.958262671122043441e-01
1.003263806854463480e+00
9.807501730400575157e-01
1.014922652936923742e+00
9.986404713390050203e-01
1.015525696699809410e+00
9.817552459782006302e-01
9.966303254627187913e-01
1.013314536235894625e+00
1.005675981906006822e+00
1.005072938143121153e+00
1.011907434122494287e+00
1.002057719328691698e+00
1.006480040256521491e+00
9.843684356173727501e-01
9.893938003080883226e-01
1.006279025668892713e+00
1.006279025668892713e+00
1.017334827988467083e+00
1.037034257576072260e+00
9.978364129884905731e-01
9.966303254627187913e-01
1.000650617215291360e+00
1.021958163503925432e+00
9.897958294833456572e-01
9.998465588647768021e-01
1.017937871751352974e+00
1.005675981906006822e+00
1.000851631802919917e+00
9.833633626792296356e-01
9.982384421637477967e-01
1.012912507060637290e+00
9.839664064421155265e-01
1.013716565411151960e+00
9.873836544318020936e-01
9.916049607720032188e-01
9.994445296895195785e-01
9.795440855142857339e-01
1.014922652936923742e+00
1.010701346596722505e+00
9.980374275761192404e-01
9.897958294833456572e-01
9.968313400503474586e-01
1.014118594586409072e+00
9.986404713390050203e-01
1.004871923555492375e+00
9.934140920606608915e-01
1.019344973864753312e+00
9.936151066482894478e-01

# time bin value
-1.000000000000000000e+02
-9.900000000000000000e+01
-9.800000000000000000e+01
-9.700000000000000000e+01
-9.600000000000000000e+01
-9.500000000000000000e+01
-9.400000000000000000e+01
-9.300000000000000000e+01
-9.200000000000000000e+01
-9.100000000000000000e+01
-9.000000000000000000e+01
-8.900000000000000000e+01
-8.800000000000000000e+01
-8.700000000000000000e+01
-8.600000000000000000e+01
-8.500000000000000000e+01
-8.400000000000000000e+01
-8.300000000000000000e+01
-8.200000000000000000e+01
-8.100000000000000000e+01
-8.000000000000000000e+01
-7.900000000000000000e+01
-7.800000000000000000e+01
-7.700000000000000000e+01
-7.600000000000000000e+01
-7.500000000000000000e+01
-7.400000000000000000e+01
-7.300000000000000000e+01
-7.200000000000000000e+01
-7.100000000000000000e+01
-7.000000000000000000e+01
-6.900000000000000000e+01
-6.800000000000000000e+01
-6.700000000000000000e+01
-6.600000000000000000e+01
-6.500000000000000000e+01
-6.400000000000000000e+01
-6.300000000000000000e+01
-6.200000000000000000e+01
-6.100000000000000000e+01
-6.000000000000000000e+01
-5.900000000000000000e+01
-5.800000000000000000e+01
-5.700000000000000000e+01
-5.600000000000000000e+01
-5.500000000000000000e+01
-5.400000000000000000e+01
-5.300000000000000000e+01
-5.200000000000000000e+01
-5.100000000000000000e+01
-5.000000000000000000e+01
-4.900000000000000000e+01
-4.800000000000000000e+01
-4.700000000000000000e+01
-4.600000000000000000e+01
-4.500000000000000000e+01
-4.400000000000000000e+01
-4.300000000000000000e+01
-4.200000000000000000e+01
-4.100000000000000000e+01
-4.000000000000000000e+01
-3.900000000000000000e+01
-3.800000000000000000e+01
-3.700000000000000000e+01
-3.600000000000000000e+01
-3.500000000000000000e+01
-3.400000000000000000e+01
-3.300000000000000000e+01
-3.200000000000000000e+01
-3.100000000000000000e+01
-3.000000000000000000e+01
-2.900000000000000000e+01
-2.800000000000000000e+01
-2.700000000000000000e+01
-2.600000000000000000e+01
-2.500000000000000000e+01
-2.400000000000000000e+01
-2.300000000000000000e+01
-2.200000000000000000e+01
-2.100000000000000000e+01
-2.000000000000000000e+01
-1.900000000000000000e+01
-1.800000000000000000e+01
-1.700000000000000000e+01
-1.600000000000000000e+01
-1.500000000000000000e+01
-1.400000000000000000e+01
-1.300000000000000000e+01
-1.200000000000000000e+01
-1.100000000000000000e+01
-1.000000000000000000e+01
-9.000000000000000000e+00
-8.000000000000000000e+00
-7.000000000000000000e+00
-6.000000000000000000e+00
-5.000000000000000000e+00
-4.000000000000000000e+00
-3.000000000000000000e+00
-2.000000000000000000e+00
-1.000000000000000000e+00
0.000000000000000000e+00
1.000000000000000000e+00
2.000000000000000000e+00
3.000000000000000000e+00
4.000000000000000000e+00
5.000000000000000000e+00
6.000000000000000000e+00
7.000000000000000000e+00
8.000000000000000000e+00
9.000000000000000000e+00
1.000000000000000000e+01
1.100000000000000000e+01
1.200000000000000000e+01
1.300000000000000000e+01
1.400000000000000000e+01
1.500000000000000000e+01
1.600000000000000000e+01
1.700000000000000000e+01
1.800000000000000000e+01
1.900000000000000000e+01
2.000000000000000000e+01
2.100000000000000000e+01
2.200000000000000000e+01
2.300000000000000000e+01
2.400000000000000000e+01
2.500000000000000000e+01
2.600000000000000000e+01
2.700000000000000000e+01
2.800000000000000000e+01
2.900000000000000000e+01
3.000000000000000000e+01
3.100000000000000000e+01
3.200000000000000000e+01
3.300000000000000000e+01
3.400000000000000000e+01
3.500000000000000000e+01
3.600000000000000000e+01
3.700000000000000000e+01
3.800000000000000000e+01
3.900000000000000000e+01
4.000000000000000000e+01
4.100000000000000000e+01
4.200000000000000000e+01
4.300000000000000000e+01
4.400000000000000000e+01
4.500000000000000000e+01
4.600000000000000000e+01
4.700000000000000000e+01
4.800000000000000000e+01
4.900000000000000000e+01
5.000000000000000000e+01
5.100000000000000000e+01
5.200000000000000000e+01
5.300000000000000000e+01
5.400000000000000000e+01
5.500000000000000000e+01
5.600000000000000000e+01
5.700000000000000000e+01
5.800000000000000000e+01
5.900000000000000000e+01
6.000000000000000000e+01
6.100000000000000000e+01
6.200000000000000000e+01
6.300000000000000000e+01
6.400000000000000000e+01
6.500000000000000000e+01
6.600000000000000000e+01
6.700000000000000000e+01
6.800000000000000000e+01
6.900000000000000000e+01
7.000000000000000000e+01
7.100000000000000000e+01
7.200000000000000000e+01
7.300000000000000000e+01
7.400000000000000000e+01
7.500000000000000000e+01
7.600000000000000000e+01
7.700000000000000000e+01
7.800000000000000000e+01
7.900000000000000000e+01
8.000000000000000000e+01
8.100000000000000000e+01
8.200000000000000000e+01
8.300000000000000000e+01
8.400000000000000000e+01
8.500000000000000000e+01
8.600000000000000000e+01
8.700000000000000000e+01
8.800000000000000000e+01
8.900000000000000000e+01
9.000000000000000000e+01
9.100000000000000000e+01
9.200000000000000000e+01
9.300000000000000000e+01
9.400000000000000000e+01
9.500000000000000000e+01
9.600000000000000000e+01
9.700000000000000000e+01
9.800000000000000000e+01
9.900000000000000000e+01
