single photon fraction:    0.0000
laser fraction:    1.0000
thermal source fraction:    0.0000
non-detected fraction:    0.0000
number of bins:  200.0000
bin width (ns):    1.0000
average detection events per bin: 5000.0000

# binary result
0.000000000000000000e+00

# g2 signal
1.032448871927941658e+00
1.008517937810406551e+00
1.007713536663598752e+00
9.819726999657458766e-01
1.000071725768923780e+00
9.992673246221157601e-01
1.011936642684340137e+00
9.926310151609506471e-01
1.021187255872631150e+00
9.876035079934012417e-01
9.946420180279703649e-01
9.974574220417979920e-01
9.902178117205269192e-01
1.005099232936472964e+00
9.845870036928715541e-01
9.735264879242628844e-01
9.823749005391498867e-01
9.853914048396794634e-01
9.817715996790439270e-01
1.003490430642857367e+00
9.743308890710707937e-01
1.002082728635943498e+00
1.001680528062539599e+00
1.015958648418379795e+00
9.928321154476525967e-01
1.037677479382193013e+00
9.650802758827800032e-01
9.934354163077584454e-01
9.608571698620385071e-01
9.940387171678644052e-01
9.964519206082881331e-01
1.006305834656684883e+00
1.003490430642857367e+00
9.825760008258518363e-01
9.847881039795735036e-01
1.007914636950300702e+00
1.015154247271571775e+00
1.021388356159333100e+00
1.013143244404552057e+00
9.934354163077584454e-01
1.010528940677426490e+00
1.008115737237002651e+00
1.000876126915731579e+00
1.003490430642857367e+00
9.964519206082881331e-01
9.902178117205269192e-01
1.001881628349241549e+00
1.015556447844975896e+00
1.001278327489135478e+00
1.012338843257744259e+00
9.940387171678644052e-01
9.930332157343545463e-01
9.859947056997854231e-01
9.940387171678644052e-01
1.016763049565187593e+00
1.029432367627412193e+00
9.960497200348841229e-01
1.001680528062539599e+00
9.896145108604209595e-01
9.787550953785142394e-01
9.888101097136130502e-01
1.002283828922645448e+00
1.021388356159333100e+00
1.014953146984869825e+00
1.030840069634325840e+00
1.010327840390724541e+00
1.012137742971042309e+00
1.018774052432207311e+00
1.005501433509877085e+00
1.006708035230088782e+00
9.956475194614802238e-01
1.007311336090194853e+00
1.009925639817320420e+00
9.914244134407387277e-01
1.000473926342327680e+00
1.014953146984869825e+00
9.870002071332952820e-01
9.958486197481821733e-01
1.009322338957214571e+00
9.998706254822217199e-01
1.021991657019438948e+00
1.004697032363069065e+00
9.908211125806327679e-01
9.823749005391498867e-01
9.942398174545663547e-01
1.013545444977955956e+00
9.886090094269111006e-01
1.015355347558273724e+00
9.831793016859577961e-01
9.972563217550960424e-01
1.003892631216261266e+00
1.024807061033266686e+00
9.984629234753078508e-01
1.020986155585929200e+00
9.932343160210564958e-01
9.976585223284999415e-01
9.888101097136130502e-01
9.966530208949900826e-01
9.998706254822217199e-01
1.011534442110936238e+00
1.018371851858803412e+00
1.002283828922645448e+00
9.876035079934012417e-01
1.008115737237002651e+00
1.003892631216261266e+00
1.011333341824234289e+00
1.020986155585929200e+00
9.538186598274693839e-01
1.026616963613584455e+00
1.000473926342327680e+00
1.008115737237002651e+00
1.003691530929559317e+00
1.010528940677426490e+00
9.996695251955197703e-01
9.972563217550960424e-01
1.014349846124763976e+00
1.006909135516790954e+00
1.000675026629029629e+00
9.807660982455340681e-01
9.986640237620099114e-01
1.010528940677426490e+00
1.015757548131677845e+00
9.988651240487118610e-01
1.007311336090194853e+00
9.904189120072288688e-01
1.020583955012525079e+00
9.994684249088177097e-01
1.002484929209347397e+00
1.004898132649771014e+00
1.015958648418379795e+00
1.004093731502963216e+00
1.025812562466776434e+00
9.765429922247925720e-01
9.888101097136130502e-01
9.890112100003149997e-01
1.008719038097108722e+00
9.813693991056400279e-01
9.817715996790439270e-01
1.018170751572101462e+00
9.918266140141427378e-01
9.861958059864873727e-01
9.938376168811624556e-01
1.018371851858803412e+00
1.000272826055625730e+00
9.892123102870170603e-01
9.904189120072288688e-01
1.011735542397638188e+00
1.008719038097108722e+00
9.888101097136130502e-01
1.031644470781133860e+00
9.984629234753078508e-01
9.928321154476525967e-01
9.928321154476525967e-01
9.886090094269111006e-01
9.930332157343545463e-01
9.771462930848985318e-01
9.908211125806327679e-01
9.803638976721300580e-01
9.857936054130834735e-01
1.017366350425293664e+00
1.006909135516790954e+00
9.789561956652163000e-01
9.833804019726597456e-01
1.007110235803492904e+00
1.009724539530618470e+00
9.725209864907530255e-01
9.803638976721300580e-01
9.916255137274406772e-01
1.019779553865717281e+00
1.006104734369982934e+00
9.974574220417979920e-01
1.002887129782751297e+00
1.024002659886458666e+00
9.656835767428858519e-01
1.012539943544446208e+00
1.010730040964128440e+00
1.008719038097108722e+00
9.932343160210564958e-01
1.012137742971042309e+00
9.938376168811624556e-01
9.962508203215861835e-01
1.004898132649771014e+00
1.002686029496049347e+00
1.001680528062539599e+00
9.880057085668051409e-01
9.998706254822217199e-01
1.000675026629029629e+00
9.968541211816920322e-01
1.006104734369982934e+00
1.026214763040180555e+00
9.801627973854281084e-01
9.950442186013742640e-01
9.992673246221157601e-01
9.859947056997854231e-01
1.012539943544446208e+00
9.892123102870170603e-01
1.009925639817320420e+00
9.884079091402091510e-01
1.031644470781133860e+00
1.017165250138591492e+00

# time bin value
-1.000000000000000000e+02
-9.900000000000000000e+01
-9.800000000000000000e+01
-9.700000000000000000e+01
-9.600000000000000000e+01
-9.500000000000000000e+01
-9.400000000000000000e+01
-9.300000000000000000e+01
-9.200000000000000000e+01
-9.100000000000000000e+01
-9.000000000000000000e+01
-8.900000000000000000e+01
-8.800000000000000000e+01
-8.700000000000000000e+01
-8.600000000000000000e+01
-8.500000000000000000e+01
-8.400000000000000000e+01
-8.300000000000000000e+01
-8.200000000000000000e+01
-8.100000000000000000e+01
-8.000000000000000000e+01
-7.900000000000000000e+01
-7.800000000000000000e+01
-7.700000000000000000e+01
-7.600000000000000000e+01
-7.500000000000000000e+01
-7.400000000000000000e+01
-7.300000000000000000e+01
-7.200000000000000000e+01
-7.100000000000000000e+01
-7.000000000000000000e+01
-6.900000000000000000e+01
-6.800000000000000000e+01
-6.700000000000000000e+01
-6.600000000000000000e+01
-6.500000000000000000e+01
-6.400000000000000000e+01
-6.300000000000000000e+01
-6.200000000000000000e+01
-6.100000000000000000e+01
-6.000000000000000000e+01
-5.900000000000000000e+01
-5.800000000000000000e+01
-5.700000000000000000e+01
-5.600000000000000000e+01
-5.500000000000000000e+01
-5.400000000000000000e+01
-5.300000000000000000e+01
-5.200000000000000000e+01
-5.100000000000000000e+01
-5.000000000000000000e+01
-4.900000000000000000e+01
-4.800000000000000000e+01
-4.700000000000000000e+01
-4.600000000000000000e+01
-4.500000000000000000e+01
-4.400000000000000000e+01
-4.300000000000000000e+01
-4.200000000000000000e+01
-4.100000000000000000e+01
-4.000000000000000000e+01
-3.900000000000000000e+01
-3.800000000000000000e+01
-3.700000000000000000e+01
-3.600000000000000000e+01
-3.500000000000000000e+01
-3.400000000000000000e+01
-3.300000000000000000e+01
-3.200000000000000000e+01
-3.100000000000000000e+01
-3.000000000000000000e+01
-2.900000000000000000e+01
-2.800000000000000000e+01
-2.700000000000000000e+01
-2.600000000000000000e+01
-2.500000000000000000e+01
-2.400000000000000000e+01
-2.300000000000000000e+01
-2.200000000000000000e+01
-2.100000000000000000e+01
-2.000000000000000000e+01
-1.900000000000000000e+01
-1.800000000000000000e+01
-1.700000000000000000e+01
-1.600000000000000000e+01
-1.500000000000000000e+01
-1.400000000000000000e+01
-1.300000000000000000e+01
-1.200000000000000000e+01
-1.100000000000000000e+01
-1.000000000000000000e+01
-9.000000000000000000e+00
-8.000000000000000000e+00
-7.000000000000000000e+00
-6.000000000000000000e+00
-5.000000000000000000e+00
-4.000000000000000000e+00
-3.000000000000000000e+00
-2.000000000000000000e+00
-1.000000000000000000e+00
0.000000000000000000e+00
1.000000000000000000e+00
2.000000000000000000e+00
3.000000000000000000e+00
4.000000000000000000e+00
5.000000000000000000e+00
6.000000000000000000e+00
7.000000000000000000e+00
8.000000000000000000e+00
9.000000000000000000e+00
1.000000000000000000e+01
1.100000000000000000e+01
1.200000000000000000e+01
1.300000000000000000e+01
1.400000000000000000e+01
1.500000000000000000e+01
1.600000000000000000e+01
1.700000000000000000e+01
1.800000000000000000e+01
1.900000000000000000e+01
2.000000000000000000e+01
2.100000000000000000e+01
2.200000000000000000e+01
2.300000000000000000e+01
2.400000000000000000e+01
2.500000000000000000e+01
2.600000000000000000e+01
2.700000000000000000e+01
2.800000000000000000e+01
2.900000000000000000e+01
3.000000000000000000e+01
3.100000000000000000e+01
3.200000000000000000e+01
3.300000000000000000e+01
3.400000000000000000e+01
3.500000000000000000e+01
3.600000000000000000e+01
3.700000000000000000e+01
3.800000000000000000e+01
3.900000000000000000e+01
4.000000000000000000e+01
4.100000000000000000e+01
4.200000000000000000e+01
4.300000000000000000e+01
4.400000000000000000e+01
4.500000000000000000e+01
4.600000000000000000e+01
4.700000000000000000e+01
4.800000000000000000e+01
4.900000000000000000e+01
5.000000000000000000e+01
5.100000000000000000e+01
5.200000000000000000e+01
5.300000000000000000e+01
5.400000000000000000e+01
5.500000000000000000e+01
5.600000000000000000e+01
5.700000000000000000e+01
5.800000000000000000e+01
5.900000000000000000e+01
6.000000000000000000e+01
6.100000000000000000e+01
6.200000000000000000e+01
6.300000000000000000e+01
6.400000000000000000e+01
6.500000000000000000e+01
6.600000000000000000e+01
6.700000000000000000e+01
6.800000000000000000e+01
6.900000000000000000e+01
7.000000000000000000e+01
7.100000000000000000e+01
7.200000000000000000e+01
7.300000000000000000e+01
7.400000000000000000e+01
7.500000000000000000e+01
7.600000000000000000e+01
7.700000000000000000e+01
7.800000000000000000e+01
7.900000000000000000e+01
8.000000000000000000e+01
8.100000000000000000e+01
8.200000000000000000e+01
8.300000000000000000e+01
8.400000000000000000e+01
8.500000000000000000e+01
8.600000000000000000e+01
8.700000000000000000e+01
8.800000000000000000e+01
8.900000000000000000e+01
9.000000000000000000e+01
9.100000000000000000e+01
9.200000000000000000e+01
9.300000000000000000e+01
9.400000000000000000e+01
9.500000000000000000e+01
9.600000000000000000e+01
9.700000000000000000e+01
9.800000000000000000e+01
9.900000000000000000e+01
