single photon fraction:    0.0000
laser fraction:    1.0000
thermal source fraction:    0.0000
non-detected fraction:    0.0000
number of bins:  200.0000
bin width (ns):    1.0000
average detection events per bin: 5000.0000

# binary result
0.000000000000000000e+00

# g2 signal
9.959694612271824399e-01
1.004215573486938906e+00
1.000796453769478900e+00
9.893323464815246826e-01
1.025132541170223899e+00
9.780693638828328318e-01
1.012863935125220216e+00
9.993885809446424462e-01
1.014875182017843880e+00
9.933548402667717880e-01
1.007634693204398912e+00
1.012863935125220216e+00
9.953660871593953408e-01
1.017892052356779153e+00
1.020707798006452061e+00
9.760581169902092791e-01
1.000193079701691801e+00
1.021110047384976793e+00
9.921480921311977008e-01
9.953660871593953408e-01
1.002606575972840197e+00
1.015679680774893123e+00
9.770637404365209999e-01
1.001600952526528365e+00
9.798794860861940181e-01
1.002405451283577831e+00
9.802817354647187509e-01
9.742479947868480927e-01
1.011657186989646018e+00
1.012662810435957850e+00
1.005422321622513104e+00
1.000394204390954167e+00
1.009645940097022576e+00
9.742479947868480927e-01
9.915447180634106017e-01
9.901368452385741481e-01
1.003612199419151807e+00
9.752536182331598136e-01
1.031367406537356812e+00
9.883267230352129618e-01
1.005020072243988372e+00
9.957683365379200735e-01
1.012662810435957850e+00
1.005824571001037837e+00
9.714322491371750745e-01
9.678120047304527018e-01
1.007232443825874402e+00
1.016685304221204955e+00
9.925503415097223225e-01
1.000394204390954167e+00
1.018294301735303886e+00
1.035188775633341551e+00
1.006226820379562570e+00
1.000796453769478900e+00
9.977795834305436262e-01
1.002606575972840197e+00
9.999919550124295453e-01
9.959694612271824399e-01
9.818907329788175709e-01
9.893323464815246826e-01
9.875222242781634963e-01
1.006427945068824936e+00
9.899357205493117817e-01
9.770637404365209999e-01
1.007433568515136546e+00
1.009042566029235477e+00
1.016081930153417856e+00
1.010450438854072042e+00
1.002204326594315464e+00
9.941593390238212535e-01
9.919469674419353344e-01
1.008439191961448378e+00
1.007835817893661279e+00
9.824941070466046700e-01
1.001802077215790732e+00
1.014875182017843880e+00
1.018495426424566253e+00
9.818907329788175709e-01
1.020707798006452061e+00
9.971762093627565271e-01
1.013668433882269682e+00
1.001399827837265999e+00
9.903379699278365145e-01
9.855109773855399435e-01
9.967739599842317944e-01
1.013266184503744949e+00
1.010852688232596774e+00
9.959694612271824399e-01
9.901368452385741481e-01
9.933548402667717880e-01
9.937570896452965208e-01
1.004215573486938906e+00
1.016081930153417856e+00
1.017288678288992054e+00
9.901368452385741481e-01
9.971762093627565271e-01
9.732423713405362609e-01
1.004215573486938906e+00
1.011254937611121507e+00
9.953660871593953408e-01
1.007433568515136546e+00
9.923492168204600672e-01
9.826952317358669253e-01
9.973773340520188935e-01
1.011858311678908384e+00
9.919469674419353344e-01
9.939582143345588872e-01
9.889300971029999499e-01
9.841031045607034899e-01
1.010852688232596774e+00
9.708288750693879754e-01
1.008841441339973111e+00
1.002003201905053098e+00
1.000796453769478900e+00
9.945615884023458753e-01
9.909413439956235026e-01
9.766614910579962672e-01
1.017892052356779153e+00
1.000796453769478900e+00
1.034183152187029942e+00
1.024126917723912067e+00
1.016484179531942589e+00
9.977795834305436262e-01
9.885278477244753281e-01
1.005221196933250738e+00
9.913435933741482353e-01
1.000193079701691801e+00
1.000796453769478900e+00
1.004416698176201272e+00
1.010450438854072042e+00
1.006830194447349669e+00
1.006629069758087303e+00
9.871199748996387635e-01
1.011657186989646018e+00
1.002204326594315464e+00
9.997908303231671789e-01
9.869188502103763971e-01
9.881255983459505954e-01
9.881255983459505954e-01
1.022316795520550992e+00
1.005623446311775471e+00
9.857121020748023099e-01
9.999919550124295453e-01
1.019903299249402595e+00
1.008036942582923645e+00
9.720356232049621736e-01
1.008841441339973111e+00
1.004014448797676540e+00
9.869188502103763971e-01
1.015277431396368391e+00
1.001600952526528365e+00
9.993885809446424462e-01
9.865166008318517754e-01
1.008036942582923645e+00
1.006025695690300203e+00
1.013467309193007315e+00
9.927514661989846889e-01
1.007433568515136546e+00
1.007232443825874402e+00
9.867177255211140308e-01
1.005422321622513104e+00
1.007232443825874402e+00
9.853098526962775772e-01
1.015277431396368391e+00
9.985840821875929807e-01
9.939582143345588872e-01
1.007634693204398912e+00
1.014875182017843880e+00
1.009243690718497843e+00
1.011254937611121507e+00
9.895334711707870490e-01
1.016886428910467322e+00
1.010249314164809675e+00
1.006830194447349669e+00
1.002003201905053098e+00
1.014271807950056781e+00
1.014472932639319147e+00
9.961705859164448063e-01
1.028953910266208638e+00
1.002807700662102564e+00
9.772648651257833663e-01
9.837008551821787572e-01
1.011657186989646018e+00
9.738457454083233600e-01
9.955672118486577071e-01
1.012461685746695483e+00
1.018093177046041520e+00
9.951649624701329744e-01
9.983829574983307253e-01
1.007232443825874402e+00
9.712311244479127081e-01
9.989863315661177134e-01
1.007634693204398912e+00
9.843042292499658563e-01
9.939582143345588872e-01
1.009444815407760210e+00
9.851087280070152108e-01
1.023925793034649701e+00
9.975784587412812598e-01
9.915447180634106017e-01

# time bin value
-1.000000000000000000e+02
-9.900000000000000000e+01
-9.800000000000000000e+01
-9.700000000000000000e+01
-9.600000000000000000e+01
-9.500000000000000000e+01
-9.400000000000000000e+01
-9.300000000000000000e+01
-9.200000000000000000e+01
-9.100000000000000000e+01
-9.000000000000000000e+01
-8.900000000000000000e+01
-8.800000000000000000e+01
-8.700000000000000000e+01
-8.600000000000000000e+01
-8.500000000000000000e+01
-8.400000000000000000e+01
-8.300000000000000000e+01
-8.200000000000000000e+01
-8.100000000000000000e+01
-8.000000000000000000e+01
-7.900000000000000000e+01
-7.800000000000000000e+01
-7.700000000000000000e+01
-7.600000000000000000e+01
-7.500000000000000000e+01
-7.400000000000000000e+01
-7.300000000000000000e+01
-7.200000000000000000e+01
-7.100000000000000000e+01
-7.000000000000000000e+01
-6.900000000000000000e+01
-6.800000000000000000e+01
-6.700000000000000000e+01
-6.600000000000000000e+01
-6.500000000000000000e+01
-6.400000000000000000e+01
-6.300000000000000000e+01
-6.200000000000000000e+01
-6.100000000000000000e+01
-6.000000000000000000e+01
-5.900000000000000000e+01
-5.800000000000000000e+01
-5.700000000000000000e+01
-5.600000000000000000e+01
-5.500000000000000000e+01
-5.400000000000000000e+01
-5.300000000000000000e+01
-5.200000000000000000e+01
-5.100000000000000000e+01
-5.000000000000000000e+01
-4.900000000000000000e+01
-4.800000000000000000e+01
-4.700000000000000000e+01
-4.600000000000000000e+01
-4.500000000000000000e+01
-4.400000000000000000e+01
-4.300000000000000000e+01
-4.200000000000000000e+01
-4.100000000000000000e+01
-4.000000000000000000e+01
-3.900000000000000000e+01
-3.800000000000000000e+01
-3.700000000000000000e+01
-3.600000000000000000e+01
-3.500000000000000000e+01
-3.400000000000000000e+01
-3.300000000000000000e+01
-3.200000000000000000e+01
-3.100000000000000000e+01
-3.000000000000000000e+01
-2.900000000000000000e+01
-2.800000000000000000e+01
-2.700000000000000000e+01
-2.600000000000000000e+01
-2.500000000000000000e+01
-2.400000000000000000e+01
-2.300000000000000000e+01
-2.200000000000000000e+01
-2.100000000000000000e+01
-2.000000000000000000e+01
-1.900000000000000000e+01
-1.800000000000000000e+01
-1.700000000000000000e+01
-1.600000000000000000e+01
-1.500000000000000000e+01
-1.400000000000000000e+01
-1.300000000000000000e+01
-1.200000000000000000e+01
-1.100000000000000000e+01
-1.000000000000000000e+01
-9.000000000000000000e+00
-8.000000000000000000e+00
-7.000000000000000000e+00
-6.000000000000000000e+00
-5.000000000000000000e+00
-4.000000000000000000e+00
-3.000000000000000000e+00
-2.000000000000000000e+00
-1.000000000000000000e+00
0.000000000000000000e+00
1.000000000000000000e+00
2.000000000000000000e+00
3.000000000000000000e+00
4.000000000000000000e+00
5.000000000000000000e+00
6.000000000000000000e+00
7.000000000000000000e+00
8.000000000000000000e+00
9.000000000000000000e+00
1.000000000000000000e+01
1.100000000000000000e+01
1.200000000000000000e+01
1.300000000000000000e+01
1.400000000000000000e+01
1.500000000000000000e+01
1.600000000000000000e+01
1.700000000000000000e+01
1.800000000000000000e+01
1.900000000000000000e+01
2.000000000000000000e+01
2.100000000000000000e+01
2.200000000000000000e+01
2.300000000000000000e+01
2.400000000000000000e+01
2.500000000000000000e+01
2.600000000000000000e+01
2.700000000000000000e+01
2.800000000000000000e+01
2.900000000000000000e+01
3.000000000000000000e+01
3.100000000000000000e+01
3.200000000000000000e+01
3.300000000000000000e+01
3.400000000000000000e+01
3.500000000000000000e+01
3.600000000000000000e+01
3.700000000000000000e+01
3.800000000000000000e+01
3.900000000000000000e+01
4.000000000000000000e+01
4.100000000000000000e+01
4.200000000000000000e+01
4.300000000000000000e+01
4.400000000000000000e+01
4.500000000000000000e+01
4.600000000000000000e+01
4.700000000000000000e+01
4.800000000000000000e+01
4.900000000000000000e+01
5.000000000000000000e+01
5.100000000000000000e+01
5.200000000000000000e+01
5.300000000000000000e+01
5.400000000000000000e+01
5.500000000000000000e+01
5.600000000000000000e+01
5.700000000000000000e+01
5.800000000000000000e+01
5.900000000000000000e+01
6.000000000000000000e+01
6.100000000000000000e+01
6.200000000000000000e+01
6.300000000000000000e+01
6.400000000000000000e+01
6.500000000000000000e+01
6.600000000000000000e+01
6.700000000000000000e+01
6.800000000000000000e+01
6.900000000000000000e+01
7.000000000000000000e+01
7.100000000000000000e+01
7.200000000000000000e+01
7.300000000000000000e+01
7.400000000000000000e+01
7.500000000000000000e+01
7.600000000000000000e+01
7.700000000000000000e+01
7.800000000000000000e+01
7.900000000000000000e+01
8.000000000000000000e+01
8.100000000000000000e+01
8.200000000000000000e+01
8.300000000000000000e+01
8.400000000000000000e+01
8.500000000000000000e+01
8.600000000000000000e+01
8.700000000000000000e+01
8.800000000000000000e+01
8.900000000000000000e+01
9.000000000000000000e+01
9.100000000000000000e+01
9.200000000000000000e+01
9.300000000000000000e+01
9.400000000000000000e+01
9.500000000000000000e+01
9.600000000000000000e+01
9.700000000000000000e+01
9.800000000000000000e+01
9.900000000000000000e+01
