single photon fraction:    0.0000
laser fraction:    1.0000
thermal source fraction:    0.0000
non-detected fraction:    0.0000
number of bins:  200.0000
bin width (ns):    1.0000
average detection events per bin: 5000.0000

# binary result
0.000000000000000000e+00

# g2 signal
9.943757965498539741e-01
1.006845719564839925e+00
9.839171514405108399e-01
9.806991067914820892e-01
9.656145224991603548e-01
9.907554963196967268e-01
1.017103236883618811e+00
1.001817524800732606e+00
9.897498573668752631e-01
9.992028635233969336e-01
9.835148958593822321e-01
1.008655869679918604e+00
1.024947220715626051e+00
1.009058125261047101e+00
1.020723537113775947e+00
1.006242336193147180e+00
9.722517395877818824e-01
9.815036179537393046e-01
1.018712259208133020e+00
1.040836316170205000e+00
9.875374516706679762e-01
9.648100113369031394e-01
1.020120153742083202e+00
1.016097597930797347e+00
1.015695342349668850e+00
1.001214141429039861e+00
9.601840721539244283e-01
9.907554963196967268e-01
9.835148958593822321e-01
9.929679020159039027e-01
9.885430906234894399e-01
1.018108875836440275e+00
9.873363238801037278e-01
1.003225419334682789e+00
1.006845719564839925e+00
9.851239181838965520e-01
1.017304364674183059e+00
9.971915856177540061e-01
9.887442184140537993e-01
1.015293086768540132e+00
1.005840080612018461e+00
9.688325671481889945e-01
9.752686564462462737e-01
1.001013013638475613e+00
9.988006079422683259e-01
1.003828802706375534e+00
1.027159626411833226e+00
9.959848188743682940e-01
1.022734815019418875e+00
9.955825632932396863e-01
9.935712853875967587e-01
1.010264892004432813e+00
1.006845719564839925e+00
1.004029930496939782e+00
9.817047457443035530e-01
1.011069403166690028e+00
9.879397072517965839e-01
1.013080681072332956e+00
1.010466019794997283e+00
1.007650230727097140e+00
1.021528048276033163e+00
1.019315642579825987e+00
9.798945956292249848e-01
9.843194070216393365e-01
9.889453462046180476e-01
1.028969776526911906e+00
1.000811885847911142e+00
1.005840080612018461e+00
1.009259253051611349e+00
9.939735409687253664e-01
1.005840080612018461e+00
1.011471658747818747e+00
9.883419628329251916e-01
9.961859466649325423e-01
1.001415269219604109e+00
1.017103236883618811e+00
9.883419628329251916e-01
9.845205348122036959e-01
1.005035569449761246e+00
1.029573159898604873e+00
9.939735409687253664e-01
1.003828802706375534e+00
1.017505492464747308e+00
9.736596341217319539e-01
9.985994801517040775e-01
1.012879553281768708e+00
9.772799343518892012e-01
1.025952859668447514e+00
1.032791204547633512e+00
1.001817524800732606e+00
1.003225419334682789e+00
9.963870744554967906e-01
9.863306849272822641e-01
9.772799343518892012e-01
9.913588796913895829e-01
1.022131431647726130e+00
1.016097597930797347e+00
1.000610758057346894e+00
1.014689703396847387e+00
9.887442184140537993e-01
1.010063764213868565e+00
9.798945956292249848e-01
1.020723537113775947e+00
9.694359505198818505e-01
9.949791799215468302e-01
9.881408350423609432e-01
9.911577519008252235e-01
9.702404616821390659e-01
1.009058125261047101e+00
1.035808121406097904e+00
1.029170904317476154e+00
1.014689703396847387e+00
9.913588796913895829e-01
1.016700981302490092e+00
9.969904578271896467e-01
9.806991067914820892e-01
1.002018652591297077e+00
1.008052486308225637e+00
1.007650230727097140e+00
9.994039913139611819e-01
9.674246726142389230e-01
9.913588796913895829e-01
9.885430906234894399e-01
9.867329405084108718e-01
1.008052486308225637e+00
9.971915856177540061e-01
1.002420908172425573e+00
9.831126402782536244e-01
9.877385794612323355e-01
1.008454741889354356e+00
1.029975415479733369e+00
9.971915856177540061e-01
9.953814355026753269e-01
1.027561881992961945e+00
1.000208502476218397e+00
1.008253614098789885e+00
1.011069403166690028e+00
9.937724131781610071e-01
9.927667742253395433e-01
1.001817524800732606e+00
1.008655869679918604e+00
9.917611352725181906e-01
9.887442184140537993e-01
1.008856997470482852e+00
9.897498573668752631e-01
1.011069403166690028e+00
9.949791799215468302e-01
1.014287447815718668e+00
9.985994801517040775e-01
1.010667147585561532e+00
1.006845719564839925e+00
1.010868275376125780e+00
1.006242336193147180e+00
1.014287447815718668e+00
9.901521129480037597e-01
9.941746687592896148e-01
9.837160236499464805e-01
9.959848188743682940e-01
9.917611352725181906e-01
9.847216626027679443e-01
9.895487295763109037e-01
1.028969776526911906e+00
1.000208502476218397e+00
1.014689703396847387e+00
1.003627674915811285e+00
9.907554963196967268e-01
1.006845719564839925e+00
1.023338198391111842e+00
1.001214141429039861e+00
1.009661508632740068e+00
1.015494214559104380e+00
1.023338198391111842e+00
1.009862636423304316e+00
1.011873914328947244e+00
9.961859466649325423e-01
9.734585063311677056e-01
1.012075042119511492e+00
1.010466019794997283e+00
9.975938411988826138e-01
1.014086320025154420e+00
1.011672786538382995e+00
9.871351960895394795e-01
9.861295571367180157e-01
1.007650230727097140e+00
9.931690298064681510e-01
9.883419628329251916e-01
1.016499853511925844e+00
1.025148348506190521e+00
9.734585063311677056e-01
9.923645186442110466e-01
1.011270530957254277e+00
1.000007374685654149e+00
1.000610758057346894e+00
9.760731676085034891e-01
1.002018652591297077e+00
9.875374516706679762e-01
1.004432186078068501e+00
9.790900844669677694e-01
1.011270530957254277e+00
1.002420908172425573e+00

# time bin value
-1.000000000000000000e+02
-9.900000000000000000e+01
-9.800000000000000000e+01
-9.700000000000000000e+01
-9.600000000000000000e+01
-9.500000000000000000e+01
-9.400000000000000000e+01
-9.300000000000000000e+01
-9.200000000000000000e+01
-9.100000000000000000e+01
-9.000000000000000000e+01
-8.900000000000000000e+01
-8.800000000000000000e+01
-8.700000000000000000e+01
-8.600000000000000000e+01
-8.500000000000000000e+01
-8.400000000000000000e+01
-8.300000000000000000e+01
-8.200000000000000000e+01
-8.100000000000000000e+01
-8.000000000000000000e+01
-7.900000000000000000e+01
-7.800000000000000000e+01
-7.700000000000000000e+01
-7.600000000000000000e+01
-7.500000000000000000e+01
-7.400000000000000000e+01
-7.300000000000000000e+01
-7.200000000000000000e+01
-7.100000000000000000e+01
-7.000000000000000000e+01
-6.900000000000000000e+01
-6.800000000000000000e+01
-6.700000000000000000e+01
-6.600000000000000000e+01
-6.500000000000000000e+01
-6.400000000000000000e+01
-6.300000000000000000e+01
-6.200000000000000000e+01
-6.100000000000000000e+01
-6.000000000000000000e+01
-5.900000000000000000e+01
-5.800000000000000000e+01
-5.700000000000000000e+01
-5.600000000000000000e+01
-5.500000000000000000e+01
-5.400000000000000000e+01
-5.300000000000000000e+01
-5.200000000000000000e+01
-5.100000000000000000e+01
-5.000000000000000000e+01
-4.900000000000000000e+01
-4.800000000000000000e+01
-4.700000000000000000e+01
-4.600000000000000000e+01
-4.500000000000000000e+01
-4.400000000000000000e+01
-4.300000000000000000e+01
-4.200000000000000000e+01
-4.100000000000000000e+01
-4.000000000000000000e+01
-3.900000000000000000e+01
-3.800000000000000000e+01
-3.700000000000000000e+01
-3.600000000000000000e+01
-3.500000000000000000e+01
-3.400000000000000000e+01
-3.300000000000000000e+01
-3.200000000000000000e+01
-3.100000000000000000e+01
-3.000000000000000000e+01
-2.900000000000000000e+01
-2.800000000000000000e+01
-2.700000000000000000e+01
-2.600000000000000000e+01
-2.500000000000000000e+01
-2.400000000000000000e+01
-2.300000000000000000e+01
-2.200000000000000000e+01
-2.100000000000000000e+01
-2.000000000000000000e+01
-1.900000000000000000e+01
-1.800000000000000000e+01
-1.700000000000000000e+01
-1.600000000000000000e+01
-1.500000000000000000e+01
-1.400000000000000000e+01
-1.300000000000000000e+01
-1.200000000000000000e+01
-1.100000000000000000e+01
-1.000000000000000000e+01
-9.000000000000000000e+00
-8.000000000000000000e+00
-7.000000000000000000e+00
-6.000000000000000000e+00
-5.000000000000000000e+00
-4.000000000000000000e+00
-3.000000000000000000e+00
-2.000000000000000000e+00
-1.000000000000000000e+00
0.000000000000000000e+00
1.000000000000000000e+00
2.000000000000000000e+00
3.000000000000000000e+00
4.000000000000000000e+00
5.000000000000000000e+00
6.000000000000000000e+00
7.000000000000000000e+00
8.000000000000000000e+00
9.000000000000000000e+00
1.000000000000000000e+01
1.100000000000000000e+01
1.200000000000000000e+01
1.300000000000000000e+01
1.400000000000000000e+01
1.500000000000000000e+01
1.600000000000000000e+01
1.700000000000000000e+01
1.800000000000000000e+01
1.900000000000000000e+01
2.000000000000000000e+01
2.100000000000000000e+01
2.200000000000000000e+01
2.300000000000000000e+01
2.400000000000000000e+01
2.500000000000000000e+01
2.600000000000000000e+01
2.700000000000000000e+01
2.800000000000000000e+01
2.900000000000000000e+01
3.000000000000000000e+01
3.100000000000000000e+01
3.200000000000000000e+01
3.300000000000000000e+01
3.400000000000000000e+01
3.500000000000000000e+01
3.600000000000000000e+01
3.700000000000000000e+01
3.800000000000000000e+01
3.900000000000000000e+01
4.000000000000000000e+01
4.100000000000000000e+01
4.200000000000000000e+01
4.300000000000000000e+01
4.400000000000000000e+01
4.500000000000000000e+01
4.600000000000000000e+01
4.700000000000000000e+01
4.800000000000000000e+01
4.900000000000000000e+01
5.000000000000000000e+01
5.100000000000000000e+01
5.200000000000000000e+01
5.300000000000000000e+01
5.400000000000000000e+01
5.500000000000000000e+01
5.600000000000000000e+01
5.700000000000000000e+01
5.800000000000000000e+01
5.900000000000000000e+01
6.000000000000000000e+01
6.100000000000000000e+01
6.200000000000000000e+01
6.300000000000000000e+01
6.400000000000000000e+01
6.500000000000000000e+01
6.600000000000000000e+01
6.700000000000000000e+01
6.800000000000000000e+01
6.900000000000000000e+01
7.000000000000000000e+01
7.100000000000000000e+01
7.200000000000000000e+01
7.300000000000000000e+01
7.400000000000000000e+01
7.500000000000000000e+01
7.600000000000000000e+01
7.700000000000000000e+01
7.800000000000000000e+01
7.900000000000000000e+01
8.000000000000000000e+01
8.100000000000000000e+01
8.200000000000000000e+01
8.300000000000000000e+01
8.400000000000000000e+01
8.500000000000000000e+01
8.600000000000000000e+01
8.700000000000000000e+01
8.800000000000000000e+01
8.900000000000000000e+01
9.000000000000000000e+01
9.100000000000000000e+01
9.200000000000000000e+01
9.300000000000000000e+01
9.400000000000000000e+01
9.500000000000000000e+01
9.600000000000000000e+01
9.700000000000000000e+01
9.800000000000000000e+01
9.900000000000000000e+01
