single photon fraction:    0.0000
laser fraction:    1.0000
thermal source fraction:    0.0000
non-detected fraction:    0.0000
number of bins:  200.0000
bin width (ns):    1.0000
average detection events per bin: 5000.0000

# binary result
0.000000000000000000e+00

# g2 signal
1.024023913327591906e+00
1.002107831145634842e+00
1.007536585447587507e+00
1.018193029077346434e+00
1.012161079852954559e+00
1.006933390525148297e+00
1.021007938715395857e+00
1.022214328560274277e+00
9.912503225417294006e-01
1.009748300163197721e+00
1.006531260576855491e+00
9.974833367402676787e-01
9.715459550753826612e-01
9.866258281363623484e-01
9.832077235758736045e-01
9.932609722831933219e-01
1.005525935706123475e+00
1.003113156016366636e+00
9.840119834724592174e-01
9.924567123866078200e-01
9.940652321797789348e-01
1.008340845344173120e+00
9.789853591187992476e-01
1.002509961093927648e+00
1.013769599646125785e+00
9.936631022314861283e-01
9.850173083431911225e-01
9.930599073090469187e-01
9.832077235758736045e-01
9.801917489636776670e-01
9.769747093773353264e-01
1.036892071672961269e+00
1.029251602655398168e+00
9.868268931105087516e-01
9.978854666885604852e-01
1.009547235189051317e+00
1.012563209801247366e+00
1.015579184413443192e+00
9.890386078261190761e-01
9.805938789119704735e-01
9.868268931105087516e-01
9.942662971539253380e-01
9.960758819212428561e-01
1.013166404723686576e+00
9.966790768436820658e-01
9.938641672056325316e-01
1.009346170214904914e+00
1.012161079852954559e+00
9.878322179812406567e-01
9.838109184983128142e-01
9.783821641963601490e-01
1.008139780370026717e+00
1.001504636223195632e+00
1.028447342758812555e+00
9.884354129036798664e-01
9.864247631622159451e-01
9.932609722831933219e-01
1.005324870731977072e+00
1.021209003689542261e+00
9.932609722831933219e-01
1.016182379335882402e+00
9.970812067919748722e-01
1.006129130628562685e+00
9.797896190153848606e-01
9.777789692739209393e-01
1.005324870731977072e+00
1.023219653431006293e+00
9.960758819212428561e-01
9.940652321797789348e-01
9.874300880329478503e-01
1.018997288973932047e+00
9.890386078261190761e-01
1.001504636223195632e+00
1.005324870731977072e+00
1.012161079852954559e+00
9.998961164300244064e-01
9.992929215075851967e-01
1.006330195602709088e+00
1.017589834154907225e+00
1.030659057474422990e+00
1.032870772190033204e+00
1.007134455499294701e+00
1.007536585447587507e+00
1.006330195602709088e+00
9.982875966368532916e-01
9.846151783948983160e-01
9.918535174641686103e-01
1.002107831145634842e+00
1.016182379335882402e+00
9.864247631622159451e-01
9.805938789119704735e-01
1.023822848353445503e+00
1.015579184413443192e+00
1.025833498094909313e+00
1.005928065654416281e+00
9.978854666885604852e-01
9.942662971539253380e-01
9.910492575675829974e-01
9.848162433690447193e-01
1.000298246378317213e+00
1.008340845344173120e+00
1.001906766171488439e+00
1.000499311352463616e+00
1.006732325551001894e+00
1.008139780370026717e+00
1.006732325551001894e+00
9.777789692739209393e-01
9.645086809802587702e-01
9.948694920763645477e-01
9.685299804631867238e-01
9.932609722831933219e-01
1.000901441300756423e+00
1.001705701197342036e+00
1.030457992500276587e+00
1.011557884930515350e+00
1.001906766171488439e+00
9.916524524900222071e-01
1.006732325551001894e+00
1.008541910318319523e+00
1.001504636223195632e+00
9.860226332139231387e-01
1.006330195602709088e+00
1.001906766171488439e+00
9.822023987051415883e-01
9.864247631622159451e-01
9.882343479295334632e-01
9.966790768436820658e-01
9.910492575675829974e-01
9.996950514558780032e-01
9.868268931105087516e-01
1.002912091042220233e+00
1.000097181404170810e+00
9.994939864817316000e-01
9.906471276192901909e-01
1.025632433120763132e+00
1.002912091042220233e+00
1.016986639232468015e+00
9.982875966368532916e-01
1.001906766171488439e+00
1.002107831145634842e+00
9.996950514558780032e-01
9.799906839895312638e-01
1.007536585447587507e+00
1.032066512293447591e+00
9.920545824383150135e-01
1.011557884930515350e+00
1.009949365137344124e+00
9.946684271022181445e-01
9.906471276192901909e-01
9.836098535241664109e-01
1.003515285964659443e+00
1.005123805757830668e+00
1.008742975292465704e+00
1.003716350938805846e+00
9.880332829553870599e-01
1.007938715395880314e+00
9.990918565334387935e-01
9.647097459544051734e-01
9.882343479295334632e-01
1.002509961093927648e+00
1.019198353948078450e+00
1.011557884930515350e+00
9.749640596358714051e-01
1.021812198611981470e+00
1.005727000680269878e+00
9.787842941446528444e-01
9.691331753856259335e-01
9.836098535241664109e-01
1.011356819956368946e+00
9.777789692739209393e-01
9.994939864817316000e-01
1.019399418922224854e+00
9.797896190153848606e-01
9.852183733173375257e-01
9.864247631622159451e-01
1.004118480887098652e+00
1.007536585447587507e+00
9.811970738344096832e-01
1.000901441300756423e+00
1.009949365137344124e+00
9.978854666885604852e-01
1.023822848353445503e+00
9.882343479295334632e-01
1.000499311352463616e+00
9.884354129036798664e-01
1.009547235189051317e+00
1.011155754982222543e+00
1.017187704206614418e+00
9.976844017144140819e-01
9.898428677227046890e-01
1.011758949904661753e+00
1.012764274775393769e+00
1.020002613844664063e+00
1.008139780370026717e+00
1.004520610835391459e+00
9.954726869988037574e-01
1.005324870731977072e+00
9.749640596358714051e-01
1.022415393534420680e+00
1.001906766171488439e+00

# time bin value
-1.000000000000000000e+02
-9.900000000000000000e+01
-9.800000000000000000e+01
-9.700000000000000000e+01
-9.600000000000000000e+01
-9.500000000000000000e+01
-9.400000000000000000e+01
-9.300000000000000000e+01
-9.200000000000000000e+01
-9.100000000000000000e+01
-9.000000000000000000e+01
-8.900000000000000000e+01
-8.800000000000000000e+01
-8.700000000000000000e+01
-8.600000000000000000e+01
-8.500000000000000000e+01
-8.400000000000000000e+01
-8.300000000000000000e+01
-8.200000000000000000e+01
-8.100000000000000000e+01
-8.000000000000000000e+01
-7.900000000000000000e+01
-7.800000000000000000e+01
-7.700000000000000000e+01
-7.600000000000000000e+01
-7.500000000000000000e+01
-7.400000000000000000e+01
-7.300000000000000000e+01
-7.200000000000000000e+01
-7.100000000000000000e+01
-7.000000000000000000e+01
-6.900000000000000000e+01
-6.800000000000000000e+01
-6.700000000000000000e+01
-6.600000000000000000e+01
-6.500000000000000000e+01
-6.400000000000000000e+01
-6.300000000000000000e+01
-6.200000000000000000e+01
-6.100000000000000000e+01
-6.000000000000000000e+01
-5.900000000000000000e+01
-5.800000000000000000e+01
-5.700000000000000000e+01
-5.600000000000000000e+01
-5.500000000000000000e+01
-5.400000000000000000e+01
-5.300000000000000000e+01
-5.200000000000000000e+01
-5.100000000000000000e+01
-5.000000000000000000e+01
-4.900000000000000000e+01
-4.800000000000000000e+01
-4.700000000000000000e+01
-4.600000000000000000e+01
-4.500000000000000000e+01
-4.400000000000000000e+01
-4.300000000000000000e+01
-4.200000000000000000e+01
-4.100000000000000000e+01
-4.000000000000000000e+01
-3.900000000000000000e+01
-3.800000000000000000e+01
-3.700000000000000000e+01
-3.600000000000000000e+01
-3.500000000000000000e+01
-3.400000000000000000e+01
-3.300000000000000000e+01
-3.200000000000000000e+01
-3.100000000000000000e+01
-3.000000000000000000e+01
-2.900000000000000000e+01
-2.800000000000000000e+01
-2.700000000000000000e+01
-2.600000000000000000e+01
-2.500000000000000000e+01
-2.400000000000000000e+01
-2.300000000000000000e+01
-2.200000000000000000e+01
-2.100000000000000000e+01
-2.000000000000000000e+01
-1.900000000000000000e+01
-1.800000000000000000e+01
-1.700000000000000000e+01
-1.600000000000000000e+01
-1.500000000000000000e+01
-1.400000000000000000e+01
-1.300000000000000000e+01
-1.200000000000000000e+01
-1.100000000000000000e+01
-1.000000000000000000e+01
-9.000000000000000000e+00
-8.000000000000000000e+00
-7.000000000000000000e+00
-6.000000000000000000e+00
-5.000000000000000000e+00
-4.000000000000000000e+00
-3.000000000000000000e+00
-2.000000000000000000e+00
-1.000000000000000000e+00
0.000000000000000000e+00
1.000000000000000000e+00
2.000000000000000000e+00
3.000000000000000000e+00
4.000000000000000000e+00
5.000000000000000000e+00
6.000000000000000000e+00
7.000000000000000000e+00
8.000000000000000000e+00
9.000000000000000000e+00
1.000000000000000000e+01
1.100000000000000000e+01
1.200000000000000000e+01
1.300000000000000000e+01
1.400000000000000000e+01
1.500000000000000000e+01
1.600000000000000000e+01
1.700000000000000000e+01
1.800000000000000000e+01
1.900000000000000000e+01
2.000000000000000000e+01
2.100000000000000000e+01
2.200000000000000000e+01
2.300000000000000000e+01
2.400000000000000000e+01
2.500000000000000000e+01
2.600000000000000000e+01
2.700000000000000000e+01
2.800000000000000000e+01
2.900000000000000000e+01
3.000000000000000000e+01
3.100000000000000000e+01
3.200000000000000000e+01
3.300000000000000000e+01
3.400000000000000000e+01
3.500000000000000000e+01
3.600000000000000000e+01
3.700000000000000000e+01
3.800000000000000000e+01
3.900000000000000000e+01
4.000000000000000000e+01
4.100000000000000000e+01
4.200000000000000000e+01
4.300000000000000000e+01
4.400000000000000000e+01
4.500000000000000000e+01
4.600000000000000000e+01
4.700000000000000000e+01
4.800000000000000000e+01
4.900000000000000000e+01
5.000000000000000000e+01
5.100000000000000000e+01
5.200000000000000000e+01
5.300000000000000000e+01
5.400000000000000000e+01
5.500000000000000000e+01
5.600000000000000000e+01
5.700000000000000000e+01
5.800000000000000000e+01
5.900000000000000000e+01
6.000000000000000000e+01
6.100000000000000000e+01
6.200000000000000000e+01
6.300000000000000000e+01
6.400000000000000000e+01
6.500000000000000000e+01
6.600000000000000000e+01
6.700000000000000000e+01
6.800000000000000000e+01
6.900000000000000000e+01
7.000000000000000000e+01
7.100000000000000000e+01
7.200000000000000000e+01
7.300000000000000000e+01
7.400000000000000000e+01
7.500000000000000000e+01
7.600000000000000000e+01
7.700000000000000000e+01
7.800000000000000000e+01
7.900000000000000000e+01
8.000000000000000000e+01
8.100000000000000000e+01
8.200000000000000000e+01
8.300000000000000000e+01
8.400000000000000000e+01
8.500000000000000000e+01
8.600000000000000000e+01
8.700000000000000000e+01
8.800000000000000000e+01
8.900000000000000000e+01
9.000000000000000000e+01
9.100000000000000000e+01
9.200000000000000000e+01
9.300000000000000000e+01
9.400000000000000000e+01
9.500000000000000000e+01
9.600000000000000000e+01
9.700000000000000000e+01
9.800000000000000000e+01
9.900000000000000000e+01
