single photon fraction:    0.0000
laser fraction:    1.0000
thermal source fraction:    0.0000
non-detected fraction:    0.0000
number of bins:  200.0000
bin width (ns):    1.0000
average detection events per bin: 5000.0000

# binary result
0.000000000000000000e+00

# g2 signal
9.900817421145623465e-01
1.035359870564923401e+00
1.027109189380635446e+00
9.862582557120873616e-01
9.870632002178716391e-01
9.878681447236558055e-01
9.884718531029939026e-01
9.908866866203465129e-01
9.808248802980440439e-01
9.985336594252963716e-01
1.013022660529411922e+00
9.735803797459863240e-01
1.012016479897181798e+00
1.020065924955023684e+00
1.026103008748405099e+00
9.824347693096124878e-01
1.030328967403772111e+00
9.892767976087781800e-01
9.985336594252963716e-01
1.013223896655857992e+00
9.880693808501018749e-01
1.007991757368260632e+00
9.757939771368928650e-01
9.971250065401741081e-01
9.796174635393677388e-01
1.018657272069901421e+00
9.965212981608359000e-01
1.015236257920318463e+00
9.937039923905912620e-01
1.017047383058332866e+00
9.856545473327492646e-01
9.872644363443177085e-01
9.798186996658138082e-01
9.763976855162309620e-01
9.957163536550517335e-01
9.866607279649795004e-01
1.015839966299656671e+00
1.021273341713699878e+00
1.004973215471570036e+00
9.741840881253244211e-01
9.933015201376991232e-01
9.904842143674544852e-01
9.973262426666200664e-01
9.920941033790228181e-01
9.866607279649795004e-01
9.872644363443177085e-01
1.006381868356692300e+00
1.004369507092231828e+00
9.973262426666200664e-01
9.812273525509361827e-01
9.792149912864757111e-01
9.848496028269650981e-01
1.020669633334361892e+00
9.768001577691231008e-01
1.005375687724462175e+00
1.001350965195541010e+00
9.935027562641451926e-01
1.023889411357498558e+00
1.008394229621152771e+00
1.005778159977354091e+00
1.015638730173210602e+00
1.006583104483138369e+00
9.916916311261307904e-01
1.011815243770735728e+00
1.020065924955023684e+00
9.945089368963754284e-01
1.002155909701325287e+00
9.961188259079438723e-01
1.000948492942649093e+00
9.926978117583610262e-01
9.975274787930661358e-01
9.820322970567203491e-01
1.003765798712893620e+00
9.945089368963754284e-01
1.011211535391397520e+00
9.995398400575266074e-01
9.802211719187059469e-01
9.916916311261307904e-01
1.004771979345123967e+00
1.017047383058332866e+00
1.015035021793872394e+00
1.028316606139311640e+00
9.991373678046345796e-01
9.613049760327773141e-01
1.018254799817009282e+00
1.006180632230246230e+00
9.977287149195122051e-01
1.025901772621959029e+00
1.003564562586447551e+00
1.025298064242621043e+00
1.012620188276519784e+00
9.995398400575266074e-01
1.009400410253383118e+00
1.003564562586447551e+00
1.000948492942649093e+00
1.030731439656664250e+00
9.997410761839726767e-01
9.741840881253244211e-01
1.016443674678994880e+00
9.943077007699293590e-01
1.016443674678994880e+00
1.021877050093038086e+00
9.991373678046345796e-01
9.965212981608359000e-01
1.004369507092231828e+00
9.802211719187059469e-01
1.023285702978160572e+00
1.012620188276519784e+00
1.003363326460001703e+00
9.953138814021595948e-01
9.868619640914255697e-01
9.884718531029939026e-01
1.005174451598016105e+00
1.027109189380635446e+00
9.788125190335835724e-01
9.796174635393677388e-01
1.008997938000490979e+00
9.953138814021595948e-01
1.001552201321987079e+00
1.011815243770735728e+00
1.012016479897181798e+00
9.840446583211808207e-01
9.910879227467925823e-01
9.657321708145903960e-01
1.007790521241814785e+00
1.011412771517843590e+00
9.890755614823321107e-01
1.005778159977354091e+00
9.995398400575266074e-01
1.001552201321987079e+00
1.011815243770735728e+00
9.866607279649795004e-01
1.009199174126937049e+00
9.894780337352242494e-01
9.872644363443177085e-01
9.804224080451520162e-01
9.906854504939004435e-01
1.012016479897181798e+00
1.006381868356692300e+00
1.001149729069095162e+00
1.017047383058332866e+00
9.900817421145623465e-01
1.003363326460001703e+00
1.009601646379829187e+00
9.967225342872819693e-01
1.040390773726074691e+00
1.005174451598016105e+00
1.023889411357498558e+00
9.959175897814978029e-01
1.020669633334361892e+00
9.959175897814978029e-01
1.001552201321987079e+00
1.013827605035196200e+00
1.012620188276519784e+00
9.848496028269650981e-01
9.973262426666200664e-01
1.011614007644289659e+00
9.874656724707636668e-01
9.979299510459582745e-01
1.004570743218677897e+00
1.008192993494706702e+00
1.004168270965785759e+00
9.842458944476268901e-01
1.026907953254189376e+00
1.013827605035196200e+00
9.963200620343898306e-01
1.008394229621152771e+00
1.031737620288894597e+00
9.786112829071375030e-01
1.009601646379829187e+00
1.005576923850908244e+00
1.002558381954217426e+00
1.014230077288088339e+00
1.018657272069901421e+00
1.037573467955829942e+00
9.928990478848069845e-01
9.868619640914255697e-01
1.012016479897181798e+00
9.977287149195122051e-01
1.006784340609584438e+00
9.874656724707636668e-01
9.965212981608359000e-01
1.028115370012865570e+00
9.947101730228214977e-01
9.965212981608359000e-01
9.772026300220152395e-01
1.007790521241814785e+00
9.922953395054688874e-01
9.886730892294399720e-01
9.854533112063031952e-01
9.822335331831664185e-01
1.006784340609584438e+00
1.000948492942649093e+00
9.896792698616702078e-01
1.031335148036002458e+00
1.016644910805440949e+00
1.010205354759167173e+00
9.788125190335835724e-01
1.007186812862476577e+00
1.002357145827771356e+00

# time bin value
-1.000000000000000000e+02
-9.900000000000000000e+01
-9.800000000000000000e+01
-9.700000000000000000e+01
-9.600000000000000000e+01
-9.500000000000000000e+01
-9.400000000000000000e+01
-9.300000000000000000e+01
-9.200000000000000000e+01
-9.100000000000000000e+01
-9.000000000000000000e+01
-8.900000000000000000e+01
-8.800000000000000000e+01
-8.700000000000000000e+01
-8.600000000000000000e+01
-8.500000000000000000e+01
-8.400000000000000000e+01
-8.300000000000000000e+01
-8.200000000000000000e+01
-8.100000000000000000e+01
-8.000000000000000000e+01
-7.900000000000000000e+01
-7.800000000000000000e+01
-7.700000000000000000e+01
-7.600000000000000000e+01
-7.500000000000000000e+01
-7.400000000000000000e+01
-7.300000000000000000e+01
-7.200000000000000000e+01
-7.100000000000000000e+01
-7.000000000000000000e+01
-6.900000000000000000e+01
-6.800000000000000000e+01
-6.700000000000000000e+01
-6.600000000000000000e+01
-6.500000000000000000e+01
-6.400000000000000000e+01
-6.300000000000000000e+01
-6.200000000000000000e+01
-6.100000000000000000e+01
-6.000000000000000000e+01
-5.900000000000000000e+01
-5.800000000000000000e+01
-5.700000000000000000e+01
-5.600000000000000000e+01
-5.500000000000000000e+01
-5.400000000000000000e+01
-5.300000000000000000e+01
-5.200000000000000000e+01
-5.100000000000000000e+01
-5.000000000000000000e+01
-4.900000000000000000e+01
-4.800000000000000000e+01
-4.700000000000000000e+01
-4.600000000000000000e+01
-4.500000000000000000e+01
-4.400000000000000000e+01
-4.300000000000000000e+01
-4.200000000000000000e+01
-4.100000000000000000e+01
-4.000000000000000000e+01
-3.900000000000000000e+01
-3.800000000000000000e+01
-3.700000000000000000e+01
-3.600000000000000000e+01
-3.500000000000000000e+01
-3.400000000000000000e+01
-3.300000000000000000e+01
-3.200000000000000000e+01
-3.100000000000000000e+01
-3.000000000000000000e+01
-2.900000000000000000e+01
-2.800000000000000000e+01
-2.700000000000000000e+01
-2.600000000000000000e+01
-2.500000000000000000e+01
-2.400000000000000000e+01
-2.300000000000000000e+01
-2.200000000000000000e+01
-2.100000000000000000e+01
-2.000000000000000000e+01
-1.900000000000000000e+01
-1.800000000000000000e+01
-1.700000000000000000e+01
-1.600000000000000000e+01
-1.500000000000000000e+01
-1.400000000000000000e+01
-1.300000000000000000e+01
-1.200000000000000000e+01
-1.100000000000000000e+01
-1.000000000000000000e+01
-9.000000000000000000e+00
-8.000000000000000000e+00
-7.000000000000000000e+00
-6.000000000000000000e+00
-5.000000000000000000e+00
-4.000000000000000000e+00
-3.000000000000000000e+00
-2.000000000000000000e+00
-1.000000000000000000e+00
0.000000000000000000e+00
1.000000000000000000e+00
2.000000000000000000e+00
3.000000000000000000e+00
4.000000000000000000e+00
5.000000000000000000e+00
6.000000000000000000e+00
7.000000000000000000e+00
8.000000000000000000e+00
9.000000000000000000e+00
1.000000000000000000e+01
1.100000000000000000e+01
1.200000000000000000e+01
1.300000000000000000e+01
1.400000000000000000e+01
1.500000000000000000e+01
1.600000000000000000e+01
1.700000000000000000e+01
1.800000000000000000e+01
1.900000000000000000e+01
2.000000000000000000e+01
2.100000000000000000e+01
2.200000000000000000e+01
2.300000000000000000e+01
2.400000000000000000e+01
2.500000000000000000e+01
2.600000000000000000e+01
2.700000000000000000e+01
2.800000000000000000e+01
2.900000000000000000e+01
3.000000000000000000e+01
3.100000000000000000e+01
3.200000000000000000e+01
3.300000000000000000e+01
3.400000000000000000e+01
3.500000000000000000e+01
3.600000000000000000e+01
3.700000000000000000e+01
3.800000000000000000e+01
3.900000000000000000e+01
4.000000000000000000e+01
4.100000000000000000e+01
4.200000000000000000e+01
4.300000000000000000e+01
4.400000000000000000e+01
4.500000000000000000e+01
4.600000000000000000e+01
4.700000000000000000e+01
4.800000000000000000e+01
4.900000000000000000e+01
5.000000000000000000e+01
5.100000000000000000e+01
5.200000000000000000e+01
5.300000000000000000e+01
5.400000000000000000e+01
5.500000000000000000e+01
5.600000000000000000e+01
5.700000000000000000e+01
5.800000000000000000e+01
5.900000000000000000e+01
6.000000000000000000e+01
6.100000000000000000e+01
6.200000000000000000e+01
6.300000000000000000e+01
6.400000000000000000e+01
6.500000000000000000e+01
6.600000000000000000e+01
6.700000000000000000e+01
6.800000000000000000e+01
6.900000000000000000e+01
7.000000000000000000e+01
7.100000000000000000e+01
7.200000000000000000e+01
7.300000000000000000e+01
7.400000000000000000e+01
7.500000000000000000e+01
7.600000000000000000e+01
7.700000000000000000e+01
7.800000000000000000e+01
7.900000000000000000e+01
8.000000000000000000e+01
8.100000000000000000e+01
8.200000000000000000e+01
8.300000000000000000e+01
8.400000000000000000e+01
8.500000000000000000e+01
8.600000000000000000e+01
8.700000000000000000e+01
8.800000000000000000e+01
8.900000000000000000e+01
9.000000000000000000e+01
9.100000000000000000e+01
9.200000000000000000e+01
9.300000000000000000e+01
9.400000000000000000e+01
9.500000000000000000e+01
9.600000000000000000e+01
9.700000000000000000e+01
9.800000000000000000e+01
9.900000000000000000e+01
