single photon fraction:    0.0000
laser fraction:    1.0000
thermal source fraction:    0.0000
non-detected fraction:    0.0000
number of bins:  200.0000
bin width (ns):    1.0000
average detection events per bin: 5000.0000

# binary result
0.000000000000000000e+00

# g2 signal
1.007918402012621728e+00
9.868196316355632991e-01
1.026806825016845615e+00
1.001488300564375322e+00
9.916422077217480480e-01
1.012540037428548922e+00
9.962638431376752424e-01
9.970676058187060153e-01
9.980723091699944538e-01
1.005105232629013967e+00
1.004703351288498636e+00
1.003095825926436868e+00
1.006511817320817848e+00
1.002292063245406206e+00
1.013544740779837472e+00
9.840064622519555382e-01
1.009726868044941162e+00
1.013745681450095137e+00
1.011535334077260373e+00
9.962638431376752424e-01
9.992779531915406688e-01
9.954600804566443584e-01
9.894318603489133945e-01
1.022988952281949304e+00
9.932497330838097049e-01
1.008722164693652612e+00
9.986751311807675613e-01
1.004703351288498636e+00
1.004502410618240971e+00
9.904365637002019440e-01
9.998807752023137763e-01
9.996798345320561108e-01
1.014348503460868134e+00
9.958619617971598004e-01
9.813942335386054427e-01
1.021180486249629871e+00
9.767725981226783594e-01
1.002493003915663872e+00
9.783801234847399053e-01
1.005708054639786964e+00
1.001689241234632988e+00
9.868196316355632991e-01
1.003296766596694756e+00
1.000483597213086773e+00
1.020979545579372205e+00
1.000885478553602326e+00
9.896328010191710600e-01
9.998807752023137763e-01
1.001488300564375322e+00
9.633095732154124402e-01
1.003095825926436868e+00
9.926469110730365975e-01
1.002693944585921537e+00
9.733566067282973799e-01
9.860158689545325261e-01
1.002493003915663872e+00
9.930487924135520394e-01
9.878243349868518486e-01
9.832026995709246542e-01
1.017161672844475895e+00
9.635105138856701057e-01
9.821979962196362157e-01
1.009124046034167943e+00
9.799876488468015623e-01
9.980723091699944538e-01
9.647161579072163207e-01
1.003497707266952421e+00
9.990770125212830033e-01
1.012540037428548922e+00
9.898337416894288365e-01
1.009324986704425609e+00
9.858149282842747496e-01
1.011736274747518038e+00
1.010731571396229489e+00
9.968666651484482388e-01
1.012740978098806588e+00
9.844083435924708692e-01
9.970676058187060153e-01
1.011736274747518038e+00
9.934506737540673704e-01
9.950581991161290274e-01
1.012740978098806588e+00
1.013343800109579584e+00
9.872215129760787411e-01
9.902356230299441675e-01
9.946563177756135854e-01
9.904365637002019440e-01
9.743613100795859294e-01
9.880252756571095141e-01
1.001488300564375322e+00
1.023591774292722301e+00
1.002292063245406206e+00
9.992779531915406688e-01
9.840064622519555382e-01
1.008119342682879394e+00
1.012941918769064253e+00
9.934506737540673704e-01
1.010731571396229489e+00
9.922450297325211555e-01
1.019773901557825990e+00
9.828008182304093232e-01
1.038863265232307542e+00
9.803895301873168933e-01
1.018970138876795328e+00
1.013946622120352803e+00
9.988760718510253378e-01
1.026003062335814731e+00
9.988760718510253378e-01
1.030624697751741925e+00
9.982732498402522303e-01
1.021180486249629871e+00
1.004100529277725418e+00
9.693377933231434040e-01
1.011535334077260373e+00
9.930487924135520394e-01
1.027811528368133942e+00
1.042480197296946187e+00
9.868196316355632991e-01
9.900346823596865020e-01
1.000885478553602326e+00
1.002493003915663872e+00
1.010128749385456493e+00
1.010128749385456493e+00
9.934506737540673704e-01
1.008722164693652612e+00
9.846092842627286457e-01
9.992779531915406688e-01
9.946563177756135854e-01
1.009927808715198827e+00
9.990770125212830033e-01
1.003698647937210087e+00
1.006109935980302517e+00
1.014348503460868134e+00
1.021984248930660755e+00
9.930487924135520394e-01
1.010731571396229489e+00
1.004502410618240971e+00
1.003497707266952421e+00
9.954600804566443584e-01
1.002693944585921537e+00
1.002292063245406206e+00
9.978713684997367883e-01
1.000684537883344660e+00
9.673283866205664161e-01
1.015152266141899018e+00
1.037054799199988331e+00
9.731556660580397144e-01
9.878243349868518486e-01
1.007114639331591066e+00
9.890299790083979525e-01
1.005507113969529298e+00
9.980723091699944538e-01
9.972685464889636808e-01
9.842074029222132037e-01
9.872215129760787411e-01
1.018367316866022110e+00
1.015755088152672014e+00
1.001689241234632988e+00
9.938525550945828124e-01
9.994788938617983343e-01
9.753660134308743679e-01
1.003698647937210087e+00
9.932497330838097049e-01
9.717490813662358340e-01
9.914412670514903825e-01
1.019773901557825990e+00
9.918431483920058245e-01
9.970676058187060153e-01
9.825998775601516577e-01
1.005708054639786964e+00
1.014348503460868134e+00
9.962638431376752424e-01
9.892309196786557290e-01
1.020778604909114540e+00
1.020979545579372205e+00
9.643142765667008787e-01
9.966657244781905733e-01
1.013946622120352803e+00
9.832026995709246542e-01
1.010329690055714158e+00
9.882262163273671796e-01
1.008320283353137059e+00
9.846092842627286457e-01
9.900346823596865020e-01
1.000483597213086773e+00
9.906375043704596095e-01
9.990770125212830033e-01
1.009324986704425609e+00
1.001086419223859991e+00
1.001287359894117657e+00
9.938525550945828124e-01
1.000282656542829107e+00
1.006712757991075513e+00
1.023993655633237854e+00
9.972685464889636808e-01
9.934506737540673704e-01
1.000684537883344660e+00
1.001287359894117657e+00
9.924459704027789320e-01
9.777773014739667978e-01

# time bin value
-1.000000000000000000e+02
-9.900000000000000000e+01
-9.800000000000000000e+01
-9.700000000000000000e+01
-9.600000000000000000e+01
-9.500000000000000000e+01
-9.400000000000000000e+01
-9.300000000000000000e+01
-9.200000000000000000e+01
-9.100000000000000000e+01
-9.000000000000000000e+01
-8.900000000000000000e+01
-8.800000000000000000e+01
-8.700000000000000000e+01
-8.600000000000000000e+01
-8.500000000000000000e+01
-8.400000000000000000e+01
-8.300000000000000000e+01
-8.200000000000000000e+01
-8.100000000000000000e+01
-8.000000000000000000e+01
-7.900000000000000000e+01
-7.800000000000000000e+01
-7.700000000000000000e+01
-7.600000000000000000e+01
-7.500000000000000000e+01
-7.400000000000000000e+01
-7.300000000000000000e+01
-7.200000000000000000e+01
-7.100000000000000000e+01
-7.000000000000000000e+01
-6.900000000000000000e+01
-6.800000000000000000e+01
-6.700000000000000000e+01
-6.600000000000000000e+01
-6.500000000000000000e+01
-6.400000000000000000e+01
-6.300000000000000000e+01
-6.200000000000000000e+01
-6.100000000000000000e+01
-6.000000000000000000e+01
-5.900000000000000000e+01
-5.800000000000000000e+01
-5.700000000000000000e+01
-5.600000000000000000e+01
-5.500000000000000000e+01
-5.400000000000000000e+01
-5.300000000000000000e+01
-5.200000000000000000e+01
-5.100000000000000000e+01
-5.000000000000000000e+01
-4.900000000000000000e+01
-4.800000000000000000e+01
-4.700000000000000000e+01
-4.600000000000000000e+01
-4.500000000000000000e+01
-4.400000000000000000e+01
-4.300000000000000000e+01
-4.200000000000000000e+01
-4.100000000000000000e+01
-4.000000000000000000e+01
-3.900000000000000000e+01
-3.800000000000000000e+01
-3.700000000000000000e+01
-3.600000000000000000e+01
-3.500000000000000000e+01
-3.400000000000000000e+01
-3.300000000000000000e+01
-3.200000000000000000e+01
-3.100000000000000000e+01
-3.000000000000000000e+01
-2.900000000000000000e+01
-2.800000000000000000e+01
-2.700000000000000000e+01
-2.600000000000000000e+01
-2.500000000000000000e+01
-2.400000000000000000e+01
-2.300000000000000000e+01
-2.200000000000000000e+01
-2.100000000000000000e+01
-2.000000000000000000e+01
-1.900000000000000000e+01
-1.800000000000000000e+01
-1.700000000000000000e+01
-1.600000000000000000e+01
-1.500000000000000000e+01
-1.400000000000000000e+01
-1.300000000000000000e+01
-1.200000000000000000e+01
-1.100000000000000000e+01
-1.000000000000000000e+01
-9.000000000000000000e+00
-8.000000000000000000e+00
-7.000000000000000000e+00
-6.000000000000000000e+00
-5.000000000000000000e+00
-4.000000000000000000e+00
-3.000000000000000000e+00
-2.000000000000000000e+00
-1.000000000000000000e+00
0.000000000000000000e+00
1.000000000000000000e+00
2.000000000000000000e+00
3.000000000000000000e+00
4.000000000000000000e+00
5.000000000000000000e+00
6.000000000000000000e+00
7.000000000000000000e+00
8.000000000000000000e+00
9.000000000000000000e+00
1.000000000000000000e+01
1.100000000000000000e+01
1.200000000000000000e+01
1.300000000000000000e+01
1.400000000000000000e+01
1.500000000000000000e+01
1.600000000000000000e+01
1.700000000000000000e+01
1.800000000000000000e+01
1.900000000000000000e+01
2.000000000000000000e+01
2.100000000000000000e+01
2.200000000000000000e+01
2.300000000000000000e+01
2.400000000000000000e+01
2.500000000000000000e+01
2.600000000000000000e+01
2.700000000000000000e+01
2.800000000000000000e+01
2.900000000000000000e+01
3.000000000000000000e+01
3.100000000000000000e+01
3.200000000000000000e+01
3.300000000000000000e+01
3.400000000000000000e+01
3.500000000000000000e+01
3.600000000000000000e+01
3.700000000000000000e+01
3.800000000000000000e+01
3.900000000000000000e+01
4.000000000000000000e+01
4.100000000000000000e+01
4.200000000000000000e+01
4.300000000000000000e+01
4.400000000000000000e+01
4.500000000000000000e+01
4.600000000000000000e+01
4.700000000000000000e+01
4.800000000000000000e+01
4.900000000000000000e+01
5.000000000000000000e+01
5.100000000000000000e+01
5.200000000000000000e+01
5.300000000000000000e+01
5.400000000000000000e+01
5.500000000000000000e+01
5.600000000000000000e+01
5.700000000000000000e+01
5.800000000000000000e+01
5.900000000000000000e+01
6.000000000000000000e+01
6.100000000000000000e+01
6.200000000000000000e+01
6.300000000000000000e+01
6.400000000000000000e+01
6.500000000000000000e+01
6.600000000000000000e+01
6.700000000000000000e+01
6.800000000000000000e+01
6.900000000000000000e+01
7.000000000000000000e+01
7.100000000000000000e+01
7.200000000000000000e+01
7.300000000000000000e+01
7.400000000000000000e+01
7.500000000000000000e+01
7.600000000000000000e+01
7.700000000000000000e+01
7.800000000000000000e+01
7.900000000000000000e+01
8.000000000000000000e+01
8.100000000000000000e+01
8.200000000000000000e+01
8.300000000000000000e+01
8.400000000000000000e+01
8.500000000000000000e+01
8.600000000000000000e+01
8.700000000000000000e+01
8.800000000000000000e+01
8.900000000000000000e+01
9.000000000000000000e+01
9.100000000000000000e+01
9.200000000000000000e+01
9.300000000000000000e+01
9.400000000000000000e+01
9.500000000000000000e+01
9.600000000000000000e+01
9.700000000000000000e+01
9.800000000000000000e+01
9.900000000000000000e+01
