single photon fraction:    0.0000
laser fraction:    1.0000
thermal source fraction:    0.0000
non-detected fraction:    0.0000
number of bins:  200.0000
bin width (ns):    1.0000
average detection events per bin: 5000.0000

# binary result
0.000000000000000000e+00

# g2 signal
1.013460535821269604e+00
1.021100190723314372e+00
9.762674790613141695e-01
1.014063666471430869e+00
9.969749647168568707e-01
1.000593748617825574e+00
1.004614619618901861e+00
9.873248743142738482e-01
1.038792023128049857e+00
9.891342662647581996e-01
1.009640708370246998e+00
1.004413576068847958e+00
9.965728776167492864e-01
1.007228185769601270e+00
9.720455645101840902e-01
1.006424011569386101e+00
1.019089755222776228e+00
1.000995835717933158e+00
9.979801824671259425e-01
1.014666797121592356e+00
9.967739211668030785e-01
9.897373969149195760e-01
9.957687034165340068e-01
1.000191661517717989e+00
9.933561808158882789e-01
9.804893936124442488e-01
1.013460535821269604e+00
9.939593114660496553e-01
9.824998291129823924e-01
1.008233403519870341e+00
1.018084537472507156e+00
1.024718974624283074e+00
9.923509630656192071e-01
9.967739211668030785e-01
9.921499195155654149e-01
9.957687034165340068e-01
1.012656361621054213e+00
9.812935678126595285e-01
1.000794792167879255e+00
1.008836534170031829e+00
9.959697469665877989e-01
1.012656361621054213e+00
1.006021924469278517e+00
9.881290485144891278e-01
9.833040033131976720e-01
9.833040033131976720e-01
9.736539129106146495e-01
9.901394840150272714e-01
9.955676598664802146e-01
9.979801824671259425e-01
1.009439664820193316e+00
1.004011488968740373e+00
1.004614619618901861e+00
1.004815663168955542e+00
1.002604184118363717e+00
9.963718340666954942e-01
9.989854002173950143e-01
9.873248743142738482e-01
1.019893929422991619e+00
1.012857405171108116e+00
9.975780953670183582e-01
1.006021924469278517e+00
9.720455645101840902e-01
1.002001053468202230e+00
9.939593114660496553e-01
1.011651143870785141e+00
9.770716532615294492e-01
9.903405275650810635e-01
1.015470971321807747e+00
1.041204545728695585e+00
1.013862622921377188e+00
1.000191661517717989e+00
1.012254274520946629e+00
1.001800009918148326e+00
1.008032359969816660e+00
9.875259178643276403e-01
9.839071339633590485e-01
9.857165259138433999e-01
9.999906179676640861e-01
9.845102646135205360e-01
1.009439664820193316e+00
1.003408358318578886e+00
1.000794792167879255e+00
9.827008726630361846e-01
9.816956549127671128e-01
1.015470971321807747e+00
9.786800016619598974e-01
1.006222968019332198e+00
1.006424011569386101e+00
1.018084537472507156e+00
1.016074101971969013e+00
9.859175694638971921e-01
9.814946113627133206e-01
9.967739211668030785e-01
9.941603550161035585e-01
9.959697469665877989e-01
9.800873065123366645e-01
1.001397922818040742e+00
1.000191661517717989e+00
1.029544019825574530e+00
9.899384404649734792e-01
1.008836534170031829e+00
9.907426146651886478e-01
9.987843566673412221e-01
1.001397922818040742e+00
1.005217750269063126e+00
1.005217750269063126e+00
1.000794792167879255e+00
1.019290798772830131e+00
1.006424011569386101e+00
1.025322105274444562e+00
1.007228185769601270e+00
1.009037577720085732e+00
9.957687034165340068e-01
9.915467888654039275e-01
1.039194110228157442e+00
1.005418793819117029e+00
9.941603550161035585e-01
9.869227872141662639e-01
9.686278241592692906e-01
1.004212532518794054e+00
9.792831323121213849e-01
1.019491842322883812e+00
9.873248743142738482e-01
9.901394840150272714e-01
1.005217750269063126e+00
1.005820880919224614e+00
1.017883493922453475e+00
9.822987855629286003e-01
1.004815663168955542e+00
9.824998291129823924e-01
9.881290485144891278e-01
1.007831316419762757e+00
9.937582679159958632e-01
9.947634856662649350e-01
1.024115843974121587e+00
9.728497387103993699e-01
9.979801824671259425e-01
9.993874873175025986e-01
9.869227872141662639e-01
9.941603550161035585e-01
1.000995835717933158e+00
9.867217436641124717e-01
9.909436582152425510e-01
1.015672014871861428e+00
1.026729410124821218e+00
9.746591306608837213e-01
9.891342662647581996e-01
1.023512713323960099e+00
9.961707905166415911e-01
1.025322105274444562e+00
9.929540937157805836e-01
1.010243839020408485e+00
9.897373969149195760e-01
1.016878276172184403e+00
9.855154823637896078e-01
9.859175694638971921e-01
9.961707905166415911e-01
9.837060904133052563e-01
1.017079319722238084e+00
1.007429229319655173e+00
9.945624421162111428e-01
1.001598966368094645e+00
1.006625055119439782e+00
1.003408358318578886e+00
1.013058448721161797e+00
1.014264710021484772e+00
1.009439664820193316e+00
9.917478324154577196e-01
1.017883493922453475e+00
1.018687668122668644e+00
9.843092210634666328e-01
1.008836534170031829e+00
9.841081775134128407e-01
9.981812260171797346e-01
1.019491842322883812e+00
1.005016706719009445e+00
9.907426146651886478e-01
1.003609401868632789e+00
1.019089755222776228e+00
9.788810452120138006e-01
9.822987855629286003e-01
9.917478324154577196e-01
1.018084537472507156e+00
9.927530501657267914e-01
1.029342976275520627e+00
1.014465753571538675e+00
1.006021924469278517e+00
1.003006271218471301e+00
1.004413576068847958e+00
9.913457453153501353e-01
1.019893929422991619e+00
9.822987855629286003e-01
9.941603550161035585e-01
9.873248743142738482e-01
9.963718340666954942e-01
9.827008726630361846e-01
9.989854002173950143e-01
9.798862629622827614e-01
1.018486624572614740e+00

# time bin value
-1.000000000000000000e+02
-9.900000000000000000e+01
-9.800000000000000000e+01
-9.700000000000000000e+01
-9.600000000000000000e+01
-9.500000000000000000e+01
-9.400000000000000000e+01
-9.300000000000000000e+01
-9.200000000000000000e+01
-9.100000000000000000e+01
-9.000000000000000000e+01
-8.900000000000000000e+01
-8.800000000000000000e+01
-8.700000000000000000e+01
-8.600000000000000000e+01
-8.500000000000000000e+01
-8.400000000000000000e+01
-8.300000000000000000e+01
-8.200000000000000000e+01
-8.100000000000000000e+01
-8.000000000000000000e+01
-7.900000000000000000e+01
-7.800000000000000000e+01
-7.700000000000000000e+01
-7.600000000000000000e+01
-7.500000000000000000e+01
-7.400000000000000000e+01
-7.300000000000000000e+01
-7.200000000000000000e+01
-7.100000000000000000e+01
-7.000000000000000000e+01
-6.900000000000000000e+01
-6.800000000000000000e+01
-6.700000000000000000e+01
-6.600000000000000000e+01
-6.500000000000000000e+01
-6.400000000000000000e+01
-6.300000000000000000e+01
-6.200000000000000000e+01
-6.100000000000000000e+01
-6.000000000000000000e+01
-5.900000000000000000e+01
-5.800000000000000000e+01
-5.700000000000000000e+01
-5.600000000000000000e+01
-5.500000000000000000e+01
-5.400000000000000000e+01
-5.300000000000000000e+01
-5.200000000000000000e+01
-5.100000000000000000e+01
-5.000000000000000000e+01
-4.900000000000000000e+01
-4.800000000000000000e+01
-4.700000000000000000e+01
-4.600000000000000000e+01
-4.500000000000000000e+01
-4.400000000000000000e+01
-4.300000000000000000e+01
-4.200000000000000000e+01
-4.100000000000000000e+01
-4.000000000000000000e+01
-3.900000000000000000e+01
-3.800000000000000000e+01
-3.700000000000000000e+01
-3.600000000000000000e+01
-3.500000000000000000e+01
-3.400000000000000000e+01
-3.300000000000000000e+01
-3.200000000000000000e+01
-3.100000000000000000e+01
-3.000000000000000000e+01
-2.900000000000000000e+01
-2.800000000000000000e+01
-2.700000000000000000e+01
-2.600000000000000000e+01
-2.500000000000000000e+01
-2.400000000000000000e+01
-2.300000000000000000e+01
-2.200000000000000000e+01
-2.100000000000000000e+01
-2.000000000000000000e+01
-1.900000000000000000e+01
-1.800000000000000000e+01
-1.700000000000000000e+01
-1.600000000000000000e+01
-1.500000000000000000e+01
-1.400000000000000000e+01
-1.300000000000000000e+01
-1.200000000000000000e+01
-1.100000000000000000e+01
-1.000000000000000000e+01
-9.000000000000000000e+00
-8.000000000000000000e+00
-7.000000000000000000e+00
-6.000000000000000000e+00
-5.000000000000000000e+00
-4.000000000000000000e+00
-3.000000000000000000e+00
-2.000000000000000000e+00
-1.000000000000000000e+00
0.000000000000000000e+00
1.000000000000000000e+00
2.000000000000000000e+00
3.000000000000000000e+00
4.000000000000000000e+00
5.000000000000000000e+00
6.000000000000000000e+00
7.000000000000000000e+00
8.000000000000000000e+00
9.000000000000000000e+00
1.000000000000000000e+01
1.100000000000000000e+01
1.200000000000000000e+01
1.300000000000000000e+01
1.400000000000000000e+01
1.500000000000000000e+01
1.600000000000000000e+01
1.700000000000000000e+01
1.800000000000000000e+01
1.900000000000000000e+01
2.000000000000000000e+01
2.100000000000000000e+01
2.200000000000000000e+01
2.300000000000000000e+01
2.400000000000000000e+01
2.500000000000000000e+01
2.600000000000000000e+01
2.700000000000000000e+01
2.800000000000000000e+01
2.900000000000000000e+01
3.000000000000000000e+01
3.100000000000000000e+01
3.200000000000000000e+01
3.300000000000000000e+01
3.400000000000000000e+01
3.500000000000000000e+01
3.600000000000000000e+01
3.700000000000000000e+01
3.800000000000000000e+01
3.900000000000000000e+01
4.000000000000000000e+01
4.100000000000000000e+01
4.200000000000000000e+01
4.300000000000000000e+01
4.400000000000000000e+01
4.500000000000000000e+01
4.600000000000000000e+01
4.700000000000000000e+01
4.800000000000000000e+01
4.900000000000000000e+01
5.000000000000000000e+01
5.100000000000000000e+01
5.200000000000000000e+01
5.300000000000000000e+01
5.400000000000000000e+01
5.500000000000000000e+01
5.600000000000000000e+01
5.700000000000000000e+01
5.800000000000000000e+01
5.900000000000000000e+01
6.000000000000000000e+01
6.100000000000000000e+01
6.200000000000000000e+01
6.300000000000000000e+01
6.400000000000000000e+01
6.500000000000000000e+01
6.600000000000000000e+01
6.700000000000000000e+01
6.800000000000000000e+01
6.900000000000000000e+01
7.000000000000000000e+01
7.100000000000000000e+01
7.200000000000000000e+01
7.300000000000000000e+01
7.400000000000000000e+01
7.500000000000000000e+01
7.600000000000000000e+01
7.700000000000000000e+01
7.800000000000000000e+01
7.900000000000000000e+01
8.000000000000000000e+01
8.100000000000000000e+01
8.200000000000000000e+01
8.300000000000000000e+01
8.400000000000000000e+01
8.500000000000000000e+01
8.600000000000000000e+01
8.700000000000000000e+01
8.800000000000000000e+01
8.900000000000000000e+01
9.000000000000000000e+01
9.100000000000000000e+01
9.200000000000000000e+01
9.300000000000000000e+01
9.400000000000000000e+01
9.500000000000000000e+01
9.600000000000000000e+01
9.700000000000000000e+01
9.800000000000000000e+01
9.900000000000000000e+01
