single photon fraction:    0.0000
laser fraction:    1.0000
thermal source fraction:    0.0000
non-detected fraction:    0.0000
number of bins:  200.0000
bin width (ns):    1.0000
average detection events per bin: 5000.0000

# binary result
0.000000000000000000e+00

# g2 signal
9.960877796071155865e-01
1.008154257857958758e+00
9.995066151115211683e-01
1.000512154965758072e+00
1.003327666557621622e+00
9.944789158403364304e-01
1.002121018732537117e+00
1.003729882499316384e+00
1.004534314382705906e+00
9.946800238111838111e-01
9.701448513678023744e-01
9.989032911989790264e-01
9.906578643942360873e-01
9.856301651230513494e-01
9.647149361549229862e-01
9.894512165691516925e-01
1.002925450615926861e+00
9.759769825223767459e-01
1.040934857106083244e+00
9.980988593155893929e-01
9.974955354030472510e-01
9.987021832281316458e-01
9.731614709305133060e-01
9.814068977352561340e-01
1.010165337566432786e+00
9.852279491813565881e-01
9.982999672864367735e-01
9.777869542600031716e-01
9.836190854145774320e-01
9.997077230823685490e-01
1.023237355671513082e+00
1.012578633216601354e+00
1.028265054942697709e+00
9.942778078694890498e-01
1.020019628137954770e+00
1.016399684662701697e+00
9.960877796071155865e-01
1.002724342645079370e+00
9.888478926566095506e-01
9.749714426681397317e-01
1.018812980312870486e+00
9.989032911989790264e-01
9.946800238111838111e-01
1.008757581770501011e+00
9.892501085983043119e-01
1.000311046994910802e+00
1.020019628137954770e+00
9.991043991698264071e-01
9.924678361318625130e-01
1.021628491904733815e+00
1.015796360750159666e+00
9.795969259976297083e-01
9.896523245399990731e-01
1.005137638295247937e+00
1.013785281041685638e+00
1.010969769449822309e+00
9.968922114905051091e-01
9.878423528023726474e-01
1.024645111467444636e+00
9.880434607732200281e-01
9.954844556945733336e-01
1.005137638295247937e+00
1.012176417274906592e+00
1.012377525245754084e+00
9.928700520735573853e-01
9.962888875779629672e-01
1.002322126703384608e+00
1.013986389012533129e+00
9.918645122193203711e-01
1.000914370907452833e+00
1.023237355671513082e+00
1.039124885368456708e+00
9.936744839569469079e-01
9.995066151115211683e-01
9.836190854145774320e-01
9.777869542600031716e-01
1.003729882499316384e+00
1.005942070178637682e+00
9.840213013562721933e-01
9.852279491813565881e-01
1.000109939024063310e+00
9.864345970064408720e-01
1.003729882499316384e+00
9.880434607732200281e-01
9.795969259976297083e-01
1.033896078126424589e+00
9.936744839569469079e-01
9.942778078694890498e-01
1.005137638295247937e+00
9.958866716362682059e-01
1.001919910761689847e+00
1.015193036837617413e+00
1.014589712925075382e+00
1.028063946971850440e+00
9.924678361318625130e-01
9.804013578810192309e-01
9.918645122193203711e-01
9.781891702016979329e-01
9.866357049772882526e-01
1.008154257857958758e+00
1.019416304225412517e+00
1.003126558586774131e+00
9.729603629596658143e-01
9.693404194844128519e-01
1.029873918709476754e+00
1.030879458563713769e+00
1.005942070178637682e+00
9.908589723650834680e-01
1.031884998417950783e+00
1.004936530324400668e+00
9.972944274321998703e-01
1.011774201333211831e+00
9.854290571522039688e-01
9.968922114905051091e-01
9.987021832281316458e-01
1.009964229595585294e+00
9.999088310532159296e-01
9.844235172979670656e-01
1.030879458563713769e+00
9.962888875779629672e-01
9.985010752572842652e-01
9.970933194613524897e-01
9.902556484525413261e-01
1.006947610032874474e+00
9.864345970064408720e-01
1.013584173070838368e+00
9.904567564233887067e-01
1.012578633216601354e+00
1.025449543350834380e+00
1.002322126703384608e+00
1.000713262936605563e+00
9.920656201901677518e-01
1.007550933945416727e+00
9.848257332396618269e-01
9.938755919277942885e-01
9.954844556945733336e-01
9.701448513678023744e-01
9.924678361318625130e-01
9.785913861433926941e-01
9.960877796071155865e-01
9.892501085983043119e-01
1.000713262936605563e+00
1.023840679584055113e+00
1.006545394091179713e+00
1.019215196254565248e+00
9.862334890355934913e-01
1.008757581770501011e+00
1.013785281041685638e+00
1.014991928866770143e+00
1.000914370907452833e+00
9.918645122193203711e-01
9.852279491813565881e-01
1.004132098441011145e+00
1.018008548429480964e+00
1.034700510009814112e+00
1.017807440458633472e+00
1.013584173070838368e+00
1.026656191175918664e+00
9.797980339684770890e-01
9.948811317820311917e-01
1.010366445537280056e+00
9.731614709305133060e-01
1.001718802790842355e+00
1.001517694819995086e+00
1.013383065099990876e+00
1.019416304225412517e+00
9.878423528023726474e-01
1.018812980312870486e+00
1.012578633216601354e+00
9.987021832281316458e-01
9.970933194613524897e-01
9.900545404816939454e-01
9.970933194613524897e-01
9.968922114905051091e-01
1.002724342645079370e+00
1.001718802790842355e+00
9.876412448315252668e-01
1.002523234674231878e+00
9.987021832281316458e-01
1.004333206411858415e+00
9.982999672864367735e-01
9.932722680152521466e-01
9.904567564233887067e-01
1.017204116546091441e+00
9.904567564233887067e-01
9.830157615020352901e-01
9.997077230823685490e-01
9.759769825223767459e-01
1.014589712925075382e+00
1.004534314382705906e+00
9.914622962776256099e-01
1.006143178149484951e+00
9.874401368606778862e-01
1.015796360750159666e+00
1.022432923788123560e+00
9.862334890355934913e-01
1.034499402038966842e+00
1.023237355671513082e+00
9.924678361318625130e-01
1.014991928866770143e+00

# time bin value
-1.000000000000000000e+02
-9.900000000000000000e+01
-9.800000000000000000e+01
-9.700000000000000000e+01
-9.600000000000000000e+01
-9.500000000000000000e+01
-9.400000000000000000e+01
-9.300000000000000000e+01
-9.200000000000000000e+01
-9.100000000000000000e+01
-9.000000000000000000e+01
-8.900000000000000000e+01
-8.800000000000000000e+01
-8.700000000000000000e+01
-8.600000000000000000e+01
-8.500000000000000000e+01
-8.400000000000000000e+01
-8.300000000000000000e+01
-8.200000000000000000e+01
-8.100000000000000000e+01
-8.000000000000000000e+01
-7.900000000000000000e+01
-7.800000000000000000e+01
-7.700000000000000000e+01
-7.600000000000000000e+01
-7.500000000000000000e+01
-7.400000000000000000e+01
-7.300000000000000000e+01
-7.200000000000000000e+01
-7.100000000000000000e+01
-7.000000000000000000e+01
-6.900000000000000000e+01
-6.800000000000000000e+01
-6.700000000000000000e+01
-6.600000000000000000e+01
-6.500000000000000000e+01
-6.400000000000000000e+01
-6.300000000000000000e+01
-6.200000000000000000e+01
-6.100000000000000000e+01
-6.000000000000000000e+01
-5.900000000000000000e+01
-5.800000000000000000e+01
-5.700000000000000000e+01
-5.600000000000000000e+01
-5.500000000000000000e+01
-5.400000000000000000e+01
-5.300000000000000000e+01
-5.200000000000000000e+01
-5.100000000000000000e+01
-5.000000000000000000e+01
-4.900000000000000000e+01
-4.800000000000000000e+01
-4.700000000000000000e+01
-4.600000000000000000e+01
-4.500000000000000000e+01
-4.400000000000000000e+01
-4.300000000000000000e+01
-4.200000000000000000e+01
-4.100000000000000000e+01
-4.000000000000000000e+01
-3.900000000000000000e+01
-3.800000000000000000e+01
-3.700000000000000000e+01
-3.600000000000000000e+01
-3.500000000000000000e+01
-3.400000000000000000e+01
-3.300000000000000000e+01
-3.200000000000000000e+01
-3.100000000000000000e+01
-3.000000000000000000e+01
-2.900000000000000000e+01
-2.800000000000000000e+01
-2.700000000000000000e+01
-2.600000000000000000e+01
-2.500000000000000000e+01
-2.400000000000000000e+01
-2.300000000000000000e+01
-2.200000000000000000e+01
-2.100000000000000000e+01
-2.000000000000000000e+01
-1.900000000000000000e+01
-1.800000000000000000e+01
-1.700000000000000000e+01
-1.600000000000000000e+01
-1.500000000000000000e+01
-1.400000000000000000e+01
-1.300000000000000000e+01
-1.200000000000000000e+01
-1.100000000000000000e+01
-1.000000000000000000e+01
-9.000000000000000000e+00
-8.000000000000000000e+00
-7.000000000000000000e+00
-6.000000000000000000e+00
-5.000000000000000000e+00
-4.000000000000000000e+00
-3.000000000000000000e+00
-2.000000000000000000e+00
-1.000000000000000000e+00
0.000000000000000000e+00
1.000000000000000000e+00
2.000000000000000000e+00
3.000000000000000000e+00
4.000000000000000000e+00
5.000000000000000000e+00
6.000000000000000000e+00
7.000000000000000000e+00
8.000000000000000000e+00
9.000000000000000000e+00
1.000000000000000000e+01
1.100000000000000000e+01
1.200000000000000000e+01
1.300000000000000000e+01
1.400000000000000000e+01
1.500000000000000000e+01
1.600000000000000000e+01
1.700000000000000000e+01
1.800000000000000000e+01
1.900000000000000000e+01
2.000000000000000000e+01
2.100000000000000000e+01
2.200000000000000000e+01
2.300000000000000000e+01
2.400000000000000000e+01
2.500000000000000000e+01
2.600000000000000000e+01
2.700000000000000000e+01
2.800000000000000000e+01
2.900000000000000000e+01
3.000000000000000000e+01
3.100000000000000000e+01
3.200000000000000000e+01
3.300000000000000000e+01
3.400000000000000000e+01
3.500000000000000000e+01
3.600000000000000000e+01
3.700000000000000000e+01
3.800000000000000000e+01
3.900000000000000000e+01
4.000000000000000000e+01
4.100000000000000000e+01
4.200000000000000000e+01
4.300000000000000000e+01
4.400000000000000000e+01
4.500000000000000000e+01
4.600000000000000000e+01
4.700000000000000000e+01
4.800000000000000000e+01
4.900000000000000000e+01
5.000000000000000000e+01
5.100000000000000000e+01
5.200000000000000000e+01
5.300000000000000000e+01
5.400000000000000000e+01
5.500000000000000000e+01
5.600000000000000000e+01
5.700000000000000000e+01
5.800000000000000000e+01
5.900000000000000000e+01
6.000000000000000000e+01
6.100000000000000000e+01
6.200000000000000000e+01
6.300000000000000000e+01
6.400000000000000000e+01
6.500000000000000000e+01
6.600000000000000000e+01
6.700000000000000000e+01
6.800000000000000000e+01
6.900000000000000000e+01
7.000000000000000000e+01
7.100000000000000000e+01
7.200000000000000000e+01
7.300000000000000000e+01
7.400000000000000000e+01
7.500000000000000000e+01
7.600000000000000000e+01
7.700000000000000000e+01
7.800000000000000000e+01
7.900000000000000000e+01
8.000000000000000000e+01
8.100000000000000000e+01
8.200000000000000000e+01
8.300000000000000000e+01
8.400000000000000000e+01
8.500000000000000000e+01
8.600000000000000000e+01
8.700000000000000000e+01
8.800000000000000000e+01
8.900000000000000000e+01
9.000000000000000000e+01
9.100000000000000000e+01
9.200000000000000000e+01
9.300000000000000000e+01
9.400000000000000000e+01
9.500000000000000000e+01
9.600000000000000000e+01
9.700000000000000000e+01
9.800000000000000000e+01
9.900000000000000000e+01
