single photon fraction:    0.0000
laser fraction:    1.0000
thermal source fraction:    0.0000
non-detected fraction:    0.0000
number of bins:  200.0000
bin width (ns):    1.0000
average detection events per bin: 5000.0000

# binary result
0.000000000000000000e+00

# g2 signal
1.000346979868469210e+00
1.002758422969799446e+00
9.923088361973687599e-01
9.856773676687107244e-01
9.882897643618183681e-01
9.896964395042610052e-01
9.965288616246965603e-01
1.004366051704019602e+00
9.991412583178042039e-01
9.774382704058326432e-01
1.000146026276691913e+00
9.866821356275983224e-01
1.018030895944890712e+00
1.005772726846462239e+00
1.024863318065326157e+00
9.860792748522657636e-01
9.941174185233663252e-01
9.856773676687107244e-01
9.935145577480337664e-01
1.010997520232677527e+00
9.999450726849142823e-01
1.009389891498457592e+00
9.673905908169568857e-01
1.018432803128445752e+00
9.975336295835841582e-01
9.983374439506941256e-01
1.004767958887574641e+00
1.013007056150452723e+00
1.003361283745132004e+00
1.001954608602689367e+00
9.991412583178042039e-01
9.864811820358208028e-01
1.000949840643801769e+00
9.900983466878160444e-01
1.009188937906680072e+00
1.042346280549969917e+00
1.008787030723125033e+00
1.007581309172459916e+00
1.002155562194466887e+00
9.896964395042610052e-01
9.937155113398112860e-01
1.015016592068227919e+00
9.941174185233663252e-01
1.002557469378021926e+00
1.008987984314902553e+00
1.004968912479352161e+00
1.010193705865567448e+00
9.941174185233663252e-01
1.003160330153354485e+00
1.006978448397127357e+00
1.016021360027115517e+00
9.752277808962799277e-01
9.995431655013592431e-01
9.822611566084930024e-01
1.014212777701117840e+00
1.005973680438239759e+00
9.850745068933781656e-01
9.911031146467036423e-01
1.014413731292895360e+00
9.746249201209473689e-01
9.876869035864859203e-01
1.003562237336909524e+00
9.896964395042610052e-01
1.011600381008010086e+00
9.935145577480337664e-01
9.929116969727013187e-01
1.010796566640900007e+00
9.643762869402940918e-01
9.834668781591580089e-01
1.003160330153354485e+00
1.000346979868469210e+00
1.003964144520464563e+00
1.013609916925785281e+00
9.963279080329190407e-01
9.856773676687107244e-01
1.007782262764237435e+00
9.816582958331604436e-01
9.842706925262680873e-01
9.963279080329190407e-01
9.987393511342491648e-01
9.967298152164740799e-01
1.008184169947792475e+00
9.983374439506941256e-01
1.011801334599787605e+00
9.898973930960385248e-01
9.953231400740314427e-01
9.842706925262680873e-01
9.963279080329190407e-01
1.027073807574878872e+00
1.001351747827356808e+00
9.957250472575864819e-01
9.868830892193758419e-01
1.017227081577780634e+00
1.010394659457344968e+00
1.013007056150452723e+00
9.975336295835841582e-01
9.939164649315888056e-01
9.760315952633900061e-01
1.024260457289993598e+00
9.905002538713710836e-01
9.943183721151438448e-01
9.975336295835841582e-01
1.000547933460246730e+00
1.002758422969799446e+00
1.017026127986003115e+00
9.874859499947084007e-01
1.008586077131347514e+00
9.983374439506941256e-01
9.991412583178042039e-01
9.832659245673806003e-01
9.804525742824953261e-01
1.013609916925785281e+00
9.734191985702823624e-01
9.840697389344905677e-01
9.985383975424716452e-01
1.002959376561576965e+00
1.008787030723125033e+00
1.017428035169558154e+00
1.016624220802448075e+00
9.917059754220362011e-01
9.993422119095817235e-01
1.017428035169558154e+00
1.000949840643801769e+00
9.941174185233663252e-01
1.017026127986003115e+00
9.987393511342491648e-01
9.961269544411415211e-01
1.002959376561576965e+00
1.016825174394225595e+00
1.016423267210670556e+00
1.003562237336909524e+00
9.738211057538374016e-01
9.927107433809237991e-01
1.014815638476450399e+00
9.933136041562562468e-01
9.917059754220362011e-01
9.846725997098231264e-01
9.945193257069213644e-01
9.927107433809237991e-01
9.929116969727013187e-01
1.005571773254684720e+00
1.018834710312000791e+00
1.022853782147550961e+00
1.015016592068227919e+00
9.961269544411415211e-01
1.021648060596885843e+00
1.009992752273789929e+00
9.798497135071627673e-01
1.009389891498457592e+00
1.019035663903778310e+00
9.882897643618183681e-01
1.000949840643801769e+00
9.804525742824953261e-01
1.025265225248881196e+00
1.005169866071129681e+00
9.999450726849142823e-01
9.629696117978515657e-01
9.866821356275983224e-01
1.006978448397127357e+00
9.953231400740314427e-01
1.002356515786244406e+00
9.945193257069213644e-01
1.017227081577780634e+00
9.790458991400526889e-01
9.814573422413829240e-01
1.004165098112242083e+00
9.832659245673806003e-01
9.927107433809237991e-01
9.927107433809237991e-01
9.750268273045024081e-01
9.567400504527485694e-01
1.003964144520464563e+00
9.945193257069213644e-01
1.005772726846462239e+00
1.004366051704019602e+00
9.935145577480337664e-01
9.995431655013592431e-01
9.999450726849142823e-01
1.025466178840658715e+00
9.975336295835841582e-01
9.977345831753616778e-01
1.020442339046220726e+00
1.017428035169558154e+00
1.005370819662907200e+00
1.031695740185761601e+00
9.959260008493640015e-01
9.985383975424716452e-01
9.907012074631486032e-01
1.003964144520464563e+00
9.985383975424716452e-01
1.011399427416232566e+00
1.013810870517562801e+00
1.013810870517562801e+00
1.031695740185761601e+00
1.001351747827356808e+00
9.905002538713710836e-01
9.794478063236077281e-01
1.008586077131347514e+00
9.961269544411415211e-01
1.004366051704019602e+00

# time bin value
-1.000000000000000000e+02
-9.900000000000000000e+01
-9.800000000000000000e+01
-9.700000000000000000e+01
-9.600000000000000000e+01
-9.500000000000000000e+01
-9.400000000000000000e+01
-9.300000000000000000e+01
-9.200000000000000000e+01
-9.100000000000000000e+01
-9.000000000000000000e+01
-8.900000000000000000e+01
-8.800000000000000000e+01
-8.700000000000000000e+01
-8.600000000000000000e+01
-8.500000000000000000e+01
-8.400000000000000000e+01
-8.300000000000000000e+01
-8.200000000000000000e+01
-8.100000000000000000e+01
-8.000000000000000000e+01
-7.900000000000000000e+01
-7.800000000000000000e+01
-7.700000000000000000e+01
-7.600000000000000000e+01
-7.500000000000000000e+01
-7.400000000000000000e+01
-7.300000000000000000e+01
-7.200000000000000000e+01
-7.100000000000000000e+01
-7.000000000000000000e+01
-6.900000000000000000e+01
-6.800000000000000000e+01
-6.700000000000000000e+01
-6.600000000000000000e+01
-6.500000000000000000e+01
-6.400000000000000000e+01
-6.300000000000000000e+01
-6.200000000000000000e+01
-6.100000000000000000e+01
-6.000000000000000000e+01
-5.900000000000000000e+01
-5.800000000000000000e+01
-5.700000000000000000e+01
-5.600000000000000000e+01
-5.500000000000000000e+01
-5.400000000000000000e+01
-5.300000000000000000e+01
-5.200000000000000000e+01
-5.100000000000000000e+01
-5.000000000000000000e+01
-4.900000000000000000e+01
-4.800000000000000000e+01
-4.700000000000000000e+01
-4.600000000000000000e+01
-4.500000000000000000e+01
-4.400000000000000000e+01
-4.300000000000000000e+01
-4.200000000000000000e+01
-4.100000000000000000e+01
-4.000000000000000000e+01
-3.900000000000000000e+01
-3.800000000000000000e+01
-3.700000000000000000e+01
-3.600000000000000000e+01
-3.500000000000000000e+01
-3.400000000000000000e+01
-3.300000000000000000e+01
-3.200000000000000000e+01
-3.100000000000000000e+01
-3.000000000000000000e+01
-2.900000000000000000e+01
-2.800000000000000000e+01
-2.700000000000000000e+01
-2.600000000000000000e+01
-2.500000000000000000e+01
-2.400000000000000000e+01
-2.300000000000000000e+01
-2.200000000000000000e+01
-2.100000000000000000e+01
-2.000000000000000000e+01
-1.900000000000000000e+01
-1.800000000000000000e+01
-1.700000000000000000e+01
-1.600000000000000000e+01
-1.500000000000000000e+01
-1.400000000000000000e+01
-1.300000000000000000e+01
-1.200000000000000000e+01
-1.100000000000000000e+01
-1.000000000000000000e+01
-9.000000000000000000e+00
-8.000000000000000000e+00
-7.000000000000000000e+00
-6.000000000000000000e+00
-5.000000000000000000e+00
-4.000000000000000000e+00
-3.000000000000000000e+00
-2.000000000000000000e+00
-1.000000000000000000e+00
0.000000000000000000e+00
1.000000000000000000e+00
2.000000000000000000e+00
3.000000000000000000e+00
4.000000000000000000e+00
5.000000000000000000e+00
6.000000000000000000e+00
7.000000000000000000e+00
8.000000000000000000e+00
9.000000000000000000e+00
1.000000000000000000e+01
1.100000000000000000e+01
1.200000000000000000e+01
1.300000000000000000e+01
1.400000000000000000e+01
1.500000000000000000e+01
1.600000000000000000e+01
1.700000000000000000e+01
1.800000000000000000e+01
1.900000000000000000e+01
2.000000000000000000e+01
2.100000000000000000e+01
2.200000000000000000e+01
2.300000000000000000e+01
2.400000000000000000e+01
2.500000000000000000e+01
2.600000000000000000e+01
2.700000000000000000e+01
2.800000000000000000e+01
2.900000000000000000e+01
3.000000000000000000e+01
3.100000000000000000e+01
3.200000000000000000e+01
3.300000000000000000e+01
3.400000000000000000e+01
3.500000000000000000e+01
3.600000000000000000e+01
3.700000000000000000e+01
3.800000000000000000e+01
3.900000000000000000e+01
4.000000000000000000e+01
4.100000000000000000e+01
4.200000000000000000e+01
4.300000000000000000e+01
4.400000000000000000e+01
4.500000000000000000e+01
4.600000000000000000e+01
4.700000000000000000e+01
4.800000000000000000e+01
4.900000000000000000e+01
5.000000000000000000e+01
5.100000000000000000e+01
5.200000000000000000e+01
5.300000000000000000e+01
5.400000000000000000e+01
5.500000000000000000e+01
5.600000000000000000e+01
5.700000000000000000e+01
5.800000000000000000e+01
5.900000000000000000e+01
6.000000000000000000e+01
6.100000000000000000e+01
6.200000000000000000e+01
6.300000000000000000e+01
6.400000000000000000e+01
6.500000000000000000e+01
6.600000000000000000e+01
6.700000000000000000e+01
6.800000000000000000e+01
6.900000000000000000e+01
7.000000000000000000e+01
7.100000000000000000e+01
7.200000000000000000e+01
7.300000000000000000e+01
7.400000000000000000e+01
7.500000000000000000e+01
7.600000000000000000e+01
7.700000000000000000e+01
7.800000000000000000e+01
7.900000000000000000e+01
8.000000000000000000e+01
8.100000000000000000e+01
8.200000000000000000e+01
8.300000000000000000e+01
8.400000000000000000e+01
8.500000000000000000e+01
8.600000000000000000e+01
8.700000000000000000e+01
8.800000000000000000e+01
8.900000000000000000e+01
9.000000000000000000e+01
9.100000000000000000e+01
9.200000000000000000e+01
9.300000000000000000e+01
9.400000000000000000e+01
9.500000000000000000e+01
9.600000000000000000e+01
9.700000000000000000e+01
9.800000000000000000e+01
9.900000000000000000e+01
