single photon fraction:    0.0000
laser fraction:    1.0000
thermal source fraction:    0.0000
non-detected fraction:    0.0000
number of bins:  200.0000
bin width (ns):    1.0000
average detection events per bin: 5000.0000

# binary result
0.000000000000000000e+00

# g2 signal
1.001668108076267050e+00
1.005885235235369102e+00
1.000864845760247590e+00
1.013516227237553968e+00
1.007090128709398291e+00
1.009499915657456670e+00
9.930330381790578587e-01
9.912256979680140745e-01
1.012712964921534509e+00
1.014118673974568674e+00
1.024962715240831379e+00
1.010503993552481106e+00
9.980534276541794814e-01
9.962460874431356972e-01
9.837955215448340729e-01
9.956436407061211025e-01
1.001065661339252344e+00
1.001065661339252344e+00
1.008295022183427481e+00
1.013315411658549214e+00
1.019942325765709645e+00
1.011909702605515049e+00
9.972501653381600217e-01
9.787751320697124502e-01
9.996599522862184006e-01
9.942379316530870481e-01
9.713449556465324486e-01
1.004077895024325429e+00
9.982542432331843463e-01
1.003877079445320453e+00
1.017733354396656242e+00
1.006086050814374078e+00
1.023757821766802190e+00
9.843979682818486676e-01
9.976517964961697515e-01
9.924305914420432639e-01
9.837955215448340729e-01
1.007893391025417751e+00
9.910248823890092096e-01
9.968485341801502919e-01
9.771686074376735309e-01
9.986558743911940761e-01
9.843979682818486676e-01
1.004680341761339912e+00
1.011508071447505319e+00
1.003676263866315699e+00
1.012913780500539485e+00
1.022352112713768024e+00
1.007090128709398291e+00
1.003877079445320453e+00
9.892175421779654254e-01
9.962460874431356972e-01
9.982542432331843463e-01
1.012110518184520025e+00
9.882134642829411009e-01
9.805824722807562344e-01
1.001668108076267050e+00
9.966477186011454270e-01
9.884142798619459658e-01
1.009700731236461646e+00
1.009700731236461646e+00
9.920289602840335341e-01
1.014319489553573428e+00
1.016528460922627053e+00
1.004881157340344888e+00
1.001467292497262074e+00
9.789759476487173151e-01
1.023557006187797214e+00
1.007090128709398291e+00
9.928322226000529938e-01
1.009098284499446940e+00
9.910248823890092096e-01
9.723490335415567731e-01
1.026770055451875052e+00
9.898199889149800201e-01
9.833938903868243431e-01
1.002471370392286509e+00
9.860044929138875869e-01
9.811849190177708291e-01
9.932338537580627236e-01
9.611033611172842273e-01
9.749596360686200169e-01
9.968485341801502919e-01
9.896191733359751552e-01
1.009901546815466400e+00
1.019540694607699916e+00
1.002873001550296239e+00
9.721482179625519082e-01
9.900208044939848850e-01
9.960452718641308323e-01
9.970493497591551568e-01
1.003877079445320453e+00
9.856028617558778571e-01
1.014721120711583158e+00
9.854020461768729922e-01
9.864061240718973167e-01
9.898199889149800201e-01
1.009901546815466400e+00
1.029581473557943161e+00
1.000262399023232884e+00
1.007491759867408021e+00
1.010503993552481106e+00
1.028979026820928677e+00
1.010303177973476130e+00
1.024561084082821649e+00
1.010704809131485860e+00
1.002270554813281533e+00
1.004680341761339912e+00
9.896191733359751552e-01
9.717465868045421784e-01
1.008094206604422727e+00
9.932338537580627236e-01
9.984550588121892112e-01
1.003676263866315699e+00
1.011508071447505319e+00
9.972501653381600217e-01
9.771686074376735309e-01
9.892175421779654254e-01
9.918281447050286692e-01
1.010704809131485860e+00
1.018335801133670726e+00
1.004479526182335158e+00
9.984550588121892112e-01
9.980534276541794814e-01
9.976517964961697515e-01
9.882134642829411009e-01
9.944387472320919130e-01
9.992583211282086708e-01
9.781726853326978555e-01
9.984550588121892112e-01
1.012512149342529755e+00
1.017130907659641537e+00
1.008897468920442186e+00
1.020745588081729105e+00
9.900208044939848850e-01
9.964469030221405621e-01
9.805824722807562344e-01
9.930330381790578587e-01
9.956436407061211025e-01
9.944387472320919130e-01
1.002471370392286509e+00
1.001266476918257320e+00
9.920289602840335341e-01
9.924305914420432639e-01
9.890167265989605605e-01
1.014118673974568674e+00
1.002873001550296239e+00
1.002672185971291263e+00
1.001065661339252344e+00
1.006487681972383808e+00
9.733531114365810977e-01
1.003475448287310723e+00
9.944387472320919130e-01
1.003073817129300993e+00
9.807832878597610993e-01
9.898199889149800201e-01
9.819881813337902887e-01
1.005885235235369102e+00
9.880126487039362360e-01
9.918281447050286692e-01
9.970493497591551568e-01
1.002270554813281533e+00
9.898199889149800201e-01
1.010102362394471376e+00
1.007290944288403267e+00
9.699392465934983942e-01
9.825906280708048834e-01
9.978526120751746165e-01
9.669270129084253096e-01
9.916273291260238043e-01
9.791767632277221800e-01
1.001868923655271804e+00
1.000664030181242614e+00
1.006286866393378832e+00
9.920289602840335341e-01
1.002672185971291263e+00
1.024761899661826403e+00
9.948403783901016428e-01
9.964469030221405621e-01
1.007692575446412997e+00
9.791767632277221800e-01
1.010704809131485860e+00
1.008495837762432457e+00
1.007290944288403267e+00
9.930330381790578587e-01
1.021950481555758294e+00
9.872093863879167763e-01
1.023958637345806943e+00
1.019540694607699916e+00
1.018134985554665972e+00
1.015725198606607593e+00
9.839963371238389378e-01
9.992583211282086708e-01
1.010303177973476130e+00
9.701400621725032591e-01
9.912256979680140745e-01
1.005282788498354618e+00
9.980534276541794814e-01
9.882134642829411009e-01
9.793775788067270449e-01

# time bin value
-1.000000000000000000e+02
-9.900000000000000000e+01
-9.800000000000000000e+01
-9.700000000000000000e+01
-9.600000000000000000e+01
-9.500000000000000000e+01
-9.400000000000000000e+01
-9.300000000000000000e+01
-9.200000000000000000e+01
-9.100000000000000000e+01
-9.000000000000000000e+01
-8.900000000000000000e+01
-8.800000000000000000e+01
-8.700000000000000000e+01
-8.600000000000000000e+01
-8.500000000000000000e+01
-8.400000000000000000e+01
-8.300000000000000000e+01
-8.200000000000000000e+01
-8.100000000000000000e+01
-8.000000000000000000e+01
-7.900000000000000000e+01
-7.800000000000000000e+01
-7.700000000000000000e+01
-7.600000000000000000e+01
-7.500000000000000000e+01
-7.400000000000000000e+01
-7.300000000000000000e+01
-7.200000000000000000e+01
-7.100000000000000000e+01
-7.000000000000000000e+01
-6.900000000000000000e+01
-6.800000000000000000e+01
-6.700000000000000000e+01
-6.600000000000000000e+01
-6.500000000000000000e+01
-6.400000000000000000e+01
-6.300000000000000000e+01
-6.200000000000000000e+01
-6.100000000000000000e+01
-6.000000000000000000e+01
-5.900000000000000000e+01
-5.800000000000000000e+01
-5.700000000000000000e+01
-5.600000000000000000e+01
-5.500000000000000000e+01
-5.400000000000000000e+01
-5.300000000000000000e+01
-5.200000000000000000e+01
-5.100000000000000000e+01
-5.000000000000000000e+01
-4.900000000000000000e+01
-4.800000000000000000e+01
-4.700000000000000000e+01
-4.600000000000000000e+01
-4.500000000000000000e+01
-4.400000000000000000e+01
-4.300000000000000000e+01
-4.200000000000000000e+01
-4.100000000000000000e+01
-4.000000000000000000e+01
-3.900000000000000000e+01
-3.800000000000000000e+01
-3.700000000000000000e+01
-3.600000000000000000e+01
-3.500000000000000000e+01
-3.400000000000000000e+01
-3.300000000000000000e+01
-3.200000000000000000e+01
-3.100000000000000000e+01
-3.000000000000000000e+01
-2.900000000000000000e+01
-2.800000000000000000e+01
-2.700000000000000000e+01
-2.600000000000000000e+01
-2.500000000000000000e+01
-2.400000000000000000e+01
-2.300000000000000000e+01
-2.200000000000000000e+01
-2.100000000000000000e+01
-2.000000000000000000e+01
-1.900000000000000000e+01
-1.800000000000000000e+01
-1.700000000000000000e+01
-1.600000000000000000e+01
-1.500000000000000000e+01
-1.400000000000000000e+01
-1.300000000000000000e+01
-1.200000000000000000e+01
-1.100000000000000000e+01
-1.000000000000000000e+01
-9.000000000000000000e+00
-8.000000000000000000e+00
-7.000000000000000000e+00
-6.000000000000000000e+00
-5.000000000000000000e+00
-4.000000000000000000e+00
-3.000000000000000000e+00
-2.000000000000000000e+00
-1.000000000000000000e+00
0.000000000000000000e+00
1.000000000000000000e+00
2.000000000000000000e+00
3.000000000000000000e+00
4.000000000000000000e+00
5.000000000000000000e+00
6.000000000000000000e+00
7.000000000000000000e+00
8.000000000000000000e+00
9.000000000000000000e+00
1.000000000000000000e+01
1.100000000000000000e+01
1.200000000000000000e+01
1.300000000000000000e+01
1.400000000000000000e+01
1.500000000000000000e+01
1.600000000000000000e+01
1.700000000000000000e+01
1.800000000000000000e+01
1.900000000000000000e+01
2.000000000000000000e+01
2.100000000000000000e+01
2.200000000000000000e+01
2.300000000000000000e+01
2.400000000000000000e+01
2.500000000000000000e+01
2.600000000000000000e+01
2.700000000000000000e+01
2.800000000000000000e+01
2.900000000000000000e+01
3.000000000000000000e+01
3.100000000000000000e+01
3.200000000000000000e+01
3.300000000000000000e+01
3.400000000000000000e+01
3.500000000000000000e+01
3.600000000000000000e+01
3.700000000000000000e+01
3.800000000000000000e+01
3.900000000000000000e+01
4.000000000000000000e+01
4.100000000000000000e+01
4.200000000000000000e+01
4.300000000000000000e+01
4.400000000000000000e+01
4.500000000000000000e+01
4.600000000000000000e+01
4.700000000000000000e+01
4.800000000000000000e+01
4.900000000000000000e+01
5.000000000000000000e+01
5.100000000000000000e+01
5.200000000000000000e+01
5.300000000000000000e+01
5.400000000000000000e+01
5.500000000000000000e+01
5.600000000000000000e+01
5.700000000000000000e+01
5.800000000000000000e+01
5.900000000000000000e+01
6.000000000000000000e+01
6.100000000000000000e+01
6.200000000000000000e+01
6.300000000000000000e+01
6.400000000000000000e+01
6.500000000000000000e+01
6.600000000000000000e+01
6.700000000000000000e+01
6.800000000000000000e+01
6.900000000000000000e+01
7.000000000000000000e+01
7.100000000000000000e+01
7.200000000000000000e+01
7.300000000000000000e+01
7.400000000000000000e+01
7.500000000000000000e+01
7.600000000000000000e+01
7.700000000000000000e+01
7.800000000000000000e+01
7.900000000000000000e+01
8.000000000000000000e+01
8.100000000000000000e+01
8.200000000000000000e+01
8.300000000000000000e+01
8.400000000000000000e+01
8.500000000000000000e+01
8.600000000000000000e+01
8.700000000000000000e+01
8.800000000000000000e+01
8.900000000000000000e+01
9.000000000000000000e+01
9.100000000000000000e+01
9.200000000000000000e+01
9.300000000000000000e+01
9.400000000000000000e+01
9.500000000000000000e+01
9.600000000000000000e+01
9.700000000000000000e+01
9.800000000000000000e+01
9.900000000000000000e+01
