single photon fraction:    0.0000
laser fraction:    1.0000
thermal source fraction:    0.0000
non-detected fraction:    0.0000
number of bins:  200.0000
bin width (ns):    1.0000
average detection events per bin: 5000.0000

# binary result
0.000000000000000000e+00

# g2 signal
1.038904408622358222e+00
1.004194006403032580e+00
9.857352953962236208e-01
9.965697562045681135e-01
1.018238677821256877e+00
1.015429743537612062e+00
1.009811874970322432e+00
9.971716706939205421e-01
1.017636763331904337e+00
1.003993368239915140e+00
1.018038039658139438e+00
9.889455060061034253e-01
1.023655908225429068e+00
9.989774141619779391e-01
9.841301900912837741e-01
1.003792730076797701e+00
9.718912621411168740e-01
9.959678417152155738e-01
1.005999749871089977e+00
1.017636763331904337e+00
1.020646335778666813e+00
1.006601664360442516e+00
9.971716706939205421e-01
9.919550784528657905e-01
1.009009322317852453e+00
1.005197197218619998e+00
1.006200388034207638e+00
1.009811874970322432e+00
9.991780523250953783e-01
1.002990177424327722e+00
1.000181243140682907e+00
1.000181243140682907e+00
9.993786904882129285e-01
9.907512494741608222e-01
1.013824638232672104e+00
9.911525258003958117e-01
1.006200388034207638e+00
9.925569929422183302e-01
9.753021109141142286e-01
1.029073138629601258e+00
9.905506113110433830e-01
1.011818256601497268e+00
1.008407407828499913e+00
1.007404217012912495e+00
1.002990177424327722e+00
1.012420171090849585e+00
9.909518876372783724e-01
1.007404217012912495e+00
1.012420171090849585e+00
9.885442296798685469e-01
9.973723088570379813e-01
9.967703943676855527e-01
9.807193413182864195e-01
1.004194006403032580e+00
9.995793286513303677e-01
1.020646335778666813e+00
9.556395709286003015e-01
1.001184433956270325e+00
9.989774141619779391e-01
1.010614427622792189e+00
9.708880713255294559e-01
9.861365717224586103e-01
1.012420171090849585e+00
9.744995582616442498e-01
1.002388262934975183e+00
9.869391243749285891e-01
9.857352953962236208e-01
9.694836041837070484e-01
9.913531639635133619e-01
1.021248250268019131e+00
1.035092283523125989e+00
9.857352953962236208e-01
1.006401026197325077e+00
9.961684798783331241e-01
9.909518876372783724e-01
1.002990177424327722e+00
1.004595282729267680e+00
1.013222723743319564e+00
9.839295519281662239e-01
9.650695645951222756e-01
9.867384862118111499e-01
9.979742233463905210e-01
9.971716706939205421e-01
9.879423151905160072e-01
1.007404217012912495e+00
1.006200388034207638e+00
1.015630381700729501e+00
9.983754996726255104e-01
9.977735851832729708e-01
9.847321045806362028e-01
1.022050802920489110e+00
1.006401026197325077e+00
9.993786904882129285e-01
9.879423151905160072e-01
9.959678417152155738e-01
9.949646508996281558e-01
9.873404007011635786e-01
9.957672035520981346e-01
1.006802302523559955e+00
9.777097688715240542e-01
1.000582519466917786e+00
1.000983795793152886e+00
9.863372098855761605e-01
9.887448678429859861e-01
1.019843783126196834e+00
1.010213151296557310e+00
9.991780523250953783e-01
1.004194006403032580e+00
9.943627364102757271e-01
1.007203578849795056e+00
1.005598473544855098e+00
9.977735851832729708e-01
9.704867949992944665e-01
9.913531639635133619e-01
1.015831019863846940e+00
9.887448678429859861e-01
1.005197197218619998e+00
1.014627190885142083e+00
9.949646508996281558e-01
1.005397835381737659e+00
9.811206176445214089e-01
9.718912621411168740e-01
1.023655908225429068e+00
9.795155123395814512e-01
1.011015703949027289e+00
9.991780523250953783e-01
9.947640127365106055e-01
1.000783157630035225e+00
9.949646508996281558e-01
1.001385072119387765e+00
9.907512494741608222e-01
9.909518876372783724e-01
9.895474204954559649e-01
9.787129596871115833e-01
9.943627364102757271e-01
1.003190815587445162e+00
9.724931766304694136e-01
9.895474204954559649e-01
9.897480586585734041e-01
1.001986986608740304e+00
1.027869309650896401e+00
1.003190815587445162e+00
9.915538021266308011e-01
9.712893476517644453e-01
9.736970056091742709e-01
9.867384862118111499e-01
1.018840592310609416e+00
9.799167886658164406e-01
9.855346572331061816e-01
9.817225321338738375e-01
1.015229105374494623e+00
9.718912621411168740e-01
1.004795920892385119e+00
1.023655908225429068e+00
9.738976437722918211e-01
1.001986986608740304e+00
9.919550784528657905e-01
1.015028467211376961e+00
9.999806049775653571e-01
9.937608219209231875e-01
9.913531639635133619e-01
1.017034848842552019e+00
9.805187031551689802e-01
9.859359335593411711e-01
1.013624000069554665e+00
9.708880713255294559e-01
9.869391243749285891e-01
1.008206769665382474e+00
1.032885263728833491e+00
9.909518876372783724e-01
9.875410388642810178e-01
9.929582692684532086e-01
9.781110451977590436e-01
1.004595282729267680e+00
1.020445697615549152e+00
9.755027490772316678e-01
9.682797752050020801e-01
1.005598473544855098e+00
9.879423151905160072e-01
9.947640127365106055e-01
1.017837401495021998e+00
1.001184433956270325e+00
1.002990177424327722e+00
1.001986986608740304e+00
1.021448888431136792e+00
9.907512494741608222e-01
1.003391453750562601e+00
9.773084925452890648e-01
9.921557166159833407e-01
9.751014727509966784e-01
9.937608219209231875e-01
1.002990177424327722e+00
1.003592091913680262e+00
9.708880713255294559e-01
1.001585710282505204e+00
9.945633745733931663e-01
1.012018894764614707e+00
1.005799111707972537e+00
1.018238677821256877e+00
1.008407407828499913e+00

# time bin value
-1.000000000000000000e+02
-9.900000000000000000e+01
-9.800000000000000000e+01
-9.700000000000000000e+01
-9.600000000000000000e+01
-9.500000000000000000e+01
-9.400000000000000000e+01
-9.300000000000000000e+01
-9.200000000000000000e+01
-9.100000000000000000e+01
-9.000000000000000000e+01
-8.900000000000000000e+01
-8.800000000000000000e+01
-8.700000000000000000e+01
-8.600000000000000000e+01
-8.500000000000000000e+01
-8.400000000000000000e+01
-8.300000000000000000e+01
-8.200000000000000000e+01
-8.100000000000000000e+01
-8.000000000000000000e+01
-7.900000000000000000e+01
-7.800000000000000000e+01
-7.700000000000000000e+01
-7.600000000000000000e+01
-7.500000000000000000e+01
-7.400000000000000000e+01
-7.300000000000000000e+01
-7.200000000000000000e+01
-7.100000000000000000e+01
-7.000000000000000000e+01
-6.900000000000000000e+01
-6.800000000000000000e+01
-6.700000000000000000e+01
-6.600000000000000000e+01
-6.500000000000000000e+01
-6.400000000000000000e+01
-6.300000000000000000e+01
-6.200000000000000000e+01
-6.100000000000000000e+01
-6.000000000000000000e+01
-5.900000000000000000e+01
-5.800000000000000000e+01
-5.700000000000000000e+01
-5.600000000000000000e+01
-5.500000000000000000e+01
-5.400000000000000000e+01
-5.300000000000000000e+01
-5.200000000000000000e+01
-5.100000000000000000e+01
-5.000000000000000000e+01
-4.900000000000000000e+01
-4.800000000000000000e+01
-4.700000000000000000e+01
-4.600000000000000000e+01
-4.500000000000000000e+01
-4.400000000000000000e+01
-4.300000000000000000e+01
-4.200000000000000000e+01
-4.100000000000000000e+01
-4.000000000000000000e+01
-3.900000000000000000e+01
-3.800000000000000000e+01
-3.700000000000000000e+01
-3.600000000000000000e+01
-3.500000000000000000e+01
-3.400000000000000000e+01
-3.300000000000000000e+01
-3.200000000000000000e+01
-3.100000000000000000e+01
-3.000000000000000000e+01
-2.900000000000000000e+01
-2.800000000000000000e+01
-2.700000000000000000e+01
-2.600000000000000000e+01
-2.500000000000000000e+01
-2.400000000000000000e+01
-2.300000000000000000e+01
-2.200000000000000000e+01
-2.100000000000000000e+01
-2.000000000000000000e+01
-1.900000000000000000e+01
-1.800000000000000000e+01
-1.700000000000000000e+01
-1.600000000000000000e+01
-1.500000000000000000e+01
-1.400000000000000000e+01
-1.300000000000000000e+01
-1.200000000000000000e+01
-1.100000000000000000e+01
-1.000000000000000000e+01
-9.000000000000000000e+00
-8.000000000000000000e+00
-7.000000000000000000e+00
-6.000000000000000000e+00
-5.000000000000000000e+00
-4.000000000000000000e+00
-3.000000000000000000e+00
-2.000000000000000000e+00
-1.000000000000000000e+00
0.000000000000000000e+00
1.000000000000000000e+00
2.000000000000000000e+00
3.000000000000000000e+00
4.000000000000000000e+00
5.000000000000000000e+00
6.000000000000000000e+00
7.000000000000000000e+00
8.000000000000000000e+00
9.000000000000000000e+00
1.000000000000000000e+01
1.100000000000000000e+01
1.200000000000000000e+01
1.300000000000000000e+01
1.400000000000000000e+01
1.500000000000000000e+01
1.600000000000000000e+01
1.700000000000000000e+01
1.800000000000000000e+01
1.900000000000000000e+01
2.000000000000000000e+01
2.100000000000000000e+01
2.200000000000000000e+01
2.300000000000000000e+01
2.400000000000000000e+01
2.500000000000000000e+01
2.600000000000000000e+01
2.700000000000000000e+01
2.800000000000000000e+01
2.900000000000000000e+01
3.000000000000000000e+01
3.100000000000000000e+01
3.200000000000000000e+01
3.300000000000000000e+01
3.400000000000000000e+01
3.500000000000000000e+01
3.600000000000000000e+01
3.700000000000000000e+01
3.800000000000000000e+01
3.900000000000000000e+01
4.000000000000000000e+01
4.100000000000000000e+01
4.200000000000000000e+01
4.300000000000000000e+01
4.400000000000000000e+01
4.500000000000000000e+01
4.600000000000000000e+01
4.700000000000000000e+01
4.800000000000000000e+01
4.900000000000000000e+01
5.000000000000000000e+01
5.100000000000000000e+01
5.200000000000000000e+01
5.300000000000000000e+01
5.400000000000000000e+01
5.500000000000000000e+01
5.600000000000000000e+01
5.700000000000000000e+01
5.800000000000000000e+01
5.900000000000000000e+01
6.000000000000000000e+01
6.100000000000000000e+01
6.200000000000000000e+01
6.300000000000000000e+01
6.400000000000000000e+01
6.500000000000000000e+01
6.600000000000000000e+01
6.700000000000000000e+01
6.800000000000000000e+01
6.900000000000000000e+01
7.000000000000000000e+01
7.100000000000000000e+01
7.200000000000000000e+01
7.300000000000000000e+01
7.400000000000000000e+01
7.500000000000000000e+01
7.600000000000000000e+01
7.700000000000000000e+01
7.800000000000000000e+01
7.900000000000000000e+01
8.000000000000000000e+01
8.100000000000000000e+01
8.200000000000000000e+01
8.300000000000000000e+01
8.400000000000000000e+01
8.500000000000000000e+01
8.600000000000000000e+01
8.700000000000000000e+01
8.800000000000000000e+01
8.900000000000000000e+01
9.000000000000000000e+01
9.100000000000000000e+01
9.200000000000000000e+01
9.300000000000000000e+01
9.400000000000000000e+01
9.500000000000000000e+01
9.600000000000000000e+01
9.700000000000000000e+01
9.800000000000000000e+01
9.900000000000000000e+01
