single photon fraction:    0.0000
laser fraction:    1.0000
thermal source fraction:    0.0000
non-detected fraction:    0.0000
number of bins:  200.0000
bin width (ns):    1.0000
average detection events per bin: 5000.0000

# binary result
0.000000000000000000e+00

# g2 signal
1.009401783859489088e+00
9.814577790882346164e-01
9.927157953989559358e-01
9.917106153712129668e-01
1.018850476120273019e+00
1.019855656148016099e+00
1.024680520281182394e+00
9.999530915987052682e-01
1.009401783859489088e+00
1.020659800170210518e+00
1.017041152070335741e+00
1.008597639837294890e+00
9.981437675487679906e-01
1.012015251931621007e+00
9.884940392824353994e-01
9.911075073545672076e-01
9.917106153712129668e-01
9.983448035543165400e-01
9.806536350660403079e-01
9.870867872435953316e-01
1.008396603831746230e+00
9.929168314045044852e-01
9.728132308496451053e-01
1.008195567826197570e+00
9.770349869661656417e-01
1.007190387798454712e+00
1.018247368103627259e+00
9.804525990604916474e-01
1.010809035898329267e+00
1.007994531820649131e+00
9.989479115709622992e-01
1.020056692153564759e+00
1.004978991737420113e+00
1.008798675842843329e+00
9.937209754266989048e-01
1.019051512125821679e+00
9.979427315432193302e-01
9.951282274655390836e-01
1.003370703693031274e+00
9.882930032768868500e-01
9.790453470216515797e-01
9.991489475765109596e-01
9.945251194488932134e-01
9.911075073545672076e-01
9.770349869661656417e-01
1.012015251931621007e+00
9.868857512380466712e-01
1.004576919726323014e+00
9.915095793656643064e-01
9.983448035543165400e-01
1.011211107909426588e+00
1.007793495815100471e+00
1.006185207770711632e+00
9.943240834433446640e-01
1.005582099754065872e+00
1.014829756009301143e+00
1.007994531820649131e+00
1.012015251931621007e+00
9.848753911825607332e-01
9.882930032768868500e-01
1.002968631681934175e+00
1.014829756009301143e+00
9.738184108773880743e-01
1.016639080059238642e+00
9.814577790882346164e-01
1.022871196231244895e+00
9.905043993379213374e-01
1.008195567826197570e+00
1.004978991737420113e+00
1.025886736314473913e+00
1.006788315787357391e+00
1.008396603831746230e+00
9.828650311270747952e-01
9.965354795043791514e-01
9.915095793656643064e-01
1.007190387798454712e+00
9.810557070771375177e-01
9.882930032768868500e-01
1.016840116064787081e+00
9.862826432214009120e-01
1.001561379643093996e+00
1.006386243776260292e+00
1.001360343637545336e+00
1.018247368103627259e+00
1.005783135759614533e+00
1.007994531820649131e+00
1.030309528436542887e+00
9.941230474377961146e-01
1.033928176536417665e+00
1.013020431959363865e+00
1.009401783859489088e+00
9.961334074932820526e-01
9.907054353434699978e-01
1.010406963887232168e+00
1.015030792014849803e+00
1.021866016203502037e+00
1.012015251931621007e+00
1.027696060364411190e+00
9.716070148163535869e-01
9.957313354821848428e-01
9.675862947053817109e-01
1.008999711848391989e+00
1.016438044053689982e+00
1.012618359948266766e+00
9.830660671326234556e-01
1.009602819865037748e+00
1.016438044053689982e+00
9.905043993379213374e-01
9.766329149550684319e-01
1.002365523665288416e+00
1.025082592292279493e+00
9.925147593934072754e-01
1.002164487659739756e+00
1.007994531820649131e+00
1.007190387798454712e+00
9.949271914599904232e-01
9.995510195876080584e-01
9.699987267719648587e-01
1.001963451654191317e+00
9.961334074932820526e-01
9.983448035543165400e-01
9.892981833046298190e-01
9.830660671326234556e-01
1.006788315787357391e+00
9.750246269106797037e-01
1.006587279781808952e+00
9.921126873823101766e-01
1.009803855870586409e+00
1.008396603831746230e+00
1.007391423804003150e+00
1.015231828020398464e+00
1.009401783859489088e+00
1.008798675842843329e+00
1.008999711848391989e+00
9.868857512380466712e-01
9.931178674100531456e-01
1.000958271626448237e+00
9.780401669939086107e-01
9.921126873823101766e-01
1.000757235620899577e+00
9.981437675487679906e-01
9.862826432214009120e-01
1.003973811709677255e+00
9.965354795043791514e-01
9.947261554544418738e-01
1.025886736314473913e+00
9.854784991992064924e-01
1.003772775704128595e+00
1.008999711848391989e+00
9.967365155099278118e-01
9.907054353434699978e-01
1.025283628297828153e+00
1.001159307631996898e+00
1.020257728159113197e+00
9.864836792269494614e-01
1.016035972042592883e+00
9.533127383114314846e-01
1.002164487659739756e+00
9.890971472990812696e-01
1.016840116064787081e+00
9.756277349273254629e-01
9.911075073545672076e-01
1.007391423804003150e+00
1.003973811709677255e+00
9.927157953989559358e-01
1.001360343637545336e+00
1.011211107909426588e+00
9.987468755654137498e-01
9.830660671326234556e-01
9.965354795043791514e-01
9.947261554544418738e-01
9.911075073545672076e-01
9.852774631936579430e-01
9.979427315432193302e-01
9.732153028607423151e-01
1.010607999892780828e+00
9.840712471603664246e-01
9.812567430826860670e-01
1.005783135759614533e+00
9.806536350660403079e-01
9.985458395598650894e-01
9.971385875210250216e-01
1.019051512125821679e+00
9.935199394211502444e-01
9.860816072158523626e-01
1.014829756009301143e+00
9.951282274655390836e-01
1.000757235620899577e+00
9.818598510993318262e-01
1.007190387798454712e+00
1.008597639837294890e+00
1.013221467964912526e+00
9.848753911825607332e-01
9.583386384501463295e-01
9.901023273268242386e-01
1.032118852486480387e+00
1.006989351792906051e+00
9.985458395598650894e-01
1.016840116064787081e+00
9.995510195876080584e-01

# time bin value
-1.000000000000000000e+02
-9.900000000000000000e+01
-9.800000000000000000e+01
-9.700000000000000000e+01
-9.600000000000000000e+01
-9.500000000000000000e+01
-9.400000000000000000e+01
-9.300000000000000000e+01
-9.200000000000000000e+01
-9.100000000000000000e+01
-9.000000000000000000e+01
-8.900000000000000000e+01
-8.800000000000000000e+01
-8.700000000000000000e+01
-8.600000000000000000e+01
-8.500000000000000000e+01
-8.400000000000000000e+01
-8.300000000000000000e+01
-8.200000000000000000e+01
-8.100000000000000000e+01
-8.000000000000000000e+01
-7.900000000000000000e+01
-7.800000000000000000e+01
-7.700000000000000000e+01
-7.600000000000000000e+01
-7.500000000000000000e+01
-7.400000000000000000e+01
-7.300000000000000000e+01
-7.200000000000000000e+01
-7.100000000000000000e+01
-7.000000000000000000e+01
-6.900000000000000000e+01
-6.800000000000000000e+01
-6.700000000000000000e+01
-6.600000000000000000e+01
-6.500000000000000000e+01
-6.400000000000000000e+01
-6.300000000000000000e+01
-6.200000000000000000e+01
-6.100000000000000000e+01
-6.000000000000000000e+01
-5.900000000000000000e+01
-5.800000000000000000e+01
-5.700000000000000000e+01
-5.600000000000000000e+01
-5.500000000000000000e+01
-5.400000000000000000e+01
-5.300000000000000000e+01
-5.200000000000000000e+01
-5.100000000000000000e+01
-5.000000000000000000e+01
-4.900000000000000000e+01
-4.800000000000000000e+01
-4.700000000000000000e+01
-4.600000000000000000e+01
-4.500000000000000000e+01
-4.400000000000000000e+01
-4.300000000000000000e+01
-4.200000000000000000e+01
-4.100000000000000000e+01
-4.000000000000000000e+01
-3.900000000000000000e+01
-3.800000000000000000e+01
-3.700000000000000000e+01
-3.600000000000000000e+01
-3.500000000000000000e+01
-3.400000000000000000e+01
-3.300000000000000000e+01
-3.200000000000000000e+01
-3.100000000000000000e+01
-3.000000000000000000e+01
-2.900000000000000000e+01
-2.800000000000000000e+01
-2.700000000000000000e+01
-2.600000000000000000e+01
-2.500000000000000000e+01
-2.400000000000000000e+01
-2.300000000000000000e+01
-2.200000000000000000e+01
-2.100000000000000000e+01
-2.000000000000000000e+01
-1.900000000000000000e+01
-1.800000000000000000e+01
-1.700000000000000000e+01
-1.600000000000000000e+01
-1.500000000000000000e+01
-1.400000000000000000e+01
-1.300000000000000000e+01
-1.200000000000000000e+01
-1.100000000000000000e+01
-1.000000000000000000e+01
-9.000000000000000000e+00
-8.000000000000000000e+00
-7.000000000000000000e+00
-6.000000000000000000e+00
-5.000000000000000000e+00
-4.000000000000000000e+00
-3.000000000000000000e+00
-2.000000000000000000e+00
-1.000000000000000000e+00
0.000000000000000000e+00
1.000000000000000000e+00
2.000000000000000000e+00
3.000000000000000000e+00
4.000000000000000000e+00
5.000000000000000000e+00
6.000000000000000000e+00
7.000000000000000000e+00
8.000000000000000000e+00
9.000000000000000000e+00
1.000000000000000000e+01
1.100000000000000000e+01
1.200000000000000000e+01
1.300000000000000000e+01
1.400000000000000000e+01
1.500000000000000000e+01
1.600000000000000000e+01
1.700000000000000000e+01
1.800000000000000000e+01
1.900000000000000000e+01
2.000000000000000000e+01
2.100000000000000000e+01
2.200000000000000000e+01
2.300000000000000000e+01
2.400000000000000000e+01
2.500000000000000000e+01
2.600000000000000000e+01
2.700000000000000000e+01
2.800000000000000000e+01
2.900000000000000000e+01
3.000000000000000000e+01
3.100000000000000000e+01
3.200000000000000000e+01
3.300000000000000000e+01
3.400000000000000000e+01
3.500000000000000000e+01
3.600000000000000000e+01
3.700000000000000000e+01
3.800000000000000000e+01
3.900000000000000000e+01
4.000000000000000000e+01
4.100000000000000000e+01
4.200000000000000000e+01
4.300000000000000000e+01
4.400000000000000000e+01
4.500000000000000000e+01
4.600000000000000000e+01
4.700000000000000000e+01
4.800000000000000000e+01
4.900000000000000000e+01
5.000000000000000000e+01
5.100000000000000000e+01
5.200000000000000000e+01
5.300000000000000000e+01
5.400000000000000000e+01
5.500000000000000000e+01
5.600000000000000000e+01
5.700000000000000000e+01
5.800000000000000000e+01
5.900000000000000000e+01
6.000000000000000000e+01
6.100000000000000000e+01
6.200000000000000000e+01
6.300000000000000000e+01
6.400000000000000000e+01
6.500000000000000000e+01
6.600000000000000000e+01
6.700000000000000000e+01
6.800000000000000000e+01
6.900000000000000000e+01
7.000000000000000000e+01
7.100000000000000000e+01
7.200000000000000000e+01
7.300000000000000000e+01
7.400000000000000000e+01
7.500000000000000000e+01
7.600000000000000000e+01
7.700000000000000000e+01
7.800000000000000000e+01
7.900000000000000000e+01
8.000000000000000000e+01
8.100000000000000000e+01
8.200000000000000000e+01
8.300000000000000000e+01
8.400000000000000000e+01
8.500000000000000000e+01
8.600000000000000000e+01
8.700000000000000000e+01
8.800000000000000000e+01
8.900000000000000000e+01
9.000000000000000000e+01
9.100000000000000000e+01
9.200000000000000000e+01
9.300000000000000000e+01
9.400000000000000000e+01
9.500000000000000000e+01
9.600000000000000000e+01
9.700000000000000000e+01
9.800000000000000000e+01
9.900000000000000000e+01
