single photon fraction:    0.0000
laser fraction:    1.0000
thermal source fraction:    0.0000
non-detected fraction:    0.0000
number of bins:  200.0000
bin width (ns):    1.0000
average detection events per bin: 5000.0000

# binary result
0.000000000000000000e+00

# g2 signal
9.921885981646219044e-01
9.980120082732585329e-01
9.877708387718630023e-01
1.029137131267696237e+00
1.018293540030924316e+00
1.012269322677162187e+00
9.775296692704673607e-01
1.005040261852647721e+00
1.015080624108917862e+00
9.943974778610012999e-01
9.885740677523645603e-01
9.966063575573806954e-01
1.004638647362396942e+00
1.018695154521175095e+00
1.006847527058776448e+00
9.807425851924738147e-01
9.791361272314705877e-01
1.025120986365188225e+00
9.949998995963774684e-01
1.007449948794152617e+00
9.941966706158759104e-01
9.883732605072391708e-01
1.011867708186911408e+00
1.027129058816442120e+00
9.990160444988855915e-01
9.899797184682423978e-01
1.004839454607522331e+00
1.027329866061567509e+00
9.915861764292456249e-01
1.011867708186911408e+00
1.020301612482178433e+00
1.013875780638165525e+00
1.013072551657663967e+00
1.012269322677162187e+00
9.925902126548726834e-01
1.002028153175766656e+00
1.014679009618667083e+00
1.009458021245406512e+00
9.791361272314705877e-01
9.974095865378823644e-01
1.007249141549027227e+00
1.000020080724512539e+00
9.921885981646219044e-01
1.025321793610313614e+00
1.002028153175766656e+00
1.005241069097773110e+00
9.811441996827245937e-01
1.000421695214763318e+00
9.875700315267375018e-01
9.676901142593224980e-01
9.996184662342617600e-01
9.893772967328662293e-01
1.009257214000281122e+00
9.829514648888532102e-01
9.968071648025061959e-01
1.001827345930641266e+00
1.006646719813651059e+00
9.960039358220045269e-01
1.008855599510030343e+00
1.002228960420892045e+00
9.751199823289624646e-01
1.003032189401393603e+00
1.013674973393040135e+00
9.705014156910781731e-01
9.823490431534770417e-01
9.887748749974899498e-01
1.009658828490532123e+00
1.011265286451535239e+00
9.837546938693548793e-01
1.001425731440390487e+00
9.869676097913613333e-01
9.811441996827245937e-01
9.781320910058435292e-01
9.939958633707505209e-01
9.897789112231170083e-01
9.829514648888532102e-01
1.008253177774654175e+00
1.000220887969637928e+00
1.004237032872146163e+00
1.001024116950139708e+00
9.875700315267375018e-01
9.672884997690717190e-01
9.952007068415029689e-01
1.018293540030924316e+00
1.011666900941786018e+00
1.018695154521175095e+00
1.002028153175766656e+00
1.008453985019779564e+00
1.002630574911142824e+00
1.016887889315046589e+00
1.012670937167412966e+00
1.016486274824795810e+00
1.018494347276049705e+00
9.755215968192133547e-01
1.005642683588023889e+00
9.785337054960944192e-01
9.847587300949819378e-01
9.994176589891363705e-01
1.003433803891644382e+00
1.004437840117271552e+00
1.009859635735657513e+00
1.011064479206409850e+00
9.885740677523645603e-01
9.737143316130846271e-01
1.022912106668808718e+00
1.003032189401393603e+00
1.003433803891644382e+00
1.005843490833149279e+00
9.853611518303581063e-01
1.017289503805297368e+00
9.897789112231170083e-01
9.875700315267375018e-01
9.787345127412198087e-01
1.013273358902789356e+00
1.002630574911142824e+00
9.763248257997149127e-01
1.000622502459888929e+00
1.008855599510030343e+00
9.670876925239463295e-01
1.007449948794152617e+00
1.001224924195265098e+00
9.813450069278499832e-01
9.923894054097472939e-01
1.007449948794152617e+00
1.006646719813651059e+00
1.021506455952930770e+00
1.018494347276049705e+00
9.966063575573806954e-01
9.616658969055603690e-01
9.937950561256251314e-01
1.002228960420892045e+00
9.889756822426153393e-01
9.735135243679592376e-01
1.012269322677162187e+00
9.797385489668467562e-01
9.998192734793872605e-01
9.945982851061266894e-01
9.863651880559851648e-01
1.011867708186911408e+00
9.998192734793872605e-01
1.000220887969637928e+00
9.919877909194964039e-01
9.958031285768791374e-01
9.998192734793872605e-01
9.941966706158759104e-01
9.931926343902488519e-01
1.022711299423683329e+00
1.018494347276049705e+00
1.010462057471033681e+00
9.825498503986024312e-01
1.010060442980782902e+00
9.986144300086348125e-01
9.968071648025061959e-01
1.016887889315046589e+00
9.982128155183839224e-01
9.867668025462359438e-01
1.004237032872146163e+00
9.917869836743710144e-01
1.010662864716159071e+00
9.909837546938694564e-01
1.009257214000281122e+00
1.003032189401393603e+00
9.865659953011105543e-01
9.811441996827245937e-01
1.015482238599168641e+00
1.004839454607522331e+00
9.833530793791041003e-01
1.015482238599168641e+00
9.925902126548726834e-01
9.845579228498565483e-01
1.004237032872146163e+00
1.003232996646518993e+00
9.978112010281331434e-01
9.825498503986024312e-01
9.952007068415029689e-01
1.006245105323400058e+00
9.821482359083516522e-01
1.018895961766300706e+00
9.767264402899656917e-01
9.823490431534770417e-01
1.009257214000281122e+00
9.835538866242294898e-01
9.885740677523645603e-01
1.007650756039278006e+00
1.007851563284403396e+00
1.009658828490532123e+00
9.819474286632262627e-01
1.013674973393040135e+00
9.990160444988855915e-01
9.956023213317537479e-01
1.002228960420892045e+00
9.968071648025061959e-01
1.002028153175766656e+00
9.980120082732585329e-01
9.827506576437278207e-01
1.004638647362396942e+00
1.009658828490532123e+00
9.809433924375992042e-01
1.018895961766300706e+00
9.881724532621137813e-01

# time bin value
-1.000000000000000000e+02
-9.900000000000000000e+01
-9.800000000000000000e+01
-9.700000000000000000e+01
-9.600000000000000000e+01
-9.500000000000000000e+01
-9.400000000000000000e+01
-9.300000000000000000e+01
-9.200000000000000000e+01
-9.100000000000000000e+01
-9.000000000000000000e+01
-8.900000000000000000e+01
-8.800000000000000000e+01
-8.700000000000000000e+01
-8.600000000000000000e+01
-8.500000000000000000e+01
-8.400000000000000000e+01
-8.300000000000000000e+01
-8.200000000000000000e+01
-8.100000000000000000e+01
-8.000000000000000000e+01
-7.900000000000000000e+01
-7.800000000000000000e+01
-7.700000000000000000e+01
-7.600000000000000000e+01
-7.500000000000000000e+01
-7.400000000000000000e+01
-7.300000000000000000e+01
-7.200000000000000000e+01
-7.100000000000000000e+01
-7.000000000000000000e+01
-6.900000000000000000e+01
-6.800000000000000000e+01
-6.700000000000000000e+01
-6.600000000000000000e+01
-6.500000000000000000e+01
-6.400000000000000000e+01
-6.300000000000000000e+01
-6.200000000000000000e+01
-6.100000000000000000e+01
-6.000000000000000000e+01
-5.900000000000000000e+01
-5.800000000000000000e+01
-5.700000000000000000e+01
-5.600000000000000000e+01
-5.500000000000000000e+01
-5.400000000000000000e+01
-5.300000000000000000e+01
-5.200000000000000000e+01
-5.100000000000000000e+01
-5.000000000000000000e+01
-4.900000000000000000e+01
-4.800000000000000000e+01
-4.700000000000000000e+01
-4.600000000000000000e+01
-4.500000000000000000e+01
-4.400000000000000000e+01
-4.300000000000000000e+01
-4.200000000000000000e+01
-4.100000000000000000e+01
-4.000000000000000000e+01
-3.900000000000000000e+01
-3.800000000000000000e+01
-3.700000000000000000e+01
-3.600000000000000000e+01
-3.500000000000000000e+01
-3.400000000000000000e+01
-3.300000000000000000e+01
-3.200000000000000000e+01
-3.100000000000000000e+01
-3.000000000000000000e+01
-2.900000000000000000e+01
-2.800000000000000000e+01
-2.700000000000000000e+01
-2.600000000000000000e+01
-2.500000000000000000e+01
-2.400000000000000000e+01
-2.300000000000000000e+01
-2.200000000000000000e+01
-2.100000000000000000e+01
-2.000000000000000000e+01
-1.900000000000000000e+01
-1.800000000000000000e+01
-1.700000000000000000e+01
-1.600000000000000000e+01
-1.500000000000000000e+01
-1.400000000000000000e+01
-1.300000000000000000e+01
-1.200000000000000000e+01
-1.100000000000000000e+01
-1.000000000000000000e+01
-9.000000000000000000e+00
-8.000000000000000000e+00
-7.000000000000000000e+00
-6.000000000000000000e+00
-5.000000000000000000e+00
-4.000000000000000000e+00
-3.000000000000000000e+00
-2.000000000000000000e+00
-1.000000000000000000e+00
0.000000000000000000e+00
1.000000000000000000e+00
2.000000000000000000e+00
3.000000000000000000e+00
4.000000000000000000e+00
5.000000000000000000e+00
6.000000000000000000e+00
7.000000000000000000e+00
8.000000000000000000e+00
9.000000000000000000e+00
1.000000000000000000e+01
1.100000000000000000e+01
1.200000000000000000e+01
1.300000000000000000e+01
1.400000000000000000e+01
1.500000000000000000e+01
1.600000000000000000e+01
1.700000000000000000e+01
1.800000000000000000e+01
1.900000000000000000e+01
2.000000000000000000e+01
2.100000000000000000e+01
2.200000000000000000e+01
2.300000000000000000e+01
2.400000000000000000e+01
2.500000000000000000e+01
2.600000000000000000e+01
2.700000000000000000e+01
2.800000000000000000e+01
2.900000000000000000e+01
3.000000000000000000e+01
3.100000000000000000e+01
3.200000000000000000e+01
3.300000000000000000e+01
3.400000000000000000e+01
3.500000000000000000e+01
3.600000000000000000e+01
3.700000000000000000e+01
3.800000000000000000e+01
3.900000000000000000e+01
4.000000000000000000e+01
4.100000000000000000e+01
4.200000000000000000e+01
4.300000000000000000e+01
4.400000000000000000e+01
4.500000000000000000e+01
4.600000000000000000e+01
4.700000000000000000e+01
4.800000000000000000e+01
4.900000000000000000e+01
5.000000000000000000e+01
5.100000000000000000e+01
5.200000000000000000e+01
5.300000000000000000e+01
5.400000000000000000e+01
5.500000000000000000e+01
5.600000000000000000e+01
5.700000000000000000e+01
5.800000000000000000e+01
5.900000000000000000e+01
6.000000000000000000e+01
6.100000000000000000e+01
6.200000000000000000e+01
6.300000000000000000e+01
6.400000000000000000e+01
6.500000000000000000e+01
6.600000000000000000e+01
6.700000000000000000e+01
6.800000000000000000e+01
6.900000000000000000e+01
7.000000000000000000e+01
7.100000000000000000e+01
7.200000000000000000e+01
7.300000000000000000e+01
7.400000000000000000e+01
7.500000000000000000e+01
7.600000000000000000e+01
7.700000000000000000e+01
7.800000000000000000e+01
7.900000000000000000e+01
8.000000000000000000e+01
8.100000000000000000e+01
8.200000000000000000e+01
8.300000000000000000e+01
8.400000000000000000e+01
8.500000000000000000e+01
8.600000000000000000e+01
8.700000000000000000e+01
8.800000000000000000e+01
8.900000000000000000e+01
9.000000000000000000e+01
9.100000000000000000e+01
9.200000000000000000e+01
9.300000000000000000e+01
9.400000000000000000e+01
9.500000000000000000e+01
9.600000000000000000e+01
9.700000000000000000e+01
9.800000000000000000e+01
9.900000000000000000e+01
