single photon fraction:    0.0000
laser fraction:    1.0000
thermal source fraction:    0.0000
non-detected fraction:    0.0000
number of bins:  200.0000
bin width (ns):    1.0000
average detection events per bin: 5000.0000

# binary result
0.000000000000000000e+00

# g2 signal
1.009114190718561677e+00
1.015345772374393496e+00
9.849919391476000818e-01
9.827807327535952320e-01
9.986612150378116892e-01
1.002279552773455817e+00
1.015345772374393496e+00
9.731318321252105941e-01
9.900174082248837104e-01
1.015948828663667536e+00
1.016752903716032774e+00
9.827807327535952320e-01
1.006098909272191477e+00
1.003887702878186738e+00
9.723277570728452446e-01
9.970530649330808792e-01
9.990632525639943085e-01
9.894143519356096705e-01
1.007506040613830978e+00
9.902184269879751310e-01
9.845899016214173516e-01
9.855949954368741217e-01
9.884092581201530114e-01
1.020773278977859855e+00
9.896153706987010912e-01
1.006902984324556938e+00
9.902184269879751310e-01
1.019165128873129156e+00
1.021175316504042474e+00
1.011526415875657836e+00
9.878062018308789716e-01
9.910225020403404805e-01
9.972540836961721888e-01
1.025396710528960753e+00
9.902184269879751310e-01
9.996663088532683483e-01
1.006701965561465517e+00
1.016350866189850155e+00
9.952438960652587596e-01
1.002882609062729857e+00
9.934347271974366400e-01
9.996663088532683483e-01
1.005696871746008858e+00
1.002681590299638659e+00
1.007506040613830978e+00
1.000872421431816539e+00
9.775542449132201828e-01
9.998673276163597690e-01
9.880072205939702812e-01
1.027004860633691674e+00
1.019768185162403196e+00
1.006299928035282898e+00
9.940377834867106799e-01
1.024994673002778134e+00
9.878062018308789716e-01
1.001475477721090579e+00
9.785593387286769529e-01
9.861980517261481616e-01
1.015546791137484695e+00
9.972540836961721888e-01
9.954449148283500692e-01
1.003686684115095318e+00
9.934347271974366400e-01
9.916255583296145204e-01
1.010320303297109756e+00
9.739359071775759435e-01
9.813736014119558426e-01
1.029819123316970453e+00
9.878062018308789716e-01
1.005294834219826017e+00
9.922286146188885603e-01
1.005093815456734818e+00
1.028411991975330952e+00
1.025597729292052174e+00
9.813736014119558426e-01
1.027205879396782873e+00
1.032834404763340652e+00
1.009717247007835716e+00
9.998673276163597690e-01
1.006902984324556938e+00
1.002882609062729857e+00
1.032834404763340652e+00
9.970530649330808792e-01
1.003083627825821278e+00
1.012933547217297336e+00
1.006098909272191477e+00
9.970530649330808792e-01
9.765491510977635237e-01
1.015546791137484695e+00
9.954449148283500692e-01
1.002480571536547238e+00
1.013737622269662575e+00
9.687094193372010054e-01
1.015948828663667536e+00
1.007506040613830978e+00
9.888112956463356307e-01
1.000671402668725118e+00
1.005495852982917437e+00
9.650910816015567661e-01
9.839868453321433117e-01
9.992642713270857291e-01
1.009114190718561677e+00
9.829817515166865416e-01
9.805695263595903821e-01
9.851929579106913915e-01
9.956459335914414899e-01
9.926306521450712905e-01
1.008712153192379057e+00
1.016752903716032774e+00
9.972540836961721888e-01
9.821776764643211921e-01
9.924296333819798699e-01
1.009516228244744296e+00
9.874041643046962413e-01
9.646890440753740359e-01
1.013335584743479956e+00
9.908214832772491709e-01
9.886102768832443211e-01
1.011928453401840455e+00
9.866000892523308918e-01
1.017154941242215616e+00
9.793634137810423024e-01
1.017154941242215616e+00
1.011124378349475217e+00
9.910225020403404805e-01
9.922286146188885603e-01
9.970530649330808792e-01
9.962489898807155297e-01
9.936357459605279496e-01
9.932337084343453304e-01
9.994652900901770387e-01
9.827807327535952320e-01
1.011526415875657836e+00
1.014541697322028035e+00
9.970530649330808792e-01
9.968520461699895696e-01
9.849919391476000818e-01
9.992642713270857291e-01
9.956459335914414899e-01
1.003686684115095318e+00
1.017757997531489655e+00
9.956459335914414899e-01
9.833837890428692718e-01
1.021376335267133895e+00
9.978571399854462287e-01
1.009315209481653097e+00
9.918265770927058300e-01
1.005696871746008858e+00
9.866000892523308918e-01
1.013938641032753996e+00
9.924296333819798699e-01
9.837858265690520021e-01
1.015345772374393496e+00
1.014139659795845416e+00
1.014139659795845416e+00
9.843888828583260420e-01
1.008511134429287637e+00
1.020170222688585815e+00
9.968520461699895696e-01
9.974551024592636095e-01
1.037256817551350352e+00
1.014340678558936615e+00
9.811725826488644220e-01
9.918265770927058300e-01
9.689104381002923150e-01
1.026602823107508833e+00
1.003284646588912699e+00
1.006299928035282898e+00
9.841878640952347324e-01
1.002882609062729857e+00
9.998673276163597690e-01
9.866000892523308918e-01
9.948418585390760294e-01
9.819766577012298825e-01
9.717247007835712047e-01
1.009315209481653097e+00
1.015345772374393496e+00
9.970530649330808792e-01
1.008511134429287637e+00
1.024994673002778134e+00
1.001475477721090579e+00
9.916255583296145204e-01
1.007506040613830978e+00
1.001274458957999158e+00
1.015546791137484695e+00
9.861980517261481616e-01
1.017959016294581076e+00
9.998673276163597690e-01
9.930326896712539098e-01
9.956459335914414899e-01
9.944398210128934101e-01
1.024190597950412673e+00
9.896153706987010912e-01
1.036452742498984891e+00
9.906204645141577503e-01
1.015144753611302075e+00
9.974551024592636095e-01
9.942388022498019895e-01
9.976561212223549191e-01
9.803685075964990725e-01

# time bin value
-1.000000000000000000e+02
-9.900000000000000000e+01
-9.800000000000000000e+01
-9.700000000000000000e+01
-9.600000000000000000e+01
-9.500000000000000000e+01
-9.400000000000000000e+01
-9.300000000000000000e+01
-9.200000000000000000e+01
-9.100000000000000000e+01
-9.000000000000000000e+01
-8.900000000000000000e+01
-8.800000000000000000e+01
-8.700000000000000000e+01
-8.600000000000000000e+01
-8.500000000000000000e+01
-8.400000000000000000e+01
-8.300000000000000000e+01
-8.200000000000000000e+01
-8.100000000000000000e+01
-8.000000000000000000e+01
-7.900000000000000000e+01
-7.800000000000000000e+01
-7.700000000000000000e+01
-7.600000000000000000e+01
-7.500000000000000000e+01
-7.400000000000000000e+01
-7.300000000000000000e+01
-7.200000000000000000e+01
-7.100000000000000000e+01
-7.000000000000000000e+01
-6.900000000000000000e+01
-6.800000000000000000e+01
-6.700000000000000000e+01
-6.600000000000000000e+01
-6.500000000000000000e+01
-6.400000000000000000e+01
-6.300000000000000000e+01
-6.200000000000000000e+01
-6.100000000000000000e+01
-6.000000000000000000e+01
-5.900000000000000000e+01
-5.800000000000000000e+01
-5.700000000000000000e+01
-5.600000000000000000e+01
-5.500000000000000000e+01
-5.400000000000000000e+01
-5.300000000000000000e+01
-5.200000000000000000e+01
-5.100000000000000000e+01
-5.000000000000000000e+01
-4.900000000000000000e+01
-4.800000000000000000e+01
-4.700000000000000000e+01
-4.600000000000000000e+01
-4.500000000000000000e+01
-4.400000000000000000e+01
-4.300000000000000000e+01
-4.200000000000000000e+01
-4.100000000000000000e+01
-4.000000000000000000e+01
-3.900000000000000000e+01
-3.800000000000000000e+01
-3.700000000000000000e+01
-3.600000000000000000e+01
-3.500000000000000000e+01
-3.400000000000000000e+01
-3.300000000000000000e+01
-3.200000000000000000e+01
-3.100000000000000000e+01
-3.000000000000000000e+01
-2.900000000000000000e+01
-2.800000000000000000e+01
-2.700000000000000000e+01
-2.600000000000000000e+01
-2.500000000000000000e+01
-2.400000000000000000e+01
-2.300000000000000000e+01
-2.200000000000000000e+01
-2.100000000000000000e+01
-2.000000000000000000e+01
-1.900000000000000000e+01
-1.800000000000000000e+01
-1.700000000000000000e+01
-1.600000000000000000e+01
-1.500000000000000000e+01
-1.400000000000000000e+01
-1.300000000000000000e+01
-1.200000000000000000e+01
-1.100000000000000000e+01
-1.000000000000000000e+01
-9.000000000000000000e+00
-8.000000000000000000e+00
-7.000000000000000000e+00
-6.000000000000000000e+00
-5.000000000000000000e+00
-4.000000000000000000e+00
-3.000000000000000000e+00
-2.000000000000000000e+00
-1.000000000000000000e+00
0.000000000000000000e+00
1.000000000000000000e+00
2.000000000000000000e+00
3.000000000000000000e+00
4.000000000000000000e+00
5.000000000000000000e+00
6.000000000000000000e+00
7.000000000000000000e+00
8.000000000000000000e+00
9.000000000000000000e+00
1.000000000000000000e+01
1.100000000000000000e+01
1.200000000000000000e+01
1.300000000000000000e+01
1.400000000000000000e+01
1.500000000000000000e+01
1.600000000000000000e+01
1.700000000000000000e+01
1.800000000000000000e+01
1.900000000000000000e+01
2.000000000000000000e+01
2.100000000000000000e+01
2.200000000000000000e+01
2.300000000000000000e+01
2.400000000000000000e+01
2.500000000000000000e+01
2.600000000000000000e+01
2.700000000000000000e+01
2.800000000000000000e+01
2.900000000000000000e+01
3.000000000000000000e+01
3.100000000000000000e+01
3.200000000000000000e+01
3.300000000000000000e+01
3.400000000000000000e+01
3.500000000000000000e+01
3.600000000000000000e+01
3.700000000000000000e+01
3.800000000000000000e+01
3.900000000000000000e+01
4.000000000000000000e+01
4.100000000000000000e+01
4.200000000000000000e+01
4.300000000000000000e+01
4.400000000000000000e+01
4.500000000000000000e+01
4.600000000000000000e+01
4.700000000000000000e+01
4.800000000000000000e+01
4.900000000000000000e+01
5.000000000000000000e+01
5.100000000000000000e+01
5.200000000000000000e+01
5.300000000000000000e+01
5.400000000000000000e+01
5.500000000000000000e+01
5.600000000000000000e+01
5.700000000000000000e+01
5.800000000000000000e+01
5.900000000000000000e+01
6.000000000000000000e+01
6.100000000000000000e+01
6.200000000000000000e+01
6.300000000000000000e+01
6.400000000000000000e+01
6.500000000000000000e+01
6.600000000000000000e+01
6.700000000000000000e+01
6.800000000000000000e+01
6.900000000000000000e+01
7.000000000000000000e+01
7.100000000000000000e+01
7.200000000000000000e+01
7.300000000000000000e+01
7.400000000000000000e+01
7.500000000000000000e+01
7.600000000000000000e+01
7.700000000000000000e+01
7.800000000000000000e+01
7.900000000000000000e+01
8.000000000000000000e+01
8.100000000000000000e+01
8.200000000000000000e+01
8.300000000000000000e+01
8.400000000000000000e+01
8.500000000000000000e+01
8.600000000000000000e+01
8.700000000000000000e+01
8.800000000000000000e+01
8.900000000000000000e+01
9.000000000000000000e+01
9.100000000000000000e+01
9.200000000000000000e+01
9.300000000000000000e+01
9.400000000000000000e+01
9.500000000000000000e+01
9.600000000000000000e+01
9.700000000000000000e+01
9.800000000000000000e+01
9.900000000000000000e+01
