single photon fraction:    0.0000
laser fraction:    1.0000
thermal source fraction:    0.0000
non-detected fraction:    0.0000
number of bins:  200.0000
bin width (ns):    1.0000
average detection events per bin: 5000.0000

# binary result
0.000000000000000000e+00

# g2 signal
1.010645817685765779e+00
1.005821732637146360e+00
1.003610693656529218e+00
1.014665888559615370e+00
9.881334207922085611e-01
1.032555203948245515e+00
9.943645306466752931e-01
1.017479938171309994e+00
1.021500009045159363e+00
9.915504810349805576e-01
1.000595640501142025e+00
9.965755696272925457e-01
1.011650835404228177e+00
9.955705519088301481e-01
9.961735625399075200e-01
1.016474920452847597e+00
9.967765731709850030e-01
1.004615711374991394e+00
1.022706030307314329e+00
9.969775767146774603e-01
9.738621691900427590e-01
9.855203747242063939e-01
1.003610693656529218e+00
9.949675412777526651e-01
9.875304101611310781e-01
9.967765731709850030e-01
9.885354278795934757e-01
9.720531372968105321e-01
1.024515062200546556e+00
1.025319076375316385e+00
1.003007683025451735e+00
9.947665377340602078e-01
9.851183676368213682e-01
1.013258863753767836e+00
9.812993003066643460e-01
9.947665377340602078e-01
9.917514845786731259e-01
9.977815908894472896e-01
1.003409690112836650e+00
1.007429760986686240e+00
9.859223818115913085e-01
9.981835979768323153e-01
1.007027753899301104e+00
9.821033144814342863e-01
1.012052842491613092e+00
9.899424526854407880e-01
9.957715554525226054e-01
9.883344243359010184e-01
9.971785802583699176e-01
9.929575058408279808e-01
1.004414707831299047e+00
1.012253846035305660e+00
9.796912719571245765e-01
1.010645817685765779e+00
1.026525097637471351e+00
1.014665888559615370e+00
9.728571514715803614e-01
9.913494774912881002e-01
1.024314058656853987e+00
9.817013073940493717e-01
9.909474704039031856e-01
1.005620729093453791e+00
9.778822400638922385e-01
9.774802329765073239e-01
1.011650835404228177e+00
9.945655341903677504e-01
1.027731118899626095e+00
1.006223739724531274e+00
9.917514845786731259e-01
1.009640799967303382e+00
1.004816714918683962e+00
1.028133125987011010e+00
1.000796644044834371e+00
1.015067895647000284e+00
9.810982967629718887e-01
1.002605675938066820e+00
1.010846821229458126e+00
1.002605675938066820e+00
9.939625235592902674e-01
1.006625746811916189e+00
1.004816714918683962e+00
9.921534916660580405e-01
9.999926298700645422e-01
9.905454633165182710e-01
1.003007683025451735e+00
9.905454633165182710e-01
1.027128108268548834e+00
1.012856856666382921e+00
9.863243888989762231e-01
9.523547900149479384e-01
9.567768679761823325e-01
9.887364314232859330e-01
9.825053215688192010e-01
1.017680941715002341e+00
9.935605164719053528e-01
1.007027753899301104e+00
9.891384385106709587e-01
1.007831768074071155e+00
1.002605675938066820e+00
9.931585093845204382e-01
1.018685959433464738e+00
1.003811697200221564e+00
1.012856856666382921e+00
9.989876121516021446e-01
1.030947175598705856e+00
1.003409690112836650e+00
9.971785802583699176e-01
9.776812365201997812e-01
9.837113428309740559e-01
1.030947175598705856e+00
1.003610693656529218e+00
9.883344243359010184e-01
9.857213782678988512e-01
9.981835979768323153e-01
1.013861874384845319e+00
1.000394636957449457e+00
9.917514845786731259e-01
1.011449831860535609e+00
1.008434778705148638e+00
9.720531372968105321e-01
9.861233853552837658e-01
1.019087966520849653e+00
1.028133125987011010e+00
1.013459867297460404e+00
1.005017718462376530e+00
9.831083321998966840e-01
1.026726101181163697e+00
9.953695483651376907e-01
9.889374349669783903e-01
9.977815908894472896e-01
9.931585093845204382e-01
9.959725589962150627e-01
1.014464885015922802e+00
1.010243810598380865e+00
9.921534916660580405e-01
9.827063251125116583e-01
1.005218722006068877e+00
9.967765731709850030e-01
9.742641762774277847e-01
1.024917069287931470e+00
1.002605675938066820e+00
1.011248828316843262e+00
1.013660870841152972e+00
9.989876121516021446e-01
9.766762188017373836e-01
1.023711048025776726e+00
9.869273995300537061e-01
1.020896998414082102e+00
1.004615711374991394e+00
9.776812365201997812e-01
1.022103019676236846e+00
9.975805873457548323e-01
1.001600658219604423e+00
1.003811697200221564e+00
9.720531372968105321e-01
9.714501266657330492e-01
1.008233775161456069e+00
1.010042807054688296e+00
1.006022736180838928e+00
9.999926298700645422e-01
1.025319076375316385e+00
9.722541408405029895e-01
9.847163605494364536e-01
1.036173267734710191e+00
1.013258863753767836e+00
1.008635782248840984e+00
9.899424526854407880e-01
1.010846821229458126e+00
9.794902684134321191e-01
1.018484955889772392e+00
1.007228757442993672e+00
9.744651798211202420e-01
1.006223739724531274e+00
9.738621691900427590e-01
9.754701975395826397e-01
9.985856050642172299e-01
1.003610693656529218e+00
9.997916263263720849e-01
1.014665888559615370e+00
9.959725589962150627e-01
1.019087966520849653e+00
9.847163605494364536e-01
9.923544952097504979e-01
1.009841803510995950e+00
1.000394636957449457e+00
1.024113055113161641e+00
9.907464668602107283e-01
9.883344243359010184e-01
9.877314137048235354e-01
9.853193711805138255e-01
9.951685448214451224e-01
9.949675412777526651e-01
1.014866892103307716e+00
9.995906227826796275e-01
9.943645306466752931e-01
1.010243810598380865e+00
9.929575058408279808e-01
1.011449831860535609e+00
9.965755696272925457e-01
1.005821732637146360e+00

# time bin value
-1.000000000000000000e+02
-9.900000000000000000e+01
-9.800000000000000000e+01
-9.700000000000000000e+01
-9.600000000000000000e+01
-9.500000000000000000e+01
-9.400000000000000000e+01
-9.300000000000000000e+01
-9.200000000000000000e+01
-9.100000000000000000e+01
-9.000000000000000000e+01
-8.900000000000000000e+01
-8.800000000000000000e+01
-8.700000000000000000e+01
-8.600000000000000000e+01
-8.500000000000000000e+01
-8.400000000000000000e+01
-8.300000000000000000e+01
-8.200000000000000000e+01
-8.100000000000000000e+01
-8.000000000000000000e+01
-7.900000000000000000e+01
-7.800000000000000000e+01
-7.700000000000000000e+01
-7.600000000000000000e+01
-7.500000000000000000e+01
-7.400000000000000000e+01
-7.300000000000000000e+01
-7.200000000000000000e+01
-7.100000000000000000e+01
-7.000000000000000000e+01
-6.900000000000000000e+01
-6.800000000000000000e+01
-6.700000000000000000e+01
-6.600000000000000000e+01
-6.500000000000000000e+01
-6.400000000000000000e+01
-6.300000000000000000e+01
-6.200000000000000000e+01
-6.100000000000000000e+01
-6.000000000000000000e+01
-5.900000000000000000e+01
-5.800000000000000000e+01
-5.700000000000000000e+01
-5.600000000000000000e+01
-5.500000000000000000e+01
-5.400000000000000000e+01
-5.300000000000000000e+01
-5.200000000000000000e+01
-5.100000000000000000e+01
-5.000000000000000000e+01
-4.900000000000000000e+01
-4.800000000000000000e+01
-4.700000000000000000e+01
-4.600000000000000000e+01
-4.500000000000000000e+01
-4.400000000000000000e+01
-4.300000000000000000e+01
-4.200000000000000000e+01
-4.100000000000000000e+01
-4.000000000000000000e+01
-3.900000000000000000e+01
-3.800000000000000000e+01
-3.700000000000000000e+01
-3.600000000000000000e+01
-3.500000000000000000e+01
-3.400000000000000000e+01
-3.300000000000000000e+01
-3.200000000000000000e+01
-3.100000000000000000e+01
-3.000000000000000000e+01
-2.900000000000000000e+01
-2.800000000000000000e+01
-2.700000000000000000e+01
-2.600000000000000000e+01
-2.500000000000000000e+01
-2.400000000000000000e+01
-2.300000000000000000e+01
-2.200000000000000000e+01
-2.100000000000000000e+01
-2.000000000000000000e+01
-1.900000000000000000e+01
-1.800000000000000000e+01
-1.700000000000000000e+01
-1.600000000000000000e+01
-1.500000000000000000e+01
-1.400000000000000000e+01
-1.300000000000000000e+01
-1.200000000000000000e+01
-1.100000000000000000e+01
-1.000000000000000000e+01
-9.000000000000000000e+00
-8.000000000000000000e+00
-7.000000000000000000e+00
-6.000000000000000000e+00
-5.000000000000000000e+00
-4.000000000000000000e+00
-3.000000000000000000e+00
-2.000000000000000000e+00
-1.000000000000000000e+00
0.000000000000000000e+00
1.000000000000000000e+00
2.000000000000000000e+00
3.000000000000000000e+00
4.000000000000000000e+00
5.000000000000000000e+00
6.000000000000000000e+00
7.000000000000000000e+00
8.000000000000000000e+00
9.000000000000000000e+00
1.000000000000000000e+01
1.100000000000000000e+01
1.200000000000000000e+01
1.300000000000000000e+01
1.400000000000000000e+01
1.500000000000000000e+01
1.600000000000000000e+01
1.700000000000000000e+01
1.800000000000000000e+01
1.900000000000000000e+01
2.000000000000000000e+01
2.100000000000000000e+01
2.200000000000000000e+01
2.300000000000000000e+01
2.400000000000000000e+01
2.500000000000000000e+01
2.600000000000000000e+01
2.700000000000000000e+01
2.800000000000000000e+01
2.900000000000000000e+01
3.000000000000000000e+01
3.100000000000000000e+01
3.200000000000000000e+01
3.300000000000000000e+01
3.400000000000000000e+01
3.500000000000000000e+01
3.600000000000000000e+01
3.700000000000000000e+01
3.800000000000000000e+01
3.900000000000000000e+01
4.000000000000000000e+01
4.100000000000000000e+01
4.200000000000000000e+01
4.300000000000000000e+01
4.400000000000000000e+01
4.500000000000000000e+01
4.600000000000000000e+01
4.700000000000000000e+01
4.800000000000000000e+01
4.900000000000000000e+01
5.000000000000000000e+01
5.100000000000000000e+01
5.200000000000000000e+01
5.300000000000000000e+01
5.400000000000000000e+01
5.500000000000000000e+01
5.600000000000000000e+01
5.700000000000000000e+01
5.800000000000000000e+01
5.900000000000000000e+01
6.000000000000000000e+01
6.100000000000000000e+01
6.200000000000000000e+01
6.300000000000000000e+01
6.400000000000000000e+01
6.500000000000000000e+01
6.600000000000000000e+01
6.700000000000000000e+01
6.800000000000000000e+01
6.900000000000000000e+01
7.000000000000000000e+01
7.100000000000000000e+01
7.200000000000000000e+01
7.300000000000000000e+01
7.400000000000000000e+01
7.500000000000000000e+01
7.600000000000000000e+01
7.700000000000000000e+01
7.800000000000000000e+01
7.900000000000000000e+01
8.000000000000000000e+01
8.100000000000000000e+01
8.200000000000000000e+01
8.300000000000000000e+01
8.400000000000000000e+01
8.500000000000000000e+01
8.600000000000000000e+01
8.700000000000000000e+01
8.800000000000000000e+01
8.900000000000000000e+01
9.000000000000000000e+01
9.100000000000000000e+01
9.200000000000000000e+01
9.300000000000000000e+01
9.400000000000000000e+01
9.500000000000000000e+01
9.600000000000000000e+01
9.700000000000000000e+01
9.800000000000000000e+01
9.900000000000000000e+01
