single photon fraction:    0.0000
laser fraction:    1.0000
thermal source fraction:    0.0000
non-detected fraction:    0.0000
number of bins:  200.0000
bin width (ns):    1.0000
average detection events per bin: 5000.0000

# binary result
0.000000000000000000e+00

# g2 signal
1.034041895556148782e+00
1.005742224113327365e+00
1.014171913479274156e+00
1.008552120568642962e+00
9.947033451817302030e-01
9.989181898647035984e-01
1.027217861307525126e+00
9.999217243130306132e-01
1.003534448327007889e+00
1.002129500099349979e+00
9.910906211677529276e-01
9.910906211677529276e-01
1.006745758561654158e+00
1.006344344782323486e+00
1.015576861706931844e+00
1.011562723913624007e+00
9.993196036440343821e-01
9.997210174233651658e-01
9.834637593604677042e-01
9.830623455811369205e-01
9.969111209680495689e-01
1.028422102645517588e+00
1.007347879230650500e+00
9.742312424358592349e-01
9.760376044428478171e-01
1.014372620368939604e+00
9.977139485267112473e-01
1.000523844982026844e+00
9.924955693954107261e-01
9.870764833744448685e-01
1.020393827058901470e+00
1.009957068796300650e+00
1.021196654617563260e+00
9.852701213674562863e-01
1.016580396155258859e+00
9.947033451817302030e-01
9.973125347473803526e-01
9.967104140783842325e-01
1.001125965651022964e+00
1.006545051671988933e+00
1.001527379430353859e+00
9.662029668492431167e-01
1.008752827458308188e+00
1.012967672141281694e+00
1.036249671342468259e+00
1.029224930204179156e+00
1.020995947727897812e+00
9.587768119316233406e-01
1.008552120568642962e+00
9.892842591607643454e-01
9.934991038437377409e-01
9.932983969540724045e-01
9.786467940084980777e-01
9.959075865197225541e-01
9.802524491258212125e-01
9.782453802291672940e-01
9.977139485267112473e-01
9.842665869191292716e-01
1.013369085920612589e+00
1.007548586120315948e+00
9.971118278577150162e-01
9.784460871188326303e-01
9.842665869191292716e-01
9.810552766844828909e-01
9.914920349470837113e-01
9.961082934093880015e-01
9.963090002990533378e-01
1.018988878831243783e+00
1.014372620368939604e+00
9.918934487264144950e-01
1.006745758561654158e+00
9.904885004987566965e-01
9.904885004987566965e-01
9.896856729400951291e-01
9.959075865197225541e-01
9.587768119316233406e-01
1.005340810333996471e+00
9.698156908632203921e-01
9.973125347473803526e-01
1.003133034547676994e+00
1.015576861706931844e+00
9.842665869191292716e-01
1.021999482176224827e+00
1.012164844582620127e+00
9.776432595601710629e-01
1.011964137692954679e+00
9.832630524708022568e-01
1.041668757363434228e+00
9.951047589610609867e-01
9.818581042431444583e-01
9.979146554163765837e-01
9.997210174233651658e-01
9.868757764847795322e-01
9.750340699945208023e-01
9.856715351467870700e-01
9.816573973534791220e-01
1.001125965651022964e+00
9.969111209680495689e-01
1.002530913878680874e+00
9.965097071887187852e-01
9.928969831747415098e-01
9.876786040434410996e-01
9.800517422361558761e-01
1.015576861706931844e+00
9.949040520713955393e-01
9.784460871188326303e-01
1.005541517223661918e+00
9.904885004987566965e-01
9.989181898647035984e-01
9.722241735392052053e-01
9.993196036440343821e-01
1.002731620768346321e+00
9.989181898647035984e-01
9.973125347473803526e-01
9.728262942082014364e-01
9.625902428352659523e-01
1.006143637892658038e+00
1.033640481776818110e+00
9.949040520713955393e-01
1.000523844982026844e+00
9.959075865197225541e-01
1.018386758162247663e+00
1.011562723913624007e+00
1.029224930204179156e+00
1.011763430803289232e+00
9.810552766844828909e-01
9.874778971537757633e-01
9.896856729400951291e-01
9.963090002990533378e-01
9.810552766844828909e-01
1.000122431202695950e+00
9.880800178227718833e-01
9.977139485267112473e-01
1.014774034148270276e+00
1.007749293009981173e+00
1.023003016624551842e+00
1.011362017023958559e+00
9.866750695951140848e-01
1.019791706389905350e+00
1.003735155216673336e+00
1.004136568996004009e+00
1.020193120169236245e+00
1.010559189465296992e+00
9.786467940084980777e-01
1.008953534347973635e+00
9.908899142780875913e-01
1.009957068796300650e+00
9.760376044428478171e-01
1.003133034547676994e+00
9.993196036440343821e-01
1.008351413678977515e+00
1.002932327658011546e+00
1.033239067997487215e+00
9.973125347473803526e-01
1.014171913479274156e+00
9.953054658507263230e-01
9.906892073884221439e-01
1.000323138092361397e+00
9.945026382920647556e-01
1.016580396155258859e+00
1.030027757762840945e+00
9.792489146774941977e-01
1.000323138092361397e+00
9.756361906635170334e-01
9.772418457808402792e-01
1.011763430803289232e+00
9.983160691957073674e-01
1.008752827458308188e+00
9.884814316021026670e-01
9.770411388911748318e-01
1.017383223713920648e+00
9.658015530699123330e-01
1.015175447927601171e+00
1.010960603244627665e+00
9.963090002990533378e-01
1.007949999899646620e+00
9.862736558157833011e-01
9.902877936090913602e-01
9.856715351467870700e-01
1.017182516824255201e+00
9.830623455811369205e-01
9.943019314023994193e-01
1.013369085920612589e+00
1.006545051671988933e+00
1.000122431202695950e+00
9.914920349470837113e-01
1.014573327258604829e+00
1.020393827058901470e+00
1.007147172340985053e+00
1.007347879230650500e+00
9.846680006984600553e-01
9.788475008981634140e-01
1.004738689665000351e+00
9.906892073884221439e-01
9.874778971537757633e-01
9.866750695951140848e-01
9.967104140783842325e-01
9.820588111328099057e-01
1.004939396554665576e+00
9.756361906635170334e-01

# time bin value
-1.000000000000000000e+02
-9.900000000000000000e+01
-9.800000000000000000e+01
-9.700000000000000000e+01
-9.600000000000000000e+01
-9.500000000000000000e+01
-9.400000000000000000e+01
-9.300000000000000000e+01
-9.200000000000000000e+01
-9.100000000000000000e+01
-9.000000000000000000e+01
-8.900000000000000000e+01
-8.800000000000000000e+01
-8.700000000000000000e+01
-8.600000000000000000e+01
-8.500000000000000000e+01
-8.400000000000000000e+01
-8.300000000000000000e+01
-8.200000000000000000e+01
-8.100000000000000000e+01
-8.000000000000000000e+01
-7.900000000000000000e+01
-7.800000000000000000e+01
-7.700000000000000000e+01
-7.600000000000000000e+01
-7.500000000000000000e+01
-7.400000000000000000e+01
-7.300000000000000000e+01
-7.200000000000000000e+01
-7.100000000000000000e+01
-7.000000000000000000e+01
-6.900000000000000000e+01
-6.800000000000000000e+01
-6.700000000000000000e+01
-6.600000000000000000e+01
-6.500000000000000000e+01
-6.400000000000000000e+01
-6.300000000000000000e+01
-6.200000000000000000e+01
-6.100000000000000000e+01
-6.000000000000000000e+01
-5.900000000000000000e+01
-5.800000000000000000e+01
-5.700000000000000000e+01
-5.600000000000000000e+01
-5.500000000000000000e+01
-5.400000000000000000e+01
-5.300000000000000000e+01
-5.200000000000000000e+01
-5.100000000000000000e+01
-5.000000000000000000e+01
-4.900000000000000000e+01
-4.800000000000000000e+01
-4.700000000000000000e+01
-4.600000000000000000e+01
-4.500000000000000000e+01
-4.400000000000000000e+01
-4.300000000000000000e+01
-4.200000000000000000e+01
-4.100000000000000000e+01
-4.000000000000000000e+01
-3.900000000000000000e+01
-3.800000000000000000e+01
-3.700000000000000000e+01
-3.600000000000000000e+01
-3.500000000000000000e+01
-3.400000000000000000e+01
-3.300000000000000000e+01
-3.200000000000000000e+01
-3.100000000000000000e+01
-3.000000000000000000e+01
-2.900000000000000000e+01
-2.800000000000000000e+01
-2.700000000000000000e+01
-2.600000000000000000e+01
-2.500000000000000000e+01
-2.400000000000000000e+01
-2.300000000000000000e+01
-2.200000000000000000e+01
-2.100000000000000000e+01
-2.000000000000000000e+01
-1.900000000000000000e+01
-1.800000000000000000e+01
-1.700000000000000000e+01
-1.600000000000000000e+01
-1.500000000000000000e+01
-1.400000000000000000e+01
-1.300000000000000000e+01
-1.200000000000000000e+01
-1.100000000000000000e+01
-1.000000000000000000e+01
-9.000000000000000000e+00
-8.000000000000000000e+00
-7.000000000000000000e+00
-6.000000000000000000e+00
-5.000000000000000000e+00
-4.000000000000000000e+00
-3.000000000000000000e+00
-2.000000000000000000e+00
-1.000000000000000000e+00
0.000000000000000000e+00
1.000000000000000000e+00
2.000000000000000000e+00
3.000000000000000000e+00
4.000000000000000000e+00
5.000000000000000000e+00
6.000000000000000000e+00
7.000000000000000000e+00
8.000000000000000000e+00
9.000000000000000000e+00
1.000000000000000000e+01
1.100000000000000000e+01
1.200000000000000000e+01
1.300000000000000000e+01
1.400000000000000000e+01
1.500000000000000000e+01
1.600000000000000000e+01
1.700000000000000000e+01
1.800000000000000000e+01
1.900000000000000000e+01
2.000000000000000000e+01
2.100000000000000000e+01
2.200000000000000000e+01
2.300000000000000000e+01
2.400000000000000000e+01
2.500000000000000000e+01
2.600000000000000000e+01
2.700000000000000000e+01
2.800000000000000000e+01
2.900000000000000000e+01
3.000000000000000000e+01
3.100000000000000000e+01
3.200000000000000000e+01
3.300000000000000000e+01
3.400000000000000000e+01
3.500000000000000000e+01
3.600000000000000000e+01
3.700000000000000000e+01
3.800000000000000000e+01
3.900000000000000000e+01
4.000000000000000000e+01
4.100000000000000000e+01
4.200000000000000000e+01
4.300000000000000000e+01
4.400000000000000000e+01
4.500000000000000000e+01
4.600000000000000000e+01
4.700000000000000000e+01
4.800000000000000000e+01
4.900000000000000000e+01
5.000000000000000000e+01
5.100000000000000000e+01
5.200000000000000000e+01
5.300000000000000000e+01
5.400000000000000000e+01
5.500000000000000000e+01
5.600000000000000000e+01
5.700000000000000000e+01
5.800000000000000000e+01
5.900000000000000000e+01
6.000000000000000000e+01
6.100000000000000000e+01
6.200000000000000000e+01
6.300000000000000000e+01
6.400000000000000000e+01
6.500000000000000000e+01
6.600000000000000000e+01
6.700000000000000000e+01
6.800000000000000000e+01
6.900000000000000000e+01
7.000000000000000000e+01
7.100000000000000000e+01
7.200000000000000000e+01
7.300000000000000000e+01
7.400000000000000000e+01
7.500000000000000000e+01
7.600000000000000000e+01
7.700000000000000000e+01
7.800000000000000000e+01
7.900000000000000000e+01
8.000000000000000000e+01
8.100000000000000000e+01
8.200000000000000000e+01
8.300000000000000000e+01
8.400000000000000000e+01
8.500000000000000000e+01
8.600000000000000000e+01
8.700000000000000000e+01
8.800000000000000000e+01
8.900000000000000000e+01
9.000000000000000000e+01
9.100000000000000000e+01
9.200000000000000000e+01
9.300000000000000000e+01
9.400000000000000000e+01
9.500000000000000000e+01
9.600000000000000000e+01
9.700000000000000000e+01
9.800000000000000000e+01
9.900000000000000000e+01
