single photon fraction:    0.0000
laser fraction:    1.0000
thermal source fraction:    0.0000
non-detected fraction:    0.0000
number of bins:  200.0000
bin width (ns):    1.0000
average detection events per bin: 5000.0000

# binary result
0.000000000000000000e+00

# g2 signal
9.935466397072725275e-01
1.006418499007123879e+00
1.014061165466410674e+00
1.006619621808684029e+00
1.009033095427406268e+00
9.848983592401849840e-01
1.007625235816484999e+00
1.003401656983721191e+00
9.991780781509574938e-01
9.989769553493973442e-01
9.937477625088327882e-01
9.967646045322353654e-01
1.020295972314775979e+00
9.774568155824584492e-01
9.645849562826070978e-01
1.050062146945682118e+00
9.865073416526664030e-01
1.014061165466410674e+00
9.780601839871390091e-01
9.776579383840185988e-01
9.953567449213142071e-01
9.853006048433052833e-01
1.000183692158758353e+00
1.012049937450808734e+00
1.019290358306975230e+00
9.780601839871390091e-01
9.889208152713885314e-01
1.000988183364999173e+00
1.007222990213364477e+00
1.001189306166559323e+00
1.004407270991522161e+00
9.734343595512549019e-01
1.010038709435207016e+00
9.899264292791893904e-01
1.009234218228966418e+00
9.943511309135132370e-01
9.808759032089814367e-01
1.000585937761878652e+00
9.832893768277035651e-01
1.013658919863290153e+00
9.983735869447167843e-01
9.798702892011805776e-01
9.995803237540779040e-01
1.010038709435207016e+00
9.969657273337956260e-01
1.019089235505415081e+00
1.006820744610244178e+00
1.001792674571239772e+00
9.897253064776292408e-01
1.005211762197762759e+00
1.010239832236767166e+00
1.001792674571239772e+00
1.003401656983721191e+00
9.965634817306752158e-01
1.011245446244568136e+00
1.006418499007123879e+00
1.001792674571239772e+00
9.818815172167822958e-01
1.006418499007123879e+00
1.013860042664850303e+00
9.832893768277035651e-01
9.834904996292637147e-01
1.008831972625845896e+00
9.855017276448655439e-01
9.840938680339442746e-01
9.844961136370645738e-01
1.028139761575622924e+00
9.935466397072725275e-01
1.004608393793082310e+00
9.901275520807495401e-01
9.919376572947911086e-01
1.018686989902294560e+00
9.923399028979115188e-01
1.025525165155340757e+00
9.867084644542265526e-01
1.008228604221165448e+00
9.975690957384760749e-01
1.037190287645830988e+00
9.995803237540779040e-01
9.879152012635876723e-01
1.007021867411804328e+00
9.953567449213142071e-01
1.006619621808684029e+00
9.770545699793380390e-01
9.927421485010318181e-01
9.979713413415964851e-01
9.903286748823098007e-01
9.625737282670053796e-01
1.020899340719456649e+00
1.008429727022725597e+00
9.867084644542265526e-01
1.020899340719456649e+00
1.017078007489813141e+00
9.740377279559354617e-01
1.013256674260169854e+00
9.897253064776292408e-01
9.895241836760690912e-01
1.016273516283572542e+00
1.013860042664850303e+00
9.907309204854300999e-01
1.011848814649248585e+00
9.985747097462769339e-01
9.991780781509574938e-01
1.013860042664850303e+00
1.009234218228966418e+00
1.010239832236767166e+00
9.728309911465743420e-01
9.863062188511062534e-01
1.018485867100734410e+00
1.004809516594642460e+00
1.003803902586841490e+00
1.004809516594642460e+00
9.913342888901106598e-01
1.007222990213364477e+00
9.867084644542265526e-01
1.016072393482012393e+00
1.021100463521016799e+00
1.010843200641447837e+00
1.017882498696053961e+00
1.007424113014924849e+00
1.003803902586841490e+00
1.019692603910095530e+00
9.977702185400363355e-01
9.865073416526664030e-01
9.941500081119530874e-01
1.003401656983721191e+00
1.000585937761878652e+00
1.016072393482012393e+00
1.021904954727257397e+00
9.971668501353557756e-01
9.913342888901106598e-01
9.867084644542265526e-01
9.724287455434540428e-01
1.006820744610244178e+00
1.015267902275771572e+00
9.951556221197539465e-01
9.770545699793380390e-01
9.800714120027407272e-01
1.004206148189962011e+00
1.028139761575622924e+00
1.003602779785281340e+00
9.951556221197539465e-01
1.023513937139738816e+00
1.002194920174360071e+00
9.963623589291150662e-01
1.013860042664850303e+00
9.694119035200513546e-01
9.812781488121018469e-01
9.957589905244345063e-01
9.941500081119530874e-01
9.881163240651478219e-01
1.022910568735058368e+00
1.016876884688252991e+00
9.889208152713885314e-01
1.003200534182161041e+00
9.867084644542265526e-01
1.018284744299174260e+00
9.963623589291150662e-01
1.024921796750660086e+00
1.026128533560021205e+00
1.005815130602443430e+00
9.911331660885503991e-01
1.004407270991522161e+00
9.949544993181937969e-01
9.937477625088327882e-01
9.889208152713885314e-01
1.010440955038327315e+00
1.000183692158758353e+00
1.002999411380600892e+00
1.013256674260169854e+00
1.000787060563439024e+00
9.899264292791893904e-01
1.019491481108535380e+00
1.004005025388401862e+00
9.643838334810469481e-01
9.903286748823098007e-01
1.010843200641447837e+00
9.929432713025920787e-01
1.012251060252369106e+00
9.933455169057123779e-01
1.006619621808684029e+00
1.001390428968119473e+00
1.000988183364999173e+00
9.901275520807495401e-01
1.002194920174360071e+00
1.002396042975920443e+00
9.969657273337956260e-01
9.921387800963513692e-01
1.020899340719456649e+00
1.005211762197762759e+00
9.919376572947911086e-01
1.017882498696053961e+00
9.989769553493973442e-01
9.991780781509574938e-01
1.009033095427406268e+00
1.017279130291373512e+00
1.002597165777480592e+00
1.020295972314775979e+00
9.931443941041522283e-01
9.951556221197539465e-01

# time bin value
-1.000000000000000000e+02
-9.900000000000000000e+01
-9.800000000000000000e+01
-9.700000000000000000e+01
-9.600000000000000000e+01
-9.500000000000000000e+01
-9.400000000000000000e+01
-9.300000000000000000e+01
-9.200000000000000000e+01
-9.100000000000000000e+01
-9.000000000000000000e+01
-8.900000000000000000e+01
-8.800000000000000000e+01
-8.700000000000000000e+01
-8.600000000000000000e+01
-8.500000000000000000e+01
-8.400000000000000000e+01
-8.300000000000000000e+01
-8.200000000000000000e+01
-8.100000000000000000e+01
-8.000000000000000000e+01
-7.900000000000000000e+01
-7.800000000000000000e+01
-7.700000000000000000e+01
-7.600000000000000000e+01
-7.500000000000000000e+01
-7.400000000000000000e+01
-7.300000000000000000e+01
-7.200000000000000000e+01
-7.100000000000000000e+01
-7.000000000000000000e+01
-6.900000000000000000e+01
-6.800000000000000000e+01
-6.700000000000000000e+01
-6.600000000000000000e+01
-6.500000000000000000e+01
-6.400000000000000000e+01
-6.300000000000000000e+01
-6.200000000000000000e+01
-6.100000000000000000e+01
-6.000000000000000000e+01
-5.900000000000000000e+01
-5.800000000000000000e+01
-5.700000000000000000e+01
-5.600000000000000000e+01
-5.500000000000000000e+01
-5.400000000000000000e+01
-5.300000000000000000e+01
-5.200000000000000000e+01
-5.100000000000000000e+01
-5.000000000000000000e+01
-4.900000000000000000e+01
-4.800000000000000000e+01
-4.700000000000000000e+01
-4.600000000000000000e+01
-4.500000000000000000e+01
-4.400000000000000000e+01
-4.300000000000000000e+01
-4.200000000000000000e+01
-4.100000000000000000e+01
-4.000000000000000000e+01
-3.900000000000000000e+01
-3.800000000000000000e+01
-3.700000000000000000e+01
-3.600000000000000000e+01
-3.500000000000000000e+01
-3.400000000000000000e+01
-3.300000000000000000e+01
-3.200000000000000000e+01
-3.100000000000000000e+01
-3.000000000000000000e+01
-2.900000000000000000e+01
-2.800000000000000000e+01
-2.700000000000000000e+01
-2.600000000000000000e+01
-2.500000000000000000e+01
-2.400000000000000000e+01
-2.300000000000000000e+01
-2.200000000000000000e+01
-2.100000000000000000e+01
-2.000000000000000000e+01
-1.900000000000000000e+01
-1.800000000000000000e+01
-1.700000000000000000e+01
-1.600000000000000000e+01
-1.500000000000000000e+01
-1.400000000000000000e+01
-1.300000000000000000e+01
-1.200000000000000000e+01
-1.100000000000000000e+01
-1.000000000000000000e+01
-9.000000000000000000e+00
-8.000000000000000000e+00
-7.000000000000000000e+00
-6.000000000000000000e+00
-5.000000000000000000e+00
-4.000000000000000000e+00
-3.000000000000000000e+00
-2.000000000000000000e+00
-1.000000000000000000e+00
0.000000000000000000e+00
1.000000000000000000e+00
2.000000000000000000e+00
3.000000000000000000e+00
4.000000000000000000e+00
5.000000000000000000e+00
6.000000000000000000e+00
7.000000000000000000e+00
8.000000000000000000e+00
9.000000000000000000e+00
1.000000000000000000e+01
1.100000000000000000e+01
1.200000000000000000e+01
1.300000000000000000e+01
1.400000000000000000e+01
1.500000000000000000e+01
1.600000000000000000e+01
1.700000000000000000e+01
1.800000000000000000e+01
1.900000000000000000e+01
2.000000000000000000e+01
2.100000000000000000e+01
2.200000000000000000e+01
2.300000000000000000e+01
2.400000000000000000e+01
2.500000000000000000e+01
2.600000000000000000e+01
2.700000000000000000e+01
2.800000000000000000e+01
2.900000000000000000e+01
3.000000000000000000e+01
3.100000000000000000e+01
3.200000000000000000e+01
3.300000000000000000e+01
3.400000000000000000e+01
3.500000000000000000e+01
3.600000000000000000e+01
3.700000000000000000e+01
3.800000000000000000e+01
3.900000000000000000e+01
4.000000000000000000e+01
4.100000000000000000e+01
4.200000000000000000e+01
4.300000000000000000e+01
4.400000000000000000e+01
4.500000000000000000e+01
4.600000000000000000e+01
4.700000000000000000e+01
4.800000000000000000e+01
4.900000000000000000e+01
5.000000000000000000e+01
5.100000000000000000e+01
5.200000000000000000e+01
5.300000000000000000e+01
5.400000000000000000e+01
5.500000000000000000e+01
5.600000000000000000e+01
5.700000000000000000e+01
5.800000000000000000e+01
5.900000000000000000e+01
6.000000000000000000e+01
6.100000000000000000e+01
6.200000000000000000e+01
6.300000000000000000e+01
6.400000000000000000e+01
6.500000000000000000e+01
6.600000000000000000e+01
6.700000000000000000e+01
6.800000000000000000e+01
6.900000000000000000e+01
7.000000000000000000e+01
7.100000000000000000e+01
7.200000000000000000e+01
7.300000000000000000e+01
7.400000000000000000e+01
7.500000000000000000e+01
7.600000000000000000e+01
7.700000000000000000e+01
7.800000000000000000e+01
7.900000000000000000e+01
8.000000000000000000e+01
8.100000000000000000e+01
8.200000000000000000e+01
8.300000000000000000e+01
8.400000000000000000e+01
8.500000000000000000e+01
8.600000000000000000e+01
8.700000000000000000e+01
8.800000000000000000e+01
8.900000000000000000e+01
9.000000000000000000e+01
9.100000000000000000e+01
9.200000000000000000e+01
9.300000000000000000e+01
9.400000000000000000e+01
9.500000000000000000e+01
9.600000000000000000e+01
9.700000000000000000e+01
9.800000000000000000e+01
9.900000000000000000e+01
