single photon fraction:    0.0000
laser fraction:    1.0000
thermal source fraction:    0.0000
non-detected fraction:    0.0000
number of bins:  200.0000
bin width (ns):    1.0000
average detection events per bin: 5000.0000

# binary result
0.000000000000000000e+00

# g2 signal
1.015000864429335792e+00
9.864545933362549590e-01
1.018619405835501146e+00
1.004346270288960508e+00
9.950988866954273426e-01
9.981143378672316935e-01
9.890679843518187520e-01
9.898721046642998678e-01
9.691660066179101918e-01
9.999236085703142596e-01
9.828360519300897158e-01
9.973102175547504666e-01
1.011784383179411329e+00
9.991194882578331438e-01
1.005753480835802627e+00
9.940937363048258923e-01
9.920834355236229918e-01
9.908772550549013181e-01
1.019222496069861927e+00
1.025856488647831410e+00
9.924854956798635497e-01
1.021031766772944493e+00
9.987174281015925859e-01
9.946968265391867847e-01
1.010779232788809878e+00
9.965060972422693508e-01
1.017614255444899696e+00
9.794185406020448070e-01
9.727845480240753240e-01
1.016810135132418580e+00
9.999236085703142596e-01
9.940937363048258923e-01
1.016006014819937242e+00
1.002134939429637495e+00
9.991194882578331438e-01
9.848463527112926164e-01
1.000727728882795375e+00
9.834391421644506082e-01
9.955009468516679005e-01
9.866556234143751825e-01
1.007763781617005527e+00
9.965060972422693508e-01
9.824339917738491579e-01
1.008768932007606978e+00
9.930885859142244421e-01
1.018418375757380812e+00
1.000124638648434594e+00
9.983153679453519169e-01
1.024449278100989513e+00
1.016810135132418580e+00
9.762020593521202327e-01
1.002134939429637495e+00
9.637381945086623825e-01
9.934906460704650000e-01
1.001330819117156379e+00
9.981143378672316935e-01
9.979133077891113590e-01
9.991194882578331438e-01
1.015000864429335792e+00
9.834391421644506082e-01
9.914803452892622104e-01
9.661505554461058409e-01
1.017212195288659027e+00
1.002536999585877941e+00
9.944957964610664503e-01
9.967071273203896853e-01
9.950988866954273426e-01
1.004547300367080842e+00
9.932896159923447765e-01
9.940937363048258923e-01
9.886659241955780830e-01
1.021232796851064828e+00
1.010176142554448875e+00
9.890679843518187520e-01
1.008768932007606978e+00
9.751969089615187825e-01
1.006356571070163408e+00
1.009170992163847425e+00
1.020629706616704047e+00
1.014598804273095345e+00
9.806247210707665918e-01
1.001732879273396826e+00
1.009372022241967759e+00
1.040732714428732830e+00
9.963050671641491274e-01
9.926865257579838842e-01
1.007160691382644746e+00
9.987174281015925859e-01
1.005954510913922961e+00
1.018217345679260477e+00
9.842432624769317240e-01
9.957019769297882350e-01
9.868566534924955169e-01
1.002536999585877941e+00
1.006356571070163408e+00
1.008768932007606978e+00
9.872587136487360748e-01
1.006155540992043296e+00
1.014196744116854676e+00
1.013794683960614229e+00
1.009170992163847425e+00
9.912793152111418760e-01
9.965060972422693508e-01
1.023243097632267729e+00
1.002536999585877941e+00
9.888669542736984175e-01
1.012387473413772110e+00
9.952999167735476771e-01
1.001531849195276491e+00
1.010578202710689544e+00
1.004547300367080842e+00
1.008165841773246196e+00
1.024650308179109626e+00
9.792175105239245836e-01
9.920834355236229918e-01
9.950988866954273426e-01
9.946968265391867847e-01
1.029072969897756096e+00
9.751969089615187825e-01
1.006155540992043296e+00
1.017212195288659027e+00
9.884648941174578596e-01
9.934906460704650000e-01
9.854494429456535087e-01
9.999236085703142596e-01
9.969081573985099087e-01
9.975112476328708011e-01
1.021835887085425609e+00
9.886659241955780830e-01
1.030480180444597993e+00
9.952999167735476771e-01
1.004547300367080842e+00
1.012387473413772110e+00
9.874597437268564093e-01
1.007361721460764858e+00
9.983153679453519169e-01
9.940937363048258923e-01
1.003140089820238945e+00
9.808257511488869262e-01
1.015000864429335792e+00
1.008165841773246196e+00
9.884648941174578596e-01
1.021835887085425609e+00
1.009573052320088093e+00
9.948978566173070082e-01
9.910782851330215415e-01
1.006155540992043296e+00
9.997225784921939251e-01
1.013392623804373560e+00
9.880628339612173017e-01
1.005552450757682292e+00
9.959030070079084584e-01
9.985163980234722514e-01
1.016207044898057577e+00
9.902741648205404257e-01
9.840422323988115005e-01
1.003542149976479392e+00
1.024248248022869179e+00
9.940937363048258923e-01
9.928875558361042186e-01
9.926865257579838842e-01
9.942947663829462268e-01
9.749958788833985590e-01
1.012588503491892444e+00
9.892690144299389754e-01
9.912793152111418760e-01
9.818309015394882655e-01
1.006959661304524412e+00
1.005351420679561958e+00
1.040531684350612496e+00
1.021634857007305497e+00
9.967071273203896853e-01
9.854494429456535087e-01
9.822329616957289344e-01
9.975112476328708011e-01
9.985163980234722514e-01
9.882638640393375251e-01
1.002536999585877941e+00
1.027866789429034311e+00
9.880628339612173017e-01
9.973102175547504666e-01
1.002738029663998276e+00
1.008366871851366309e+00
9.745938187271578901e-01
9.667536456804667333e-01
9.979133077891113590e-01
9.800216308364056994e-01
1.001933909351517160e+00
1.026057518725951745e+00
9.816298714613680421e-01
9.906762249767809836e-01
9.985163980234722514e-01
1.025253398413470629e+00
9.820319316176086000e-01
9.995215484140737017e-01
1.009774082398208428e+00
9.987174281015925859e-01
9.997225784921939251e-01
1.021232796851064828e+00
1.002335969507757829e+00

# time bin value
-1.000000000000000000e+02
-9.900000000000000000e+01
-9.800000000000000000e+01
-9.700000000000000000e+01
-9.600000000000000000e+01
-9.500000000000000000e+01
-9.400000000000000000e+01
-9.300000000000000000e+01
-9.200000000000000000e+01
-9.100000000000000000e+01
-9.000000000000000000e+01
-8.900000000000000000e+01
-8.800000000000000000e+01
-8.700000000000000000e+01
-8.600000000000000000e+01
-8.500000000000000000e+01
-8.400000000000000000e+01
-8.300000000000000000e+01
-8.200000000000000000e+01
-8.100000000000000000e+01
-8.000000000000000000e+01
-7.900000000000000000e+01
-7.800000000000000000e+01
-7.700000000000000000e+01
-7.600000000000000000e+01
-7.500000000000000000e+01
-7.400000000000000000e+01
-7.300000000000000000e+01
-7.200000000000000000e+01
-7.100000000000000000e+01
-7.000000000000000000e+01
-6.900000000000000000e+01
-6.800000000000000000e+01
-6.700000000000000000e+01
-6.600000000000000000e+01
-6.500000000000000000e+01
-6.400000000000000000e+01
-6.300000000000000000e+01
-6.200000000000000000e+01
-6.100000000000000000e+01
-6.000000000000000000e+01
-5.900000000000000000e+01
-5.800000000000000000e+01
-5.700000000000000000e+01
-5.600000000000000000e+01
-5.500000000000000000e+01
-5.400000000000000000e+01
-5.300000000000000000e+01
-5.200000000000000000e+01
-5.100000000000000000e+01
-5.000000000000000000e+01
-4.900000000000000000e+01
-4.800000000000000000e+01
-4.700000000000000000e+01
-4.600000000000000000e+01
-4.500000000000000000e+01
-4.400000000000000000e+01
-4.300000000000000000e+01
-4.200000000000000000e+01
-4.100000000000000000e+01
-4.000000000000000000e+01
-3.900000000000000000e+01
-3.800000000000000000e+01
-3.700000000000000000e+01
-3.600000000000000000e+01
-3.500000000000000000e+01
-3.400000000000000000e+01
-3.300000000000000000e+01
-3.200000000000000000e+01
-3.100000000000000000e+01
-3.000000000000000000e+01
-2.900000000000000000e+01
-2.800000000000000000e+01
-2.700000000000000000e+01
-2.600000000000000000e+01
-2.500000000000000000e+01
-2.400000000000000000e+01
-2.300000000000000000e+01
-2.200000000000000000e+01
-2.100000000000000000e+01
-2.000000000000000000e+01
-1.900000000000000000e+01
-1.800000000000000000e+01
-1.700000000000000000e+01
-1.600000000000000000e+01
-1.500000000000000000e+01
-1.400000000000000000e+01
-1.300000000000000000e+01
-1.200000000000000000e+01
-1.100000000000000000e+01
-1.000000000000000000e+01
-9.000000000000000000e+00
-8.000000000000000000e+00
-7.000000000000000000e+00
-6.000000000000000000e+00
-5.000000000000000000e+00
-4.000000000000000000e+00
-3.000000000000000000e+00
-2.000000000000000000e+00
-1.000000000000000000e+00
0.000000000000000000e+00
1.000000000000000000e+00
2.000000000000000000e+00
3.000000000000000000e+00
4.000000000000000000e+00
5.000000000000000000e+00
6.000000000000000000e+00
7.000000000000000000e+00
8.000000000000000000e+00
9.000000000000000000e+00
1.000000000000000000e+01
1.100000000000000000e+01
1.200000000000000000e+01
1.300000000000000000e+01
1.400000000000000000e+01
1.500000000000000000e+01
1.600000000000000000e+01
1.700000000000000000e+01
1.800000000000000000e+01
1.900000000000000000e+01
2.000000000000000000e+01
2.100000000000000000e+01
2.200000000000000000e+01
2.300000000000000000e+01
2.400000000000000000e+01
2.500000000000000000e+01
2.600000000000000000e+01
2.700000000000000000e+01
2.800000000000000000e+01
2.900000000000000000e+01
3.000000000000000000e+01
3.100000000000000000e+01
3.200000000000000000e+01
3.300000000000000000e+01
3.400000000000000000e+01
3.500000000000000000e+01
3.600000000000000000e+01
3.700000000000000000e+01
3.800000000000000000e+01
3.900000000000000000e+01
4.000000000000000000e+01
4.100000000000000000e+01
4.200000000000000000e+01
4.300000000000000000e+01
4.400000000000000000e+01
4.500000000000000000e+01
4.600000000000000000e+01
4.700000000000000000e+01
4.800000000000000000e+01
4.900000000000000000e+01
5.000000000000000000e+01
5.100000000000000000e+01
5.200000000000000000e+01
5.300000000000000000e+01
5.400000000000000000e+01
5.500000000000000000e+01
5.600000000000000000e+01
5.700000000000000000e+01
5.800000000000000000e+01
5.900000000000000000e+01
6.000000000000000000e+01
6.100000000000000000e+01
6.200000000000000000e+01
6.300000000000000000e+01
6.400000000000000000e+01
6.500000000000000000e+01
6.600000000000000000e+01
6.700000000000000000e+01
6.800000000000000000e+01
6.900000000000000000e+01
7.000000000000000000e+01
7.100000000000000000e+01
7.200000000000000000e+01
7.300000000000000000e+01
7.400000000000000000e+01
7.500000000000000000e+01
7.600000000000000000e+01
7.700000000000000000e+01
7.800000000000000000e+01
7.900000000000000000e+01
8.000000000000000000e+01
8.100000000000000000e+01
8.200000000000000000e+01
8.300000000000000000e+01
8.400000000000000000e+01
8.500000000000000000e+01
8.600000000000000000e+01
8.700000000000000000e+01
8.800000000000000000e+01
8.900000000000000000e+01
9.000000000000000000e+01
9.100000000000000000e+01
9.200000000000000000e+01
9.300000000000000000e+01
9.400000000000000000e+01
9.500000000000000000e+01
9.600000000000000000e+01
9.700000000000000000e+01
9.800000000000000000e+01
9.900000000000000000e+01
