single photon fraction:    0.6000
laser fraction:    0.2000
thermal source fraction:    0.1000
non-detected fraction:    0.1000
number of bins:  200.0000
bin width (ns):    1.0000
average detection events per bin: 5000.0000

# binary result
1.000000000000000000e+00

# g2 signal
1.036103531607212025e+00
9.768212043524221455e-01
9.895245601927342705e-01
9.839529128943517167e-01
9.933132803556343760e-01
1.006239502087881821e+00
1.010919685818523206e+00
1.002673647816916924e+00
1.001336452465305227e+00
1.006685233871752461e+00
9.991077935459522497e-01
1.002896513708852355e+00
9.982163299782109700e-01
1.004010843168528844e+00
1.018274260252387986e+00
1.017828528468517346e+00
9.830614493266105480e-01
1.026743164145929477e+00
1.023845907550770651e+00
1.022731578091093940e+00
1.019165723820129266e+00
1.022508712199158731e+00
9.823928516508046993e-01
1.006685233871752461e+00
9.821699857588693794e-01
1.009136758683040647e+00
9.877416330572518222e-01
9.988849276540169297e-01
9.768212043524221455e-01
9.855129741378988451e-01
1.012702612954005543e+00
1.011811149386264264e+00
1.017159930792711497e+00
9.924218167878932073e-01
1.001336452465305227e+00
1.005348038520140541e+00
9.779355338120986341e-01
1.011811149386264264e+00
1.028303225389476605e+00
9.988849276540169297e-01
1.015822735441099800e+00
1.027188895929800116e+00
1.002005050141111075e+00
9.790498632717751226e-01
9.968791346265991615e-01
1.005570904412075972e+00
1.003119379600787564e+00
1.021171516847547034e+00
1.004010843168528844e+00
1.010028222250781926e+00
9.930904144636990560e-01
1.000667854789499378e+00
1.019611455603999906e+00
1.009359624574976078e+00
9.955419392749873531e-01
1.008468161007234798e+00
1.006239502087881821e+00
1.028748957173347245e+00
1.002005050141111075e+00
1.004679440844334692e+00
1.004010843168528844e+00
9.982163299782109700e-01
9.839529128943517167e-01
9.953190733830520331e-01
9.968791346265991615e-01
1.010473954034652566e+00
9.935361462475696959e-01
1.016937064900776289e+00
9.982163299782109700e-01
9.971020005185344814e-01
9.993306594378874586e-01
9.915303532201519277e-01
9.991077935459522497e-01
9.794955950556457625e-01
1.024737371118511708e+00
1.004902306736269901e+00
1.004456574952399484e+00
9.810556562991928908e-01
9.857358400298341650e-01
9.937590121395050158e-01
1.009136758683040647e+00
9.859587059217694849e-01
9.723638865137160803e-01
9.855129741378988451e-01
9.893016943007989505e-01
9.986620617620816098e-01
1.009582490466911286e+00
1.038109324634629793e+00
1.005793770304011181e+00
1.009136758683040647e+00
1.025628834686252988e+00
1.015822735441099800e+00
9.857358400298341650e-01
9.979934640862756501e-01
1.000444988897563947e+00
1.013148344737876183e+00
1.009359624574976078e+00
1.005570904412075972e+00
9.792727291637104425e-01
1.039446519986241491e+00
4.495205040335011337e-01
1.003565111384658204e+00
1.020725785063676394e+00
1.012034015278199695e+00
9.806099245153222510e-01
9.752611431088750171e-01
9.959876710588579929e-01
9.719181547298455515e-01
9.868501694895106535e-01
1.020057187387870545e+00
9.884102307330577819e-01
9.908617555443460789e-01
9.964334028427286327e-01
1.003342245492722995e+00
9.779355338120986341e-01
9.808327904072575709e-01
1.021171516847547034e+00
9.835071811104811879e-01
1.005125172628205332e+00
1.005348038520140541e+00
1.007130965655623100e+00
9.984391958701462899e-01
1.031646213768506071e+00
1.011365417602393624e+00
9.933132803556343760e-01
9.897474260846695904e-01
9.933132803556343760e-01
9.656779097556571489e-01
9.977705981943404412e-01
1.015599869549164369e+00
9.946504757072461844e-01
9.790498632717751226e-01
9.999992571136934183e-01
9.921989508959578874e-01
1.000444988897563947e+00
1.015599869549164369e+00
1.000667854789499378e+00
9.843986446782223565e-01
9.975477323024051213e-01
9.919760850040225675e-01
1.004456574952399484e+00
1.009582490466911286e+00
9.919760850040225675e-01
1.014708405981423311e+00
1.013148344737876183e+00
9.982163299782109700e-01
1.011365417602393624e+00
1.015154137765293729e+00
9.868501694895106535e-01
9.926446826798285272e-01
1.006016636195946612e+00
9.937590121395050158e-01
9.955419392749873531e-01
9.955419392749873531e-01
1.002673647816916924e+00
9.973248664104698014e-01
9.810556562991928908e-01
1.004010843168528844e+00
9.908617555443460789e-01
9.921989508959578874e-01
1.006685233871752461e+00
1.003565111384658204e+00
1.003565111384658204e+00
9.944276098153108645e-01
9.852901082459635251e-01
9.988849276540169297e-01
9.999992571136934183e-01
9.999992571136934183e-01
9.930904144636990560e-01
9.843986446782223565e-01
9.832843152185458679e-01
1.013148344737876183e+00
1.000667854789499378e+00
9.890788284088636306e-01
9.962105369507933128e-01
9.957648051669226730e-01
1.003565111384658204e+00
9.975477323024051213e-01
1.001559318357240436e+00
1.006685233871752461e+00
1.001782184249175867e+00
1.015377003657229160e+00
9.977705981943404412e-01
1.018051394360452777e+00
1.020725785063676394e+00
9.924218167878932073e-01
9.884102307330577819e-01
1.009136758683040647e+00
1.000890720681434587e+00
1.009582490466911286e+00
9.937590121395050158e-01
1.008022429223364158e+00
9.841757787862870366e-01
1.014931271873358520e+00
1.002227916033046506e+00
9.893016943007989505e-01
9.897474260846695904e-01
9.955419392749873531e-01
1.008245295115299589e+00
9.786041314879045938e-01

# time bin value
-1.000000000000000000e+02
-9.900000000000000000e+01
-9.800000000000000000e+01
-9.700000000000000000e+01
-9.600000000000000000e+01
-9.500000000000000000e+01
-9.400000000000000000e+01
-9.300000000000000000e+01
-9.200000000000000000e+01
-9.100000000000000000e+01
-9.000000000000000000e+01
-8.900000000000000000e+01
-8.800000000000000000e+01
-8.700000000000000000e+01
-8.600000000000000000e+01
-8.500000000000000000e+01
-8.400000000000000000e+01
-8.300000000000000000e+01
-8.200000000000000000e+01
-8.100000000000000000e+01
-8.000000000000000000e+01
-7.900000000000000000e+01
-7.800000000000000000e+01
-7.700000000000000000e+01
-7.600000000000000000e+01
-7.500000000000000000e+01
-7.400000000000000000e+01
-7.300000000000000000e+01
-7.200000000000000000e+01
-7.100000000000000000e+01
-7.000000000000000000e+01
-6.900000000000000000e+01
-6.800000000000000000e+01
-6.700000000000000000e+01
-6.600000000000000000e+01
-6.500000000000000000e+01
-6.400000000000000000e+01
-6.300000000000000000e+01
-6.200000000000000000e+01
-6.100000000000000000e+01
-6.000000000000000000e+01
-5.900000000000000000e+01
-5.800000000000000000e+01
-5.700000000000000000e+01
-5.600000000000000000e+01
-5.500000000000000000e+01
-5.400000000000000000e+01
-5.300000000000000000e+01
-5.200000000000000000e+01
-5.100000000000000000e+01
-5.000000000000000000e+01
-4.900000000000000000e+01
-4.800000000000000000e+01
-4.700000000000000000e+01
-4.600000000000000000e+01
-4.500000000000000000e+01
-4.400000000000000000e+01
-4.300000000000000000e+01
-4.200000000000000000e+01
-4.100000000000000000e+01
-4.000000000000000000e+01
-3.900000000000000000e+01
-3.800000000000000000e+01
-3.700000000000000000e+01
-3.600000000000000000e+01
-3.500000000000000000e+01
-3.400000000000000000e+01
-3.300000000000000000e+01
-3.200000000000000000e+01
-3.100000000000000000e+01
-3.000000000000000000e+01
-2.900000000000000000e+01
-2.800000000000000000e+01
-2.700000000000000000e+01
-2.600000000000000000e+01
-2.500000000000000000e+01
-2.400000000000000000e+01
-2.300000000000000000e+01
-2.200000000000000000e+01
-2.100000000000000000e+01
-2.000000000000000000e+01
-1.900000000000000000e+01
-1.800000000000000000e+01
-1.700000000000000000e+01
-1.600000000000000000e+01
-1.500000000000000000e+01
-1.400000000000000000e+01
-1.300000000000000000e+01
-1.200000000000000000e+01
-1.100000000000000000e+01
-1.000000000000000000e+01
-9.000000000000000000e+00
-8.000000000000000000e+00
-7.000000000000000000e+00
-6.000000000000000000e+00
-5.000000000000000000e+00
-4.000000000000000000e+00
-3.000000000000000000e+00
-2.000000000000000000e+00
-1.000000000000000000e+00
0.000000000000000000e+00
1.000000000000000000e+00
2.000000000000000000e+00
3.000000000000000000e+00
4.000000000000000000e+00
5.000000000000000000e+00
6.000000000000000000e+00
7.000000000000000000e+00
8.000000000000000000e+00
9.000000000000000000e+00
1.000000000000000000e+01
1.100000000000000000e+01
1.200000000000000000e+01
1.300000000000000000e+01
1.400000000000000000e+01
1.500000000000000000e+01
1.600000000000000000e+01
1.700000000000000000e+01
1.800000000000000000e+01
1.900000000000000000e+01
2.000000000000000000e+01
2.100000000000000000e+01
2.200000000000000000e+01
2.300000000000000000e+01
2.400000000000000000e+01
2.500000000000000000e+01
2.600000000000000000e+01
2.700000000000000000e+01
2.800000000000000000e+01
2.900000000000000000e+01
3.000000000000000000e+01
3.100000000000000000e+01
3.200000000000000000e+01
3.300000000000000000e+01
3.400000000000000000e+01
3.500000000000000000e+01
3.600000000000000000e+01
3.700000000000000000e+01
3.800000000000000000e+01
3.900000000000000000e+01
4.000000000000000000e+01
4.100000000000000000e+01
4.200000000000000000e+01
4.300000000000000000e+01
4.400000000000000000e+01
4.500000000000000000e+01
4.600000000000000000e+01
4.700000000000000000e+01
4.800000000000000000e+01
4.900000000000000000e+01
5.000000000000000000e+01
5.100000000000000000e+01
5.200000000000000000e+01
5.300000000000000000e+01
5.400000000000000000e+01
5.500000000000000000e+01
5.600000000000000000e+01
5.700000000000000000e+01
5.800000000000000000e+01
5.900000000000000000e+01
6.000000000000000000e+01
6.100000000000000000e+01
6.200000000000000000e+01
6.300000000000000000e+01
6.400000000000000000e+01
6.500000000000000000e+01
6.600000000000000000e+01
6.700000000000000000e+01
6.800000000000000000e+01
6.900000000000000000e+01
7.000000000000000000e+01
7.100000000000000000e+01
7.200000000000000000e+01
7.300000000000000000e+01
7.400000000000000000e+01
7.500000000000000000e+01
7.600000000000000000e+01
7.700000000000000000e+01
7.800000000000000000e+01
7.900000000000000000e+01
8.000000000000000000e+01
8.100000000000000000e+01
8.200000000000000000e+01
8.300000000000000000e+01
8.400000000000000000e+01
8.500000000000000000e+01
8.600000000000000000e+01
8.700000000000000000e+01
8.800000000000000000e+01
8.900000000000000000e+01
9.000000000000000000e+01
9.100000000000000000e+01
9.200000000000000000e+01
9.300000000000000000e+01
9.400000000000000000e+01
9.500000000000000000e+01
9.600000000000000000e+01
9.700000000000000000e+01
9.800000000000000000e+01
9.900000000000000000e+01
