single photon fraction:    0.6000
laser fraction:    0.2000
thermal source fraction:    0.1000
non-detected fraction:    0.1000
number of bins:  200.0000
bin width (ns):    1.0000
average detection events per bin: 5000.0000

# binary result
1.000000000000000000e+00

# g2 signal
1.008057473323230147e+00
1.012739890253065989e+00
1.024780390929786789e+00
1.008280445557984129e+00
1.007834501088475943e+00
9.964629171160175325e-01
9.933413058294603415e-01
1.025226335399294975e+00
1.021881751877983469e+00
9.855372776130673085e-01
1.013631779192082361e+00
9.828616107960181925e-01
9.766183882229038105e-01
1.001814250750115765e+00
1.011625029079295635e+00
1.004712889801918863e+00
1.005158834271427049e+00
1.003821000862902491e+00
9.991385839330666485e-01
1.022550668582245859e+00
1.009618278966508687e+00
1.011179084609787449e+00
9.810778329179855595e-01
9.710440823540515964e-01
1.003375056393394305e+00
9.975777782897879975e-01
1.006050723210443421e+00
1.004043973097656473e+00
1.006942612149459793e+00
1.006273695445197403e+00
1.001368306280607579e+00
1.014077723661590547e+00
9.966858893507716255e-01
1.005381806506181031e+00
1.000699389576345189e+00
1.011625029079295635e+00
9.911115834819195225e-01
1.001814250750115765e+00
9.884359166648704065e-01
9.886588888996244995e-01
9.911115834819195225e-01
1.019652029530442761e+00
9.821926940917560245e-01
9.797399995094610015e-01
1.013185834722574175e+00
1.014523668131098733e+00
9.821926940917560245e-01
9.982466949940502765e-01
1.013631779192082361e+00
9.899967223081490575e-01
1.008280445557984129e+00
1.027456057746835683e+00
1.012070973548803821e+00
1.010510167905525059e+00
9.873210554910999415e-01
1.011402056844541431e+00
1.021881751877983469e+00
9.991385839330666485e-01
9.931183335947062485e-01
9.924494168904439695e-01
1.001145334045853375e+00
9.893278056038867785e-01
1.001145334045853375e+00
1.022104724112737673e+00
9.973548060550339045e-01
9.982466949940502765e-01
1.004489917567164659e+00
9.895507778386408715e-01
9.971318338202798115e-01
1.008949362262246519e+00
9.917805001861816905e-01
1.001368306280607579e+00
1.000476417341591207e+00
9.824156663265100065e-01
1.010064223436016873e+00
1.006942612149459793e+00
9.755035270491333455e-01
1.041280336301589227e+00
1.001814250750115765e+00
1.014969612600606919e+00
9.949021114727389925e-01
9.864291665520836805e-01
9.824156663265100065e-01
1.023219585286508027e+00
9.612333040248717264e-01
1.006942612149459793e+00
1.002483167454377933e+00
9.982466949940502765e-01
1.008057473323230147e+00
1.016084473774377273e+00
1.002483167454377933e+00
1.019429057295688557e+00
9.790710828051987225e-01
1.012739890253065989e+00
1.006942612149459793e+00
9.886588888996244995e-01
9.991385839330666485e-01
1.000922361811099393e+00
1.008280445557984129e+00
1.042395197475359581e+00
4.528566087855519506e-01
1.001368306280607579e+00
1.005827750975689217e+00
9.813008051527396525e-01
1.011625029079295635e+00
9.957940004117553645e-01
1.003821000862902491e+00
9.991385839330666485e-01
9.991385839330666485e-01
1.012293945783557803e+00
1.002037222984869747e+00
1.025449307634048957e+00
1.025895252103557143e+00
1.008280445557984129e+00
9.679224710674944054e-01
1.000253445106837002e+00
1.006050723210443421e+00
9.908886112471654295e-01
9.995845284025748345e-01
9.656927487199534754e-01
1.001145334045853375e+00
9.944561670032308065e-01
1.009395306731754705e+00
1.020766890704213115e+00
1.016976362713393645e+00
1.028124974451098073e+00
9.908886112471654295e-01
9.688143600065106664e-01
9.993615561678207415e-01
1.026341196573065329e+00
9.821926940917560245e-01
9.953480559422471785e-01
9.915575279514275975e-01
1.039942502893064669e+00
1.025895252103557143e+00
9.922264446556898765e-01
1.000922361811099393e+00
1.009841251201262891e+00
9.652468042504452894e-01
1.010064223436016873e+00
1.018760140591426389e+00
9.877669999606081275e-01
1.014077723661590547e+00
9.926723891251980625e-01
9.899967223081490575e-01
1.007611528853721961e+00
9.984696672288043695e-01
1.015638529304869087e+00
9.940102225337226205e-01
9.712670545888056894e-01
1.003821000862902491e+00
1.020766890704213115e+00
1.001368306280607579e+00
9.893278056038867785e-01
9.841994442045427505e-01
1.002929111923886119e+00
9.973548060550339045e-01
1.031469557972409357e+00
9.870980832563458485e-01
9.781791938661823504e-01
1.020766890704213115e+00
1.024111474225524399e+00
1.022550668582245859e+00
1.028570918920606259e+00
1.001368306280607579e+00
9.957940004117553645e-01
1.027902002216343869e+00
1.018983112826180371e+00
1.005827750975689217e+00
1.016976362713393645e+00
1.010287195670771077e+00
9.676994988327403124e-01
1.000922361811099393e+00
9.991385839330666485e-01
1.001814250750115765e+00
9.873210554910999415e-01
9.799629717442150945e-01
9.899967223081490575e-01
1.031469557972409357e+00
1.000922361811099393e+00
1.025226335399294975e+00
9.949021114727389925e-01
9.790710828051987225e-01
9.908886112471654295e-01
9.853143053783132155e-01
9.826386385612640995e-01
1.024334446460278603e+00
1.022996613051754045e+00
1.031469557972409357e+00
9.690373322412647594e-01
1.012962862487819971e+00
9.928953613599521555e-01
9.748346103448710664e-01
9.779562216314282574e-01
1.033699280319950287e+00
1.013631779192082361e+00
9.940102225337226205e-01
1.010287195670771077e+00
9.850913331435591225e-01
9.523144146347082284e-01

# time bin value
-1.000000000000000000e+02
-9.900000000000000000e+01
-9.800000000000000000e+01
-9.700000000000000000e+01
-9.600000000000000000e+01
-9.500000000000000000e+01
-9.400000000000000000e+01
-9.300000000000000000e+01
-9.200000000000000000e+01
-9.100000000000000000e+01
-9.000000000000000000e+01
-8.900000000000000000e+01
-8.800000000000000000e+01
-8.700000000000000000e+01
-8.600000000000000000e+01
-8.500000000000000000e+01
-8.400000000000000000e+01
-8.300000000000000000e+01
-8.200000000000000000e+01
-8.100000000000000000e+01
-8.000000000000000000e+01
-7.900000000000000000e+01
-7.800000000000000000e+01
-7.700000000000000000e+01
-7.600000000000000000e+01
-7.500000000000000000e+01
-7.400000000000000000e+01
-7.300000000000000000e+01
-7.200000000000000000e+01
-7.100000000000000000e+01
-7.000000000000000000e+01
-6.900000000000000000e+01
-6.800000000000000000e+01
-6.700000000000000000e+01
-6.600000000000000000e+01
-6.500000000000000000e+01
-6.400000000000000000e+01
-6.300000000000000000e+01
-6.200000000000000000e+01
-6.100000000000000000e+01
-6.000000000000000000e+01
-5.900000000000000000e+01
-5.800000000000000000e+01
-5.700000000000000000e+01
-5.600000000000000000e+01
-5.500000000000000000e+01
-5.400000000000000000e+01
-5.300000000000000000e+01
-5.200000000000000000e+01
-5.100000000000000000e+01
-5.000000000000000000e+01
-4.900000000000000000e+01
-4.800000000000000000e+01
-4.700000000000000000e+01
-4.600000000000000000e+01
-4.500000000000000000e+01
-4.400000000000000000e+01
-4.300000000000000000e+01
-4.200000000000000000e+01
-4.100000000000000000e+01
-4.000000000000000000e+01
-3.900000000000000000e+01
-3.800000000000000000e+01
-3.700000000000000000e+01
-3.600000000000000000e+01
-3.500000000000000000e+01
-3.400000000000000000e+01
-3.300000000000000000e+01
-3.200000000000000000e+01
-3.100000000000000000e+01
-3.000000000000000000e+01
-2.900000000000000000e+01
-2.800000000000000000e+01
-2.700000000000000000e+01
-2.600000000000000000e+01
-2.500000000000000000e+01
-2.400000000000000000e+01
-2.300000000000000000e+01
-2.200000000000000000e+01
-2.100000000000000000e+01
-2.000000000000000000e+01
-1.900000000000000000e+01
-1.800000000000000000e+01
-1.700000000000000000e+01
-1.600000000000000000e+01
-1.500000000000000000e+01
-1.400000000000000000e+01
-1.300000000000000000e+01
-1.200000000000000000e+01
-1.100000000000000000e+01
-1.000000000000000000e+01
-9.000000000000000000e+00
-8.000000000000000000e+00
-7.000000000000000000e+00
-6.000000000000000000e+00
-5.000000000000000000e+00
-4.000000000000000000e+00
-3.000000000000000000e+00
-2.000000000000000000e+00
-1.000000000000000000e+00
0.000000000000000000e+00
1.000000000000000000e+00
2.000000000000000000e+00
3.000000000000000000e+00
4.000000000000000000e+00
5.000000000000000000e+00
6.000000000000000000e+00
7.000000000000000000e+00
8.000000000000000000e+00
9.000000000000000000e+00
1.000000000000000000e+01
1.100000000000000000e+01
1.200000000000000000e+01
1.300000000000000000e+01
1.400000000000000000e+01
1.500000000000000000e+01
1.600000000000000000e+01
1.700000000000000000e+01
1.800000000000000000e+01
1.900000000000000000e+01
2.000000000000000000e+01
2.100000000000000000e+01
2.200000000000000000e+01
2.300000000000000000e+01
2.400000000000000000e+01
2.500000000000000000e+01
2.600000000000000000e+01
2.700000000000000000e+01
2.800000000000000000e+01
2.900000000000000000e+01
3.000000000000000000e+01
3.100000000000000000e+01
3.200000000000000000e+01
3.300000000000000000e+01
3.400000000000000000e+01
3.500000000000000000e+01
3.600000000000000000e+01
3.700000000000000000e+01
3.800000000000000000e+01
3.900000000000000000e+01
4.000000000000000000e+01
4.100000000000000000e+01
4.200000000000000000e+01
4.300000000000000000e+01
4.400000000000000000e+01
4.500000000000000000e+01
4.600000000000000000e+01
4.700000000000000000e+01
4.800000000000000000e+01
4.900000000000000000e+01
5.000000000000000000e+01
5.100000000000000000e+01
5.200000000000000000e+01
5.300000000000000000e+01
5.400000000000000000e+01
5.500000000000000000e+01
5.600000000000000000e+01
5.700000000000000000e+01
5.800000000000000000e+01
5.900000000000000000e+01
6.000000000000000000e+01
6.100000000000000000e+01
6.200000000000000000e+01
6.300000000000000000e+01
6.400000000000000000e+01
6.500000000000000000e+01
6.600000000000000000e+01
6.700000000000000000e+01
6.800000000000000000e+01
6.900000000000000000e+01
7.000000000000000000e+01
7.100000000000000000e+01
7.200000000000000000e+01
7.300000000000000000e+01
7.400000000000000000e+01
7.500000000000000000e+01
7.600000000000000000e+01
7.700000000000000000e+01
7.800000000000000000e+01
7.900000000000000000e+01
8.000000000000000000e+01
8.100000000000000000e+01
8.200000000000000000e+01
8.300000000000000000e+01
8.400000000000000000e+01
8.500000000000000000e+01
8.600000000000000000e+01
8.700000000000000000e+01
8.800000000000000000e+01
8.900000000000000000e+01
9.000000000000000000e+01
9.100000000000000000e+01
9.200000000000000000e+01
9.300000000000000000e+01
9.400000000000000000e+01
9.500000000000000000e+01
9.600000000000000000e+01
9.700000000000000000e+01
9.800000000000000000e+01
9.900000000000000000e+01
