single photon fraction:    0.6000
laser fraction:    0.2000
thermal source fraction:    0.1000
non-detected fraction:    0.1000
number of bins:  200.0000
bin width (ns):    1.0000
average detection events per bin: 5000.0000

# binary result
1.000000000000000000e+00

# g2 signal
1.003632790399904717e+00
9.866599172200219980e-01
1.010779263317749921e+00
9.737069350564273584e-01
1.004526099514635229e+00
9.982729357115206481e-01
1.006312717744096696e+00
1.005642735908048646e+00
9.989429175475686984e-01
9.960396629246940359e-01
9.969329720394246586e-01
1.009662626924336726e+00
9.895631718428966606e-01
1.000059553940982005e+00
1.019265699907691447e+00
1.003409463121222034e+00
1.015692463448768734e+00
1.034005300300747443e+00
1.005196081350683279e+00
1.029985409284459363e+00
9.761635351219366541e-01
9.826400262037340294e-01
9.884465354494833544e-01
1.006759372301462063e+00
9.779501533513980105e-01
9.989429175475686984e-01
9.904564809576272832e-01
9.873298990560699373e-01
9.775034987940326436e-01
1.023062263645296621e+00
9.835333353184646521e-01
1.021722299973200743e+00
1.006759372301462063e+00
1.019935681743739275e+00
9.915731173510407004e-01
9.935830628591846292e-01
9.917964446297232728e-01
9.888931900068486103e-01
9.879998808921179876e-01
1.003409463121222034e+00
1.015469136170086051e+00
9.991662448262512708e-01
1.016139118006134101e+00
1.002516154006491300e+00
9.835333353184646521e-01
1.000729535777030055e+00
9.895631718428966606e-01
1.042938391448054114e+00
9.842033171545125914e-01
9.813000625316379288e-01
9.775034987940326436e-01
9.855432808266086919e-01
1.008322663252240625e+00
1.006089390465414013e+00
1.023285590923979305e+00
1.036238573087574055e+00
9.730369532203793081e-01
1.009885954203019409e+00
9.935830628591846292e-01
9.949230265312806187e-01
9.909031355149926501e-01
1.025295536432123233e+00
1.009215972366971359e+00
9.801834261382246227e-01
9.728136259416966247e-01
9.935830628591846292e-01
1.004302772235952768e+00
9.996128993836166376e-01
1.009885954203019409e+00
9.801834261382246227e-01
9.719203168269660020e-01
9.748235714498406645e-01
9.980496084328379647e-01
9.826400262037340294e-01
1.023062263645296621e+00
1.003409463121222034e+00
1.014575827055355317e+00
9.737069350564273584e-01
1.024402227317392722e+00
1.042715064169371431e+00
9.962629902033766083e-01
1.020159009022421959e+00
1.015915790727451418e+00
1.012119226989846021e+00
9.866599172200219980e-01
1.018149063514278030e+00
1.006759372301462063e+00
1.023285590923979305e+00
1.029762082005776680e+00
9.953696810886459856e-01
1.024402227317392722e+00
9.915731173510407004e-01
1.015915790727451418e+00
1.002516154006491300e+00
9.920197719084059562e-01
9.900098264002620274e-01
1.002962808563856667e+00
9.984962629902033315e-01
1.001399517613077883e+00
1.015022481612720684e+00
4.388381026114402950e-01
1.002069499449125933e+00
1.002292826727808617e+00
1.023285590923979305e+00
1.007652681416192575e+00
1.015022481612720684e+00
9.877765536134353042e-01
1.011225917875115288e+00
1.009662626924336726e+00
9.842033171545125914e-01
9.862132626626566312e-01
1.000952863055712738e+00
1.015915790727451418e+00
1.013012536104576755e+00
9.810767352529553564e-01
9.835333353184646521e-01
1.016585772563499246e+00
1.002292826727808617e+00
9.828633534824166018e-01
1.017702408956912663e+00
1.021052318137152692e+00
1.025965518268171284e+00
9.931364083018193734e-01
1.015245808891403367e+00
1.000506208498347371e+00
9.864365899413393146e-01
1.010779263317749921e+00
1.016362445284816562e+00
9.884465354494833544e-01
9.795134443021766835e-01
1.016139118006134101e+00
9.864365899413393146e-01
1.004972754072000596e+00
1.030655391120507414e+00
9.998362266622993211e-01
1.027752136497632751e+00
1.017032427120864613e+00
1.014575827055355317e+00
9.958163356460113524e-01
9.944763719739153629e-01
9.790667897448113166e-01
1.019935681743739275e+00
9.984962629902033315e-01
1.014129172497989950e+00
1.018595718071643397e+00
1.004302772235952768e+00
1.001846172170443250e+00
1.024625554596075405e+00
1.017702408956912663e+00
1.017032427120864613e+00
1.010555936039067237e+00
9.996128993836166376e-01
1.008099335973557942e+00
1.004302772235952768e+00
1.013905845219307267e+00
9.797367715808592559e-01
9.824166989250513460e-01
1.009662626924336726e+00
1.005196081350683279e+00
1.012789208825894072e+00
1.007429354137509891e+00
1.005196081350683279e+00
1.011449245153797971e+00
9.830866807610992852e-01
9.949230265312806187e-01
1.033781973022064760e+00
9.801834261382246227e-01
9.804067534169073062e-01
1.000729535777030055e+00
1.015915790727451418e+00
9.998362266622993211e-01
1.024178900038710038e+00
9.853199535479260085e-01
1.006982699580144747e+00
1.016362445284816562e+00
9.935830628591846292e-01
1.017479081678229980e+00
9.772801715153499602e-01
1.013012536104576755e+00
9.853199535479260085e-01
9.926897537444540065e-01
9.859899353839739478e-01
1.012119226989846021e+00
9.976029538754727088e-01
1.028198791054998118e+00
9.980496084328379647e-01
9.987195902688860150e-01
9.757168805645712872e-01
9.900098264002620274e-01
1.022615609087931254e+00
9.996128993836166376e-01
1.026858827382902017e+00
1.015692463448768734e+00
1.010555936039067237e+00
1.006982699580144747e+00
1.012565881547211388e+00
1.017479081678229980e+00
9.915731173510407004e-01
1.013459190661941900e+00
1.012342554268528705e+00

# time bin value
-1.000000000000000000e+02
-9.900000000000000000e+01
-9.800000000000000000e+01
-9.700000000000000000e+01
-9.600000000000000000e+01
-9.500000000000000000e+01
-9.400000000000000000e+01
-9.300000000000000000e+01
-9.200000000000000000e+01
-9.100000000000000000e+01
-9.000000000000000000e+01
-8.900000000000000000e+01
-8.800000000000000000e+01
-8.700000000000000000e+01
-8.600000000000000000e+01
-8.500000000000000000e+01
-8.400000000000000000e+01
-8.300000000000000000e+01
-8.200000000000000000e+01
-8.100000000000000000e+01
-8.000000000000000000e+01
-7.900000000000000000e+01
-7.800000000000000000e+01
-7.700000000000000000e+01
-7.600000000000000000e+01
-7.500000000000000000e+01
-7.400000000000000000e+01
-7.300000000000000000e+01
-7.200000000000000000e+01
-7.100000000000000000e+01
-7.000000000000000000e+01
-6.900000000000000000e+01
-6.800000000000000000e+01
-6.700000000000000000e+01
-6.600000000000000000e+01
-6.500000000000000000e+01
-6.400000000000000000e+01
-6.300000000000000000e+01
-6.200000000000000000e+01
-6.100000000000000000e+01
-6.000000000000000000e+01
-5.900000000000000000e+01
-5.800000000000000000e+01
-5.700000000000000000e+01
-5.600000000000000000e+01
-5.500000000000000000e+01
-5.400000000000000000e+01
-5.300000000000000000e+01
-5.200000000000000000e+01
-5.100000000000000000e+01
-5.000000000000000000e+01
-4.900000000000000000e+01
-4.800000000000000000e+01
-4.700000000000000000e+01
-4.600000000000000000e+01
-4.500000000000000000e+01
-4.400000000000000000e+01
-4.300000000000000000e+01
-4.200000000000000000e+01
-4.100000000000000000e+01
-4.000000000000000000e+01
-3.900000000000000000e+01
-3.800000000000000000e+01
-3.700000000000000000e+01
-3.600000000000000000e+01
-3.500000000000000000e+01
-3.400000000000000000e+01
-3.300000000000000000e+01
-3.200000000000000000e+01
-3.100000000000000000e+01
-3.000000000000000000e+01
-2.900000000000000000e+01
-2.800000000000000000e+01
-2.700000000000000000e+01
-2.600000000000000000e+01
-2.500000000000000000e+01
-2.400000000000000000e+01
-2.300000000000000000e+01
-2.200000000000000000e+01
-2.100000000000000000e+01
-2.000000000000000000e+01
-1.900000000000000000e+01
-1.800000000000000000e+01
-1.700000000000000000e+01
-1.600000000000000000e+01
-1.500000000000000000e+01
-1.400000000000000000e+01
-1.300000000000000000e+01
-1.200000000000000000e+01
-1.100000000000000000e+01
-1.000000000000000000e+01
-9.000000000000000000e+00
-8.000000000000000000e+00
-7.000000000000000000e+00
-6.000000000000000000e+00
-5.000000000000000000e+00
-4.000000000000000000e+00
-3.000000000000000000e+00
-2.000000000000000000e+00
-1.000000000000000000e+00
0.000000000000000000e+00
1.000000000000000000e+00
2.000000000000000000e+00
3.000000000000000000e+00
4.000000000000000000e+00
5.000000000000000000e+00
6.000000000000000000e+00
7.000000000000000000e+00
8.000000000000000000e+00
9.000000000000000000e+00
1.000000000000000000e+01
1.100000000000000000e+01
1.200000000000000000e+01
1.300000000000000000e+01
1.400000000000000000e+01
1.500000000000000000e+01
1.600000000000000000e+01
1.700000000000000000e+01
1.800000000000000000e+01
1.900000000000000000e+01
2.000000000000000000e+01
2.100000000000000000e+01
2.200000000000000000e+01
2.300000000000000000e+01
2.400000000000000000e+01
2.500000000000000000e+01
2.600000000000000000e+01
2.700000000000000000e+01
2.800000000000000000e+01
2.900000000000000000e+01
3.000000000000000000e+01
3.100000000000000000e+01
3.200000000000000000e+01
3.300000000000000000e+01
3.400000000000000000e+01
3.500000000000000000e+01
3.600000000000000000e+01
3.700000000000000000e+01
3.800000000000000000e+01
3.900000000000000000e+01
4.000000000000000000e+01
4.100000000000000000e+01
4.200000000000000000e+01
4.300000000000000000e+01
4.400000000000000000e+01
4.500000000000000000e+01
4.600000000000000000e+01
4.700000000000000000e+01
4.800000000000000000e+01
4.900000000000000000e+01
5.000000000000000000e+01
5.100000000000000000e+01
5.200000000000000000e+01
5.300000000000000000e+01
5.400000000000000000e+01
5.500000000000000000e+01
5.600000000000000000e+01
5.700000000000000000e+01
5.800000000000000000e+01
5.900000000000000000e+01
6.000000000000000000e+01
6.100000000000000000e+01
6.200000000000000000e+01
6.300000000000000000e+01
6.400000000000000000e+01
6.500000000000000000e+01
6.600000000000000000e+01
6.700000000000000000e+01
6.800000000000000000e+01
6.900000000000000000e+01
7.000000000000000000e+01
7.100000000000000000e+01
7.200000000000000000e+01
7.300000000000000000e+01
7.400000000000000000e+01
7.500000000000000000e+01
7.600000000000000000e+01
7.700000000000000000e+01
7.800000000000000000e+01
7.900000000000000000e+01
8.000000000000000000e+01
8.100000000000000000e+01
8.200000000000000000e+01
8.300000000000000000e+01
8.400000000000000000e+01
8.500000000000000000e+01
8.600000000000000000e+01
8.700000000000000000e+01
8.800000000000000000e+01
8.900000000000000000e+01
9.000000000000000000e+01
9.100000000000000000e+01
9.200000000000000000e+01
9.300000000000000000e+01
9.400000000000000000e+01
9.500000000000000000e+01
9.600000000000000000e+01
9.700000000000000000e+01
9.800000000000000000e+01
9.900000000000000000e+01
