single photon fraction:    0.6000
laser fraction:    0.2000
thermal source fraction:    0.1000
non-detected fraction:    0.1000
number of bins:  200.0000
bin width (ns):    1.0000
average detection events per bin: 5000.0000

# binary result
1.000000000000000000e+00

# g2 signal
9.835259771210675961e-01
9.933567683508102153e-01
1.016816611058150466e+00
1.016146329837940732e+00
9.926864871306004812e-01
9.850899666348903461e-01
1.009443517635843612e+00
9.958144661582458701e-01
9.920162059103907470e-01
9.980487368922783542e-01
9.873242373689227191e-01
9.984955910390848066e-01
1.006762392755004676e+00
1.021955433746425168e+00
9.915693517635842946e-01
1.000953288846520461e+00
1.000506434699713898e+00
9.694500714966634014e-01
1.002740705433746271e+00
1.008326382268827315e+00
1.010784080076263081e+00
1.008102955195424144e+00
1.010113798856053346e+00
9.976018827454717908e-01
9.710140610104861514e-01
1.007209246901811239e+00
9.868773832221162667e-01
1.002293851286939930e+00
9.752591754051477269e-01
1.011230934223069644e+00
1.021732006673021775e+00
1.024189704480457541e+00
1.002070424213536537e+00
1.000953288846520461e+00
1.028881673021925680e+00
1.000059580552907557e+00
1.002964132507149664e+00
9.908990705433745605e-01
1.006315538608198334e+00
9.942504766444232311e-01
9.676626549094374807e-01
1.003187559580552835e+00
1.001846997140133366e+00
9.962613203050523225e-01
1.002070424213536537e+00
1.009220090562440442e+00
9.792808627264060206e-01
9.962613203050523225e-01
9.991658722592945407e-01
1.004528122020972303e+00
1.023742850333650978e+00
1.013688632030505188e+00
9.978253098188750725e-01
1.032009652049570958e+00
9.989424451858912590e-01
1.015922902764537561e+00
1.004974976167778866e+00
9.955910390848426994e-01
1.005868684461391771e+00
9.998361534795042749e-01
1.030669089609151490e+00
9.859836749285032509e-01
1.014358913250714922e+00
1.029775381315538585e+00
1.013912059103908359e+00
1.006538965681601505e+00
9.996127264061009932e-01
9.902287893231648264e-01
9.993892993326977114e-01
9.980487368922783542e-01
1.006315538608198334e+00
1.001400142993327025e+00
1.002070424213536537e+00
9.871008102955194374e-01
1.016146329837940732e+00
9.929099142040037629e-01
1.034690776930409895e+00
1.003410986653956005e+00
1.017040038131553858e+00
1.019497735938989402e+00
9.958144661582458701e-01
9.978253098188750725e-01
1.004974976167778866e+00
9.911224976167778422e-01
1.005198403241182037e+00
9.848665395614870643e-01
9.882179456625357350e-01
9.886647998093421874e-01
1.035807912297425970e+00
1.029998808388941756e+00
9.710140610104861514e-01
9.946973307912296836e-01
9.917927788369875763e-01
1.017933746425166763e+00
1.006538965681601505e+00
9.821854146806481278e-01
9.893350810295519215e-01
1.016593183984747295e+00
9.946973307912296836e-01
9.759294566253574610e-01
4.403747616777883289e-01
9.949207578646329653e-01
1.018157173498569934e+00
9.924630600571973105e-01
1.007879528122020973e+00
1.001400142993327025e+00
1.003857840800762569e+00
1.006315538608198334e+00
9.768231649189703658e-01
1.015699475691134390e+00
1.017933746425166763e+00
1.029998808388941756e+00
9.891116539561486398e-01
9.980487368922783542e-01
1.023519423260247807e+00
9.830791229742611437e-01
9.893350810295519215e-01
9.987190181124879773e-01
1.012348069590085720e+00
1.008102955195424144e+00
1.003410986653956005e+00
9.935801954242134970e-01
9.846431124880837826e-01
9.888882268827454691e-01
9.976018827454717908e-01
1.016593183984747295e+00
1.014805767397521485e+00
9.660986653956148418e-01
1.021732006673021775e+00
1.003410986653956005e+00
1.017040038131553858e+00
9.774934461391800999e-01
1.011454361296472815e+00
1.000283007626310727e+00
1.008996663489037049e+00
1.024189704480457541e+00
9.935801954242134970e-01
1.007209246901811239e+00
1.008326382268827315e+00
1.007209246901811239e+00
1.006538965681601505e+00
1.014582340324118093e+00
1.023072569113441244e+00
1.019497735938989402e+00
9.902287893231648264e-01
1.022849142040038073e+00
9.951441849380361360e-01
1.028211391801715946e+00
9.801745710200190365e-01
1.045862130600571982e+00
1.019721163012392795e+00
1.006538965681601505e+00
1.011677788369875985e+00
1.005645257387988600e+00
9.911224976167778422e-01
9.844196854146806119e-01
1.007432673975214410e+00
9.996127264061009932e-01
1.034467349857006724e+00
1.046979265967588058e+00
1.023072569113441244e+00
9.739186129647282586e-01
1.008996663489037049e+00
9.924630600571973105e-01
9.960378932316491518e-01
1.018157173498569934e+00
9.828556959008578620e-01
9.958144661582458701e-01
9.978253098188750725e-01
9.946973307912296836e-01
1.000059580552907557e+00
9.833025500476644254e-01
9.853133937082935168e-01
9.915693517635842946e-01
1.010113798856053346e+00
1.025306839847473839e+00
1.025083412774070446e+00
9.864305290753098143e-01
1.022178860819828339e+00
9.920162059103907470e-01
9.855368207816967985e-01
1.002070424213536537e+00
1.029551954242135414e+00
1.025083412774070446e+00
1.010784080076263081e+00
1.008326382268827315e+00
9.958144661582458701e-01
9.900053622497616557e-01
1.034914204003813065e+00
1.002964132507149664e+00
1.010784080076263081e+00
1.004528122020972303e+00
9.850899666348903461e-01
9.859836749285032509e-01
1.016593183984747295e+00
9.774934461391800999e-01
1.007209246901811239e+00
9.906756434699713898e-01
1.001623570066730196e+00
9.906756434699713898e-01

# time bin value
-1.000000000000000000e+02
-9.900000000000000000e+01
-9.800000000000000000e+01
-9.700000000000000000e+01
-9.600000000000000000e+01
-9.500000000000000000e+01
-9.400000000000000000e+01
-9.300000000000000000e+01
-9.200000000000000000e+01
-9.100000000000000000e+01
-9.000000000000000000e+01
-8.900000000000000000e+01
-8.800000000000000000e+01
-8.700000000000000000e+01
-8.600000000000000000e+01
-8.500000000000000000e+01
-8.400000000000000000e+01
-8.300000000000000000e+01
-8.200000000000000000e+01
-8.100000000000000000e+01
-8.000000000000000000e+01
-7.900000000000000000e+01
-7.800000000000000000e+01
-7.700000000000000000e+01
-7.600000000000000000e+01
-7.500000000000000000e+01
-7.400000000000000000e+01
-7.300000000000000000e+01
-7.200000000000000000e+01
-7.100000000000000000e+01
-7.000000000000000000e+01
-6.900000000000000000e+01
-6.800000000000000000e+01
-6.700000000000000000e+01
-6.600000000000000000e+01
-6.500000000000000000e+01
-6.400000000000000000e+01
-6.300000000000000000e+01
-6.200000000000000000e+01
-6.100000000000000000e+01
-6.000000000000000000e+01
-5.900000000000000000e+01
-5.800000000000000000e+01
-5.700000000000000000e+01
-5.600000000000000000e+01
-5.500000000000000000e+01
-5.400000000000000000e+01
-5.300000000000000000e+01
-5.200000000000000000e+01
-5.100000000000000000e+01
-5.000000000000000000e+01
-4.900000000000000000e+01
-4.800000000000000000e+01
-4.700000000000000000e+01
-4.600000000000000000e+01
-4.500000000000000000e+01
-4.400000000000000000e+01
-4.300000000000000000e+01
-4.200000000000000000e+01
-4.100000000000000000e+01
-4.000000000000000000e+01
-3.900000000000000000e+01
-3.800000000000000000e+01
-3.700000000000000000e+01
-3.600000000000000000e+01
-3.500000000000000000e+01
-3.400000000000000000e+01
-3.300000000000000000e+01
-3.200000000000000000e+01
-3.100000000000000000e+01
-3.000000000000000000e+01
-2.900000000000000000e+01
-2.800000000000000000e+01
-2.700000000000000000e+01
-2.600000000000000000e+01
-2.500000000000000000e+01
-2.400000000000000000e+01
-2.300000000000000000e+01
-2.200000000000000000e+01
-2.100000000000000000e+01
-2.000000000000000000e+01
-1.900000000000000000e+01
-1.800000000000000000e+01
-1.700000000000000000e+01
-1.600000000000000000e+01
-1.500000000000000000e+01
-1.400000000000000000e+01
-1.300000000000000000e+01
-1.200000000000000000e+01
-1.100000000000000000e+01
-1.000000000000000000e+01
-9.000000000000000000e+00
-8.000000000000000000e+00
-7.000000000000000000e+00
-6.000000000000000000e+00
-5.000000000000000000e+00
-4.000000000000000000e+00
-3.000000000000000000e+00
-2.000000000000000000e+00
-1.000000000000000000e+00
0.000000000000000000e+00
1.000000000000000000e+00
2.000000000000000000e+00
3.000000000000000000e+00
4.000000000000000000e+00
5.000000000000000000e+00
6.000000000000000000e+00
7.000000000000000000e+00
8.000000000000000000e+00
9.000000000000000000e+00
1.000000000000000000e+01
1.100000000000000000e+01
1.200000000000000000e+01
1.300000000000000000e+01
1.400000000000000000e+01
1.500000000000000000e+01
1.600000000000000000e+01
1.700000000000000000e+01
1.800000000000000000e+01
1.900000000000000000e+01
2.000000000000000000e+01
2.100000000000000000e+01
2.200000000000000000e+01
2.300000000000000000e+01
2.400000000000000000e+01
2.500000000000000000e+01
2.600000000000000000e+01
2.700000000000000000e+01
2.800000000000000000e+01
2.900000000000000000e+01
3.000000000000000000e+01
3.100000000000000000e+01
3.200000000000000000e+01
3.300000000000000000e+01
3.400000000000000000e+01
3.500000000000000000e+01
3.600000000000000000e+01
3.700000000000000000e+01
3.800000000000000000e+01
3.900000000000000000e+01
4.000000000000000000e+01
4.100000000000000000e+01
4.200000000000000000e+01
4.300000000000000000e+01
4.400000000000000000e+01
4.500000000000000000e+01
4.600000000000000000e+01
4.700000000000000000e+01
4.800000000000000000e+01
4.900000000000000000e+01
5.000000000000000000e+01
5.100000000000000000e+01
5.200000000000000000e+01
5.300000000000000000e+01
5.400000000000000000e+01
5.500000000000000000e+01
5.600000000000000000e+01
5.700000000000000000e+01
5.800000000000000000e+01
5.900000000000000000e+01
6.000000000000000000e+01
6.100000000000000000e+01
6.200000000000000000e+01
6.300000000000000000e+01
6.400000000000000000e+01
6.500000000000000000e+01
6.600000000000000000e+01
6.700000000000000000e+01
6.800000000000000000e+01
6.900000000000000000e+01
7.000000000000000000e+01
7.100000000000000000e+01
7.200000000000000000e+01
7.300000000000000000e+01
7.400000000000000000e+01
7.500000000000000000e+01
7.600000000000000000e+01
7.700000000000000000e+01
7.800000000000000000e+01
7.900000000000000000e+01
8.000000000000000000e+01
8.100000000000000000e+01
8.200000000000000000e+01
8.300000000000000000e+01
8.400000000000000000e+01
8.500000000000000000e+01
8.600000000000000000e+01
8.700000000000000000e+01
8.800000000000000000e+01
8.900000000000000000e+01
9.000000000000000000e+01
9.100000000000000000e+01
9.200000000000000000e+01
9.300000000000000000e+01
9.400000000000000000e+01
9.500000000000000000e+01
9.600000000000000000e+01
9.700000000000000000e+01
9.800000000000000000e+01
9.900000000000000000e+01
