single photon fraction:    0.6000
laser fraction:    0.2000
thermal source fraction:    0.1000
non-detected fraction:    0.1000
number of bins:  200.0000
bin width (ns):    1.0000
average detection events per bin: 5000.0000

# binary result
1.000000000000000000e+00

# g2 signal
1.009329189672194982e+00
9.709380749832039470e-01
1.000624227620621420e+00
1.017587743413431500e+00
1.006873943965340912e+00
9.997314109999472231e-01
1.004195494103318209e+00
9.896872240173624213e-01
9.957137362069132802e-01
1.012007639534217684e+00
9.856695492243284784e-01
9.858927533794970000e-01
1.003525881637812756e+00
1.001070635930958685e+00
9.847767326036542812e-01
9.979457777585988287e-01
1.003525881637812756e+00
9.937048988103963643e-01
1.015132497706577430e+00
1.015355701861745841e+00
1.002186656706801404e+00
9.733933206900580171e-01
1.024507072223656667e+00
9.796430370347775085e-01
1.016248518482420149e+00
1.004865106568823885e+00
1.022275030671971008e+00
9.959369403620819128e-01
1.001517044241295729e+00
1.006873943965340912e+00
1.023167847292645316e+00
9.974993694482617856e-01
1.020489397430622613e+00
9.945977154310705615e-01
1.003302677482644123e+00
9.760717705520807197e-01
1.034551259206241580e+00
1.021159009896128289e+00
1.021382214051296922e+00
1.004418698258486842e+00
1.001293840086127096e+00
9.925888780345535345e-01
1.012230843689386317e+00
1.009998802137700658e+00
9.807590578106203383e-01
9.961601445172504343e-01
1.003525881637812756e+00
9.908032447932051401e-01
9.899104281725309429e-01
9.852231409139913243e-01
1.017364539258262868e+00
9.881247949311825485e-01
9.905800406380366185e-01
9.921424697242164914e-01
9.943745112759020399e-01
1.022944643137476683e+00
9.727237082245524524e-01
1.013793272775566079e+00
1.018257355878937176e+00
9.961601445172504343e-01
1.012900456154891771e+00
1.033435238430398639e+00
1.002633065017138447e+00
1.017587743413431500e+00
9.825446910519687327e-01
1.016248518482420149e+00
9.970529611379246315e-01
9.798662411899460301e-01
9.892408157070252672e-01
9.716076874487096227e-01
1.013570068620397446e+00
1.010891618758374966e+00
9.827678952071372542e-01
1.009775597982532025e+00
1.012454047844554728e+00
9.908032447932051401e-01
9.961601445172504343e-01
9.742861373107322143e-01
9.870087741553397187e-01
9.977225736034303072e-01
1.028747951171859132e+00
9.999546151551158557e-01
9.943745112759020399e-01
1.005981127344666826e+00
9.903568364828680970e-01
1.017810947568600133e+00
9.856695492243284784e-01
9.981689819137673503e-01
9.845535284484856486e-01
9.903568364828680970e-01
9.910264489483736616e-01
9.870087741553397187e-01
9.832143035174744083e-01
9.666971960350014825e-01
1.024507072223656667e+00
1.011338027068712009e+00
1.003972289948149799e+00
1.004641902413655474e+00
9.919192655690479699e-01
1.031872809344218878e+00
4.627022136644096117e-01
1.025399888844330754e+00
1.022944643137476683e+00
1.003749085792981166e+00
1.001963452551632772e+00
9.950441237414077156e-01
1.039461750619949720e+00
1.001293840086127096e+00
9.983921860689359828e-01
9.858927533794970000e-01
1.004418698258486842e+00
9.995082068447787016e-01
1.026962317930510737e+00
9.872319783105083513e-01
9.952673278965762371e-01
9.954905320517447587e-01
9.856695492243284784e-01
1.003525881637812756e+00
9.972761652930931531e-01
1.006873943965340912e+00
1.016025314327251516e+00
1.013123660310060403e+00
1.013570068620397446e+00
1.005757923189498193e+00
9.988385943792730259e-01
1.000624227620621420e+00
1.013123660310060403e+00
1.021382214051296922e+00
9.720540957590467768e-01
9.939281029655648858e-01
9.816518744312945355e-01
9.934816946552278427e-01
1.029417563637364808e+00
9.972761652930931531e-01
1.019150172499611262e+00
9.910264489483736616e-01
9.816518744312945355e-01
1.016248518482420149e+00
1.041916996326803790e+00
1.024060663913319402e+00
1.005088310723992517e+00
1.010891618758374966e+00
1.021382214051296922e+00
1.010668414603206333e+00
1.000624227620621420e+00
1.005088310723992517e+00
9.970529611379246315e-01
9.894640198621938998e-01
1.013346864465229036e+00
9.923656738793850129e-01
1.007097148120509544e+00
9.662507877246643284e-01
9.910264489483736616e-01
1.007766760586015220e+00
9.876783866208453944e-01
9.945977154310705615e-01
1.007320352275677955e+00
9.937048988103963643e-01
9.901336323276994644e-01
1.005311514879161150e+00
9.820982827416315786e-01
1.009105985517026571e+00
1.007320352275677955e+00
1.014462885241071755e+00
9.963833486724189559e-01
1.023167847292645316e+00
9.890176115518567457e-01
9.999546151551158557e-01
9.928120821897221671e-01
1.003079473327475490e+00
1.006204331499835236e+00
1.017587743413431500e+00
1.008213168896352263e+00
1.000624227620621420e+00
1.002856269172307080e+00
1.026739113775342105e+00
1.004195494103318209e+00
1.004418698258486842e+00
1.004865106568823885e+00
9.841071201381486055e-01
1.005311514879161150e+00
1.028524747016690499e+00
9.925888780345535345e-01
1.008659577206689306e+00
1.003079473327475490e+00
9.988385943792730259e-01
1.005311514879161150e+00
9.941513071207334074e-01
9.992850026896101800e-01
9.825446910519687327e-01
1.020042989120285570e+00
9.883479990863510700e-01
1.005981127344666826e+00
9.765181788624177628e-01
1.002409860861969815e+00
9.809822619657888598e-01
1.026069501309836429e+00
9.925888780345535345e-01
1.014462885241071755e+00
1.020042989120285570e+00

# time bin value
-1.000000000000000000e+02
-9.900000000000000000e+01
-9.800000000000000000e+01
-9.700000000000000000e+01
-9.600000000000000000e+01
-9.500000000000000000e+01
-9.400000000000000000e+01
-9.300000000000000000e+01
-9.200000000000000000e+01
-9.100000000000000000e+01
-9.000000000000000000e+01
-8.900000000000000000e+01
-8.800000000000000000e+01
-8.700000000000000000e+01
-8.600000000000000000e+01
-8.500000000000000000e+01
-8.400000000000000000e+01
-8.300000000000000000e+01
-8.200000000000000000e+01
-8.100000000000000000e+01
-8.000000000000000000e+01
-7.900000000000000000e+01
-7.800000000000000000e+01
-7.700000000000000000e+01
-7.600000000000000000e+01
-7.500000000000000000e+01
-7.400000000000000000e+01
-7.300000000000000000e+01
-7.200000000000000000e+01
-7.100000000000000000e+01
-7.000000000000000000e+01
-6.900000000000000000e+01
-6.800000000000000000e+01
-6.700000000000000000e+01
-6.600000000000000000e+01
-6.500000000000000000e+01
-6.400000000000000000e+01
-6.300000000000000000e+01
-6.200000000000000000e+01
-6.100000000000000000e+01
-6.000000000000000000e+01
-5.900000000000000000e+01
-5.800000000000000000e+01
-5.700000000000000000e+01
-5.600000000000000000e+01
-5.500000000000000000e+01
-5.400000000000000000e+01
-5.300000000000000000e+01
-5.200000000000000000e+01
-5.100000000000000000e+01
-5.000000000000000000e+01
-4.900000000000000000e+01
-4.800000000000000000e+01
-4.700000000000000000e+01
-4.600000000000000000e+01
-4.500000000000000000e+01
-4.400000000000000000e+01
-4.300000000000000000e+01
-4.200000000000000000e+01
-4.100000000000000000e+01
-4.000000000000000000e+01
-3.900000000000000000e+01
-3.800000000000000000e+01
-3.700000000000000000e+01
-3.600000000000000000e+01
-3.500000000000000000e+01
-3.400000000000000000e+01
-3.300000000000000000e+01
-3.200000000000000000e+01
-3.100000000000000000e+01
-3.000000000000000000e+01
-2.900000000000000000e+01
-2.800000000000000000e+01
-2.700000000000000000e+01
-2.600000000000000000e+01
-2.500000000000000000e+01
-2.400000000000000000e+01
-2.300000000000000000e+01
-2.200000000000000000e+01
-2.100000000000000000e+01
-2.000000000000000000e+01
-1.900000000000000000e+01
-1.800000000000000000e+01
-1.700000000000000000e+01
-1.600000000000000000e+01
-1.500000000000000000e+01
-1.400000000000000000e+01
-1.300000000000000000e+01
-1.200000000000000000e+01
-1.100000000000000000e+01
-1.000000000000000000e+01
-9.000000000000000000e+00
-8.000000000000000000e+00
-7.000000000000000000e+00
-6.000000000000000000e+00
-5.000000000000000000e+00
-4.000000000000000000e+00
-3.000000000000000000e+00
-2.000000000000000000e+00
-1.000000000000000000e+00
0.000000000000000000e+00
1.000000000000000000e+00
2.000000000000000000e+00
3.000000000000000000e+00
4.000000000000000000e+00
5.000000000000000000e+00
6.000000000000000000e+00
7.000000000000000000e+00
8.000000000000000000e+00
9.000000000000000000e+00
1.000000000000000000e+01
1.100000000000000000e+01
1.200000000000000000e+01
1.300000000000000000e+01
1.400000000000000000e+01
1.500000000000000000e+01
1.600000000000000000e+01
1.700000000000000000e+01
1.800000000000000000e+01
1.900000000000000000e+01
2.000000000000000000e+01
2.100000000000000000e+01
2.200000000000000000e+01
2.300000000000000000e+01
2.400000000000000000e+01
2.500000000000000000e+01
2.600000000000000000e+01
2.700000000000000000e+01
2.800000000000000000e+01
2.900000000000000000e+01
3.000000000000000000e+01
3.100000000000000000e+01
3.200000000000000000e+01
3.300000000000000000e+01
3.400000000000000000e+01
3.500000000000000000e+01
3.600000000000000000e+01
3.700000000000000000e+01
3.800000000000000000e+01
3.900000000000000000e+01
4.000000000000000000e+01
4.100000000000000000e+01
4.200000000000000000e+01
4.300000000000000000e+01
4.400000000000000000e+01
4.500000000000000000e+01
4.600000000000000000e+01
4.700000000000000000e+01
4.800000000000000000e+01
4.900000000000000000e+01
5.000000000000000000e+01
5.100000000000000000e+01
5.200000000000000000e+01
5.300000000000000000e+01
5.400000000000000000e+01
5.500000000000000000e+01
5.600000000000000000e+01
5.700000000000000000e+01
5.800000000000000000e+01
5.900000000000000000e+01
6.000000000000000000e+01
6.100000000000000000e+01
6.200000000000000000e+01
6.300000000000000000e+01
6.400000000000000000e+01
6.500000000000000000e+01
6.600000000000000000e+01
6.700000000000000000e+01
6.800000000000000000e+01
6.900000000000000000e+01
7.000000000000000000e+01
7.100000000000000000e+01
7.200000000000000000e+01
7.300000000000000000e+01
7.400000000000000000e+01
7.500000000000000000e+01
7.600000000000000000e+01
7.700000000000000000e+01
7.800000000000000000e+01
7.900000000000000000e+01
8.000000000000000000e+01
8.100000000000000000e+01
8.200000000000000000e+01
8.300000000000000000e+01
8.400000000000000000e+01
8.500000000000000000e+01
8.600000000000000000e+01
8.700000000000000000e+01
8.800000000000000000e+01
8.900000000000000000e+01
9.000000000000000000e+01
9.100000000000000000e+01
9.200000000000000000e+01
9.300000000000000000e+01
9.400000000000000000e+01
9.500000000000000000e+01
9.600000000000000000e+01
9.700000000000000000e+01
9.800000000000000000e+01
9.900000000000000000e+01
