single photon fraction:    0.6000
laser fraction:    0.2000
thermal source fraction:    0.1000
non-detected fraction:    0.1000
number of bins:  200.0000
bin width (ns):    1.0000
average detection events per bin: 5000.0000

# binary result
1.000000000000000000e+00

# g2 signal
9.824582276786710811e-01
9.956201339986169296e-01
9.864737245220444040e-01
9.846890592583228408e-01
9.869198908379747115e-01
1.030421106641185691e+00
1.012128287688040640e+00
1.004989626633154609e+00
1.019043865584961184e+00
9.907123045233828806e-01
9.978509655782688004e-01
1.003651127685363464e+00
1.000527963473850868e+00
9.985202150521642617e-01
9.891507224176265822e-01
1.016813034005309424e+00
9.750964834658200076e-01
1.005435792949084917e+00
9.829043939946013886e-01
1.002089545579607277e+00
9.808966455729147826e-01
1.003874210843328729e+00
1.005881959265015446e+00
9.916046371552436067e-01
1.007889707686701941e+00
1.012128287688040640e+00
1.023951695060195233e+00
1.002312628737572542e+00
1.000081797157920560e+00
9.887045561016961637e-01
1.021051614006647901e+00
1.012128287688040640e+00
9.996356308419902525e-01
1.009451289792458351e+00
1.014136036109727135e+00
1.008558957160597513e+00
1.003651127685363464e+00
9.971817161043732280e-01
1.027744108745603402e+00
1.002089545579607277e+00
9.779965645193673396e-01
9.871429739959398653e-01
1.004989626633154609e+00
1.000974129789781397e+00
1.000751046631816132e+00
1.017036117163274689e+00
1.006997375054841326e+00
9.898199718915221546e-01
9.862506413640791392e-01
1.015028368741587972e+00
1.008558957160597513e+00
1.008782040318562778e+00
1.033990437168628596e+00
1.010120539266353923e+00
1.011012871898214538e+00
9.991894645260598340e-01
1.017259200321239732e+00
9.916046371552436067e-01
9.846890592583228408e-01
1.020382364532752328e+00
9.933893024189650589e-01
9.987432982101295265e-01
1.015028368741587972e+00
1.015474535057518279e+00
1.033990437168628596e+00
1.004097294001293994e+00
1.004097294001293994e+00
9.793350634671584842e-01
9.853583087322184131e-01
9.958432171565820834e-01
1.007666624528736898e+00
1.029974940325255162e+00
1.029751857167290119e+00
1.010789788740249495e+00
1.008782040318562778e+00
9.808966455729147826e-01
9.851352255742532593e-01
1.017036117163274689e+00
9.846890592583228408e-01
9.639423255675607649e-01
9.900430550494873083e-01
9.971817161043732280e-01
1.003428044527398422e+00
9.967355497884428095e-01
9.924969697871043328e-01
9.987432982101295265e-01
1.003874210843328729e+00
9.891507224176265822e-01
1.005881959265015446e+00
1.017705366637170039e+00
9.864737245220444040e-01
1.020382364532752328e+00
1.007889707686701941e+00
1.019713115058856756e+00
1.004766543475189566e+00
1.001420296105711705e+00
9.978509655782688004e-01
9.833505603105318071e-01
1.006551208738911019e+00
1.008112790844667206e+00
4.495125632998460685e-01
1.021720863480543473e+00
1.004320377159259037e+00
1.005212709791119874e+00
1.010343622424318966e+00
9.994125476840249878e-01
9.918277203132087605e-01
1.005881959265015446e+00
9.980740487362339541e-01
1.017705366637170039e+00
1.000527963473850868e+00
9.724194855702377183e-01
1.010343622424318966e+00
1.017705366637170039e+00
9.884814729437310099e-01
9.858044750481488316e-01
9.717502360963422570e-01
1.001420296105711705e+00
1.017928449795135304e+00
1.039567516117758217e+00
1.000974129789781397e+00
1.004989626633154609e+00
9.971817161043732280e-01
9.786658139932629119e-01
9.962893834725125020e-01
1.008112790844667206e+00
1.002535711895537585e+00
9.902661382074524621e-01
9.898199718915221546e-01
9.826813108366362348e-01
1.001197212947746440e+00
9.947278013667562035e-01
1.004989626633154609e+00
1.001866462421642012e+00
1.012797537161935990e+00
9.862506413640791392e-01
1.038452100327932337e+00
9.998587139999554063e-01
9.811197287308799364e-01
1.007220458212806591e+00
9.971817161043732280e-01
1.010120539266353923e+00
1.009451289792458351e+00
9.715271529383769922e-01
1.012128287688040640e+00
1.002758795053502849e+00
1.001197212947746440e+00
1.031536522431011571e+00
9.884814729437310099e-01
1.007666624528736898e+00
1.001866462421642012e+00
1.005212709791119874e+00
1.010120539266353923e+00
1.010789788740249495e+00
1.005212709791119874e+00
9.962893834725125020e-01
9.871429739959398653e-01
1.034213520326593860e+00
9.936123855769302127e-01
1.002981878211467892e+00
9.929431361030347514e-01
1.010120539266353923e+00
1.006997375054841326e+00
1.002535711895537585e+00
1.001420296105711705e+00
9.978509655782688004e-01
9.969586329464079633e-01
9.793350634671584842e-01
1.023282445586299660e+00
1.027074859271707830e+00
1.019266948742926449e+00
1.015474535057518279e+00
1.010789788740249495e+00
9.746503171498895890e-01
9.913815539972784530e-01
1.004320377159259037e+00
1.010120539266353923e+00
1.024174778218160498e+00
1.001866462421642012e+00
9.657269908312822171e-01
1.002981878211467892e+00
9.802273960990192103e-01
1.007443541370771634e+00
9.708579034644814199e-01
9.962893834725125020e-01
9.887045561016961637e-01
1.007220458212806591e+00
9.675116560950036693e-01
1.005881959265015446e+00
9.871429739959398653e-01
9.994125476840249878e-01
9.904892213654177269e-01
1.014359119267692400e+00
1.011235955056179803e+00
1.027967191903568667e+00
9.791119803091933305e-01
1.035775102432350048e+00
1.012574454003970947e+00
1.001420296105711705e+00
1.029974940325255162e+00

# time bin value
-1.000000000000000000e+02
-9.900000000000000000e+01
-9.800000000000000000e+01
-9.700000000000000000e+01
-9.600000000000000000e+01
-9.500000000000000000e+01
-9.400000000000000000e+01
-9.300000000000000000e+01
-9.200000000000000000e+01
-9.100000000000000000e+01
-9.000000000000000000e+01
-8.900000000000000000e+01
-8.800000000000000000e+01
-8.700000000000000000e+01
-8.600000000000000000e+01
-8.500000000000000000e+01
-8.400000000000000000e+01
-8.300000000000000000e+01
-8.200000000000000000e+01
-8.100000000000000000e+01
-8.000000000000000000e+01
-7.900000000000000000e+01
-7.800000000000000000e+01
-7.700000000000000000e+01
-7.600000000000000000e+01
-7.500000000000000000e+01
-7.400000000000000000e+01
-7.300000000000000000e+01
-7.200000000000000000e+01
-7.100000000000000000e+01
-7.000000000000000000e+01
-6.900000000000000000e+01
-6.800000000000000000e+01
-6.700000000000000000e+01
-6.600000000000000000e+01
-6.500000000000000000e+01
-6.400000000000000000e+01
-6.300000000000000000e+01
-6.200000000000000000e+01
-6.100000000000000000e+01
-6.000000000000000000e+01
-5.900000000000000000e+01
-5.800000000000000000e+01
-5.700000000000000000e+01
-5.600000000000000000e+01
-5.500000000000000000e+01
-5.400000000000000000e+01
-5.300000000000000000e+01
-5.200000000000000000e+01
-5.100000000000000000e+01
-5.000000000000000000e+01
-4.900000000000000000e+01
-4.800000000000000000e+01
-4.700000000000000000e+01
-4.600000000000000000e+01
-4.500000000000000000e+01
-4.400000000000000000e+01
-4.300000000000000000e+01
-4.200000000000000000e+01
-4.100000000000000000e+01
-4.000000000000000000e+01
-3.900000000000000000e+01
-3.800000000000000000e+01
-3.700000000000000000e+01
-3.600000000000000000e+01
-3.500000000000000000e+01
-3.400000000000000000e+01
-3.300000000000000000e+01
-3.200000000000000000e+01
-3.100000000000000000e+01
-3.000000000000000000e+01
-2.900000000000000000e+01
-2.800000000000000000e+01
-2.700000000000000000e+01
-2.600000000000000000e+01
-2.500000000000000000e+01
-2.400000000000000000e+01
-2.300000000000000000e+01
-2.200000000000000000e+01
-2.100000000000000000e+01
-2.000000000000000000e+01
-1.900000000000000000e+01
-1.800000000000000000e+01
-1.700000000000000000e+01
-1.600000000000000000e+01
-1.500000000000000000e+01
-1.400000000000000000e+01
-1.300000000000000000e+01
-1.200000000000000000e+01
-1.100000000000000000e+01
-1.000000000000000000e+01
-9.000000000000000000e+00
-8.000000000000000000e+00
-7.000000000000000000e+00
-6.000000000000000000e+00
-5.000000000000000000e+00
-4.000000000000000000e+00
-3.000000000000000000e+00
-2.000000000000000000e+00
-1.000000000000000000e+00
0.000000000000000000e+00
1.000000000000000000e+00
2.000000000000000000e+00
3.000000000000000000e+00
4.000000000000000000e+00
5.000000000000000000e+00
6.000000000000000000e+00
7.000000000000000000e+00
8.000000000000000000e+00
9.000000000000000000e+00
1.000000000000000000e+01
1.100000000000000000e+01
1.200000000000000000e+01
1.300000000000000000e+01
1.400000000000000000e+01
1.500000000000000000e+01
1.600000000000000000e+01
1.700000000000000000e+01
1.800000000000000000e+01
1.900000000000000000e+01
2.000000000000000000e+01
2.100000000000000000e+01
2.200000000000000000e+01
2.300000000000000000e+01
2.400000000000000000e+01
2.500000000000000000e+01
2.600000000000000000e+01
2.700000000000000000e+01
2.800000000000000000e+01
2.900000000000000000e+01
3.000000000000000000e+01
3.100000000000000000e+01
3.200000000000000000e+01
3.300000000000000000e+01
3.400000000000000000e+01
3.500000000000000000e+01
3.600000000000000000e+01
3.700000000000000000e+01
3.800000000000000000e+01
3.900000000000000000e+01
4.000000000000000000e+01
4.100000000000000000e+01
4.200000000000000000e+01
4.300000000000000000e+01
4.400000000000000000e+01
4.500000000000000000e+01
4.600000000000000000e+01
4.700000000000000000e+01
4.800000000000000000e+01
4.900000000000000000e+01
5.000000000000000000e+01
5.100000000000000000e+01
5.200000000000000000e+01
5.300000000000000000e+01
5.400000000000000000e+01
5.500000000000000000e+01
5.600000000000000000e+01
5.700000000000000000e+01
5.800000000000000000e+01
5.900000000000000000e+01
6.000000000000000000e+01
6.100000000000000000e+01
6.200000000000000000e+01
6.300000000000000000e+01
6.400000000000000000e+01
6.500000000000000000e+01
6.600000000000000000e+01
6.700000000000000000e+01
6.800000000000000000e+01
6.900000000000000000e+01
7.000000000000000000e+01
7.100000000000000000e+01
7.200000000000000000e+01
7.300000000000000000e+01
7.400000000000000000e+01
7.500000000000000000e+01
7.600000000000000000e+01
7.700000000000000000e+01
7.800000000000000000e+01
7.900000000000000000e+01
8.000000000000000000e+01
8.100000000000000000e+01
8.200000000000000000e+01
8.300000000000000000e+01
8.400000000000000000e+01
8.500000000000000000e+01
8.600000000000000000e+01
8.700000000000000000e+01
8.800000000000000000e+01
8.900000000000000000e+01
9.000000000000000000e+01
9.100000000000000000e+01
9.200000000000000000e+01
9.300000000000000000e+01
9.400000000000000000e+01
9.500000000000000000e+01
9.600000000000000000e+01
9.700000000000000000e+01
9.800000000000000000e+01
9.900000000000000000e+01
