single photon fraction:    0.6000
laser fraction:    0.2000
thermal source fraction:    0.1000
non-detected fraction:    0.1000
number of bins:  200.0000
bin width (ns):    1.0000
average detection events per bin: 5000.0000

# binary result
1.000000000000000000e+00

# g2 signal
9.907504678296052969e-01
9.782601422558867554e-01
9.990030043693837181e-01
1.014169828280327756e+00
1.007255540909161917e+00
1.008147707021570527e+00
1.001456461178507062e+00
9.981108382569752191e-01
1.001456461178507062e+00
1.031120984416088682e+00
9.842822635146439847e-01
1.011047246886898066e+00
9.773679761434782565e-01
1.032013150528497070e+00
9.882970110204820635e-01
1.001233419650404910e+00
9.824979312898269868e-01
9.929808831106264888e-01
9.898583017171969090e-01
1.007255540909161917e+00
1.016846326617553142e+00
1.009039873133978915e+00
1.000564295066098452e+00
9.900813432452989504e-01
1.009262914662081068e+00
9.929808831106264888e-01
1.021307157179595526e+00
9.956573814478518747e-01
1.019745866482880681e+00
1.000564295066098452e+00
9.947652153354434867e-01
1.006809457852957834e+00
9.961034645040561797e-01
1.013500703696021299e+00
1.012385496055510758e+00
1.015061994392736144e+00
1.010378122302591608e+00
1.008370748549672680e+00
9.802675160088057948e-01
1.004802084100038684e+00
9.974417136726688726e-01
9.769218930872740625e-01
1.000564295066098452e+00
9.987799628412815656e-01
1.025767987741637688e+00
1.006140333268651377e+00
9.954343399197498332e-01
1.034912690393824608e+00
1.000787336594200605e+00
9.874048449080735645e-01
1.008593790077774832e+00
9.947652153354434867e-01
1.009932039246387525e+00
1.021307157179595526e+00
9.874048449080735645e-01
9.849513880989503312e-01
9.593016123672067907e-01
1.014615911336531839e+00
1.009262914662081068e+00
9.889661356047884100e-01
9.880739694923799110e-01
9.981108382569752191e-01
1.033351399697109763e+00
9.885200525485842160e-01
1.039150479427764839e+00
9.992260458974857595e-01
1.015061994392736144e+00
1.017292409673757225e+00
9.642085259854533685e-01
1.007478582437264070e+00
1.000564295066098452e+00
9.882970110204820635e-01
1.029559693719373836e+00
1.032236192056599222e+00
1.035581814978130843e+00
1.008816831605876763e+00
1.013500703696021299e+00
1.029113610663169531e+00
1.023983655516820912e+00
1.020861074123391221e+00
9.869587618518693706e-01
1.000118212009894370e+00
9.974417136726688726e-01
9.871818033799714120e-01
1.010155080774489456e+00
1.016400243561348837e+00
1.011493329943102149e+00
1.003463834931425991e+00
9.871818033799714120e-01
1.008593790077774832e+00
1.004132959515732448e+00
9.787062253120909494e-01
9.833900974022354857e-01
9.976647552007710251e-01
9.849513880989503312e-01
9.994490874255879120e-01
9.927578415825244473e-01
1.004132959515732448e+00
9.987799628412815656e-01
1.017069368145655295e+00
4.579042571936469685e-01
9.894122186609926040e-01
1.001233419650404910e+00
9.992260458974857595e-01
1.014615911336531839e+00
9.945421738073413342e-01
1.001456461178507062e+00
1.001010378122302757e+00
1.000118212009894370e+00
1.036027898034335148e+00
9.978877967288730666e-01
9.958804229759540272e-01
1.001010378122302757e+00
9.907504678296052969e-01
9.974417136726688726e-01
1.017738492729961530e+00
1.006363374796753529e+00
9.905274263015032554e-01
1.000564295066098452e+00
1.017738492729961530e+00
9.925348000544222948e-01
1.000118212009894370e+00
9.871818033799714120e-01
1.026883195382148450e+00
1.013500703696021299e+00
9.963265060321582212e-01
1.005694250212447294e+00
9.842822635146439847e-01
9.929808831106264888e-01
9.882970110204820635e-01
9.724610625252316787e-01
9.996721289536900645e-01
1.006586416324855682e+00
9.965495475602603737e-01
1.000787336594200605e+00
9.811596821212142938e-01
9.836131389303376382e-01
9.811596821212142938e-01
9.894122186609926040e-01
9.927578415825244473e-01
9.804905575369079473e-01
1.006809457852957834e+00
1.012831579111715063e+00
1.019522824954778528e+00
1.005471208684345141e+00
9.956573814478518747e-01
1.011493329943102149e+00
1.014392869808429687e+00
1.014838952864633992e+00
1.003017751875221686e+00
1.006363374796753529e+00
1.001010378122302757e+00
9.954343399197498332e-01
9.882970110204820635e-01
9.958804229759540272e-01
1.008593790077774832e+00
1.035358773450028913e+00
1.013054620639816994e+00
1.030897942887986529e+00
1.009039873133978915e+00
1.012162454527408606e+00
9.896352601890947565e-01
1.005694250212447294e+00
1.002348627290915450e+00
9.874048449080735645e-01
9.911965508858096019e-01
1.000118212009894370e+00
1.005248167156242989e+00
9.742453947500486766e-01
1.014169828280327756e+00
1.012385496055510758e+00
1.002794710347119755e+00
1.008147707021570527e+00
9.775910176715804090e-01
9.697845641880062928e-01
1.011493329943102149e+00
1.016177202033246685e+00
9.842822635146439847e-01
1.006140333268651377e+00
1.004132959515732448e+00
1.013054620639816994e+00
9.733532286376401776e-01
9.740223532219465241e-01
9.952112983916476807e-01
9.985569213131794131e-01
1.003463834931425991e+00
9.898583017171969090e-01
9.947652153354434867e-01
1.010824205358795913e+00
9.925348000544222948e-01
9.824979312898269868e-01
1.001902544234711145e+00
9.940960907511371403e-01
1.003463834931425991e+00
1.005694250212447294e+00
1.017961534258063683e+00
1.004579042571936531e+00
9.934269661668307938e-01
9.925348000544222948e-01
9.914195924139116434e-01

# time bin value
-1.000000000000000000e+02
-9.900000000000000000e+01
-9.800000000000000000e+01
-9.700000000000000000e+01
-9.600000000000000000e+01
-9.500000000000000000e+01
-9.400000000000000000e+01
-9.300000000000000000e+01
-9.200000000000000000e+01
-9.100000000000000000e+01
-9.000000000000000000e+01
-8.900000000000000000e+01
-8.800000000000000000e+01
-8.700000000000000000e+01
-8.600000000000000000e+01
-8.500000000000000000e+01
-8.400000000000000000e+01
-8.300000000000000000e+01
-8.200000000000000000e+01
-8.100000000000000000e+01
-8.000000000000000000e+01
-7.900000000000000000e+01
-7.800000000000000000e+01
-7.700000000000000000e+01
-7.600000000000000000e+01
-7.500000000000000000e+01
-7.400000000000000000e+01
-7.300000000000000000e+01
-7.200000000000000000e+01
-7.100000000000000000e+01
-7.000000000000000000e+01
-6.900000000000000000e+01
-6.800000000000000000e+01
-6.700000000000000000e+01
-6.600000000000000000e+01
-6.500000000000000000e+01
-6.400000000000000000e+01
-6.300000000000000000e+01
-6.200000000000000000e+01
-6.100000000000000000e+01
-6.000000000000000000e+01
-5.900000000000000000e+01
-5.800000000000000000e+01
-5.700000000000000000e+01
-5.600000000000000000e+01
-5.500000000000000000e+01
-5.400000000000000000e+01
-5.300000000000000000e+01
-5.200000000000000000e+01
-5.100000000000000000e+01
-5.000000000000000000e+01
-4.900000000000000000e+01
-4.800000000000000000e+01
-4.700000000000000000e+01
-4.600000000000000000e+01
-4.500000000000000000e+01
-4.400000000000000000e+01
-4.300000000000000000e+01
-4.200000000000000000e+01
-4.100000000000000000e+01
-4.000000000000000000e+01
-3.900000000000000000e+01
-3.800000000000000000e+01
-3.700000000000000000e+01
-3.600000000000000000e+01
-3.500000000000000000e+01
-3.400000000000000000e+01
-3.300000000000000000e+01
-3.200000000000000000e+01
-3.100000000000000000e+01
-3.000000000000000000e+01
-2.900000000000000000e+01
-2.800000000000000000e+01
-2.700000000000000000e+01
-2.600000000000000000e+01
-2.500000000000000000e+01
-2.400000000000000000e+01
-2.300000000000000000e+01
-2.200000000000000000e+01
-2.100000000000000000e+01
-2.000000000000000000e+01
-1.900000000000000000e+01
-1.800000000000000000e+01
-1.700000000000000000e+01
-1.600000000000000000e+01
-1.500000000000000000e+01
-1.400000000000000000e+01
-1.300000000000000000e+01
-1.200000000000000000e+01
-1.100000000000000000e+01
-1.000000000000000000e+01
-9.000000000000000000e+00
-8.000000000000000000e+00
-7.000000000000000000e+00
-6.000000000000000000e+00
-5.000000000000000000e+00
-4.000000000000000000e+00
-3.000000000000000000e+00
-2.000000000000000000e+00
-1.000000000000000000e+00
0.000000000000000000e+00
1.000000000000000000e+00
2.000000000000000000e+00
3.000000000000000000e+00
4.000000000000000000e+00
5.000000000000000000e+00
6.000000000000000000e+00
7.000000000000000000e+00
8.000000000000000000e+00
9.000000000000000000e+00
1.000000000000000000e+01
1.100000000000000000e+01
1.200000000000000000e+01
1.300000000000000000e+01
1.400000000000000000e+01
1.500000000000000000e+01
1.600000000000000000e+01
1.700000000000000000e+01
1.800000000000000000e+01
1.900000000000000000e+01
2.000000000000000000e+01
2.100000000000000000e+01
2.200000000000000000e+01
2.300000000000000000e+01
2.400000000000000000e+01
2.500000000000000000e+01
2.600000000000000000e+01
2.700000000000000000e+01
2.800000000000000000e+01
2.900000000000000000e+01
3.000000000000000000e+01
3.100000000000000000e+01
3.200000000000000000e+01
3.300000000000000000e+01
3.400000000000000000e+01
3.500000000000000000e+01
3.600000000000000000e+01
3.700000000000000000e+01
3.800000000000000000e+01
3.900000000000000000e+01
4.000000000000000000e+01
4.100000000000000000e+01
4.200000000000000000e+01
4.300000000000000000e+01
4.400000000000000000e+01
4.500000000000000000e+01
4.600000000000000000e+01
4.700000000000000000e+01
4.800000000000000000e+01
4.900000000000000000e+01
5.000000000000000000e+01
5.100000000000000000e+01
5.200000000000000000e+01
5.300000000000000000e+01
5.400000000000000000e+01
5.500000000000000000e+01
5.600000000000000000e+01
5.700000000000000000e+01
5.800000000000000000e+01
5.900000000000000000e+01
6.000000000000000000e+01
6.100000000000000000e+01
6.200000000000000000e+01
6.300000000000000000e+01
6.400000000000000000e+01
6.500000000000000000e+01
6.600000000000000000e+01
6.700000000000000000e+01
6.800000000000000000e+01
6.900000000000000000e+01
7.000000000000000000e+01
7.100000000000000000e+01
7.200000000000000000e+01
7.300000000000000000e+01
7.400000000000000000e+01
7.500000000000000000e+01
7.600000000000000000e+01
7.700000000000000000e+01
7.800000000000000000e+01
7.900000000000000000e+01
8.000000000000000000e+01
8.100000000000000000e+01
8.200000000000000000e+01
8.300000000000000000e+01
8.400000000000000000e+01
8.500000000000000000e+01
8.600000000000000000e+01
8.700000000000000000e+01
8.800000000000000000e+01
8.900000000000000000e+01
9.000000000000000000e+01
9.100000000000000000e+01
9.200000000000000000e+01
9.300000000000000000e+01
9.400000000000000000e+01
9.500000000000000000e+01
9.600000000000000000e+01
9.700000000000000000e+01
9.800000000000000000e+01
9.900000000000000000e+01
