single photon fraction:    0.6000
laser fraction:    0.2000
thermal source fraction:    0.1000
non-detected fraction:    0.1000
number of bins:  200.0000
bin width (ns):    1.0000
average detection events per bin: 5000.0000

# binary result
1.000000000000000000e+00

# g2 signal
1.028865007737671311e+00
1.030648908921438567e+00
9.840444904955231165e-01
1.006343255292611927e+00
9.782468116482800902e-01
1.023513304186370210e+00
9.891732063988535328e-01
1.012809897083767563e+00
1.007904168828408054e+00
9.858283916792902613e-01
9.938559470062421353e-01
9.856054040313193543e-01
1.001214539389281510e+00
1.006343255292611927e+00
9.891732063988535328e-01
1.006789230588553519e+00
1.018607575931010700e+00
1.021283427706661140e+00
1.014147822971592783e+00
9.813686387198725658e-01
9.994306382055143656e-01
9.813686387198725658e-01
1.015708736507389132e+00
9.996536258534852726e-01
1.006343255292611927e+00
9.902881446387079567e-01
9.704422439692991231e-01
9.969777740778346109e-01
1.002106489981164916e+00
1.002998440573048544e+00
1.001214539389281510e+00
9.922950334704460085e-01
1.002552465277106730e+00
9.847134534394358374e-01
9.898421693427662538e-01
1.039791402488244865e+00
9.849364410874067444e-01
1.010357032956087808e+00
9.907341199346497707e-01
1.019053551226952292e+00
1.002106489981164916e+00
1.011025995900000529e+00
9.815916263678433618e-01
1.001660514685223324e+00
1.013032884731738470e+00
1.017938612987097979e+00
1.036000612472739668e+00
1.014370810619563690e+00
1.007458193532466240e+00
9.931869840623295254e-01
9.755709598726294285e-01
9.860513793272611682e-01
9.635296268822015620e-01
1.006789230588553519e+00
1.009911057660145994e+00
9.909571075826206776e-01
9.499273803559774576e-01
1.017046662395214351e+00
9.949708852460965591e-01
1.001214539389281510e+00
9.842674781434940234e-01
1.014147822971592783e+00
1.033770735993030820e+00
1.009911057660145994e+00
1.004559354108844671e+00
9.934099717103004323e-01
9.902881446387079567e-01
1.005228317052757392e+00
1.010357032956087808e+00
1.003444415868990358e+00
1.028419032441729719e+00
9.951938728940674661e-01
9.862743669752320752e-01
1.022844341242457489e+00
9.976467370217472208e-01
9.726721204490079709e-01
9.936329593582713393e-01
9.827065646076978966e-01
9.996536258534852726e-01
9.862743669752320752e-01
1.017269650043185258e+00
9.963088111339218900e-01
9.548331086113369670e-01
1.021729403002602954e+00
1.009019107068262366e+00
9.864973546232028712e-01
1.002775452925077637e+00
1.024628242426224523e+00
1.022844341242457489e+00
9.956398481900092801e-01
9.829295522556686926e-01
1.006566242940582612e+00
9.918490581745041945e-01
1.006120267644641020e+00
9.947478975981257632e-01
9.847134534394358374e-01
9.934099717103004323e-01
9.757939475206003355e-01
9.876122928630572950e-01
1.003667403516961265e+00
4.366098147269962260e-01
1.020614464762748641e+00
1.009911057660145994e+00
1.013255872379709377e+00
9.927410087663877114e-01
9.940789346542130422e-01
1.001437527037252417e+00
1.013478860027680284e+00
1.013032884731738470e+00
1.041798291319982805e+00
1.007681181180437147e+00
1.003221428221019451e+00
1.010580020604058715e+00
9.840444904955231165e-01
1.002106489981164916e+00
1.003667403516961265e+00
9.717801698571243429e-01
1.019722514170865013e+00
1.006343255292611927e+00
1.004782341756815578e+00
9.840444904955231165e-01
9.922950334704460085e-01
1.019945501818835920e+00
1.013924835323621876e+00
1.007904168828408054e+00
1.003890391164932172e+00
9.798077251840763280e-01
1.020168489466806827e+00
9.782468116482800902e-01
9.947478975981257632e-01
9.764629104645130564e-01
9.840444904955231165e-01
1.010357032956087808e+00
1.008350144124349868e+00
1.003221428221019451e+00
9.905111322866788637e-01
9.956398481900092801e-01
1.017938612987097979e+00
9.943019223021839492e-01
9.996536258534852726e-01
1.015485748859418225e+00
9.735640710408914877e-01
1.006789230588553519e+00
9.985386876136308487e-01
9.885042434549409229e-01
1.019499526522894106e+00
1.018607575931010700e+00
1.015708736507389132e+00
1.010357032956087808e+00
1.008127156476378961e+00
1.019053551226952292e+00
1.003667403516961265e+00
1.019053551226952292e+00
1.026858118905933370e+00
1.002775452925077637e+00
9.905111322866788637e-01
9.967547864298637039e-01
9.943019223021839492e-01
1.021506415354632047e+00
1.021506415354632047e+00
9.842674781434940234e-01
1.030425921273467660e+00
9.922950334704460085e-01
1.021060440058690455e+00
9.914030828785623806e-01
1.003890391164932172e+00
1.000545576445368789e+00
9.994306382055143656e-01
9.945249099501548562e-01
9.976467370217472208e-01
1.005897279996670113e+00
1.014147822971592783e+00
1.004336366460873764e+00
1.009688070012175087e+00
1.003444415868990358e+00
1.004336366460873764e+00
1.002998440573048544e+00
1.019276538874923199e+00
1.027304094201875184e+00
9.938559470062421353e-01
1.009911057660145994e+00
1.009688070012175087e+00
9.985386876136308487e-01
9.853824163833484473e-01
9.869433299191446851e-01
1.020614464762748641e+00
1.025966168314049964e+00
1.025743180666079057e+00
1.010357032956087808e+00
9.673204168977066475e-01
9.985386876136308487e-01
9.985386876136308487e-01
9.762399228165421494e-01
9.954168605420383731e-01
1.008796119420291681e+00
9.793617498881345140e-01
9.954168605420383731e-01
9.831525399036395996e-01
1.000099601149426976e+00
1.001214539389281510e+00

# time bin value
-1.000000000000000000e+02
-9.900000000000000000e+01
-9.800000000000000000e+01
-9.700000000000000000e+01
-9.600000000000000000e+01
-9.500000000000000000e+01
-9.400000000000000000e+01
-9.300000000000000000e+01
-9.200000000000000000e+01
-9.100000000000000000e+01
-9.000000000000000000e+01
-8.900000000000000000e+01
-8.800000000000000000e+01
-8.700000000000000000e+01
-8.600000000000000000e+01
-8.500000000000000000e+01
-8.400000000000000000e+01
-8.300000000000000000e+01
-8.200000000000000000e+01
-8.100000000000000000e+01
-8.000000000000000000e+01
-7.900000000000000000e+01
-7.800000000000000000e+01
-7.700000000000000000e+01
-7.600000000000000000e+01
-7.500000000000000000e+01
-7.400000000000000000e+01
-7.300000000000000000e+01
-7.200000000000000000e+01
-7.100000000000000000e+01
-7.000000000000000000e+01
-6.900000000000000000e+01
-6.800000000000000000e+01
-6.700000000000000000e+01
-6.600000000000000000e+01
-6.500000000000000000e+01
-6.400000000000000000e+01
-6.300000000000000000e+01
-6.200000000000000000e+01
-6.100000000000000000e+01
-6.000000000000000000e+01
-5.900000000000000000e+01
-5.800000000000000000e+01
-5.700000000000000000e+01
-5.600000000000000000e+01
-5.500000000000000000e+01
-5.400000000000000000e+01
-5.300000000000000000e+01
-5.200000000000000000e+01
-5.100000000000000000e+01
-5.000000000000000000e+01
-4.900000000000000000e+01
-4.800000000000000000e+01
-4.700000000000000000e+01
-4.600000000000000000e+01
-4.500000000000000000e+01
-4.400000000000000000e+01
-4.300000000000000000e+01
-4.200000000000000000e+01
-4.100000000000000000e+01
-4.000000000000000000e+01
-3.900000000000000000e+01
-3.800000000000000000e+01
-3.700000000000000000e+01
-3.600000000000000000e+01
-3.500000000000000000e+01
-3.400000000000000000e+01
-3.300000000000000000e+01
-3.200000000000000000e+01
-3.100000000000000000e+01
-3.000000000000000000e+01
-2.900000000000000000e+01
-2.800000000000000000e+01
-2.700000000000000000e+01
-2.600000000000000000e+01
-2.500000000000000000e+01
-2.400000000000000000e+01
-2.300000000000000000e+01
-2.200000000000000000e+01
-2.100000000000000000e+01
-2.000000000000000000e+01
-1.900000000000000000e+01
-1.800000000000000000e+01
-1.700000000000000000e+01
-1.600000000000000000e+01
-1.500000000000000000e+01
-1.400000000000000000e+01
-1.300000000000000000e+01
-1.200000000000000000e+01
-1.100000000000000000e+01
-1.000000000000000000e+01
-9.000000000000000000e+00
-8.000000000000000000e+00
-7.000000000000000000e+00
-6.000000000000000000e+00
-5.000000000000000000e+00
-4.000000000000000000e+00
-3.000000000000000000e+00
-2.000000000000000000e+00
-1.000000000000000000e+00
0.000000000000000000e+00
1.000000000000000000e+00
2.000000000000000000e+00
3.000000000000000000e+00
4.000000000000000000e+00
5.000000000000000000e+00
6.000000000000000000e+00
7.000000000000000000e+00
8.000000000000000000e+00
9.000000000000000000e+00
1.000000000000000000e+01
1.100000000000000000e+01
1.200000000000000000e+01
1.300000000000000000e+01
1.400000000000000000e+01
1.500000000000000000e+01
1.600000000000000000e+01
1.700000000000000000e+01
1.800000000000000000e+01
1.900000000000000000e+01
2.000000000000000000e+01
2.100000000000000000e+01
2.200000000000000000e+01
2.300000000000000000e+01
2.400000000000000000e+01
2.500000000000000000e+01
2.600000000000000000e+01
2.700000000000000000e+01
2.800000000000000000e+01
2.900000000000000000e+01
3.000000000000000000e+01
3.100000000000000000e+01
3.200000000000000000e+01
3.300000000000000000e+01
3.400000000000000000e+01
3.500000000000000000e+01
3.600000000000000000e+01
3.700000000000000000e+01
3.800000000000000000e+01
3.900000000000000000e+01
4.000000000000000000e+01
4.100000000000000000e+01
4.200000000000000000e+01
4.300000000000000000e+01
4.400000000000000000e+01
4.500000000000000000e+01
4.600000000000000000e+01
4.700000000000000000e+01
4.800000000000000000e+01
4.900000000000000000e+01
5.000000000000000000e+01
5.100000000000000000e+01
5.200000000000000000e+01
5.300000000000000000e+01
5.400000000000000000e+01
5.500000000000000000e+01
5.600000000000000000e+01
5.700000000000000000e+01
5.800000000000000000e+01
5.900000000000000000e+01
6.000000000000000000e+01
6.100000000000000000e+01
6.200000000000000000e+01
6.300000000000000000e+01
6.400000000000000000e+01
6.500000000000000000e+01
6.600000000000000000e+01
6.700000000000000000e+01
6.800000000000000000e+01
6.900000000000000000e+01
7.000000000000000000e+01
7.100000000000000000e+01
7.200000000000000000e+01
7.300000000000000000e+01
7.400000000000000000e+01
7.500000000000000000e+01
7.600000000000000000e+01
7.700000000000000000e+01
7.800000000000000000e+01
7.900000000000000000e+01
8.000000000000000000e+01
8.100000000000000000e+01
8.200000000000000000e+01
8.300000000000000000e+01
8.400000000000000000e+01
8.500000000000000000e+01
8.600000000000000000e+01
8.700000000000000000e+01
8.800000000000000000e+01
8.900000000000000000e+01
9.000000000000000000e+01
9.100000000000000000e+01
9.200000000000000000e+01
9.300000000000000000e+01
9.400000000000000000e+01
9.500000000000000000e+01
9.600000000000000000e+01
9.700000000000000000e+01
9.800000000000000000e+01
9.900000000000000000e+01
