single photon fraction:    0.6000
laser fraction:    0.2000
thermal source fraction:    0.1000
non-detected fraction:    0.1000
number of bins:  200.0000
bin width (ns):    1.0000
average detection events per bin: 5000.0000

# binary result
1.000000000000000000e+00

# g2 signal
1.004251815678365967e+00
1.013168590956309290e+00
9.910995721433997208e-01
9.859724263585822879e-01
1.004028896296417450e+00
9.975642342199085855e-01
1.016735301067486663e+00
1.011385235900720714e+00
9.853036682127365165e-01
1.032562577185835995e+00
1.022085366234252612e+00
1.028327108928813072e+00
9.886474589419652625e-01
9.955579597823712712e-01
1.020970769324509808e+00
9.962267179282170426e-01
1.017181139831383918e+00
1.021862446852304096e+00
9.812911193376619989e-01
9.993475892754972723e-01
9.986788311296515008e-01
1.016958220449435180e+00
9.806223611918162275e-01
1.000239266803291560e+00
1.006481009497851797e+00
9.971183954560114415e-01
9.748264572611531342e-01
1.010270638990977687e+00
1.029887544602453131e+00
1.019410333650869749e+00
9.917683302892453812e-01
1.009601880845132138e+00
9.991246698935486448e-01
1.035683448533116335e+00
9.897620558517081779e-01
9.968954760740628140e-01
9.908766527614510933e-01
1.002914299386674646e+00
1.015397784775795120e+00
1.007595606407594824e+00
1.004251815678365967e+00
9.917683302892453812e-01
1.009824800227080654e+00
1.012499832810463518e+00
9.991246698935486448e-01
1.002691380004725907e+00
9.962267179282170426e-01
1.001353863713034587e+00
1.000908024949137332e+00
1.012053994046566485e+00
9.873099426502737197e-01
9.953350404004227547e-01
1.000239266803291560e+00
9.857495069766336604e-01
9.630117300178782092e-01
9.962267179282170426e-01
9.895391364697595504e-01
1.001130944331085848e+00
1.001799702476931619e+00
1.002691380004725907e+00
1.003137218768623162e+00
9.835203131571478297e-01
1.016289462303589630e+00
1.012499832810463518e+00
9.928829271989882965e-01
9.944433628726283558e-01
9.875328620322223472e-01
1.003137218768623162e+00
1.010493558372926426e+00
1.007818525789543340e+00
9.884245395600166351e-01
9.968954760740628140e-01
9.824057162474049143e-01
1.010939397136823459e+00
1.041033513699882285e+00
9.899849752336568054e-01
9.977871536018571019e-01
1.019856172414766782e+00
9.973413148379599580e-01
9.962267179282170426e-01
1.017849897977229690e+00
9.850807488307878890e-01
9.939975241087312119e-01
1.012499832810463518e+00
9.592221005247523191e-01
9.841890713029936011e-01
1.007149767643697569e+00
1.000239266803291560e+00
9.884245395600166351e-01
9.853036682127365165e-01
9.866411845044280593e-01
9.888703783239138900e-01
9.926600078170397801e-01
9.977871536018571019e-01
9.770556510806389650e-01
9.924370884350911526e-01
1.026097915109327241e+00
9.964496373101656701e-01
9.792848449001247957e-01
1.003360138150571679e+00
4.574305717584921660e-01
9.984559117477028733e-01
1.024983318199584215e+00
1.008264364553440595e+00
1.004251815678365967e+00
9.850807488307878890e-01
1.006481009497851797e+00
9.839661519210449736e-01
9.937746047267826954e-01
9.986788311296515008e-01
9.908766527614510933e-01
9.944433628726283558e-01
1.018964494886972494e+00
1.012945671574360773e+00
1.007372687025646307e+00
9.915454109072968647e-01
9.953350404004227547e-01
9.884245395600166351e-01
9.882016201780681186e-01
9.754952154069989056e-01
1.029218786456607360e+00
1.013391510338258028e+00
9.888703783239138900e-01
1.003805976914468934e+00
1.017849897977229690e+00
1.025206237581532953e+00
1.003360138150571679e+00
9.897620558517081779e-01
9.991246698935486448e-01
1.006481009497851797e+00
9.955579597823712712e-01
9.951121210184741273e-01
9.899849752336568054e-01
9.828515550113020582e-01
1.003583057532520417e+00
9.919912496711940086e-01
1.043039788137419377e+00
9.810681999557134825e-01
1.006481009497851797e+00
9.819598774835077704e-01
1.001576783094983103e+00
9.801765224279190836e-01
9.895391364697595504e-01
9.830744743932506857e-01
1.010939397136823459e+00
9.989017505116000173e-01
9.919912496711940086e-01
1.017626978595280951e+00
9.908766527614510933e-01
1.005143493206160477e+00
9.942204434906798394e-01
9.783931673723303968e-01
1.005366412588108993e+00
1.032562577185835995e+00
1.006035170733954764e+00
1.004251815678365967e+00
9.977871536018571019e-01
1.000685105567188815e+00
1.007372687025646307e+00
1.008487283935389112e+00
1.000239266803291560e+00
1.006481009497851797e+00
1.004920573824211738e+00
1.015174865393846604e+00
9.964496373101656701e-01
1.001130944331085848e+00
1.008487283935389112e+00
9.803994418098677111e-01
1.002245541240828874e+00
9.770556510806389650e-01
1.011608155282669230e+00
9.717055859138729046e-01
9.837432325390964571e-01
1.011831074664617969e+00
9.989017505116000173e-01
9.980100729838057294e-01
9.966725566921141866e-01
1.014060268484103799e+00
9.884245395600166351e-01
1.024091640671789927e+00
1.016066542921640892e+00
1.001130944331085848e+00
1.025652076345429986e+00
1.013168590956309290e+00
9.752722960250502782e-01
9.910995721433997208e-01
1.008933122699286367e+00
1.013837349102155061e+00
1.007372687025646307e+00
9.997934280393944162e-01
9.837432325390964571e-01
1.003583057532520417e+00
9.919912496711940086e-01
1.019410333650869749e+00
9.897620558517081779e-01
1.016289462303589630e+00
1.016289462303589630e+00
9.826286356293535418e-01
1.002691380004725907e+00
9.855265875946851439e-01

# time bin value
-1.000000000000000000e+02
-9.900000000000000000e+01
-9.800000000000000000e+01
-9.700000000000000000e+01
-9.600000000000000000e+01
-9.500000000000000000e+01
-9.400000000000000000e+01
-9.300000000000000000e+01
-9.200000000000000000e+01
-9.100000000000000000e+01
-9.000000000000000000e+01
-8.900000000000000000e+01
-8.800000000000000000e+01
-8.700000000000000000e+01
-8.600000000000000000e+01
-8.500000000000000000e+01
-8.400000000000000000e+01
-8.300000000000000000e+01
-8.200000000000000000e+01
-8.100000000000000000e+01
-8.000000000000000000e+01
-7.900000000000000000e+01
-7.800000000000000000e+01
-7.700000000000000000e+01
-7.600000000000000000e+01
-7.500000000000000000e+01
-7.400000000000000000e+01
-7.300000000000000000e+01
-7.200000000000000000e+01
-7.100000000000000000e+01
-7.000000000000000000e+01
-6.900000000000000000e+01
-6.800000000000000000e+01
-6.700000000000000000e+01
-6.600000000000000000e+01
-6.500000000000000000e+01
-6.400000000000000000e+01
-6.300000000000000000e+01
-6.200000000000000000e+01
-6.100000000000000000e+01
-6.000000000000000000e+01
-5.900000000000000000e+01
-5.800000000000000000e+01
-5.700000000000000000e+01
-5.600000000000000000e+01
-5.500000000000000000e+01
-5.400000000000000000e+01
-5.300000000000000000e+01
-5.200000000000000000e+01
-5.100000000000000000e+01
-5.000000000000000000e+01
-4.900000000000000000e+01
-4.800000000000000000e+01
-4.700000000000000000e+01
-4.600000000000000000e+01
-4.500000000000000000e+01
-4.400000000000000000e+01
-4.300000000000000000e+01
-4.200000000000000000e+01
-4.100000000000000000e+01
-4.000000000000000000e+01
-3.900000000000000000e+01
-3.800000000000000000e+01
-3.700000000000000000e+01
-3.600000000000000000e+01
-3.500000000000000000e+01
-3.400000000000000000e+01
-3.300000000000000000e+01
-3.200000000000000000e+01
-3.100000000000000000e+01
-3.000000000000000000e+01
-2.900000000000000000e+01
-2.800000000000000000e+01
-2.700000000000000000e+01
-2.600000000000000000e+01
-2.500000000000000000e+01
-2.400000000000000000e+01
-2.300000000000000000e+01
-2.200000000000000000e+01
-2.100000000000000000e+01
-2.000000000000000000e+01
-1.900000000000000000e+01
-1.800000000000000000e+01
-1.700000000000000000e+01
-1.600000000000000000e+01
-1.500000000000000000e+01
-1.400000000000000000e+01
-1.300000000000000000e+01
-1.200000000000000000e+01
-1.100000000000000000e+01
-1.000000000000000000e+01
-9.000000000000000000e+00
-8.000000000000000000e+00
-7.000000000000000000e+00
-6.000000000000000000e+00
-5.000000000000000000e+00
-4.000000000000000000e+00
-3.000000000000000000e+00
-2.000000000000000000e+00
-1.000000000000000000e+00
0.000000000000000000e+00
1.000000000000000000e+00
2.000000000000000000e+00
3.000000000000000000e+00
4.000000000000000000e+00
5.000000000000000000e+00
6.000000000000000000e+00
7.000000000000000000e+00
8.000000000000000000e+00
9.000000000000000000e+00
1.000000000000000000e+01
1.100000000000000000e+01
1.200000000000000000e+01
1.300000000000000000e+01
1.400000000000000000e+01
1.500000000000000000e+01
1.600000000000000000e+01
1.700000000000000000e+01
1.800000000000000000e+01
1.900000000000000000e+01
2.000000000000000000e+01
2.100000000000000000e+01
2.200000000000000000e+01
2.300000000000000000e+01
2.400000000000000000e+01
2.500000000000000000e+01
2.600000000000000000e+01
2.700000000000000000e+01
2.800000000000000000e+01
2.900000000000000000e+01
3.000000000000000000e+01
3.100000000000000000e+01
3.200000000000000000e+01
3.300000000000000000e+01
3.400000000000000000e+01
3.500000000000000000e+01
3.600000000000000000e+01
3.700000000000000000e+01
3.800000000000000000e+01
3.900000000000000000e+01
4.000000000000000000e+01
4.100000000000000000e+01
4.200000000000000000e+01
4.300000000000000000e+01
4.400000000000000000e+01
4.500000000000000000e+01
4.600000000000000000e+01
4.700000000000000000e+01
4.800000000000000000e+01
4.900000000000000000e+01
5.000000000000000000e+01
5.100000000000000000e+01
5.200000000000000000e+01
5.300000000000000000e+01
5.400000000000000000e+01
5.500000000000000000e+01
5.600000000000000000e+01
5.700000000000000000e+01
5.800000000000000000e+01
5.900000000000000000e+01
6.000000000000000000e+01
6.100000000000000000e+01
6.200000000000000000e+01
6.300000000000000000e+01
6.400000000000000000e+01
6.500000000000000000e+01
6.600000000000000000e+01
6.700000000000000000e+01
6.800000000000000000e+01
6.900000000000000000e+01
7.000000000000000000e+01
7.100000000000000000e+01
7.200000000000000000e+01
7.300000000000000000e+01
7.400000000000000000e+01
7.500000000000000000e+01
7.600000000000000000e+01
7.700000000000000000e+01
7.800000000000000000e+01
7.900000000000000000e+01
8.000000000000000000e+01
8.100000000000000000e+01
8.200000000000000000e+01
8.300000000000000000e+01
8.400000000000000000e+01
8.500000000000000000e+01
8.600000000000000000e+01
8.700000000000000000e+01
8.800000000000000000e+01
8.900000000000000000e+01
9.000000000000000000e+01
9.100000000000000000e+01
9.200000000000000000e+01
9.300000000000000000e+01
9.400000000000000000e+01
9.500000000000000000e+01
9.600000000000000000e+01
9.700000000000000000e+01
9.800000000000000000e+01
9.900000000000000000e+01
