single photon fraction:    0.6000
laser fraction:    0.2000
thermal source fraction:    0.1000
non-detected fraction:    0.1000
number of bins:  200.0000
bin width (ns):    1.0000
average detection events per bin: 5000.0000

# binary result
1.000000000000000000e+00

# g2 signal
9.986503116783008727e-01
9.803469309099457352e-01
1.005123458535402081e+00
9.937396485453275918e-01
1.000212795402428689e+00
1.008918061865426985e+00
1.023873263224936547e+00
9.995431595206596409e-01
9.845879581611499676e-01
1.019632235973732426e+00
9.828022624764324311e-01
1.024542899106705596e+00
9.897218332547130792e-01
1.014498360880169203e+00
1.016060844604297131e+00
9.944092844270966403e-01
1.027667866554961451e+00
9.986503116783008727e-01
9.912843169788408959e-01
9.924003767817893840e-01
1.010034121668375473e+00
9.861504418852778953e-01
9.765523275799209424e-01
1.023873263224936547e+00
1.014275148919579594e+00
9.736505720922549179e-01
9.879361375699954317e-01
9.841415342399706390e-01
1.006016306377760960e+00
1.021641143619039571e+00
9.930700126635584324e-01
1.015614420683117691e+00
1.015837632643707522e+00
9.937396485453275918e-01
1.012935877156041498e+00
9.803469309099457352e-01
1.002221703047736057e+00
9.910611050182511761e-01
1.026775018712602572e+00
1.011596605392503179e+00
9.966414040329936164e-01
9.946324963876863601e-01
9.879361375699954317e-01
1.014498360880169203e+00
1.006685942259530009e+00
9.787844471858179185e-01
1.012712665195451667e+00
1.002668126968915496e+00
9.897218332547130792e-01
1.008918061865426985e+00
1.005123458535402081e+00
1.012043029313682618e+00
1.004230610693043202e+00
9.930700126635584324e-01
1.022757203421988059e+00
1.021194719697860132e+00
9.999895834418390805e-01
1.002444915008325665e+00
9.863736538458676151e-01
1.012489453234862058e+00
9.883825614911748714e-01
9.832486863976118707e-01
9.973110399147626648e-01
1.006239518338350569e+00
9.984270997177111528e-01
1.008471637944247545e+00
1.021417931658449962e+00
1.006016306377760960e+00
1.014275148919579594e+00
1.002668126968915496e+00
9.975342518753523846e-01
1.011819817353093010e+00
9.908378930576614563e-01
1.013382301077220937e+00
1.025882170870243915e+00
1.004677034614222642e+00
1.008248425983657715e+00
1.017846540289014667e+00
1.024766111067295427e+00
1.006016306377760960e+00
1.005346670495991690e+00
1.000212795402428689e+00
1.008918061865426985e+00
1.027667866554961451e+00
1.039051676545035940e+00
9.984270997177111528e-01
1.014275148919579594e+00
1.000882431284197738e+00
9.687399089592816370e-01
9.966414040329936164e-01
1.012489453234862058e+00
1.026998230673192403e+00
9.805701428705354550e-01
9.758826916981518940e-01
1.004007398732453593e+00
1.015167996761938474e+00
9.865968658064573349e-01
1.010034121668375473e+00
1.004677034614222642e+00
9.961949801118141767e-01
4.437453776523160864e-01
1.009810909707785642e+00
1.005793094417171130e+00
1.024096475185526156e+00
1.006239518338350569e+00
9.865968658064573349e-01
1.014051936958989986e+00
9.944092844270966403e-01
1.005346670495991690e+00
9.928468007029688236e-01
9.859272299246881754e-01
1.003114550890094714e+00
1.035703497136190476e+00
9.729809362104857584e-01
9.953021322694554085e-01
1.006909154220119618e+00
1.038828464584446110e+00
9.990967355994803123e-01
1.020078659894911643e+00
9.841415342399706390e-01
9.894986212941233594e-01
9.935164365847378720e-01
1.015391208722528082e+00
1.000882431284197738e+00
1.021864355579629180e+00
9.995431595206596409e-01
9.966414040329936164e-01
9.921771648211996641e-01
1.038158828702677061e+00
1.022757203421988059e+00
9.832486863976118707e-01
9.886057734517645912e-01
1.001998491087146226e+00
1.001105643244787569e+00
1.018069752249604498e+00
9.861504418852778953e-01
9.970878279541730560e-01
9.944092844270966403e-01
9.993199475600699211e-01
9.836951103187911993e-01
1.019409024013142595e+00
9.999895834418390805e-01
1.009587697747196033e+00
1.002668126968915496e+00
9.790076591464076383e-01
9.982038877571214330e-01
1.027444654594371620e+00
9.950789203088656887e-01
9.852575940429191270e-01
9.990967355994803123e-01
1.022533991461398450e+00
1.019632235973732426e+00
9.868200777670469437e-01
1.020078659894911643e+00
1.019632235973732426e+00
9.754362677769724543e-01
1.006685942259530009e+00
9.977574638359421044e-01
1.025435746949064475e+00
1.009364485786606203e+00
9.937396485453275918e-01
1.010926969510734130e+00
9.729809362104857584e-01
1.003337762850684545e+00
9.861504418852778953e-01
9.910611050182511761e-01
9.792308711069973581e-01
1.010703757550144521e+00
9.810165667917148946e-01
9.908378930576614563e-01
9.642756697474876848e-01
1.000212795402428689e+00
1.008694849904837154e+00
9.877129256094057119e-01
9.966414040329936164e-01
1.012043029313682618e+00
1.013382301077220937e+00
1.005123458535402081e+00
1.005569882456581521e+00
1.014051936958989986e+00
9.915075289394306157e-01
1.021194719697860132e+00
9.935164365847378720e-01
1.020301871855501474e+00
9.932932246241481522e-01
9.932932246241481522e-01
9.578025228903864763e-01
1.006685942259530009e+00
1.017846540289014667e+00
9.970878279541730560e-01
9.946324963876863601e-01
9.975342518753523846e-01
1.019185812052552986e+00
1.027444654594371620e+00
9.825790505158427113e-01
9.660613654322052213e-01
9.977574638359421044e-01
1.000212795402428689e+00
9.890521973729439198e-01
9.950789203088656887e-01

# time bin value
-1.000000000000000000e+02
-9.900000000000000000e+01
-9.800000000000000000e+01
-9.700000000000000000e+01
-9.600000000000000000e+01
-9.500000000000000000e+01
-9.400000000000000000e+01
-9.300000000000000000e+01
-9.200000000000000000e+01
-9.100000000000000000e+01
-9.000000000000000000e+01
-8.900000000000000000e+01
-8.800000000000000000e+01
-8.700000000000000000e+01
-8.600000000000000000e+01
-8.500000000000000000e+01
-8.400000000000000000e+01
-8.300000000000000000e+01
-8.200000000000000000e+01
-8.100000000000000000e+01
-8.000000000000000000e+01
-7.900000000000000000e+01
-7.800000000000000000e+01
-7.700000000000000000e+01
-7.600000000000000000e+01
-7.500000000000000000e+01
-7.400000000000000000e+01
-7.300000000000000000e+01
-7.200000000000000000e+01
-7.100000000000000000e+01
-7.000000000000000000e+01
-6.900000000000000000e+01
-6.800000000000000000e+01
-6.700000000000000000e+01
-6.600000000000000000e+01
-6.500000000000000000e+01
-6.400000000000000000e+01
-6.300000000000000000e+01
-6.200000000000000000e+01
-6.100000000000000000e+01
-6.000000000000000000e+01
-5.900000000000000000e+01
-5.800000000000000000e+01
-5.700000000000000000e+01
-5.600000000000000000e+01
-5.500000000000000000e+01
-5.400000000000000000e+01
-5.300000000000000000e+01
-5.200000000000000000e+01
-5.100000000000000000e+01
-5.000000000000000000e+01
-4.900000000000000000e+01
-4.800000000000000000e+01
-4.700000000000000000e+01
-4.600000000000000000e+01
-4.500000000000000000e+01
-4.400000000000000000e+01
-4.300000000000000000e+01
-4.200000000000000000e+01
-4.100000000000000000e+01
-4.000000000000000000e+01
-3.900000000000000000e+01
-3.800000000000000000e+01
-3.700000000000000000e+01
-3.600000000000000000e+01
-3.500000000000000000e+01
-3.400000000000000000e+01
-3.300000000000000000e+01
-3.200000000000000000e+01
-3.100000000000000000e+01
-3.000000000000000000e+01
-2.900000000000000000e+01
-2.800000000000000000e+01
-2.700000000000000000e+01
-2.600000000000000000e+01
-2.500000000000000000e+01
-2.400000000000000000e+01
-2.300000000000000000e+01
-2.200000000000000000e+01
-2.100000000000000000e+01
-2.000000000000000000e+01
-1.900000000000000000e+01
-1.800000000000000000e+01
-1.700000000000000000e+01
-1.600000000000000000e+01
-1.500000000000000000e+01
-1.400000000000000000e+01
-1.300000000000000000e+01
-1.200000000000000000e+01
-1.100000000000000000e+01
-1.000000000000000000e+01
-9.000000000000000000e+00
-8.000000000000000000e+00
-7.000000000000000000e+00
-6.000000000000000000e+00
-5.000000000000000000e+00
-4.000000000000000000e+00
-3.000000000000000000e+00
-2.000000000000000000e+00
-1.000000000000000000e+00
0.000000000000000000e+00
1.000000000000000000e+00
2.000000000000000000e+00
3.000000000000000000e+00
4.000000000000000000e+00
5.000000000000000000e+00
6.000000000000000000e+00
7.000000000000000000e+00
8.000000000000000000e+00
9.000000000000000000e+00
1.000000000000000000e+01
1.100000000000000000e+01
1.200000000000000000e+01
1.300000000000000000e+01
1.400000000000000000e+01
1.500000000000000000e+01
1.600000000000000000e+01
1.700000000000000000e+01
1.800000000000000000e+01
1.900000000000000000e+01
2.000000000000000000e+01
2.100000000000000000e+01
2.200000000000000000e+01
2.300000000000000000e+01
2.400000000000000000e+01
2.500000000000000000e+01
2.600000000000000000e+01
2.700000000000000000e+01
2.800000000000000000e+01
2.900000000000000000e+01
3.000000000000000000e+01
3.100000000000000000e+01
3.200000000000000000e+01
3.300000000000000000e+01
3.400000000000000000e+01
3.500000000000000000e+01
3.600000000000000000e+01
3.700000000000000000e+01
3.800000000000000000e+01
3.900000000000000000e+01
4.000000000000000000e+01
4.100000000000000000e+01
4.200000000000000000e+01
4.300000000000000000e+01
4.400000000000000000e+01
4.500000000000000000e+01
4.600000000000000000e+01
4.700000000000000000e+01
4.800000000000000000e+01
4.900000000000000000e+01
5.000000000000000000e+01
5.100000000000000000e+01
5.200000000000000000e+01
5.300000000000000000e+01
5.400000000000000000e+01
5.500000000000000000e+01
5.600000000000000000e+01
5.700000000000000000e+01
5.800000000000000000e+01
5.900000000000000000e+01
6.000000000000000000e+01
6.100000000000000000e+01
6.200000000000000000e+01
6.300000000000000000e+01
6.400000000000000000e+01
6.500000000000000000e+01
6.600000000000000000e+01
6.700000000000000000e+01
6.800000000000000000e+01
6.900000000000000000e+01
7.000000000000000000e+01
7.100000000000000000e+01
7.200000000000000000e+01
7.300000000000000000e+01
7.400000000000000000e+01
7.500000000000000000e+01
7.600000000000000000e+01
7.700000000000000000e+01
7.800000000000000000e+01
7.900000000000000000e+01
8.000000000000000000e+01
8.100000000000000000e+01
8.200000000000000000e+01
8.300000000000000000e+01
8.400000000000000000e+01
8.500000000000000000e+01
8.600000000000000000e+01
8.700000000000000000e+01
8.800000000000000000e+01
8.900000000000000000e+01
9.000000000000000000e+01
9.100000000000000000e+01
9.200000000000000000e+01
9.300000000000000000e+01
9.400000000000000000e+01
9.500000000000000000e+01
9.600000000000000000e+01
9.700000000000000000e+01
9.800000000000000000e+01
9.900000000000000000e+01
