single photon fraction:    0.6000
laser fraction:    0.2000
thermal source fraction:    0.1000
non-detected fraction:    0.1000
number of bins:  200.0000
bin width (ns):    1.0000
average detection events per bin: 5000.0000

# binary result
1.000000000000000000e+00

# g2 signal
1.016996035968510848e+00
1.021680597660842293e+00
1.016549887235908001e+00
1.000711607228501832e+00
1.016326812869606355e+00
9.902271120123317116e-01
1.005396168920833277e+00
1.005173094554531854e+00
9.857656246863018001e-01
1.019226779631525970e+00
1.012980697375084116e+00
1.013872994840290032e+00
9.982577891991853969e-01
9.819733604591763809e-01
1.017665259067415340e+00
9.801887655287644385e-01
1.004057722723024293e+00
1.017665259067415340e+00
1.003611573990421224e+00
1.009188433147958586e+00
9.960270455361704967e-01
1.006734615118642262e+00
1.013872994840290032e+00
1.014319143572893100e+00
9.908963351112360929e-01
1.011642251177275131e+00
1.006511540752340617e+00
1.019672928364128817e+00
1.000711607228501832e+00
1.005842317653436346e+00
1.018334482166319832e+00
9.775118731331464694e-01
9.964731942687734545e-01
1.007849986950149601e+00
1.017442184701113916e+00
9.877732939830152770e-01
1.001603904693707747e+00
1.000265458495898985e+00
1.010303804979466147e+00
1.008519210049054093e+00
9.839810297558898577e-01
9.891117401808241505e-01
9.873271452504122081e-01
9.797426167961614807e-01
1.006288466386039193e+00
1.002050053426310816e+00
1.013872994840290032e+00
9.873271452504122081e-01
9.502968004443642647e-01
1.031495869778108032e+00
1.003611573990421224e+00
9.922347813090450774e-01
1.004280797089325716e+00
1.032165092877012524e+00
1.004503871455627362e+00
1.007626912583848178e+00
9.991500866643914236e-01
9.998193097632959159e-01
9.942424506057585543e-01
1.002719276525215308e+00
9.971424173676779468e-01
9.966962686350749889e-01
1.007180763851245109e+00
1.015880664137003508e+00
1.026142084986872094e+00
9.960270455361704967e-01
9.951347480709645810e-01
1.019003705265224324e+00
1.016996035968510848e+00
1.014988366671797593e+00
9.895578889134272194e-01
1.012757623008782470e+00
1.025472861887967602e+00
9.830887322906838310e-01
9.962501199024720311e-01
1.009634581880561655e+00
9.946885993383615121e-01
9.864348477852062924e-01
1.007849986950149601e+00
1.001157755961104900e+00
9.900040376460301772e-01
1.030157423580299048e+00
9.821964348254779154e-01
9.993731610306929580e-01
9.940193762394570198e-01
1.002496202158913885e+00
9.998193097632959159e-01
1.010526879345767570e+00
1.017219110334812493e+00
9.980347148328839735e-01
1.000488532862200408e+00
1.008073061316451247e+00
1.012088399909877978e+00
1.008742284415355739e+00
9.991500866643914236e-01
9.906732607449346695e-01
1.002273127792612240e+00
1.010973028078370639e+00
1.006065392019737770e+00
9.902271120123317116e-01
4.436949145736714950e-01
1.002719276525215308e+00
1.009188433147958586e+00
1.002719276525215308e+00
9.989270122980898892e-01
9.875502196167137425e-01
9.953578224372660044e-01
1.001826979060009393e+00
1.011642251177275131e+00
1.007403838217546754e+00
9.969193430013765234e-01
1.001380830327406324e+00
1.008965358781657162e+00
1.008742284415355739e+00
1.002050053426310816e+00
9.931270787742511041e-01
1.019003705265224324e+00
9.960270455361704967e-01
9.842041041221912812e-01
1.003611573990421224e+00
1.006511540752340617e+00
1.005396168920833277e+00
1.002719276525215308e+00
9.848733272210957734e-01
1.022572895126048209e+00
1.019896002730430462e+00
1.013649920473988608e+00
1.004726945821928785e+00
9.826425835580808732e-01
9.810810629939704652e-01
1.000042384129597339e+00
1.002050053426310816e+00
1.014765292305495947e+00
1.002719276525215308e+00
9.946885993383615121e-01
9.906732607449346695e-01
1.013203771741385539e+00
9.915655582101405852e-01
1.020119077096731885e+00
9.953578224372660044e-01
9.786272449646540306e-01
1.006065392019737770e+00
9.955808968035675388e-01
1.006511540752340617e+00
9.902271120123317116e-01
9.915655582101405852e-01
1.007403838217546754e+00
9.839810297558898577e-01
9.980347148328839735e-01
9.966962686350749889e-01
9.824195091917793388e-01
1.018334482166319832e+00
1.029265126115093132e+00
9.705965677778002343e-01
1.004726945821928785e+00
9.886655914482211926e-01
1.011419176810973486e+00
1.007626912583848178e+00
1.002273127792612240e+00
1.014319143572893100e+00
1.000934681594803477e+00
9.987039379317884658e-01
9.788503193309554540e-01
1.021903672027143717e+00
1.010303804979466147e+00
1.009634581880561655e+00
1.004950020188230209e+00
9.982577891991853969e-01
9.837579553895883233e-01
1.009188433147958586e+00
9.795195424298599463e-01
9.935732275068540620e-01
9.995962353969943814e-01
9.922347813090450774e-01
1.012534548642481047e+00
9.797426167961614807e-01
9.922347813090450774e-01
9.779580218657495383e-01
1.014319143572893100e+00
9.935732275068540620e-01
9.873271452504122081e-01
9.913424838438391618e-01
9.886655914482211926e-01
9.871040708841107847e-01
1.025249787521666178e+00
1.013203771741385539e+00
9.973654917339794812e-01
1.004726945821928785e+00
1.004280797089325716e+00
9.828656579243824076e-01
1.030157423580299048e+00
9.962501199024720311e-01
1.002496202158913885e+00
9.935732275068540620e-01
1.017442184701113916e+00
9.692581215799912497e-01
9.813041373602718886e-01
9.875502196167137425e-01
9.969193430013765234e-01
9.734965345397196268e-01

# time bin value
-1.000000000000000000e+02
-9.900000000000000000e+01
-9.800000000000000000e+01
-9.700000000000000000e+01
-9.600000000000000000e+01
-9.500000000000000000e+01
-9.400000000000000000e+01
-9.300000000000000000e+01
-9.200000000000000000e+01
-9.100000000000000000e+01
-9.000000000000000000e+01
-8.900000000000000000e+01
-8.800000000000000000e+01
-8.700000000000000000e+01
-8.600000000000000000e+01
-8.500000000000000000e+01
-8.400000000000000000e+01
-8.300000000000000000e+01
-8.200000000000000000e+01
-8.100000000000000000e+01
-8.000000000000000000e+01
-7.900000000000000000e+01
-7.800000000000000000e+01
-7.700000000000000000e+01
-7.600000000000000000e+01
-7.500000000000000000e+01
-7.400000000000000000e+01
-7.300000000000000000e+01
-7.200000000000000000e+01
-7.100000000000000000e+01
-7.000000000000000000e+01
-6.900000000000000000e+01
-6.800000000000000000e+01
-6.700000000000000000e+01
-6.600000000000000000e+01
-6.500000000000000000e+01
-6.400000000000000000e+01
-6.300000000000000000e+01
-6.200000000000000000e+01
-6.100000000000000000e+01
-6.000000000000000000e+01
-5.900000000000000000e+01
-5.800000000000000000e+01
-5.700000000000000000e+01
-5.600000000000000000e+01
-5.500000000000000000e+01
-5.400000000000000000e+01
-5.300000000000000000e+01
-5.200000000000000000e+01
-5.100000000000000000e+01
-5.000000000000000000e+01
-4.900000000000000000e+01
-4.800000000000000000e+01
-4.700000000000000000e+01
-4.600000000000000000e+01
-4.500000000000000000e+01
-4.400000000000000000e+01
-4.300000000000000000e+01
-4.200000000000000000e+01
-4.100000000000000000e+01
-4.000000000000000000e+01
-3.900000000000000000e+01
-3.800000000000000000e+01
-3.700000000000000000e+01
-3.600000000000000000e+01
-3.500000000000000000e+01
-3.400000000000000000e+01
-3.300000000000000000e+01
-3.200000000000000000e+01
-3.100000000000000000e+01
-3.000000000000000000e+01
-2.900000000000000000e+01
-2.800000000000000000e+01
-2.700000000000000000e+01
-2.600000000000000000e+01
-2.500000000000000000e+01
-2.400000000000000000e+01
-2.300000000000000000e+01
-2.200000000000000000e+01
-2.100000000000000000e+01
-2.000000000000000000e+01
-1.900000000000000000e+01
-1.800000000000000000e+01
-1.700000000000000000e+01
-1.600000000000000000e+01
-1.500000000000000000e+01
-1.400000000000000000e+01
-1.300000000000000000e+01
-1.200000000000000000e+01
-1.100000000000000000e+01
-1.000000000000000000e+01
-9.000000000000000000e+00
-8.000000000000000000e+00
-7.000000000000000000e+00
-6.000000000000000000e+00
-5.000000000000000000e+00
-4.000000000000000000e+00
-3.000000000000000000e+00
-2.000000000000000000e+00
-1.000000000000000000e+00
0.000000000000000000e+00
1.000000000000000000e+00
2.000000000000000000e+00
3.000000000000000000e+00
4.000000000000000000e+00
5.000000000000000000e+00
6.000000000000000000e+00
7.000000000000000000e+00
8.000000000000000000e+00
9.000000000000000000e+00
1.000000000000000000e+01
1.100000000000000000e+01
1.200000000000000000e+01
1.300000000000000000e+01
1.400000000000000000e+01
1.500000000000000000e+01
1.600000000000000000e+01
1.700000000000000000e+01
1.800000000000000000e+01
1.900000000000000000e+01
2.000000000000000000e+01
2.100000000000000000e+01
2.200000000000000000e+01
2.300000000000000000e+01
2.400000000000000000e+01
2.500000000000000000e+01
2.600000000000000000e+01
2.700000000000000000e+01
2.800000000000000000e+01
2.900000000000000000e+01
3.000000000000000000e+01
3.100000000000000000e+01
3.200000000000000000e+01
3.300000000000000000e+01
3.400000000000000000e+01
3.500000000000000000e+01
3.600000000000000000e+01
3.700000000000000000e+01
3.800000000000000000e+01
3.900000000000000000e+01
4.000000000000000000e+01
4.100000000000000000e+01
4.200000000000000000e+01
4.300000000000000000e+01
4.400000000000000000e+01
4.500000000000000000e+01
4.600000000000000000e+01
4.700000000000000000e+01
4.800000000000000000e+01
4.900000000000000000e+01
5.000000000000000000e+01
5.100000000000000000e+01
5.200000000000000000e+01
5.300000000000000000e+01
5.400000000000000000e+01
5.500000000000000000e+01
5.600000000000000000e+01
5.700000000000000000e+01
5.800000000000000000e+01
5.900000000000000000e+01
6.000000000000000000e+01
6.100000000000000000e+01
6.200000000000000000e+01
6.300000000000000000e+01
6.400000000000000000e+01
6.500000000000000000e+01
6.600000000000000000e+01
6.700000000000000000e+01
6.800000000000000000e+01
6.900000000000000000e+01
7.000000000000000000e+01
7.100000000000000000e+01
7.200000000000000000e+01
7.300000000000000000e+01
7.400000000000000000e+01
7.500000000000000000e+01
7.600000000000000000e+01
7.700000000000000000e+01
7.800000000000000000e+01
7.900000000000000000e+01
8.000000000000000000e+01
8.100000000000000000e+01
8.200000000000000000e+01
8.300000000000000000e+01
8.400000000000000000e+01
8.500000000000000000e+01
8.600000000000000000e+01
8.700000000000000000e+01
8.800000000000000000e+01
8.900000000000000000e+01
9.000000000000000000e+01
9.100000000000000000e+01
9.200000000000000000e+01
9.300000000000000000e+01
9.400000000000000000e+01
9.500000000000000000e+01
9.600000000000000000e+01
9.700000000000000000e+01
9.800000000000000000e+01
9.900000000000000000e+01
