single photon fraction:    0.6000
laser fraction:    0.2000
thermal source fraction:    0.1000
non-detected fraction:    0.1000
number of bins:  200.0000
bin width (ns):    1.0000
average detection events per bin: 5000.0000

# binary result
1.000000000000000000e+00

# g2 signal
9.900820640736761602e-01
1.028703078072491506e+00
9.927609783394899523e-01
9.874031498078623681e-01
9.686507499471659344e-01
1.002806906836291700e+00
9.891890926517382665e-01
1.008164735367919285e+00
1.007718249656950338e+00
1.002583663980807227e+00
9.938771926169123194e-01
9.974490783046641162e-01
1.015754992454391603e+00
9.994582640040243771e-01
1.001244206847900164e+00
1.021336063841503661e+00
9.858404498194710541e-01
1.023568492396348395e+00
9.853939641085021073e-01
1.020219849564081294e+00
1.013522563899546647e+00
9.978955640156330631e-01
1.016647963876329497e+00
1.017987421009236337e+00
9.932074640504588992e-01
1.005485821102105382e+00
9.661950785368366157e-01
1.021336063841503661e+00
1.005932306813074328e+00
9.753480356117003591e-01
1.000574478281446744e+00
1.022898763829894975e+00
9.909750354956140539e-01
1.013076078188577700e+00
9.860636926749555276e-01
9.809291069988124168e-01
1.010173921067279545e+00
9.927609783394899523e-01
9.990117782930554302e-01
1.007271763945981169e+00
1.011736621055670859e+00
1.019996606708596820e+00
9.824918069872038418e-01
1.021559306696988134e+00
1.012629592477608753e+00
1.003476635402745121e+00
1.012183106766639806e+00
1.004592849680167488e+00
9.918680069175520586e-01
1.001467449703384638e+00
9.715529070684641999e-01
9.847242355420485760e-01
9.874031498078623681e-01
1.005485821102105382e+00
1.005709063957589855e+00
1.015978235309876077e+00
1.009057706789857178e+00
9.849474783975330494e-01
1.008164735367919285e+00
9.876263926633468415e-01
1.019103635286658704e+00
1.016201478165360550e+00
9.849474783975330494e-01
1.004369606824683014e+00
9.963328640272416381e-01
1.004146363969198541e+00
1.009280949645341652e+00
9.903053069291606336e-01
1.000574478281446744e+00
1.001244206847900164e+00
1.016871206731813970e+00
1.013969049610515816e+00
9.949934068943347976e-01
9.992350211485399036e-01
1.002137178269838280e+00
9.802593784323589965e-01
1.003030149691776174e+00
9.804826212878434699e-01
9.849474783975330494e-01
1.010843649633732966e+00
1.009057706789857178e+00
9.983420497266020099e-01
9.802593784323589965e-01
1.001244206847900164e+00
9.925377354840054789e-01
9.668648071032900360e-01
9.798128927213900496e-01
1.019773363853112347e+00
1.021559306696988134e+00
9.831615355536572620e-01
1.010620406778248492e+00
1.017094449587298444e+00
1.015754992454391603e+00
9.929842211949744257e-01
1.012629592477608753e+00
1.003476635402745121e+00
1.008164735367919285e+00
1.017540935298267391e+00
1.021336063841503661e+00
1.021336063841503661e+00
4.478251681018702302e-01
1.023568492396348395e+00
9.947701640388503241e-01
9.994582640040243771e-01
9.983420497266020099e-01
1.004146363969198541e+00
1.007941492512434811e+00
1.012629592477608753e+00
1.010397163922764019e+00
1.006378792524043275e+00
9.936539497614278460e-01
1.035623606592510404e+00
9.914215212065831118e-01
1.022005792407957081e+00
1.021559306696988134e+00
1.017094449587298444e+00
9.983420497266020099e-01
1.001690692558869333e+00
9.947701640388503241e-01
9.820453212762348949e-01
1.008387978223403758e+00
1.019996606708596820e+00
9.911982783510986383e-01
1.011066892489217439e+00
9.822685641317193683e-01
9.878496355188313149e-01
9.943236783278813773e-01
9.958863783162726913e-01
9.965561068827261115e-01
1.008834463934372705e+00
9.903053069291606336e-01
1.015085263887938183e+00
9.958863783162726913e-01
9.851707212530176339e-01
1.018657149575689758e+00
9.858404498194710541e-01
1.016871206731813970e+00
9.822685641317193683e-01
1.016871206731813970e+00
9.869566640968934212e-01
9.947701640388503241e-01
1.025800920951193351e+00
9.898588212181916868e-01
1.020219849564081294e+00
9.916447640620675852e-01
1.011066892489217439e+00
9.898588212181916868e-01
9.885193640852848462e-01
9.586048214503642972e-01
9.996815068595088505e-01
1.029596049494429399e+00
9.941004354723969039e-01
9.762410070336383638e-01
9.784734355884830981e-01
1.005039335391136435e+00
1.015754992454391603e+00
1.024684706673770762e+00
9.934307069059433726e-01
9.771339784555762575e-01
9.985652925820864834e-01
1.024461463818286289e+00
9.784734355884830981e-01
9.818220784207503105e-01
9.920912497730365320e-01
9.949934068943347976e-01
9.746783070452469389e-01
9.974490783046641162e-01
9.871799069523778947e-01
1.008164735367919285e+00
1.009950678211795072e+00
9.947701640388503241e-01
9.813755927097813636e-01
1.004592849680167488e+00
1.019550120997627651e+00
1.019326878142143178e+00
1.016647963876329497e+00
9.840545069755951557e-01
1.015531749598907130e+00
9.961096211717571647e-01
1.006378792524043275e+00
1.037632792291870665e+00
1.008164735367919285e+00
1.023568492396348395e+00
1.011513378200186386e+00
1.000351235425962271e+00
9.874031498078623681e-01
9.934307069059433726e-01
1.017094449587298444e+00
9.947701640388503241e-01
1.012406349622124280e+00
1.012183106766639806e+00
9.929842211949744257e-01
1.013745806755031342e+00
1.022229035263441554e+00
9.898588212181916868e-01
1.003030149691776174e+00
1.007048521090496696e+00
1.000127992570477797e+00
1.015085263887938183e+00
1.000797721136931218e+00

# time bin value
-1.000000000000000000e+02
-9.900000000000000000e+01
-9.800000000000000000e+01
-9.700000000000000000e+01
-9.600000000000000000e+01
-9.500000000000000000e+01
-9.400000000000000000e+01
-9.300000000000000000e+01
-9.200000000000000000e+01
-9.100000000000000000e+01
-9.000000000000000000e+01
-8.900000000000000000e+01
-8.800000000000000000e+01
-8.700000000000000000e+01
-8.600000000000000000e+01
-8.500000000000000000e+01
-8.400000000000000000e+01
-8.300000000000000000e+01
-8.200000000000000000e+01
-8.100000000000000000e+01
-8.000000000000000000e+01
-7.900000000000000000e+01
-7.800000000000000000e+01
-7.700000000000000000e+01
-7.600000000000000000e+01
-7.500000000000000000e+01
-7.400000000000000000e+01
-7.300000000000000000e+01
-7.200000000000000000e+01
-7.100000000000000000e+01
-7.000000000000000000e+01
-6.900000000000000000e+01
-6.800000000000000000e+01
-6.700000000000000000e+01
-6.600000000000000000e+01
-6.500000000000000000e+01
-6.400000000000000000e+01
-6.300000000000000000e+01
-6.200000000000000000e+01
-6.100000000000000000e+01
-6.000000000000000000e+01
-5.900000000000000000e+01
-5.800000000000000000e+01
-5.700000000000000000e+01
-5.600000000000000000e+01
-5.500000000000000000e+01
-5.400000000000000000e+01
-5.300000000000000000e+01
-5.200000000000000000e+01
-5.100000000000000000e+01
-5.000000000000000000e+01
-4.900000000000000000e+01
-4.800000000000000000e+01
-4.700000000000000000e+01
-4.600000000000000000e+01
-4.500000000000000000e+01
-4.400000000000000000e+01
-4.300000000000000000e+01
-4.200000000000000000e+01
-4.100000000000000000e+01
-4.000000000000000000e+01
-3.900000000000000000e+01
-3.800000000000000000e+01
-3.700000000000000000e+01
-3.600000000000000000e+01
-3.500000000000000000e+01
-3.400000000000000000e+01
-3.300000000000000000e+01
-3.200000000000000000e+01
-3.100000000000000000e+01
-3.000000000000000000e+01
-2.900000000000000000e+01
-2.800000000000000000e+01
-2.700000000000000000e+01
-2.600000000000000000e+01
-2.500000000000000000e+01
-2.400000000000000000e+01
-2.300000000000000000e+01
-2.200000000000000000e+01
-2.100000000000000000e+01
-2.000000000000000000e+01
-1.900000000000000000e+01
-1.800000000000000000e+01
-1.700000000000000000e+01
-1.600000000000000000e+01
-1.500000000000000000e+01
-1.400000000000000000e+01
-1.300000000000000000e+01
-1.200000000000000000e+01
-1.100000000000000000e+01
-1.000000000000000000e+01
-9.000000000000000000e+00
-8.000000000000000000e+00
-7.000000000000000000e+00
-6.000000000000000000e+00
-5.000000000000000000e+00
-4.000000000000000000e+00
-3.000000000000000000e+00
-2.000000000000000000e+00
-1.000000000000000000e+00
0.000000000000000000e+00
1.000000000000000000e+00
2.000000000000000000e+00
3.000000000000000000e+00
4.000000000000000000e+00
5.000000000000000000e+00
6.000000000000000000e+00
7.000000000000000000e+00
8.000000000000000000e+00
9.000000000000000000e+00
1.000000000000000000e+01
1.100000000000000000e+01
1.200000000000000000e+01
1.300000000000000000e+01
1.400000000000000000e+01
1.500000000000000000e+01
1.600000000000000000e+01
1.700000000000000000e+01
1.800000000000000000e+01
1.900000000000000000e+01
2.000000000000000000e+01
2.100000000000000000e+01
2.200000000000000000e+01
2.300000000000000000e+01
2.400000000000000000e+01
2.500000000000000000e+01
2.600000000000000000e+01
2.700000000000000000e+01
2.800000000000000000e+01
2.900000000000000000e+01
3.000000000000000000e+01
3.100000000000000000e+01
3.200000000000000000e+01
3.300000000000000000e+01
3.400000000000000000e+01
3.500000000000000000e+01
3.600000000000000000e+01
3.700000000000000000e+01
3.800000000000000000e+01
3.900000000000000000e+01
4.000000000000000000e+01
4.100000000000000000e+01
4.200000000000000000e+01
4.300000000000000000e+01
4.400000000000000000e+01
4.500000000000000000e+01
4.600000000000000000e+01
4.700000000000000000e+01
4.800000000000000000e+01
4.900000000000000000e+01
5.000000000000000000e+01
5.100000000000000000e+01
5.200000000000000000e+01
5.300000000000000000e+01
5.400000000000000000e+01
5.500000000000000000e+01
5.600000000000000000e+01
5.700000000000000000e+01
5.800000000000000000e+01
5.900000000000000000e+01
6.000000000000000000e+01
6.100000000000000000e+01
6.200000000000000000e+01
6.300000000000000000e+01
6.400000000000000000e+01
6.500000000000000000e+01
6.600000000000000000e+01
6.700000000000000000e+01
6.800000000000000000e+01
6.900000000000000000e+01
7.000000000000000000e+01
7.100000000000000000e+01
7.200000000000000000e+01
7.300000000000000000e+01
7.400000000000000000e+01
7.500000000000000000e+01
7.600000000000000000e+01
7.700000000000000000e+01
7.800000000000000000e+01
7.900000000000000000e+01
8.000000000000000000e+01
8.100000000000000000e+01
8.200000000000000000e+01
8.300000000000000000e+01
8.400000000000000000e+01
8.500000000000000000e+01
8.600000000000000000e+01
8.700000000000000000e+01
8.800000000000000000e+01
8.900000000000000000e+01
9.000000000000000000e+01
9.100000000000000000e+01
9.200000000000000000e+01
9.300000000000000000e+01
9.400000000000000000e+01
9.500000000000000000e+01
9.600000000000000000e+01
9.700000000000000000e+01
9.800000000000000000e+01
9.900000000000000000e+01
