single photon fraction:    0.6000
laser fraction:    0.2000
thermal source fraction:    0.1000
non-detected fraction:    0.1000
number of bins:  200.0000
bin width (ns):    1.0000
average detection events per bin: 5000.0000

# binary result
1.000000000000000000e+00

# g2 signal
1.023871768641531288e+00
1.024540383205293725e+00
9.835320232945314878e-01
9.857607385070729089e-01
1.017631366046415353e+00
9.835320232945314878e-01
1.047050406851962157e+00
1.010722348887536981e+00
1.010276605845028541e+00
1.006264918462454139e+00
9.752857770081282407e-01
9.940069847934762670e-01
9.899952974109016424e-01
9.853149954645646913e-01
9.944527278359844846e-01
1.010722348887536981e+00
9.962357000060176881e-01
9.940069847934762670e-01
9.882123252408685499e-01
1.010276605845028541e+00
9.986872867398132181e-01
1.035461087746746722e+00
1.017408494525161133e+00
9.928926271872055009e-01
1.015848393876382261e+00
1.010499477366282761e+00
1.008047890632487231e+00
1.013173935621332511e+00
1.019637209737702666e+00
9.960128284847634683e-01
9.830862802520232702e-01
9.808575650394818490e-01
1.005819175419945699e+00
1.016071265397636258e+00
9.641422009454211350e-01
9.953442139210011419e-01
9.989101582610673269e-01
1.028329199066614130e+00
1.015402650833873821e+00
1.008493633674995449e+00
9.931154987084596097e-01
1.016739879961398696e+00
1.005373432377437481e+00
1.004036203249912607e+00
9.971271860910342344e-01
1.002921845643641952e+00
9.801889504757194116e-01
1.030335042757901443e+00
1.000470258909846422e+00
1.027660584502851693e+00
9.904410404534099710e-01
1.014734036270111606e+00
1.025431869290310383e+00
9.864293530708353464e-01
1.009830862802520324e+00
9.670395307217249936e-01
9.674852737642332112e-01
9.962357000060176881e-01
9.982415436973048894e-01
1.004036203249912607e+00
9.786288498269404279e-01
9.964585715272717970e-01
1.016739879961398696e+00
9.928926271872055009e-01
9.844235093795481450e-01
9.986872867398132181e-01
1.003590460207404389e+00
9.830862802520232702e-01
1.018522852131432010e+00
1.021865924950243976e+00
9.895495543683934248e-01
9.868750961133436750e-01
1.004927689334929264e+00
1.028329199066614130e+00
9.877665821983602212e-01
9.964585715272717970e-01
9.957899569635093595e-01
1.013396807142586731e+00
9.951213423997469221e-01
1.001361744994862857e+00
1.024986126247802165e+00
9.801889504757194116e-01
9.897724258896475336e-01
9.993559013035756555e-01
9.799660789544651918e-01
1.002476102601133734e+00
9.877665821983602212e-01
1.002030359558625294e+00
1.006264918462454139e+00
9.982415436973048894e-01
9.877665821983602212e-01
9.998016443460839842e-01
1.020528695822719101e+00
1.001584616516117077e+00
1.019191466695194448e+00
1.005373432377437481e+00
9.808575650394818490e-01
1.015625522355128041e+00
9.933383702297138296e-01
9.799660789544651918e-01
4.515377020608929981e-01
9.833091517732773790e-01
1.009607991281266326e+00
1.005596303898691701e+00
1.010945220408790979e+00
9.895495543683934248e-01
1.010499477366282761e+00
9.973500576122883432e-01
9.917782695809348459e-01
1.018522852131432010e+00
9.917782695809348459e-01
1.026323355375326818e+00
9.743942909231116944e-01
9.810804365607359578e-01
1.000024515867337982e+00
9.824176656882608327e-01
9.957899569635093595e-01
9.928926271872055009e-01
9.888809398046309873e-01
9.797432074332110830e-01
1.009385119760012106e+00
9.850921239433105825e-01
1.030557914279155662e+00
1.016294136918890478e+00
1.021197310386481538e+00
9.915553980596806261e-01
1.013619678663840729e+00
1.007602147589979014e+00
1.004704817813675044e+00
1.003367588686150169e+00
1.022311667992752415e+00
1.012951064100078291e+00
9.980186721760507806e-01
9.899952974109016424e-01
9.953442139210011419e-01
9.759543915718906781e-01
1.004259074771166826e+00
1.014956907791365603e+00
9.893266828471392049e-01
1.038135546001796472e+00
1.015402650833873821e+00
9.884351967621226587e-01
1.013619678663840729e+00
1.006933533026216576e+00
9.837548948157857076e-01
1.025654740811564380e+00
1.013619678663840729e+00
9.835320232945314878e-01
9.913325265384265172e-01
1.007825019111233011e+00
1.003144717164896171e+00
9.886580682833767675e-01
1.007379276068724794e+00
1.010276605845028541e+00
9.989101582610673269e-01
9.886580682833767675e-01
9.797432074332110830e-01
1.008270762153741451e+00
1.002921845643641952e+00
1.012282449536315854e+00
9.920011411021889547e-01
9.859836100283271287e-01
1.001138873473608859e+00
9.933383702297138296e-01
1.004704817813675044e+00
1.000024515867337982e+00
1.008270762153741451e+00
1.006487789983708137e+00
1.008716505196249669e+00
9.931154987084596097e-01
9.989101582610673269e-01
9.995787728248297643e-01
9.875437106771061124e-01
9.982415436973048894e-01
9.966814430485259058e-01
9.779602352631779905e-01
9.862064815495812375e-01
1.003144717164896171e+00
9.982415436973048894e-01
9.764001346143990068e-01
1.012728192578824293e+00
9.870979676345977838e-01
9.911096550171724084e-01
1.000024515867337982e+00
1.015625522355128041e+00
1.011613834972553416e+00
1.016071265397636258e+00
1.006487789983708137e+00
1.036798316874271597e+00
9.478725798938687497e-01
9.975729291335425630e-01
9.879894537196143300e-01
1.011168091930045199e+00
1.005373432377437481e+00
1.002030359558625294e+00
1.003590460207404389e+00
1.000024515867337982e+00
1.013842550185094948e+00
9.837548948157857076e-01
1.004704817813675044e+00

# time bin value
-1.000000000000000000e+02
-9.900000000000000000e+01
-9.800000000000000000e+01
-9.700000000000000000e+01
-9.600000000000000000e+01
-9.500000000000000000e+01
-9.400000000000000000e+01
-9.300000000000000000e+01
-9.200000000000000000e+01
-9.100000000000000000e+01
-9.000000000000000000e+01
-8.900000000000000000e+01
-8.800000000000000000e+01
-8.700000000000000000e+01
-8.600000000000000000e+01
-8.500000000000000000e+01
-8.400000000000000000e+01
-8.300000000000000000e+01
-8.200000000000000000e+01
-8.100000000000000000e+01
-8.000000000000000000e+01
-7.900000000000000000e+01
-7.800000000000000000e+01
-7.700000000000000000e+01
-7.600000000000000000e+01
-7.500000000000000000e+01
-7.400000000000000000e+01
-7.300000000000000000e+01
-7.200000000000000000e+01
-7.100000000000000000e+01
-7.000000000000000000e+01
-6.900000000000000000e+01
-6.800000000000000000e+01
-6.700000000000000000e+01
-6.600000000000000000e+01
-6.500000000000000000e+01
-6.400000000000000000e+01
-6.300000000000000000e+01
-6.200000000000000000e+01
-6.100000000000000000e+01
-6.000000000000000000e+01
-5.900000000000000000e+01
-5.800000000000000000e+01
-5.700000000000000000e+01
-5.600000000000000000e+01
-5.500000000000000000e+01
-5.400000000000000000e+01
-5.300000000000000000e+01
-5.200000000000000000e+01
-5.100000000000000000e+01
-5.000000000000000000e+01
-4.900000000000000000e+01
-4.800000000000000000e+01
-4.700000000000000000e+01
-4.600000000000000000e+01
-4.500000000000000000e+01
-4.400000000000000000e+01
-4.300000000000000000e+01
-4.200000000000000000e+01
-4.100000000000000000e+01
-4.000000000000000000e+01
-3.900000000000000000e+01
-3.800000000000000000e+01
-3.700000000000000000e+01
-3.600000000000000000e+01
-3.500000000000000000e+01
-3.400000000000000000e+01
-3.300000000000000000e+01
-3.200000000000000000e+01
-3.100000000000000000e+01
-3.000000000000000000e+01
-2.900000000000000000e+01
-2.800000000000000000e+01
-2.700000000000000000e+01
-2.600000000000000000e+01
-2.500000000000000000e+01
-2.400000000000000000e+01
-2.300000000000000000e+01
-2.200000000000000000e+01
-2.100000000000000000e+01
-2.000000000000000000e+01
-1.900000000000000000e+01
-1.800000000000000000e+01
-1.700000000000000000e+01
-1.600000000000000000e+01
-1.500000000000000000e+01
-1.400000000000000000e+01
-1.300000000000000000e+01
-1.200000000000000000e+01
-1.100000000000000000e+01
-1.000000000000000000e+01
-9.000000000000000000e+00
-8.000000000000000000e+00
-7.000000000000000000e+00
-6.000000000000000000e+00
-5.000000000000000000e+00
-4.000000000000000000e+00
-3.000000000000000000e+00
-2.000000000000000000e+00
-1.000000000000000000e+00
0.000000000000000000e+00
1.000000000000000000e+00
2.000000000000000000e+00
3.000000000000000000e+00
4.000000000000000000e+00
5.000000000000000000e+00
6.000000000000000000e+00
7.000000000000000000e+00
8.000000000000000000e+00
9.000000000000000000e+00
1.000000000000000000e+01
1.100000000000000000e+01
1.200000000000000000e+01
1.300000000000000000e+01
1.400000000000000000e+01
1.500000000000000000e+01
1.600000000000000000e+01
1.700000000000000000e+01
1.800000000000000000e+01
1.900000000000000000e+01
2.000000000000000000e+01
2.100000000000000000e+01
2.200000000000000000e+01
2.300000000000000000e+01
2.400000000000000000e+01
2.500000000000000000e+01
2.600000000000000000e+01
2.700000000000000000e+01
2.800000000000000000e+01
2.900000000000000000e+01
3.000000000000000000e+01
3.100000000000000000e+01
3.200000000000000000e+01
3.300000000000000000e+01
3.400000000000000000e+01
3.500000000000000000e+01
3.600000000000000000e+01
3.700000000000000000e+01
3.800000000000000000e+01
3.900000000000000000e+01
4.000000000000000000e+01
4.100000000000000000e+01
4.200000000000000000e+01
4.300000000000000000e+01
4.400000000000000000e+01
4.500000000000000000e+01
4.600000000000000000e+01
4.700000000000000000e+01
4.800000000000000000e+01
4.900000000000000000e+01
5.000000000000000000e+01
5.100000000000000000e+01
5.200000000000000000e+01
5.300000000000000000e+01
5.400000000000000000e+01
5.500000000000000000e+01
5.600000000000000000e+01
5.700000000000000000e+01
5.800000000000000000e+01
5.900000000000000000e+01
6.000000000000000000e+01
6.100000000000000000e+01
6.200000000000000000e+01
6.300000000000000000e+01
6.400000000000000000e+01
6.500000000000000000e+01
6.600000000000000000e+01
6.700000000000000000e+01
6.800000000000000000e+01
6.900000000000000000e+01
7.000000000000000000e+01
7.100000000000000000e+01
7.200000000000000000e+01
7.300000000000000000e+01
7.400000000000000000e+01
7.500000000000000000e+01
7.600000000000000000e+01
7.700000000000000000e+01
7.800000000000000000e+01
7.900000000000000000e+01
8.000000000000000000e+01
8.100000000000000000e+01
8.200000000000000000e+01
8.300000000000000000e+01
8.400000000000000000e+01
8.500000000000000000e+01
8.600000000000000000e+01
8.700000000000000000e+01
8.800000000000000000e+01
8.900000000000000000e+01
9.000000000000000000e+01
9.100000000000000000e+01
9.200000000000000000e+01
9.300000000000000000e+01
9.400000000000000000e+01
9.500000000000000000e+01
9.600000000000000000e+01
9.700000000000000000e+01
9.800000000000000000e+01
9.900000000000000000e+01
