single photon fraction:    0.6000
laser fraction:    0.2000
thermal source fraction:    0.1000
non-detected fraction:    0.1000
number of bins:  200.0000
bin width (ns):    1.0000
average detection events per bin: 5000.0000

# binary result
1.000000000000000000e+00

# g2 signal
1.012612261329566943e+00
1.022434778855691340e+00
1.011942544225512997e+00
1.004129178011550216e+00
9.922975091732638697e-01
1.001673548630019006e+00
9.751081035025458421e-01
1.005691851254342684e+00
9.849306210286704610e-01
9.820285135777699903e-01
9.574722197624586650e-01
1.001003831525965060e+00
9.710898008782221646e-01
1.019532671404790980e+00
9.905115968957866057e-01
9.965390508322721219e-01
1.016853802988575195e+00
1.004352417046234791e+00
9.880559675142555065e-01
1.007701002566504522e+00
9.885024455836247670e-01
1.001673548630019006e+00
1.015514368780467302e+00
1.039400945491724793e+00
1.008817197739927840e+00
1.006808046427766001e+00
1.025783364375961071e+00
9.797961232309234658e-01
1.007924241601189319e+00
9.786799280575002591e-01
1.011049588086774254e+00
1.009263675809297212e+00
1.000334114421911114e+00
9.918510311038944982e-01
9.945298995201102832e-01
9.936369433813717622e-01
1.008147480635873894e+00
9.614905223867823425e-01
9.780102109534463128e-01
1.015960846849836674e+00
1.010379870982720307e+00
1.021541822716952819e+00
1.014844651676413356e+00
1.008370719670558469e+00
1.008817197739927840e+00
9.902883578611020310e-01
1.004798895115604163e+00
9.876094894448862460e-01
1.030917862173708066e+00
1.018862954300737034e+00
1.010379870982720307e+00
1.003459460907496270e+00
9.994411582831725926e-01
9.949763775894796547e-01
9.885024455836247670e-01
1.000780592491280485e+00
9.956460946935336009e-01
1.011049588086774254e+00
1.016853802988575195e+00
9.945298995201102832e-01
9.755545815719152136e-01
1.001896787664703803e+00
1.025560125341276496e+00
1.012165783260197571e+00
1.006138329323712055e+00
9.641693908029981275e-01
9.896186407570480847e-01
1.006361568358396630e+00
9.945298995201102832e-01
1.021541822716952819e+00
9.900651188264173452e-01
9.880559675142555065e-01
9.938601824160563369e-01
9.929672262773178160e-01
1.000780592491280485e+00
1.001673548630019006e+00
1.006808046427766001e+00
1.028908710861546227e+00
9.862700552367783535e-01
9.806890793696620978e-01
1.017300281057944566e+00
1.010826349052089679e+00
9.954228556588489152e-01
1.005915090289027480e+00
1.025783364375961071e+00
1.023327734994430083e+00
1.003905938976865642e+00
9.791264061268695196e-01
9.777869719187616271e-01
1.013728456502990039e+00
1.011049588086774254e+00
1.006138329323712055e+00
1.000334114421911114e+00
1.026229842445330442e+00
1.011272827121459050e+00
9.911813139998405520e-01
9.951996166241642294e-01
1.006584807393081427e+00
9.992179192484879069e-01
9.831447087511931970e-01
4.484872206814594087e-01
1.035829120936770265e+00
9.902883578611020310e-01
9.951996166241642294e-01
9.951996166241642294e-01
9.831447087511931970e-01
9.967622898669568077e-01
9.994411582831725926e-01
1.009263675809297212e+00
1.011942544225512997e+00
1.007477763531819948e+00
1.016407324919205823e+00
1.012612261329566943e+00
9.898418797917326595e-01
1.015514368780467302e+00
1.010603110017405104e+00
1.025336886306591921e+00
1.030471384104338695e+00
9.818052745430853046e-01
1.012165783260197571e+00
1.001896787664703803e+00
1.012165783260197571e+00
1.004129178011550216e+00
1.011049588086774254e+00
1.023550974029114657e+00
1.008593958705243265e+00
9.880559675142555065e-01
1.022434778855691340e+00
1.016184085884521249e+00
1.001003831525965060e+00
9.735454302597533749e-01
1.003905938976865642e+00
9.844841429593010895e-01
1.006584807393081427e+00
1.004575656080919588e+00
9.844841429593010895e-01
1.012389022294882146e+00
9.902883578611020310e-01
1.029355188930915599e+00
1.005245373184973534e+00
1.018193237196683087e+00
9.954228556588489152e-01
1.040740379699832685e+00
9.804658403349774121e-01
1.044088965220102416e+00
1.011942544225512997e+00
1.009263675809297212e+00
1.001227070560649857e+00
9.867165333061476140e-01
1.011496066156143625e+00
1.016630563953890620e+00
1.031810818312446587e+00
1.001673548630019006e+00
1.016184085884521249e+00
9.956460946935336009e-01
9.869397723408322998e-01
9.793496451615542053e-01
9.878327284795708207e-01
1.000557353456595910e+00
1.016630563953890620e+00
9.869397723408322998e-01
1.001450309595334431e+00
1.019086193335421608e+00
9.920742701385791840e-01
9.896186407570480847e-01
1.023104495959745286e+00
1.012165783260197571e+00
9.813587964737160441e-01
1.001003831525965060e+00
1.007477763531819948e+00
9.911813139998405520e-01
9.672947372885831729e-01
9.898418797917326595e-01
1.006361568358396630e+00
9.764475377106537346e-01
1.004352417046234791e+00
1.023104495959745286e+00
1.002120026699388378e+00
9.851538600633550358e-01
1.000557353456595910e+00
9.900651188264173452e-01
9.918510311038944982e-01
1.022658017890376136e+00
1.019979149474160351e+00
1.001227070560649857e+00
9.949763775894796547e-01
9.887256846183094527e-01
1.015737607815151877e+00
9.920742701385791840e-01
1.005691851254342684e+00
9.925207482079484445e-01
1.018193237196683087e+00
9.851538600633550358e-01
1.019532671404790980e+00
9.927439872426331302e-01
1.005915090289027480e+00
1.002566504768757749e+00
1.007031285462450576e+00
9.710898008782221646e-01
9.916277920692099235e-01

# time bin value
-1.000000000000000000e+02
-9.900000000000000000e+01
-9.800000000000000000e+01
-9.700000000000000000e+01
-9.600000000000000000e+01
-9.500000000000000000e+01
-9.400000000000000000e+01
-9.300000000000000000e+01
-9.200000000000000000e+01
-9.100000000000000000e+01
-9.000000000000000000e+01
-8.900000000000000000e+01
-8.800000000000000000e+01
-8.700000000000000000e+01
-8.600000000000000000e+01
-8.500000000000000000e+01
-8.400000000000000000e+01
-8.300000000000000000e+01
-8.200000000000000000e+01
-8.100000000000000000e+01
-8.000000000000000000e+01
-7.900000000000000000e+01
-7.800000000000000000e+01
-7.700000000000000000e+01
-7.600000000000000000e+01
-7.500000000000000000e+01
-7.400000000000000000e+01
-7.300000000000000000e+01
-7.200000000000000000e+01
-7.100000000000000000e+01
-7.000000000000000000e+01
-6.900000000000000000e+01
-6.800000000000000000e+01
-6.700000000000000000e+01
-6.600000000000000000e+01
-6.500000000000000000e+01
-6.400000000000000000e+01
-6.300000000000000000e+01
-6.200000000000000000e+01
-6.100000000000000000e+01
-6.000000000000000000e+01
-5.900000000000000000e+01
-5.800000000000000000e+01
-5.700000000000000000e+01
-5.600000000000000000e+01
-5.500000000000000000e+01
-5.400000000000000000e+01
-5.300000000000000000e+01
-5.200000000000000000e+01
-5.100000000000000000e+01
-5.000000000000000000e+01
-4.900000000000000000e+01
-4.800000000000000000e+01
-4.700000000000000000e+01
-4.600000000000000000e+01
-4.500000000000000000e+01
-4.400000000000000000e+01
-4.300000000000000000e+01
-4.200000000000000000e+01
-4.100000000000000000e+01
-4.000000000000000000e+01
-3.900000000000000000e+01
-3.800000000000000000e+01
-3.700000000000000000e+01
-3.600000000000000000e+01
-3.500000000000000000e+01
-3.400000000000000000e+01
-3.300000000000000000e+01
-3.200000000000000000e+01
-3.100000000000000000e+01
-3.000000000000000000e+01
-2.900000000000000000e+01
-2.800000000000000000e+01
-2.700000000000000000e+01
-2.600000000000000000e+01
-2.500000000000000000e+01
-2.400000000000000000e+01
-2.300000000000000000e+01
-2.200000000000000000e+01
-2.100000000000000000e+01
-2.000000000000000000e+01
-1.900000000000000000e+01
-1.800000000000000000e+01
-1.700000000000000000e+01
-1.600000000000000000e+01
-1.500000000000000000e+01
-1.400000000000000000e+01
-1.300000000000000000e+01
-1.200000000000000000e+01
-1.100000000000000000e+01
-1.000000000000000000e+01
-9.000000000000000000e+00
-8.000000000000000000e+00
-7.000000000000000000e+00
-6.000000000000000000e+00
-5.000000000000000000e+00
-4.000000000000000000e+00
-3.000000000000000000e+00
-2.000000000000000000e+00
-1.000000000000000000e+00
0.000000000000000000e+00
1.000000000000000000e+00
2.000000000000000000e+00
3.000000000000000000e+00
4.000000000000000000e+00
5.000000000000000000e+00
6.000000000000000000e+00
7.000000000000000000e+00
8.000000000000000000e+00
9.000000000000000000e+00
1.000000000000000000e+01
1.100000000000000000e+01
1.200000000000000000e+01
1.300000000000000000e+01
1.400000000000000000e+01
1.500000000000000000e+01
1.600000000000000000e+01
1.700000000000000000e+01
1.800000000000000000e+01
1.900000000000000000e+01
2.000000000000000000e+01
2.100000000000000000e+01
2.200000000000000000e+01
2.300000000000000000e+01
2.400000000000000000e+01
2.500000000000000000e+01
2.600000000000000000e+01
2.700000000000000000e+01
2.800000000000000000e+01
2.900000000000000000e+01
3.000000000000000000e+01
3.100000000000000000e+01
3.200000000000000000e+01
3.300000000000000000e+01
3.400000000000000000e+01
3.500000000000000000e+01
3.600000000000000000e+01
3.700000000000000000e+01
3.800000000000000000e+01
3.900000000000000000e+01
4.000000000000000000e+01
4.100000000000000000e+01
4.200000000000000000e+01
4.300000000000000000e+01
4.400000000000000000e+01
4.500000000000000000e+01
4.600000000000000000e+01
4.700000000000000000e+01
4.800000000000000000e+01
4.900000000000000000e+01
5.000000000000000000e+01
5.100000000000000000e+01
5.200000000000000000e+01
5.300000000000000000e+01
5.400000000000000000e+01
5.500000000000000000e+01
5.600000000000000000e+01
5.700000000000000000e+01
5.800000000000000000e+01
5.900000000000000000e+01
6.000000000000000000e+01
6.100000000000000000e+01
6.200000000000000000e+01
6.300000000000000000e+01
6.400000000000000000e+01
6.500000000000000000e+01
6.600000000000000000e+01
6.700000000000000000e+01
6.800000000000000000e+01
6.900000000000000000e+01
7.000000000000000000e+01
7.100000000000000000e+01
7.200000000000000000e+01
7.300000000000000000e+01
7.400000000000000000e+01
7.500000000000000000e+01
7.600000000000000000e+01
7.700000000000000000e+01
7.800000000000000000e+01
7.900000000000000000e+01
8.000000000000000000e+01
8.100000000000000000e+01
8.200000000000000000e+01
8.300000000000000000e+01
8.400000000000000000e+01
8.500000000000000000e+01
8.600000000000000000e+01
8.700000000000000000e+01
8.800000000000000000e+01
8.900000000000000000e+01
9.000000000000000000e+01
9.100000000000000000e+01
9.200000000000000000e+01
9.300000000000000000e+01
9.400000000000000000e+01
9.500000000000000000e+01
9.600000000000000000e+01
9.700000000000000000e+01
9.800000000000000000e+01
9.900000000000000000e+01
