single photon fraction:    0.4000
laser fraction:    0.2000
thermal source fraction:    0.2000
non-detected fraction:    0.2000
number of bins:  200.0000
bin width (ns):    1.0000
average detection events per bin: 5000.0000

# binary result
0.000000000000000000e+00

# g2 signal
9.700082530718603380e-01
9.785545812927578524e-01
1.007461279686969746e+00
1.009723543039560356e+00
9.825763828084742579e-01
9.971554133029464362e-01
1.012739894176347688e+00
1.003439478171253452e+00
9.649810011772148588e-01
1.005953104118576080e+00
1.012739894176347688e+00
1.025810749102425978e+00
9.931336117872299196e-01
1.019275321639386833e+00
1.029078462833945773e+00
9.855927339452615898e-01
9.981608636818755098e-01
1.007209917092237506e+00
1.015504882718402779e+00
1.008466730065898931e+00
1.001931302602859786e+00
9.828277454032066096e-01
1.012488531581615447e+00
1.018772596449922352e+00
9.906199858399071800e-01
9.604564744720338609e-01
9.813195698348129437e-01
9.926308865977654383e-01
9.996690392502691758e-01
9.853413713505293492e-01
9.928822491924976790e-01
1.020783497207780499e+00
9.848386461610647569e-01
9.953958751398204186e-01
9.830791079979388503e-01
9.933849743819622713e-01
1.014750794934205835e+00
1.004696291144914655e+00
9.838331957821356832e-01
9.702596156665926896e-01
1.032346176565465345e+00
1.004444928550182414e+00
9.953958751398204186e-01
1.024302573534032312e+00
1.013996707150009113e+00
1.019023959044654593e+00
9.659864515561439324e-01
1.005199016334379358e+00
1.009220817850095653e+00
9.798113942664192777e-01
1.023045760560371109e+00
1.005953104118576080e+00
1.019778046828851314e+00
1.016258970502599501e+00
9.918767988135686053e-01
9.772977683190964271e-01
1.010728993418489319e+00
1.000171764439733657e+00
1.032346176565465345e+00
9.702596156665926896e-01
1.022543035370906406e+00
1.030335275807606976e+00
1.002685390387056508e+00
9.808168446453483513e-01
1.000423127034466120e+00
9.808168446453483513e-01
1.023297123155103350e+00
1.009472180444828115e+00
9.858440965399939415e-01
9.918767988135686053e-01
1.003188115576520989e+00
1.020783497207780499e+00
9.778004935085610194e-01
1.017767146070993167e+00
9.991663140608045834e-01
1.000674489629198360e+00
1.021788947586709684e+00
9.994176766555369351e-01
9.931336117872299196e-01
1.000925852223930601e+00
1.005701741523843840e+00
9.793086690769546854e-01
1.017515783476260927e+00
9.916254362188362537e-01
9.956472377345527702e-01
1.020280772018316018e+00
9.667405393403407654e-01
1.023045760560371109e+00
1.014248069744741354e+00
9.961499629240172515e-01
9.969040507082140845e-01
9.948931499503559372e-01
9.858440965399939415e-01
9.966526881134818439e-01
1.009220817850095653e+00
1.021537584991977443e+00
9.891118102715135141e-01
1.000423127034466120e+00
1.004696291144914655e+00
1.009220817850095653e+00
7.362410399708420039e-01
1.005450378929111599e+00
1.004193565955450174e+00
1.024553936128764775e+00
9.953958751398204186e-01
1.008466730065898931e+00
9.674946271245375984e-01
1.023548485749835590e+00
1.002936752981788748e+00
1.000925852223930601e+00
9.886090850820489218e-01
1.018018508665725408e+00
1.005953104118576080e+00
1.006455829308040784e+00
1.006958554497505265e+00
9.896145354609781064e-01
1.005953104118576080e+00
1.010226268229024837e+00
9.755382301559705205e-01
9.906199858399071800e-01
9.933849743819622713e-01
1.003942203360717933e+00
1.018018508665725408e+00
1.030838000997071680e+00
9.964013255187496032e-01
9.840845583768679239e-01
1.012488531581615447e+00
1.028073012455016588e+00
9.772977683190964271e-01
9.855927339452615898e-01
1.010477630823757078e+00
1.024051210939300072e+00
1.018772596449922352e+00
1.008215367471166690e+00
9.933849743819622713e-01
9.712650660455217633e-01
1.012488531581615447e+00
1.004947653739647118e+00
1.004444928550182414e+00
1.022291672776174165e+00
1.018018508665725408e+00
9.953958751398204186e-01
9.752868675612382798e-01
1.036619340675914103e+00
1.015504882718402779e+00
9.823250202137420173e-01
9.971554133029464362e-01
1.003690840765985692e+00
9.780518561032932601e-01
9.896145354609781064e-01
9.994176766555369351e-01
1.017264420881528686e+00
1.022291672776174165e+00
9.896145354609781064e-01
1.003942203360717933e+00
9.981608636818755098e-01
9.989149514660723428e-01
1.007461279686969746e+00
9.762923179401673535e-01
1.000171764439733657e+00
9.803141194558837590e-01
1.008466730065898931e+00
1.010980356013221781e+00
1.029329825428678014e+00
9.825763828084742579e-01
1.007712642281701987e+00
1.010980356013221781e+00
1.003942203360717933e+00
1.026062111697158441e+00
9.974067758976786768e-01
9.964013255187496032e-01
1.028827100239213310e+00
1.000423127034466120e+00
9.737786919928446139e-01
1.007964004876434450e+00
9.881063598925844405e-01
1.006958554497505265e+00
1.002936752981788748e+00
1.000674489629198360e+00
9.830791079979388503e-01
1.012739894176347688e+00
1.033351626944394530e+00
1.007964004876434450e+00
9.901172606504425877e-01
1.008969455255363412e+00
1.004193565955450174e+00
1.012991256771079929e+00
1.016761695692063983e+00
1.020783497207780499e+00
9.795600316716869260e-01
1.009472180444828115e+00
1.020280772018316018e+00
1.014248069744741354e+00
9.840845583768679239e-01
9.795600316716869260e-01
1.025308023912961497e+00
1.011483081202686263e+00
9.881063598925844405e-01
9.931336117872299196e-01
9.961499629240172515e-01

# time bin value
-1.000000000000000000e+02
-9.900000000000000000e+01
-9.800000000000000000e+01
-9.700000000000000000e+01
-9.600000000000000000e+01
-9.500000000000000000e+01
-9.400000000000000000e+01
-9.300000000000000000e+01
-9.200000000000000000e+01
-9.100000000000000000e+01
-9.000000000000000000e+01
-8.900000000000000000e+01
-8.800000000000000000e+01
-8.700000000000000000e+01
-8.600000000000000000e+01
-8.500000000000000000e+01
-8.400000000000000000e+01
-8.300000000000000000e+01
-8.200000000000000000e+01
-8.100000000000000000e+01
-8.000000000000000000e+01
-7.900000000000000000e+01
-7.800000000000000000e+01
-7.700000000000000000e+01
-7.600000000000000000e+01
-7.500000000000000000e+01
-7.400000000000000000e+01
-7.300000000000000000e+01
-7.200000000000000000e+01
-7.100000000000000000e+01
-7.000000000000000000e+01
-6.900000000000000000e+01
-6.800000000000000000e+01
-6.700000000000000000e+01
-6.600000000000000000e+01
-6.500000000000000000e+01
-6.400000000000000000e+01
-6.300000000000000000e+01
-6.200000000000000000e+01
-6.100000000000000000e+01
-6.000000000000000000e+01
-5.900000000000000000e+01
-5.800000000000000000e+01
-5.700000000000000000e+01
-5.600000000000000000e+01
-5.500000000000000000e+01
-5.400000000000000000e+01
-5.300000000000000000e+01
-5.200000000000000000e+01
-5.100000000000000000e+01
-5.000000000000000000e+01
-4.900000000000000000e+01
-4.800000000000000000e+01
-4.700000000000000000e+01
-4.600000000000000000e+01
-4.500000000000000000e+01
-4.400000000000000000e+01
-4.300000000000000000e+01
-4.200000000000000000e+01
-4.100000000000000000e+01
-4.000000000000000000e+01
-3.900000000000000000e+01
-3.800000000000000000e+01
-3.700000000000000000e+01
-3.600000000000000000e+01
-3.500000000000000000e+01
-3.400000000000000000e+01
-3.300000000000000000e+01
-3.200000000000000000e+01
-3.100000000000000000e+01
-3.000000000000000000e+01
-2.900000000000000000e+01
-2.800000000000000000e+01
-2.700000000000000000e+01
-2.600000000000000000e+01
-2.500000000000000000e+01
-2.400000000000000000e+01
-2.300000000000000000e+01
-2.200000000000000000e+01
-2.100000000000000000e+01
-2.000000000000000000e+01
-1.900000000000000000e+01
-1.800000000000000000e+01
-1.700000000000000000e+01
-1.600000000000000000e+01
-1.500000000000000000e+01
-1.400000000000000000e+01
-1.300000000000000000e+01
-1.200000000000000000e+01
-1.100000000000000000e+01
-1.000000000000000000e+01
-9.000000000000000000e+00
-8.000000000000000000e+00
-7.000000000000000000e+00
-6.000000000000000000e+00
-5.000000000000000000e+00
-4.000000000000000000e+00
-3.000000000000000000e+00
-2.000000000000000000e+00
-1.000000000000000000e+00
0.000000000000000000e+00
1.000000000000000000e+00
2.000000000000000000e+00
3.000000000000000000e+00
4.000000000000000000e+00
5.000000000000000000e+00
6.000000000000000000e+00
7.000000000000000000e+00
8.000000000000000000e+00
9.000000000000000000e+00
1.000000000000000000e+01
1.100000000000000000e+01
1.200000000000000000e+01
1.300000000000000000e+01
1.400000000000000000e+01
1.500000000000000000e+01
1.600000000000000000e+01
1.700000000000000000e+01
1.800000000000000000e+01
1.900000000000000000e+01
2.000000000000000000e+01
2.100000000000000000e+01
2.200000000000000000e+01
2.300000000000000000e+01
2.400000000000000000e+01
2.500000000000000000e+01
2.600000000000000000e+01
2.700000000000000000e+01
2.800000000000000000e+01
2.900000000000000000e+01
3.000000000000000000e+01
3.100000000000000000e+01
3.200000000000000000e+01
3.300000000000000000e+01
3.400000000000000000e+01
3.500000000000000000e+01
3.600000000000000000e+01
3.700000000000000000e+01
3.800000000000000000e+01
3.900000000000000000e+01
4.000000000000000000e+01
4.100000000000000000e+01
4.200000000000000000e+01
4.300000000000000000e+01
4.400000000000000000e+01
4.500000000000000000e+01
4.600000000000000000e+01
4.700000000000000000e+01
4.800000000000000000e+01
4.900000000000000000e+01
5.000000000000000000e+01
5.100000000000000000e+01
5.200000000000000000e+01
5.300000000000000000e+01
5.400000000000000000e+01
5.500000000000000000e+01
5.600000000000000000e+01
5.700000000000000000e+01
5.800000000000000000e+01
5.900000000000000000e+01
6.000000000000000000e+01
6.100000000000000000e+01
6.200000000000000000e+01
6.300000000000000000e+01
6.400000000000000000e+01
6.500000000000000000e+01
6.600000000000000000e+01
6.700000000000000000e+01
6.800000000000000000e+01
6.900000000000000000e+01
7.000000000000000000e+01
7.100000000000000000e+01
7.200000000000000000e+01
7.300000000000000000e+01
7.400000000000000000e+01
7.500000000000000000e+01
7.600000000000000000e+01
7.700000000000000000e+01
7.800000000000000000e+01
7.900000000000000000e+01
8.000000000000000000e+01
8.100000000000000000e+01
8.200000000000000000e+01
8.300000000000000000e+01
8.400000000000000000e+01
8.500000000000000000e+01
8.600000000000000000e+01
8.700000000000000000e+01
8.800000000000000000e+01
8.900000000000000000e+01
9.000000000000000000e+01
9.100000000000000000e+01
9.200000000000000000e+01
9.300000000000000000e+01
9.400000000000000000e+01
9.500000000000000000e+01
9.600000000000000000e+01
9.700000000000000000e+01
9.800000000000000000e+01
9.900000000000000000e+01
