single photon fraction:    0.4000
laser fraction:    0.2000
thermal source fraction:    0.2000
non-detected fraction:    0.2000
number of bins:  200.0000
bin width (ns):    1.0000
average detection events per bin: 5000.0000

# binary result
0.000000000000000000e+00

# g2 signal
9.890363995556248344e-01
9.955713287521804622e-01
9.616399656162186727e-01
1.010903278021022311e+00
9.915498338619923580e-01
9.794853491914281562e-01
9.948172984602701163e-01
1.034529560500877299e+00
9.880310258330777806e-01
9.872769955411675458e-01
9.958226721828171701e-01
9.822501269284324987e-01
1.009646560867838661e+00
9.840095309428897874e-01
1.025732540428590855e+00
1.006127752838924083e+00
9.915498338619923580e-01
1.008138500284018191e+00
9.995928236423684554e-01
1.037042994807244822e+00
1.007384469992107734e+00
9.918011772926291769e-01
9.950686418909069353e-01
9.945659550296334084e-01
9.711910159804153508e-01
9.644047433532230151e-01
1.024727166706043802e+00
1.008138500284018191e+00
9.852662480960735492e-01
9.953199853215436432e-01
9.880310258330777806e-01
1.019197611232035339e+00
9.885337126943513075e-01
1.011405964882295949e+00
1.016684176925667815e+00
1.000849540795552217e+00
1.020202984954582170e+00
1.001603571087462452e+00
1.025481196997954036e+00
9.983361064891846937e-01
9.897904298475350693e-01
1.029000005026868614e+00
9.802393794833385021e-01
1.025229853567317440e+00
1.019951641523945574e+00
1.009143874006565023e+00
9.890363995556248344e-01
9.892877429862615424e-01
1.001854914518099271e+00
1.010903278021022311e+00
9.958226721828171701e-01
9.681748948127743004e-01
1.033272843347693426e+00
1.027240601012411325e+00
1.005373722547013848e+00
9.938119247377231735e-01
1.006379096269560902e+00
1.006881783130834318e+00
1.012159995174206184e+00
1.032518813055783191e+00
1.032770156486420010e+00
1.004368348824466795e+00
9.923038641539025928e-01
1.030759409041325902e+00
9.975820761972744588e-01
9.963253590440906970e-01
9.762178845931503979e-01
1.008389843714654788e+00
9.970793893360009319e-01
1.027491944443048144e+00
9.872769955411675458e-01
1.019700298093308755e+00
1.027994631304321560e+00
1.010149247729112076e+00
1.004117005393829976e+00
9.902931167088085962e-01
9.900417732781718883e-01
1.015176116341847123e+00
9.706883291191418239e-01
1.004117005393829976e+00
1.025229853567317440e+00
1.000849540795552217e+00
1.014673429480573708e+00
1.016935520356304412e+00
1.009646560867838661e+00
1.011405964882295949e+00
9.729504199948726395e-01
9.628966827694024344e-01
9.970793893360009319e-01
1.000346853934278801e+00
9.887850561249881265e-01
9.985874499198215126e-01
1.013668055758026654e+00
9.907958035700821231e-01
9.822501269284324987e-01
9.915498338619923580e-01
9.855175915267102571e-01
1.017438207217578050e+00
1.008892530575928426e+00
9.978334196279111667e-01
7.620732816906364837e-01
1.005373722547013848e+00
1.006881783130834318e+00
1.004619692255103613e+00
1.013165368896753238e+00
9.679235513821375925e-01
9.875283389718043647e-01
9.872769955411675458e-01
1.002860288240646325e+00
9.656614605064067769e-01
1.004368348824466795e+00
9.990901367810949285e-01
1.017940894078851466e+00
1.000849540795552217e+00
1.022967762691586513e+00
1.007635813422744553e+00
9.945659550296334084e-01
1.013668055758026654e+00
9.923038641539025928e-01
9.923038641539025928e-01
1.002860288240646325e+00
1.015427459772483942e+00
1.005876409408287264e+00
1.015678803203120761e+00
1.009143874006565023e+00
1.008389843714654788e+00
1.017940894078851466e+00
1.024475823275406983e+00
1.011908651743569365e+00
1.001100884226189036e+00
1.024727166706043802e+00
1.011154621451659130e+00
9.784799754688812135e-01
1.033272843347693426e+00
1.025983883859227674e+00
1.016935520356304412e+00
9.880310258330777806e-01
9.500781678069281089e-01
1.005625065977650667e+00
1.018694924370761701e+00
9.948172984602701163e-01
9.782286320382443945e-01
1.011405964882295949e+00
1.009143874006565023e+00
9.940632681683598815e-01
9.958226721828171701e-01
1.021711045538402862e+00
9.782286320382443945e-01
9.867743086798940189e-01
1.011908651743569365e+00
1.007133126561471137e+00
9.875283389718043647e-01
9.676722079515007735e-01
1.018192237509488285e+00
9.709396725497786429e-01
9.915498338619923580e-01
9.885337126943513075e-01
9.784799754688812135e-01
1.005625065977650667e+00
1.001603571087462452e+00
9.907958035700821231e-01
9.943146115989967004e-01
1.005876409408287264e+00
1.013165368896753238e+00
1.022967762691586513e+00
9.975820761972744588e-01
9.764692280237872168e-01
1.015930146633757358e+00
1.017940894078851466e+00
1.017689550648214647e+00
1.007635813422744553e+00
1.005373722547013848e+00
1.006127752838924083e+00
1.008138500284018191e+00
9.890363995556248344e-01
1.018443580940125104e+00
9.935605813070863546e-01
1.002860288240646325e+00
9.877796824024410727e-01
9.729504199948726395e-01
1.003111631671283144e+00
9.855175915267102571e-01
9.882823692637145996e-01
9.865229652492573109e-01
1.002357601379372687e+00
9.920525207232658849e-01
9.769719148850606327e-01
1.021459702107766043e+00
9.752125108706034551e-01
9.827528137897060256e-01
9.855175915267102571e-01
9.812447532058854449e-01
1.016432833495030996e+00
9.990901367810949285e-01
1.006127752838924083e+00
1.005876409408287264e+00
1.018946267801398520e+00
9.995928236423684554e-01
1.005373722547013848e+00
9.807420663446120290e-01

# time bin value
-1.000000000000000000e+02
-9.900000000000000000e+01
-9.800000000000000000e+01
-9.700000000000000000e+01
-9.600000000000000000e+01
-9.500000000000000000e+01
-9.400000000000000000e+01
-9.300000000000000000e+01
-9.200000000000000000e+01
-9.100000000000000000e+01
-9.000000000000000000e+01
-8.900000000000000000e+01
-8.800000000000000000e+01
-8.700000000000000000e+01
-8.600000000000000000e+01
-8.500000000000000000e+01
-8.400000000000000000e+01
-8.300000000000000000e+01
-8.200000000000000000e+01
-8.100000000000000000e+01
-8.000000000000000000e+01
-7.900000000000000000e+01
-7.800000000000000000e+01
-7.700000000000000000e+01
-7.600000000000000000e+01
-7.500000000000000000e+01
-7.400000000000000000e+01
-7.300000000000000000e+01
-7.200000000000000000e+01
-7.100000000000000000e+01
-7.000000000000000000e+01
-6.900000000000000000e+01
-6.800000000000000000e+01
-6.700000000000000000e+01
-6.600000000000000000e+01
-6.500000000000000000e+01
-6.400000000000000000e+01
-6.300000000000000000e+01
-6.200000000000000000e+01
-6.100000000000000000e+01
-6.000000000000000000e+01
-5.900000000000000000e+01
-5.800000000000000000e+01
-5.700000000000000000e+01
-5.600000000000000000e+01
-5.500000000000000000e+01
-5.400000000000000000e+01
-5.300000000000000000e+01
-5.200000000000000000e+01
-5.100000000000000000e+01
-5.000000000000000000e+01
-4.900000000000000000e+01
-4.800000000000000000e+01
-4.700000000000000000e+01
-4.600000000000000000e+01
-4.500000000000000000e+01
-4.400000000000000000e+01
-4.300000000000000000e+01
-4.200000000000000000e+01
-4.100000000000000000e+01
-4.000000000000000000e+01
-3.900000000000000000e+01
-3.800000000000000000e+01
-3.700000000000000000e+01
-3.600000000000000000e+01
-3.500000000000000000e+01
-3.400000000000000000e+01
-3.300000000000000000e+01
-3.200000000000000000e+01
-3.100000000000000000e+01
-3.000000000000000000e+01
-2.900000000000000000e+01
-2.800000000000000000e+01
-2.700000000000000000e+01
-2.600000000000000000e+01
-2.500000000000000000e+01
-2.400000000000000000e+01
-2.300000000000000000e+01
-2.200000000000000000e+01
-2.100000000000000000e+01
-2.000000000000000000e+01
-1.900000000000000000e+01
-1.800000000000000000e+01
-1.700000000000000000e+01
-1.600000000000000000e+01
-1.500000000000000000e+01
-1.400000000000000000e+01
-1.300000000000000000e+01
-1.200000000000000000e+01
-1.100000000000000000e+01
-1.000000000000000000e+01
-9.000000000000000000e+00
-8.000000000000000000e+00
-7.000000000000000000e+00
-6.000000000000000000e+00
-5.000000000000000000e+00
-4.000000000000000000e+00
-3.000000000000000000e+00
-2.000000000000000000e+00
-1.000000000000000000e+00
0.000000000000000000e+00
1.000000000000000000e+00
2.000000000000000000e+00
3.000000000000000000e+00
4.000000000000000000e+00
5.000000000000000000e+00
6.000000000000000000e+00
7.000000000000000000e+00
8.000000000000000000e+00
9.000000000000000000e+00
1.000000000000000000e+01
1.100000000000000000e+01
1.200000000000000000e+01
1.300000000000000000e+01
1.400000000000000000e+01
1.500000000000000000e+01
1.600000000000000000e+01
1.700000000000000000e+01
1.800000000000000000e+01
1.900000000000000000e+01
2.000000000000000000e+01
2.100000000000000000e+01
2.200000000000000000e+01
2.300000000000000000e+01
2.400000000000000000e+01
2.500000000000000000e+01
2.600000000000000000e+01
2.700000000000000000e+01
2.800000000000000000e+01
2.900000000000000000e+01
3.000000000000000000e+01
3.100000000000000000e+01
3.200000000000000000e+01
3.300000000000000000e+01
3.400000000000000000e+01
3.500000000000000000e+01
3.600000000000000000e+01
3.700000000000000000e+01
3.800000000000000000e+01
3.900000000000000000e+01
4.000000000000000000e+01
4.100000000000000000e+01
4.200000000000000000e+01
4.300000000000000000e+01
4.400000000000000000e+01
4.500000000000000000e+01
4.600000000000000000e+01
4.700000000000000000e+01
4.800000000000000000e+01
4.900000000000000000e+01
5.000000000000000000e+01
5.100000000000000000e+01
5.200000000000000000e+01
5.300000000000000000e+01
5.400000000000000000e+01
5.500000000000000000e+01
5.600000000000000000e+01
5.700000000000000000e+01
5.800000000000000000e+01
5.900000000000000000e+01
6.000000000000000000e+01
6.100000000000000000e+01
6.200000000000000000e+01
6.300000000000000000e+01
6.400000000000000000e+01
6.500000000000000000e+01
6.600000000000000000e+01
6.700000000000000000e+01
6.800000000000000000e+01
6.900000000000000000e+01
7.000000000000000000e+01
7.100000000000000000e+01
7.200000000000000000e+01
7.300000000000000000e+01
7.400000000000000000e+01
7.500000000000000000e+01
7.600000000000000000e+01
7.700000000000000000e+01
7.800000000000000000e+01
7.900000000000000000e+01
8.000000000000000000e+01
8.100000000000000000e+01
8.200000000000000000e+01
8.300000000000000000e+01
8.400000000000000000e+01
8.500000000000000000e+01
8.600000000000000000e+01
8.700000000000000000e+01
8.800000000000000000e+01
8.900000000000000000e+01
9.000000000000000000e+01
9.100000000000000000e+01
9.200000000000000000e+01
9.300000000000000000e+01
9.400000000000000000e+01
9.500000000000000000e+01
9.600000000000000000e+01
9.700000000000000000e+01
9.800000000000000000e+01
9.900000000000000000e+01
