single photon fraction:    0.4000
laser fraction:    0.2000
thermal source fraction:    0.2000
non-detected fraction:    0.2000
number of bins:  200.0000
bin width (ns):    1.0000
average detection events per bin: 5000.0000

# binary result
0.000000000000000000e+00

# g2 signal
9.847950456500075278e-01
1.018935276648835098e+00
9.955893833922838665e-01
9.780172056722989948e-01
1.029980645501397118e+00
1.006383721134560316e+00
9.996058811568518943e-01
9.920749478482868700e-01
1.001112067818564766e+00
9.930790722894289324e-01
1.011655374450555644e+00
1.007136814465416697e+00
9.991038189362808630e-01
1.007889907796273299e+00
1.012659498891697707e+00
1.023704867744259728e+00
9.950873211717128353e-01
9.812806101060105313e-01
1.015922903325409132e+00
9.734986456871600469e-01
1.001614130039135908e+00
9.978486633848533405e-01
1.005128565583132794e+00
1.024457961075116108e+00
1.032239925493966481e+00
1.006132690024274856e+00
1.019437338869406240e+00
9.933301033997143925e-01
1.008643001127129679e+00
1.023202805523688586e+00
1.024708992185401568e+00
9.591898724008867116e-01
9.797744234442975486e-01
1.020943525531119223e+00
9.888115434145754445e-01
1.000358974487708386e+00
9.915728856277159498e-01
9.878074189734334931e-01
1.007889907796273299e+00
1.018182183317978717e+00
9.950873211717128353e-01
9.993548500465663231e-01
9.767620501208715833e-01
1.019939401089977160e+00
9.991038189362808630e-01
1.009145063347700821e+00
9.963424767231403578e-01
9.935811345099998526e-01
1.008894032237415361e+00
9.714903968048761440e-01
1.010902281119699264e+00
9.900666989660029671e-01
9.898156678557173960e-01
1.007889907796273299e+00
1.003371347811134351e+00
9.893136056351464758e-01
9.895646367454319359e-01
1.014165685553410690e+00
9.980996944951388006e-01
1.014667747773981610e+00
9.885605123042899844e-01
1.035001267707106987e+00
1.003873410031705271e+00
1.027721365508827533e+00
1.001614130039135908e+00
9.898156678557173960e-01
1.002618254480277749e+00
1.011906405560841327e+00
9.910708234071449185e-01
1.014165685553410690e+00
1.021696618861975603e+00
1.004375472252276191e+00
1.019939401089977160e+00
9.709883345843051128e-01
1.010149187788842662e+00
1.010902281119699264e+00
9.923259789585724411e-01
9.913218545174303786e-01
1.008140938906558759e+00
9.950873211717128353e-01
9.993548500465663231e-01
9.835398900985800053e-01
1.005379596693418254e+00
1.025964147736829091e+00
9.699842101431631614e-01
9.835398900985800053e-01
1.034750236596821527e+00
9.724945212460180954e-01
9.825357656574379428e-01
9.963424767231403578e-01
1.010400218899128344e+00
9.745027701283021093e-01
1.006634752244845776e+00
9.928280411791433613e-01
1.003622378921419811e+00
1.018684245538549638e+00
9.938321656202854237e-01
1.005379596693418254e+00
1.023202805523688586e+00
1.007387845575702379e+00
7.761881930027588750e-01
9.787702990031554862e-01
9.923259789585724411e-01
9.958404145025693266e-01
9.885605123042899844e-01
1.012157436671126787e+00
1.003622378921419811e+00
9.898156678557173960e-01
1.003622378921419811e+00
9.456341924454698677e-01
1.017680121097407575e+00
1.011153312229984724e+00
9.938321656202854237e-01
1.016675996656265735e+00
1.003371347811134351e+00
1.010400218899128344e+00
9.980996944951388006e-01
1.013663623332839769e+00
9.958404145025693266e-01
1.023704867744259728e+00
9.900666989660029671e-01
9.830378278780089740e-01
9.903177300762884272e-01
9.737496767974456180e-01
1.011404343340270184e+00
9.714903968048761440e-01
9.742517390180165382e-01
9.908197922968594584e-01
1.008140938906558759e+00
1.028725489949969596e+00
1.027219303288256613e+00
9.863012323117205105e-01
1.024457961075116108e+00
1.004626503362561873e+00
1.001614130039135908e+00
9.945852589511419151e-01
9.930790722894289324e-01
1.014165685553410690e+00
9.873053567528624619e-01
1.004124441141990731e+00
1.016675996656265735e+00
9.787702990031554862e-01
9.905687611865738873e-01
1.007387845575702379e+00
9.702352412534486215e-01
9.940831967305708838e-01
9.960914456128548977e-01
1.010149187788842662e+00
9.845440145397219567e-01
9.973466011642823092e-01
9.873053567528624619e-01
1.014918778884267292e+00
1.013663623332839769e+00
1.003873410031705271e+00
9.870543256425770018e-01
1.014416716663696150e+00
1.005630627803703714e+00
1.004375472252276191e+00
9.689800857020210989e-01
1.008140938906558759e+00
9.958404145025693266e-01
9.679759612608791475e-01
9.863012323117205105e-01
1.002869285590563209e+00
1.028223427729398676e+00
1.014918778884267292e+00
9.915728856277159498e-01
1.000861036708279306e+00
9.963424767231403578e-01
1.021445587751690143e+00
9.888115434145754445e-01
1.018684245538549638e+00
1.022449712192832205e+00
9.878074189734334931e-01
1.016927027766551195e+00
9.734986456871600469e-01
9.918239167380014099e-01
9.847950456500075278e-01
9.918239167380014099e-01
1.001363098928850226e+00
9.765110190105860122e-01
1.006634752244845776e+00
9.860502012014349393e-01
9.908197922968594584e-01
1.022198681082546745e+00
1.005630627803703714e+00
1.004626503362561873e+00
9.890625745248609046e-01
9.857991700911494792e-01
1.007889907796273299e+00
1.001865161149421368e+00
1.017931152207693257e+00
9.865522634220059706e-01
9.903177300762884272e-01
1.020190432200262620e+00
9.953383522819984064e-01
1.001363098928850226e+00
9.958404145025693266e-01
9.815316412162959914e-01
1.009898156678557202e+00

# time bin value
-1.000000000000000000e+02
-9.900000000000000000e+01
-9.800000000000000000e+01
-9.700000000000000000e+01
-9.600000000000000000e+01
-9.500000000000000000e+01
-9.400000000000000000e+01
-9.300000000000000000e+01
-9.200000000000000000e+01
-9.100000000000000000e+01
-9.000000000000000000e+01
-8.900000000000000000e+01
-8.800000000000000000e+01
-8.700000000000000000e+01
-8.600000000000000000e+01
-8.500000000000000000e+01
-8.400000000000000000e+01
-8.300000000000000000e+01
-8.200000000000000000e+01
-8.100000000000000000e+01
-8.000000000000000000e+01
-7.900000000000000000e+01
-7.800000000000000000e+01
-7.700000000000000000e+01
-7.600000000000000000e+01
-7.500000000000000000e+01
-7.400000000000000000e+01
-7.300000000000000000e+01
-7.200000000000000000e+01
-7.100000000000000000e+01
-7.000000000000000000e+01
-6.900000000000000000e+01
-6.800000000000000000e+01
-6.700000000000000000e+01
-6.600000000000000000e+01
-6.500000000000000000e+01
-6.400000000000000000e+01
-6.300000000000000000e+01
-6.200000000000000000e+01
-6.100000000000000000e+01
-6.000000000000000000e+01
-5.900000000000000000e+01
-5.800000000000000000e+01
-5.700000000000000000e+01
-5.600000000000000000e+01
-5.500000000000000000e+01
-5.400000000000000000e+01
-5.300000000000000000e+01
-5.200000000000000000e+01
-5.100000000000000000e+01
-5.000000000000000000e+01
-4.900000000000000000e+01
-4.800000000000000000e+01
-4.700000000000000000e+01
-4.600000000000000000e+01
-4.500000000000000000e+01
-4.400000000000000000e+01
-4.300000000000000000e+01
-4.200000000000000000e+01
-4.100000000000000000e+01
-4.000000000000000000e+01
-3.900000000000000000e+01
-3.800000000000000000e+01
-3.700000000000000000e+01
-3.600000000000000000e+01
-3.500000000000000000e+01
-3.400000000000000000e+01
-3.300000000000000000e+01
-3.200000000000000000e+01
-3.100000000000000000e+01
-3.000000000000000000e+01
-2.900000000000000000e+01
-2.800000000000000000e+01
-2.700000000000000000e+01
-2.600000000000000000e+01
-2.500000000000000000e+01
-2.400000000000000000e+01
-2.300000000000000000e+01
-2.200000000000000000e+01
-2.100000000000000000e+01
-2.000000000000000000e+01
-1.900000000000000000e+01
-1.800000000000000000e+01
-1.700000000000000000e+01
-1.600000000000000000e+01
-1.500000000000000000e+01
-1.400000000000000000e+01
-1.300000000000000000e+01
-1.200000000000000000e+01
-1.100000000000000000e+01
-1.000000000000000000e+01
-9.000000000000000000e+00
-8.000000000000000000e+00
-7.000000000000000000e+00
-6.000000000000000000e+00
-5.000000000000000000e+00
-4.000000000000000000e+00
-3.000000000000000000e+00
-2.000000000000000000e+00
-1.000000000000000000e+00
0.000000000000000000e+00
1.000000000000000000e+00
2.000000000000000000e+00
3.000000000000000000e+00
4.000000000000000000e+00
5.000000000000000000e+00
6.000000000000000000e+00
7.000000000000000000e+00
8.000000000000000000e+00
9.000000000000000000e+00
1.000000000000000000e+01
1.100000000000000000e+01
1.200000000000000000e+01
1.300000000000000000e+01
1.400000000000000000e+01
1.500000000000000000e+01
1.600000000000000000e+01
1.700000000000000000e+01
1.800000000000000000e+01
1.900000000000000000e+01
2.000000000000000000e+01
2.100000000000000000e+01
2.200000000000000000e+01
2.300000000000000000e+01
2.400000000000000000e+01
2.500000000000000000e+01
2.600000000000000000e+01
2.700000000000000000e+01
2.800000000000000000e+01
2.900000000000000000e+01
3.000000000000000000e+01
3.100000000000000000e+01
3.200000000000000000e+01
3.300000000000000000e+01
3.400000000000000000e+01
3.500000000000000000e+01
3.600000000000000000e+01
3.700000000000000000e+01
3.800000000000000000e+01
3.900000000000000000e+01
4.000000000000000000e+01
4.100000000000000000e+01
4.200000000000000000e+01
4.300000000000000000e+01
4.400000000000000000e+01
4.500000000000000000e+01
4.600000000000000000e+01
4.700000000000000000e+01
4.800000000000000000e+01
4.900000000000000000e+01
5.000000000000000000e+01
5.100000000000000000e+01
5.200000000000000000e+01
5.300000000000000000e+01
5.400000000000000000e+01
5.500000000000000000e+01
5.600000000000000000e+01
5.700000000000000000e+01
5.800000000000000000e+01
5.900000000000000000e+01
6.000000000000000000e+01
6.100000000000000000e+01
6.200000000000000000e+01
6.300000000000000000e+01
6.400000000000000000e+01
6.500000000000000000e+01
6.600000000000000000e+01
6.700000000000000000e+01
6.800000000000000000e+01
6.900000000000000000e+01
7.000000000000000000e+01
7.100000000000000000e+01
7.200000000000000000e+01
7.300000000000000000e+01
7.400000000000000000e+01
7.500000000000000000e+01
7.600000000000000000e+01
7.700000000000000000e+01
7.800000000000000000e+01
7.900000000000000000e+01
8.000000000000000000e+01
8.100000000000000000e+01
8.200000000000000000e+01
8.300000000000000000e+01
8.400000000000000000e+01
8.500000000000000000e+01
8.600000000000000000e+01
8.700000000000000000e+01
8.800000000000000000e+01
8.900000000000000000e+01
9.000000000000000000e+01
9.100000000000000000e+01
9.200000000000000000e+01
9.300000000000000000e+01
9.400000000000000000e+01
9.500000000000000000e+01
9.600000000000000000e+01
9.700000000000000000e+01
9.800000000000000000e+01
9.900000000000000000e+01
