single photon fraction:    0.4000
laser fraction:    0.2000
thermal source fraction:    0.2000
non-detected fraction:    0.2000
number of bins:  200.0000
bin width (ns):    1.0000
average detection events per bin: 5000.0000

# binary result
0.000000000000000000e+00

# g2 signal
9.928467468693003006e-01
1.010181368714943462e+00
9.988761805547413664e-01
9.948565580977806189e-01
1.017466934418184810e+00
1.007669104679342897e+00
9.893295772194596882e-01
9.860636339731790878e-01
1.012693632750543804e+00
1.022993915296505740e+00
1.003147029415262237e+00
1.006161746257982603e+00
9.933491996764204357e-01
9.797829738841778990e-01
9.938516524835404597e-01
9.966151429227009251e-01
9.712412761631363800e-01
9.961126901155809010e-01
1.000634765379661673e+00
1.023998820910746010e+00
1.025757405735666206e+00
9.956102373084607660e-01
1.011186274329183732e+00
1.010935047925623609e+00
9.875709923945393820e-01
9.930979732728603127e-01
9.953590109049007539e-01
1.020984104068025422e+00
1.010181368714943462e+00
9.833001435340185115e-01
1.021235330471585545e+00
9.835513699375786345e-01
1.012191179943423780e+00
1.014703443979024344e+00
1.009930142311383339e+00
1.040328537142148901e+00
9.893295772194596882e-01
9.923442940621801656e-01
1.001388444590341820e+00
9.898320300265797123e-01
9.978712749405012072e-01
9.991274069583014894e-01
1.006664199065102849e+00
1.013196085557664050e+00
9.968663693262610481e-01
9.968663693262610481e-01
1.004151935029502285e+00
1.002142123801021967e+00
1.012442406346983903e+00
1.004403161433062408e+00
1.009176463100703192e+00
1.000885991783221796e+00
1.009176463100703192e+00
1.010935047925623609e+00
1.009176463100703192e+00
9.735023137951768213e-01
1.013698538364784074e+00
1.005910519854422702e+00
1.013698538364784074e+00
9.873197659909792590e-01
9.724974081809365511e-01
9.770194834450174337e-01
1.017215708014624687e+00
9.966151429227009251e-01
1.000383538976101772e+00
9.880734452016594060e-01
9.941028788871004718e-01
9.963639165191409131e-01
1.014200991171904098e+00
1.000132312572541649e+00
9.825464643233384754e-01
1.001890897397461844e+00
1.020732877664465299e+00
1.009427689504263315e+00
1.014452217575464221e+00
9.933491996764204357e-01
9.815415587090982052e-01
1.027767216964146746e+00
1.023747594507185887e+00
1.005659293450862579e+00
1.004905614240182432e+00
9.785268418663777279e-01
1.012442406346983903e+00
1.006161746257982603e+00
9.918418412550601415e-01
1.022993915296505740e+00
9.996298597654215135e-01
9.712412761631363800e-01
9.873197659909792590e-01
1.011437500732743633e+00
9.772707098485774457e-01
9.991274069583014894e-01
1.030781933806867112e+00
9.875709923945393820e-01
1.007669104679342897e+00
9.830489171304584994e-01
1.007920331082903020e+00
9.792805210770578750e-01
9.966151429227009251e-01
1.035304009070947995e+00
7.544328898908170267e-01
9.900832564301398353e-01
9.750096722165370045e-01
9.998810861689815255e-01
1.011186274329183732e+00
1.007166651872222873e+00
9.930979732728603127e-01
1.001890897397461844e+00
1.002393350204582090e+00
9.782756154628176049e-01
1.014452217575464221e+00
1.002895803011702114e+00
1.000885991783221796e+00
9.772707098485774457e-01
9.853099547624989407e-01
9.870685395874192469e-01
1.005156840643742555e+00
1.027767216964146746e+00
1.007920331082903020e+00
1.015959575996824515e+00
9.948565580977806189e-01
1.023998820910746010e+00
1.008925236697143291e+00
1.014452217575464221e+00
9.860636339731790878e-01
9.941028788871004718e-01
1.005408067047302678e+00
9.589311823886941255e-01
1.010181368714943462e+00
1.017718160821744711e+00
9.943541052906605948e-01
9.991274069583014894e-01
9.885758980087795411e-01
9.812903323055381932e-01
9.659655216883754614e-01
9.807878794984180582e-01
9.807878794984180582e-01
9.765170306378972986e-01
9.941028788871004718e-01
1.010432595118503585e+00
1.012693632750543804e+00
1.030781933806867112e+00
9.938516524835404597e-01
1.012944859154103927e+00
9.747584458129769924e-01
9.923442940621801656e-01
1.000383538976101772e+00
1.029274575385506818e+00
9.790292946734977519e-01
9.986249541511813543e-01
1.019476745646665128e+00
9.948565580977806189e-01
9.913393884479400064e-01
9.878222187980993940e-01
1.007920331082903020e+00
1.011437500732743633e+00
9.913393884479400064e-01
9.772707098485774457e-01
1.006664199065102849e+00
1.006664199065102849e+00
1.000885991783221796e+00
9.732510873916166982e-01
1.009678915907823438e+00
9.946053316942206068e-01
1.008422783890023045e+00
9.848075019553788056e-01
9.697339177417760858e-01
9.719949553738165271e-01
9.968663693262610481e-01
9.880734452016594060e-01
1.020481651260905398e+00
9.900832564301398353e-01
9.930979732728603127e-01
9.888271244123395531e-01
1.020984104068025422e+00
1.001890897397461844e+00
9.958614637120208890e-01
1.004403161433062408e+00
1.034299103456707725e+00
9.988761805547413664e-01
1.002895803011702114e+00
1.030530707403307211e+00
9.835513699375786345e-01
1.002393350204582090e+00
9.674728801097356445e-01
1.000383538976101772e+00
1.005156840643742555e+00
9.792805210770578750e-01
1.006664199065102849e+00
1.004905614240182432e+00
1.015959575996824515e+00
9.971175957298210601e-01
1.007920331082903020e+00
9.883246716052195291e-01
1.009176463100703192e+00
9.936004260799804477e-01
9.687290121275359267e-01
9.973688221333810722e-01
1.011939953539863657e+00
1.031786839421107382e+00

# time bin value
-1.000000000000000000e+02
-9.900000000000000000e+01
-9.800000000000000000e+01
-9.700000000000000000e+01
-9.600000000000000000e+01
-9.500000000000000000e+01
-9.400000000000000000e+01
-9.300000000000000000e+01
-9.200000000000000000e+01
-9.100000000000000000e+01
-9.000000000000000000e+01
-8.900000000000000000e+01
-8.800000000000000000e+01
-8.700000000000000000e+01
-8.600000000000000000e+01
-8.500000000000000000e+01
-8.400000000000000000e+01
-8.300000000000000000e+01
-8.200000000000000000e+01
-8.100000000000000000e+01
-8.000000000000000000e+01
-7.900000000000000000e+01
-7.800000000000000000e+01
-7.700000000000000000e+01
-7.600000000000000000e+01
-7.500000000000000000e+01
-7.400000000000000000e+01
-7.300000000000000000e+01
-7.200000000000000000e+01
-7.100000000000000000e+01
-7.000000000000000000e+01
-6.900000000000000000e+01
-6.800000000000000000e+01
-6.700000000000000000e+01
-6.600000000000000000e+01
-6.500000000000000000e+01
-6.400000000000000000e+01
-6.300000000000000000e+01
-6.200000000000000000e+01
-6.100000000000000000e+01
-6.000000000000000000e+01
-5.900000000000000000e+01
-5.800000000000000000e+01
-5.700000000000000000e+01
-5.600000000000000000e+01
-5.500000000000000000e+01
-5.400000000000000000e+01
-5.300000000000000000e+01
-5.200000000000000000e+01
-5.100000000000000000e+01
-5.000000000000000000e+01
-4.900000000000000000e+01
-4.800000000000000000e+01
-4.700000000000000000e+01
-4.600000000000000000e+01
-4.500000000000000000e+01
-4.400000000000000000e+01
-4.300000000000000000e+01
-4.200000000000000000e+01
-4.100000000000000000e+01
-4.000000000000000000e+01
-3.900000000000000000e+01
-3.800000000000000000e+01
-3.700000000000000000e+01
-3.600000000000000000e+01
-3.500000000000000000e+01
-3.400000000000000000e+01
-3.300000000000000000e+01
-3.200000000000000000e+01
-3.100000000000000000e+01
-3.000000000000000000e+01
-2.900000000000000000e+01
-2.800000000000000000e+01
-2.700000000000000000e+01
-2.600000000000000000e+01
-2.500000000000000000e+01
-2.400000000000000000e+01
-2.300000000000000000e+01
-2.200000000000000000e+01
-2.100000000000000000e+01
-2.000000000000000000e+01
-1.900000000000000000e+01
-1.800000000000000000e+01
-1.700000000000000000e+01
-1.600000000000000000e+01
-1.500000000000000000e+01
-1.400000000000000000e+01
-1.300000000000000000e+01
-1.200000000000000000e+01
-1.100000000000000000e+01
-1.000000000000000000e+01
-9.000000000000000000e+00
-8.000000000000000000e+00
-7.000000000000000000e+00
-6.000000000000000000e+00
-5.000000000000000000e+00
-4.000000000000000000e+00
-3.000000000000000000e+00
-2.000000000000000000e+00
-1.000000000000000000e+00
0.000000000000000000e+00
1.000000000000000000e+00
2.000000000000000000e+00
3.000000000000000000e+00
4.000000000000000000e+00
5.000000000000000000e+00
6.000000000000000000e+00
7.000000000000000000e+00
8.000000000000000000e+00
9.000000000000000000e+00
1.000000000000000000e+01
1.100000000000000000e+01
1.200000000000000000e+01
1.300000000000000000e+01
1.400000000000000000e+01
1.500000000000000000e+01
1.600000000000000000e+01
1.700000000000000000e+01
1.800000000000000000e+01
1.900000000000000000e+01
2.000000000000000000e+01
2.100000000000000000e+01
2.200000000000000000e+01
2.300000000000000000e+01
2.400000000000000000e+01
2.500000000000000000e+01
2.600000000000000000e+01
2.700000000000000000e+01
2.800000000000000000e+01
2.900000000000000000e+01
3.000000000000000000e+01
3.100000000000000000e+01
3.200000000000000000e+01
3.300000000000000000e+01
3.400000000000000000e+01
3.500000000000000000e+01
3.600000000000000000e+01
3.700000000000000000e+01
3.800000000000000000e+01
3.900000000000000000e+01
4.000000000000000000e+01
4.100000000000000000e+01
4.200000000000000000e+01
4.300000000000000000e+01
4.400000000000000000e+01
4.500000000000000000e+01
4.600000000000000000e+01
4.700000000000000000e+01
4.800000000000000000e+01
4.900000000000000000e+01
5.000000000000000000e+01
5.100000000000000000e+01
5.200000000000000000e+01
5.300000000000000000e+01
5.400000000000000000e+01
5.500000000000000000e+01
5.600000000000000000e+01
5.700000000000000000e+01
5.800000000000000000e+01
5.900000000000000000e+01
6.000000000000000000e+01
6.100000000000000000e+01
6.200000000000000000e+01
6.300000000000000000e+01
6.400000000000000000e+01
6.500000000000000000e+01
6.600000000000000000e+01
6.700000000000000000e+01
6.800000000000000000e+01
6.900000000000000000e+01
7.000000000000000000e+01
7.100000000000000000e+01
7.200000000000000000e+01
7.300000000000000000e+01
7.400000000000000000e+01
7.500000000000000000e+01
7.600000000000000000e+01
7.700000000000000000e+01
7.800000000000000000e+01
7.900000000000000000e+01
8.000000000000000000e+01
8.100000000000000000e+01
8.200000000000000000e+01
8.300000000000000000e+01
8.400000000000000000e+01
8.500000000000000000e+01
8.600000000000000000e+01
8.700000000000000000e+01
8.800000000000000000e+01
8.900000000000000000e+01
9.000000000000000000e+01
9.100000000000000000e+01
9.200000000000000000e+01
9.300000000000000000e+01
9.400000000000000000e+01
9.500000000000000000e+01
9.600000000000000000e+01
9.700000000000000000e+01
9.800000000000000000e+01
9.900000000000000000e+01
