single photon fraction:    0.4000
laser fraction:    0.2000
thermal source fraction:    0.2000
non-detected fraction:    0.2000
number of bins:  200.0000
bin width (ns):    1.0000
average detection events per bin: 5000.0000

# binary result
0.000000000000000000e+00

# g2 signal
9.743715027710101451e-01
9.771324730261572444e-01
1.028084924098417785e+00
9.939492918529624355e-01
9.856663810875211373e-01
1.028837915986185125e+00
1.009511124200155319e+00
1.051427672619207110e+00
1.029339910578030093e+00
1.009762121496077691e+00
1.000224224251024197e+00
1.012272094455302529e+00
9.904353297100479958e-01
9.723635244036304970e-01
9.969612594040320186e-01
9.959572702203421946e-01
1.024821959251425607e+00
9.801444405772268276e-01
9.801444405772268276e-01
9.896823378222805445e-01
1.001228213434713910e+00
1.007252148536853076e+00
1.014782067414527145e+00
1.008758132312387978e+00
1.008005140424620416e+00
9.874233621589784127e-01
9.939492918529624355e-01
1.006248159353163363e+00
1.003989183689861120e+00
1.009009129608310351e+00
9.660885920055688469e-01
1.001730208026558877e+00
1.015284062006372112e+00
9.711085379240180782e-01
1.004993172873550833e+00
1.014782067414527145e+00
1.005746164761318395e+00
1.002985194506171185e+00
1.020555005220743716e+00
1.027331932210650445e+00
9.994712323632567452e-01
1.033355867312789611e+00
9.801444405772268276e-01
1.015786056598216858e+00
1.000475221546946569e+00
9.836584027201413782e-01
1.010013118792000286e+00
9.936982945570399517e-01
1.007503145832775671e+00
9.816504243527616191e-01
1.007252148536853076e+00
1.012272094455302529e+00
1.000726218842868942e+00
9.861683756793659938e-01
1.017794034965596728e+00
1.034108859200556951e+00
1.020806002516666311e+00
9.954552756284972270e-01
9.633276217504217476e-01
9.916903161896603036e-01
9.834074054242188945e-01
1.011770099863457562e+00
9.889293459345132042e-01
9.824034162405290704e-01
9.733675135873203210e-01
9.994712323632567452e-01
1.002232202618403845e+00
9.829054108323740380e-01
1.004742175577628460e+00
9.972122566999545024e-01
1.020053010628898749e+00
1.020053010628898749e+00
9.668415838933361872e-01
1.013276083638992242e+00
9.974632539958769861e-01
1.008256137720543011e+00
1.006499156649085736e+00
1.006750153945008108e+00
1.017543037669674133e+00
9.929453026692726114e-01
1.016288051190061825e+00
1.000475221546946569e+00
1.009009129608310351e+00
9.487697785869186884e-01
1.008507135016465384e+00
9.972122566999545024e-01
9.831564081282964107e-01
9.949532810366523705e-01
1.002734197210248812e+00
1.000224224251024197e+00
1.001479210730636504e+00
9.771324730261572444e-01
1.016539048485984420e+00
9.859173783834436211e-01
9.876743594549007854e-01
1.011017107975689999e+00
1.000977216138791537e+00
9.979652485877219537e-01
1.001479210730636504e+00
1.008005140424620416e+00
7.437049878182645513e-01
1.005244170169473428e+00
9.806464351690717951e-01
9.871723648630559289e-01
9.944512864448074030e-01
1.012774089047147275e+00
9.856663810875211373e-01
9.916903161896603036e-01
9.512797515461434150e-01
1.004491178281706087e+00
1.003487189098016152e+00
1.000224224251024197e+00
1.013276083638992242e+00
9.746225000669326288e-01
9.756264892506224529e-01
1.002985194506171185e+00
1.004491178281706087e+00
1.015033064710449517e+00
1.010766110679767626e+00
1.008005140424620416e+00
9.972122566999545024e-01
9.977142512917994699e-01
9.967102621081095348e-01
1.018045032261519101e+00
1.002232202618403845e+00
1.028335921394340158e+00
9.972122566999545024e-01
1.021558994404433651e+00
9.844113946079088295e-01
9.921923107815051601e-01
9.977142512917994699e-01
1.012774089047147275e+00
9.778854649139246957e-01
9.959572702203421946e-01
1.007754143128698043e+00
1.011268105271612594e+00
9.811484297609167626e-01
1.013025086343069869e+00
9.984672431795668102e-01
1.024319964659580862e+00
1.004993172873550833e+00
1.017543037669674133e+00
1.005997162057240768e+00
1.010013118792000286e+00
9.936982945570399517e-01
9.919413134855827874e-01
9.851643864956761698e-01
1.028837915986185125e+00
1.025072956547348202e+00
1.002232202618403845e+00
9.929453026692726114e-01
1.010013118792000286e+00
1.019802013332976376e+00
9.909373243018928523e-01
1.034610853792401919e+00
9.969612594040320186e-01
9.944512864448074030e-01
1.021809991700356024e+00
9.881763540467457529e-01
9.849133891997536860e-01
1.032351878129099676e+00
9.959572702203421946e-01
9.916903161896603036e-01
9.911883215978153361e-01
9.934472972611175789e-01
1.010766110679767626e+00
9.798934432813044548e-01
1.008256137720543011e+00
9.733675135873203210e-01
9.977142512917994699e-01
1.019551016037054003e+00
1.011268105271612594e+00
9.758774865465449366e-01
1.018798024149286441e+00
1.021558994404433651e+00
9.891803432304355770e-01
9.829054108323740380e-01
9.766304784343123879e-01
1.005997162057240768e+00
1.003989183689861120e+00
9.879253567508232692e-01
1.013778078230837210e+00
9.839094000160638620e-01
1.007252148536853076e+00
9.841603973119863458e-01
9.829054108323740380e-01
1.014280072822682177e+00
1.008507135016465384e+00
9.901843324141255120e-01
9.811484297609167626e-01
9.856663810875211373e-01
9.952042783325747433e-01
9.886783486385907205e-01
9.944512864448074030e-01
9.781364622098471795e-01
1.018547026853364068e+00
1.012523091751224902e+00
1.009511124200155319e+00
1.003738186393938525e+00
9.778854649139246957e-01

# time bin value
-1.000000000000000000e+02
-9.900000000000000000e+01
-9.800000000000000000e+01
-9.700000000000000000e+01
-9.600000000000000000e+01
-9.500000000000000000e+01
-9.400000000000000000e+01
-9.300000000000000000e+01
-9.200000000000000000e+01
-9.100000000000000000e+01
-9.000000000000000000e+01
-8.900000000000000000e+01
-8.800000000000000000e+01
-8.700000000000000000e+01
-8.600000000000000000e+01
-8.500000000000000000e+01
-8.400000000000000000e+01
-8.300000000000000000e+01
-8.200000000000000000e+01
-8.100000000000000000e+01
-8.000000000000000000e+01
-7.900000000000000000e+01
-7.800000000000000000e+01
-7.700000000000000000e+01
-7.600000000000000000e+01
-7.500000000000000000e+01
-7.400000000000000000e+01
-7.300000000000000000e+01
-7.200000000000000000e+01
-7.100000000000000000e+01
-7.000000000000000000e+01
-6.900000000000000000e+01
-6.800000000000000000e+01
-6.700000000000000000e+01
-6.600000000000000000e+01
-6.500000000000000000e+01
-6.400000000000000000e+01
-6.300000000000000000e+01
-6.200000000000000000e+01
-6.100000000000000000e+01
-6.000000000000000000e+01
-5.900000000000000000e+01
-5.800000000000000000e+01
-5.700000000000000000e+01
-5.600000000000000000e+01
-5.500000000000000000e+01
-5.400000000000000000e+01
-5.300000000000000000e+01
-5.200000000000000000e+01
-5.100000000000000000e+01
-5.000000000000000000e+01
-4.900000000000000000e+01
-4.800000000000000000e+01
-4.700000000000000000e+01
-4.600000000000000000e+01
-4.500000000000000000e+01
-4.400000000000000000e+01
-4.300000000000000000e+01
-4.200000000000000000e+01
-4.100000000000000000e+01
-4.000000000000000000e+01
-3.900000000000000000e+01
-3.800000000000000000e+01
-3.700000000000000000e+01
-3.600000000000000000e+01
-3.500000000000000000e+01
-3.400000000000000000e+01
-3.300000000000000000e+01
-3.200000000000000000e+01
-3.100000000000000000e+01
-3.000000000000000000e+01
-2.900000000000000000e+01
-2.800000000000000000e+01
-2.700000000000000000e+01
-2.600000000000000000e+01
-2.500000000000000000e+01
-2.400000000000000000e+01
-2.300000000000000000e+01
-2.200000000000000000e+01
-2.100000000000000000e+01
-2.000000000000000000e+01
-1.900000000000000000e+01
-1.800000000000000000e+01
-1.700000000000000000e+01
-1.600000000000000000e+01
-1.500000000000000000e+01
-1.400000000000000000e+01
-1.300000000000000000e+01
-1.200000000000000000e+01
-1.100000000000000000e+01
-1.000000000000000000e+01
-9.000000000000000000e+00
-8.000000000000000000e+00
-7.000000000000000000e+00
-6.000000000000000000e+00
-5.000000000000000000e+00
-4.000000000000000000e+00
-3.000000000000000000e+00
-2.000000000000000000e+00
-1.000000000000000000e+00
0.000000000000000000e+00
1.000000000000000000e+00
2.000000000000000000e+00
3.000000000000000000e+00
4.000000000000000000e+00
5.000000000000000000e+00
6.000000000000000000e+00
7.000000000000000000e+00
8.000000000000000000e+00
9.000000000000000000e+00
1.000000000000000000e+01
1.100000000000000000e+01
1.200000000000000000e+01
1.300000000000000000e+01
1.400000000000000000e+01
1.500000000000000000e+01
1.600000000000000000e+01
1.700000000000000000e+01
1.800000000000000000e+01
1.900000000000000000e+01
2.000000000000000000e+01
2.100000000000000000e+01
2.200000000000000000e+01
2.300000000000000000e+01
2.400000000000000000e+01
2.500000000000000000e+01
2.600000000000000000e+01
2.700000000000000000e+01
2.800000000000000000e+01
2.900000000000000000e+01
3.000000000000000000e+01
3.100000000000000000e+01
3.200000000000000000e+01
3.300000000000000000e+01
3.400000000000000000e+01
3.500000000000000000e+01
3.600000000000000000e+01
3.700000000000000000e+01
3.800000000000000000e+01
3.900000000000000000e+01
4.000000000000000000e+01
4.100000000000000000e+01
4.200000000000000000e+01
4.300000000000000000e+01
4.400000000000000000e+01
4.500000000000000000e+01
4.600000000000000000e+01
4.700000000000000000e+01
4.800000000000000000e+01
4.900000000000000000e+01
5.000000000000000000e+01
5.100000000000000000e+01
5.200000000000000000e+01
5.300000000000000000e+01
5.400000000000000000e+01
5.500000000000000000e+01
5.600000000000000000e+01
5.700000000000000000e+01
5.800000000000000000e+01
5.900000000000000000e+01
6.000000000000000000e+01
6.100000000000000000e+01
6.200000000000000000e+01
6.300000000000000000e+01
6.400000000000000000e+01
6.500000000000000000e+01
6.600000000000000000e+01
6.700000000000000000e+01
6.800000000000000000e+01
6.900000000000000000e+01
7.000000000000000000e+01
7.100000000000000000e+01
7.200000000000000000e+01
7.300000000000000000e+01
7.400000000000000000e+01
7.500000000000000000e+01
7.600000000000000000e+01
7.700000000000000000e+01
7.800000000000000000e+01
7.900000000000000000e+01
8.000000000000000000e+01
8.100000000000000000e+01
8.200000000000000000e+01
8.300000000000000000e+01
8.400000000000000000e+01
8.500000000000000000e+01
8.600000000000000000e+01
8.700000000000000000e+01
8.800000000000000000e+01
8.900000000000000000e+01
9.000000000000000000e+01
9.100000000000000000e+01
9.200000000000000000e+01
9.300000000000000000e+01
9.400000000000000000e+01
9.500000000000000000e+01
9.600000000000000000e+01
9.700000000000000000e+01
9.800000000000000000e+01
9.900000000000000000e+01
