single photon fraction:    0.4000
laser fraction:    0.2000
thermal source fraction:    0.2000
non-detected fraction:    0.2000
number of bins:  200.0000
bin width (ns):    1.0000
average detection events per bin: 5000.0000

# binary result
0.000000000000000000e+00

# g2 signal
9.850664692132254929e-01
1.028189765905685338e+00
1.004120949147103037e+00
9.976023112749869970e-01
1.007881701765631632e+00
9.953458597038699063e-01
1.032451952206684176e+00
9.933401249739880479e-01
1.030947651159272782e+00
1.025933314334568136e+00
1.000109479687339320e+00
9.938415586564585125e-01
1.023426145922215813e+00
1.011893171225395127e+00
1.005625250194514431e+00
9.858186197369310788e-01
9.893286555142243310e-01
1.004371665988338380e+00
1.006878834400690703e+00
9.863200534194015434e-01
9.830607344833436345e-01
1.027688332223214873e+00
9.878243544668129372e-01
9.757899460875218978e-01
1.020417543827393025e+00
1.038218439555094630e+00
9.905822397204004925e-01
1.007129551241925824e+00
9.823085839596379376e-01
9.825593008008731699e-01
1.034457686936566034e+00
1.000610913369809785e+00
1.033454819571625105e+00
1.026685464858273944e+00
1.008633852289337218e+00
9.828100176421084022e-01
1.006628117559455360e+00
9.986051786399279262e-01
9.955965765451051386e-01
1.042982059538563933e+00
9.933401249739880479e-01
9.702741755803467871e-01
9.976023112749869970e-01
1.003368798623397451e+00
1.007129551241925824e+00
1.009636719654278147e+00
9.918358239265766541e-01
9.976023112749869970e-01
9.772942471349332916e-01
1.004120949147103037e+00
9.722799103102286455e-01
1.020417543827393025e+00
1.009636719654278147e+00
9.986051786399279262e-01
1.006377400718220239e+00
9.792999818648151500e-01
9.810549997534617761e-01
9.860693365781663111e-01
1.018161092256276046e+00
1.033454819571625105e+00
9.785478313411094531e-01
1.010639587019219077e+00
1.017158224891335117e+00
9.803028492297560792e-01
9.888272218317538664e-01
9.991066123223983908e-01
9.903315228791652602e-01
9.925879744502823510e-01
9.953458597038699063e-01
9.918358239265766541e-01
9.945937091801642094e-01
1.033204102730389984e+00
9.918358239265766541e-01
1.026936181699509065e+00
9.765420966112275947e-01
9.860693365781663111e-01
9.765420966112275947e-01
9.971008775925165324e-01
9.910836734028709571e-01
9.883257881492834018e-01
9.983544617986926939e-01
1.012394604907865592e+00
1.008633852289337218e+00
1.000861630211045128e+00
1.001864497575986057e+00
9.918358239265766541e-01
1.005875967035749774e+00
9.938415586564585125e-01
1.024429013287156742e+00
1.015152490161453258e+00
9.640062545494659796e-01
9.792999818648151500e-01
9.855679028956959575e-01
9.925879744502823510e-01
1.000360196528574663e+00
9.785478313411094531e-01
9.918358239265766541e-01
9.574876166773499397e-01
1.004622382829573501e+00
1.000360196528574663e+00
7.686978352272204607e-01
1.006878834400690703e+00
1.017408941732570238e+00
9.948444260213994417e-01
9.981037449574574616e-01
1.014400339637747450e+00
9.953458597038699063e-01
9.680177240092296964e-01
9.991066123223983908e-01
9.818071502771674730e-01
1.004371665988338380e+00
1.021169694351098833e+00
1.005625250194514431e+00
1.007630984924396289e+00
1.015904640685158844e+00
1.009386002813043026e+00
9.893286555142243310e-01
9.865707702606367757e-01
9.915851070853414218e-01
9.953458597038699063e-01
1.024930446969627207e+00
9.878243544668129372e-01
9.858186197369310788e-01
9.843143186895197960e-01
1.004622382829573501e+00
9.903315228791652602e-01
1.002365931258456522e+00
1.008132418606866754e+00
9.888272218317538664e-01
9.885765049905186341e-01
1.003368798623397451e+00
9.920865407678118864e-01
1.011391737542924663e+00
1.016656791208864652e+00
9.920865407678118864e-01
9.808042829122265438e-01
9.903315228791652602e-01
1.002115214417221178e+00
9.860693365781663111e-01
1.010388870177983733e+00
1.005875967035749774e+00
9.813057165946970084e-01
9.993573291636336231e-01
1.017408941732570238e+00
9.860693365781663111e-01
9.935908418152232802e-01
9.968501607512813001e-01
9.998587628461040877e-01
9.925879744502823510e-01
9.860693365781663111e-01
9.890779386729890987e-01
9.890779386729890987e-01
1.012645321749100935e+00
9.597440682484670305e-01
9.981037449574574616e-01
1.010388870177983733e+00
9.968501607512813001e-01
1.031198368000508125e+00
1.016155357526394187e+00
1.025682597493333015e+00
1.006377400718220239e+00
1.007881701765631632e+00
9.958472933863403709e-01
1.025431880652097671e+00
1.025181163810862550e+00
9.843143186895197960e-01
1.004371665988338380e+00
9.858186197369310788e-01
9.705248924215820194e-01
1.016406074367629309e+00
9.720291934689934132e-01
1.003368798623397451e+00
9.998587628461040877e-01
9.710263261040524840e-01
1.024679730128392086e+00
1.009887436495513269e+00
9.930894081327528156e-01
9.905822397204004925e-01
1.010890303860454198e+00
9.925879744502823510e-01
9.938415586564585125e-01
1.001613780734750714e+00
1.005875967035749774e+00
9.833114513245788668e-01
9.722799103102286455e-01
9.955965765451051386e-01
9.930894081327528156e-01
9.928386912915175833e-01
1.004120949147103037e+00
1.024429013287156742e+00
1.009636719654278147e+00
1.025181163810862550e+00
9.760406629287571301e-01
9.913343902441061894e-01
1.013648189114041864e+00
9.762913797699923624e-01
9.742856450401105040e-01
9.873229207843424726e-01
9.890779386729890987e-01
1.009135285971807683e+00

# time bin value
-1.000000000000000000e+02
-9.900000000000000000e+01
-9.800000000000000000e+01
-9.700000000000000000e+01
-9.600000000000000000e+01
-9.500000000000000000e+01
-9.400000000000000000e+01
-9.300000000000000000e+01
-9.200000000000000000e+01
-9.100000000000000000e+01
-9.000000000000000000e+01
-8.900000000000000000e+01
-8.800000000000000000e+01
-8.700000000000000000e+01
-8.600000000000000000e+01
-8.500000000000000000e+01
-8.400000000000000000e+01
-8.300000000000000000e+01
-8.200000000000000000e+01
-8.100000000000000000e+01
-8.000000000000000000e+01
-7.900000000000000000e+01
-7.800000000000000000e+01
-7.700000000000000000e+01
-7.600000000000000000e+01
-7.500000000000000000e+01
-7.400000000000000000e+01
-7.300000000000000000e+01
-7.200000000000000000e+01
-7.100000000000000000e+01
-7.000000000000000000e+01
-6.900000000000000000e+01
-6.800000000000000000e+01
-6.700000000000000000e+01
-6.600000000000000000e+01
-6.500000000000000000e+01
-6.400000000000000000e+01
-6.300000000000000000e+01
-6.200000000000000000e+01
-6.100000000000000000e+01
-6.000000000000000000e+01
-5.900000000000000000e+01
-5.800000000000000000e+01
-5.700000000000000000e+01
-5.600000000000000000e+01
-5.500000000000000000e+01
-5.400000000000000000e+01
-5.300000000000000000e+01
-5.200000000000000000e+01
-5.100000000000000000e+01
-5.000000000000000000e+01
-4.900000000000000000e+01
-4.800000000000000000e+01
-4.700000000000000000e+01
-4.600000000000000000e+01
-4.500000000000000000e+01
-4.400000000000000000e+01
-4.300000000000000000e+01
-4.200000000000000000e+01
-4.100000000000000000e+01
-4.000000000000000000e+01
-3.900000000000000000e+01
-3.800000000000000000e+01
-3.700000000000000000e+01
-3.600000000000000000e+01
-3.500000000000000000e+01
-3.400000000000000000e+01
-3.300000000000000000e+01
-3.200000000000000000e+01
-3.100000000000000000e+01
-3.000000000000000000e+01
-2.900000000000000000e+01
-2.800000000000000000e+01
-2.700000000000000000e+01
-2.600000000000000000e+01
-2.500000000000000000e+01
-2.400000000000000000e+01
-2.300000000000000000e+01
-2.200000000000000000e+01
-2.100000000000000000e+01
-2.000000000000000000e+01
-1.900000000000000000e+01
-1.800000000000000000e+01
-1.700000000000000000e+01
-1.600000000000000000e+01
-1.500000000000000000e+01
-1.400000000000000000e+01
-1.300000000000000000e+01
-1.200000000000000000e+01
-1.100000000000000000e+01
-1.000000000000000000e+01
-9.000000000000000000e+00
-8.000000000000000000e+00
-7.000000000000000000e+00
-6.000000000000000000e+00
-5.000000000000000000e+00
-4.000000000000000000e+00
-3.000000000000000000e+00
-2.000000000000000000e+00
-1.000000000000000000e+00
0.000000000000000000e+00
1.000000000000000000e+00
2.000000000000000000e+00
3.000000000000000000e+00
4.000000000000000000e+00
5.000000000000000000e+00
6.000000000000000000e+00
7.000000000000000000e+00
8.000000000000000000e+00
9.000000000000000000e+00
1.000000000000000000e+01
1.100000000000000000e+01
1.200000000000000000e+01
1.300000000000000000e+01
1.400000000000000000e+01
1.500000000000000000e+01
1.600000000000000000e+01
1.700000000000000000e+01
1.800000000000000000e+01
1.900000000000000000e+01
2.000000000000000000e+01
2.100000000000000000e+01
2.200000000000000000e+01
2.300000000000000000e+01
2.400000000000000000e+01
2.500000000000000000e+01
2.600000000000000000e+01
2.700000000000000000e+01
2.800000000000000000e+01
2.900000000000000000e+01
3.000000000000000000e+01
3.100000000000000000e+01
3.200000000000000000e+01
3.300000000000000000e+01
3.400000000000000000e+01
3.500000000000000000e+01
3.600000000000000000e+01
3.700000000000000000e+01
3.800000000000000000e+01
3.900000000000000000e+01
4.000000000000000000e+01
4.100000000000000000e+01
4.200000000000000000e+01
4.300000000000000000e+01
4.400000000000000000e+01
4.500000000000000000e+01
4.600000000000000000e+01
4.700000000000000000e+01
4.800000000000000000e+01
4.900000000000000000e+01
5.000000000000000000e+01
5.100000000000000000e+01
5.200000000000000000e+01
5.300000000000000000e+01
5.400000000000000000e+01
5.500000000000000000e+01
5.600000000000000000e+01
5.700000000000000000e+01
5.800000000000000000e+01
5.900000000000000000e+01
6.000000000000000000e+01
6.100000000000000000e+01
6.200000000000000000e+01
6.300000000000000000e+01
6.400000000000000000e+01
6.500000000000000000e+01
6.600000000000000000e+01
6.700000000000000000e+01
6.800000000000000000e+01
6.900000000000000000e+01
7.000000000000000000e+01
7.100000000000000000e+01
7.200000000000000000e+01
7.300000000000000000e+01
7.400000000000000000e+01
7.500000000000000000e+01
7.600000000000000000e+01
7.700000000000000000e+01
7.800000000000000000e+01
7.900000000000000000e+01
8.000000000000000000e+01
8.100000000000000000e+01
8.200000000000000000e+01
8.300000000000000000e+01
8.400000000000000000e+01
8.500000000000000000e+01
8.600000000000000000e+01
8.700000000000000000e+01
8.800000000000000000e+01
8.900000000000000000e+01
9.000000000000000000e+01
9.100000000000000000e+01
9.200000000000000000e+01
9.300000000000000000e+01
9.400000000000000000e+01
9.500000000000000000e+01
9.600000000000000000e+01
9.700000000000000000e+01
9.800000000000000000e+01
9.900000000000000000e+01
