single photon fraction:    0.4000
laser fraction:    0.2000
thermal source fraction:    0.2000
non-detected fraction:    0.2000
number of bins:  200.0000
bin width (ns):    1.0000
average detection events per bin: 5000.0000

# binary result
0.000000000000000000e+00

# g2 signal
1.017536933286715239e+00
9.954547507640936210e-01
1.000724362502446452e+00
1.017787867179017924e+00
1.014023858794480093e+00
9.881776678873205322e-01
1.013271057117572482e+00
1.019293470532832924e+00
9.899342051334382164e-01
1.023810280594278366e+00
1.018540668855925313e+00
1.013271057117572482e+00
1.021300941671253071e+00
9.899342051334382164e-01
1.004739304779286746e+00
9.901851390257406793e-01
1.024061214486580829e+00
1.003735569210076672e+00
9.972112880102111943e-01
1.009256114840732188e+00
9.793949816567323330e-01
9.909379407026482900e-01
1.034851371855589175e+00
9.803987172259425176e-01
1.004739304779286746e+00
9.984659574717238417e-01
9.939491474102785107e-01
9.982150235794213788e-01
1.010510784302244724e+00
9.816533866874550540e-01
1.008252379271522114e+00
9.861701967489003851e-01
9.803987172259425176e-01
9.931963457333709000e-01
1.013772924902177408e+00
1.019042536640530461e+00
9.706122954261442448e-01
9.866720645335054218e-01
1.020548139994345460e+00
9.952038168717910471e-01
1.008754247056127040e+00
9.911888745949507529e-01
9.849155272873878486e-01
1.009507048733034651e+00
9.889304695642281429e-01
1.010510784302244724e+00
9.894323373488331796e-01
1.021300941671253071e+00
9.783912460875222594e-01
1.001477164179354062e+00
1.000975296394749137e+00
1.022806545025068292e+00
1.006495842025404430e+00
9.919416762718583636e-01
1.000724362502446452e+00
9.936982135179759368e-01
1.003986503102379357e+00
1.000724362502446452e+00
1.002480899748564136e+00
9.959566185486986578e-01
1.003484635317774210e+00
1.005743040348496820e+00
9.791440477644298701e-01
9.874248662104130325e-01
9.997206269332364892e-01
1.015780396040597777e+00
9.929454118410684371e-01
9.854173950719928854e-01
1.017536933286715239e+00
1.031087363471051344e+00
9.972112880102111943e-01
9.962075524410011207e-01
9.713650971030517445e-01
1.002982767533169284e+00
9.884286017796231061e-01
9.625824108724635453e-01
9.952038168717910471e-01
9.884286017796231061e-01
9.939491474102785107e-01
9.894323373488331796e-01
9.834099239335727383e-01
9.884286017796231061e-01
1.018791602748227998e+00
1.005492106456194357e+00
9.911888745949507529e-01
9.959566185486986578e-01
9.859192628565979222e-01
9.959566185486986578e-01
1.014776660471387482e+00
9.811515189028500172e-01
1.002480899748564136e+00
9.896832712411356425e-01
1.021300941671253071e+00
9.743763038106819652e-01
9.906870068103457161e-01
1.006746775917706893e+00
9.681029565031190609e-01
9.876758001027154954e-01
9.977131557948163421e-01
1.032091099040261417e+00
7.437680567846668422e-01
1.006746775917706893e+00
9.763837749491021123e-01
1.014525726579085019e+00
1.003484635317774210e+00
9.793949816567323330e-01
1.034098570178681564e+00
9.987168913640264156e-01
9.926944779487658632e-01
9.987168913640264156e-01
1.005241172563891894e+00
1.025064950055790902e+00
1.000724362502446452e+00
1.004237436994681820e+00
1.000222494717841526e+00
9.901851390257406793e-01
1.006244908133101967e+00
1.014023858794480093e+00
1.024312148378883291e+00
1.006746775917706893e+00
1.015780396040597777e+00
1.008503313163824577e+00
1.002731833640866599e+00
1.007499577594614504e+00
1.014023858794480093e+00
9.977131557948163421e-01
9.758819071644970755e-01
9.806496511182449805e-01
9.936982135179759368e-01
1.016282263825202703e+00
9.814024527951525911e-01
1.014023858794480093e+00
9.916907423795557897e-01
1.031338297363353806e+00
1.018791602748227998e+00
1.022304677240463144e+00
9.974622219025137682e-01
1.016533197717505166e+00
1.003233701425471747e+00
1.011263585979152335e+00
1.022555611132765607e+00
1.022053743348160681e+00
9.987168913640264156e-01
9.969603541179087314e-01
9.781403121952197965e-01
9.721178987799593552e-01
1.014274792686782556e+00
1.020799073886648145e+00
9.974622219025137682e-01
1.000473428610143989e+00
9.839117917181777750e-01
1.016031329932900240e+00
9.889304695642281429e-01
1.008001445379219652e+00
9.731216343491694287e-01
1.012518255440664872e+00
9.819043205797576279e-01
9.819043205797576279e-01
1.037360710778614248e+00
9.881776678873205322e-01
1.002731833640866599e+00
9.967094202256061575e-01
9.814024527951525911e-01
9.861701967489003851e-01
1.018289734963622850e+00
9.844136595027828118e-01
9.803987172259425176e-01
1.000473428610143989e+00
9.836608578258752011e-01
1.023308412809673218e+00
1.016282263825202703e+00
9.811515189028500172e-01
9.959566185486986578e-01
1.011514519871454798e+00
9.989678252563288785e-01
1.014525726579085019e+00
1.015027594363690167e+00
9.821552544720600908e-01
1.000473428610143989e+00
9.934472796256734739e-01
9.891814034565306057e-01
1.021802809455858219e+00
1.005241172563891894e+00
1.006495842025404430e+00
9.844136595027828118e-01
1.004488370886984283e+00
1.002229965856261673e+00
9.748781715952870019e-01
1.011263585979152335e+00
1.034098570178681564e+00
1.004739304779286746e+00
9.911888745949507529e-01
1.011765453763757261e+00
9.881776678873205322e-01
9.859192628565979222e-01
1.014525726579085019e+00
1.003484635317774210e+00
9.778893783029172226e-01
9.781403121952197965e-01
1.014525726579085019e+00

# time bin value
-1.000000000000000000e+02
-9.900000000000000000e+01
-9.800000000000000000e+01
-9.700000000000000000e+01
-9.600000000000000000e+01
-9.500000000000000000e+01
-9.400000000000000000e+01
-9.300000000000000000e+01
-9.200000000000000000e+01
-9.100000000000000000e+01
-9.000000000000000000e+01
-8.900000000000000000e+01
-8.800000000000000000e+01
-8.700000000000000000e+01
-8.600000000000000000e+01
-8.500000000000000000e+01
-8.400000000000000000e+01
-8.300000000000000000e+01
-8.200000000000000000e+01
-8.100000000000000000e+01
-8.000000000000000000e+01
-7.900000000000000000e+01
-7.800000000000000000e+01
-7.700000000000000000e+01
-7.600000000000000000e+01
-7.500000000000000000e+01
-7.400000000000000000e+01
-7.300000000000000000e+01
-7.200000000000000000e+01
-7.100000000000000000e+01
-7.000000000000000000e+01
-6.900000000000000000e+01
-6.800000000000000000e+01
-6.700000000000000000e+01
-6.600000000000000000e+01
-6.500000000000000000e+01
-6.400000000000000000e+01
-6.300000000000000000e+01
-6.200000000000000000e+01
-6.100000000000000000e+01
-6.000000000000000000e+01
-5.900000000000000000e+01
-5.800000000000000000e+01
-5.700000000000000000e+01
-5.600000000000000000e+01
-5.500000000000000000e+01
-5.400000000000000000e+01
-5.300000000000000000e+01
-5.200000000000000000e+01
-5.100000000000000000e+01
-5.000000000000000000e+01
-4.900000000000000000e+01
-4.800000000000000000e+01
-4.700000000000000000e+01
-4.600000000000000000e+01
-4.500000000000000000e+01
-4.400000000000000000e+01
-4.300000000000000000e+01
-4.200000000000000000e+01
-4.100000000000000000e+01
-4.000000000000000000e+01
-3.900000000000000000e+01
-3.800000000000000000e+01
-3.700000000000000000e+01
-3.600000000000000000e+01
-3.500000000000000000e+01
-3.400000000000000000e+01
-3.300000000000000000e+01
-3.200000000000000000e+01
-3.100000000000000000e+01
-3.000000000000000000e+01
-2.900000000000000000e+01
-2.800000000000000000e+01
-2.700000000000000000e+01
-2.600000000000000000e+01
-2.500000000000000000e+01
-2.400000000000000000e+01
-2.300000000000000000e+01
-2.200000000000000000e+01
-2.100000000000000000e+01
-2.000000000000000000e+01
-1.900000000000000000e+01
-1.800000000000000000e+01
-1.700000000000000000e+01
-1.600000000000000000e+01
-1.500000000000000000e+01
-1.400000000000000000e+01
-1.300000000000000000e+01
-1.200000000000000000e+01
-1.100000000000000000e+01
-1.000000000000000000e+01
-9.000000000000000000e+00
-8.000000000000000000e+00
-7.000000000000000000e+00
-6.000000000000000000e+00
-5.000000000000000000e+00
-4.000000000000000000e+00
-3.000000000000000000e+00
-2.000000000000000000e+00
-1.000000000000000000e+00
0.000000000000000000e+00
1.000000000000000000e+00
2.000000000000000000e+00
3.000000000000000000e+00
4.000000000000000000e+00
5.000000000000000000e+00
6.000000000000000000e+00
7.000000000000000000e+00
8.000000000000000000e+00
9.000000000000000000e+00
1.000000000000000000e+01
1.100000000000000000e+01
1.200000000000000000e+01
1.300000000000000000e+01
1.400000000000000000e+01
1.500000000000000000e+01
1.600000000000000000e+01
1.700000000000000000e+01
1.800000000000000000e+01
1.900000000000000000e+01
2.000000000000000000e+01
2.100000000000000000e+01
2.200000000000000000e+01
2.300000000000000000e+01
2.400000000000000000e+01
2.500000000000000000e+01
2.600000000000000000e+01
2.700000000000000000e+01
2.800000000000000000e+01
2.900000000000000000e+01
3.000000000000000000e+01
3.100000000000000000e+01
3.200000000000000000e+01
3.300000000000000000e+01
3.400000000000000000e+01
3.500000000000000000e+01
3.600000000000000000e+01
3.700000000000000000e+01
3.800000000000000000e+01
3.900000000000000000e+01
4.000000000000000000e+01
4.100000000000000000e+01
4.200000000000000000e+01
4.300000000000000000e+01
4.400000000000000000e+01
4.500000000000000000e+01
4.600000000000000000e+01
4.700000000000000000e+01
4.800000000000000000e+01
4.900000000000000000e+01
5.000000000000000000e+01
5.100000000000000000e+01
5.200000000000000000e+01
5.300000000000000000e+01
5.400000000000000000e+01
5.500000000000000000e+01
5.600000000000000000e+01
5.700000000000000000e+01
5.800000000000000000e+01
5.900000000000000000e+01
6.000000000000000000e+01
6.100000000000000000e+01
6.200000000000000000e+01
6.300000000000000000e+01
6.400000000000000000e+01
6.500000000000000000e+01
6.600000000000000000e+01
6.700000000000000000e+01
6.800000000000000000e+01
6.900000000000000000e+01
7.000000000000000000e+01
7.100000000000000000e+01
7.200000000000000000e+01
7.300000000000000000e+01
7.400000000000000000e+01
7.500000000000000000e+01
7.600000000000000000e+01
7.700000000000000000e+01
7.800000000000000000e+01
7.900000000000000000e+01
8.000000000000000000e+01
8.100000000000000000e+01
8.200000000000000000e+01
8.300000000000000000e+01
8.400000000000000000e+01
8.500000000000000000e+01
8.600000000000000000e+01
8.700000000000000000e+01
8.800000000000000000e+01
8.900000000000000000e+01
9.000000000000000000e+01
9.100000000000000000e+01
9.200000000000000000e+01
9.300000000000000000e+01
9.400000000000000000e+01
9.500000000000000000e+01
9.600000000000000000e+01
9.700000000000000000e+01
9.800000000000000000e+01
9.900000000000000000e+01
