single photon fraction:    0.4000
laser fraction:    0.2000
thermal source fraction:    0.2000
non-detected fraction:    0.2000
number of bins:  200.0000
bin width (ns):    1.0000
average detection events per bin: 5000.0000

# binary result
0.000000000000000000e+00

# g2 signal
9.973032064482065806e-01
1.021401144484709977e+00
1.009352175466458279e+00
9.634154810843736927e-01
9.827440355511525283e-01
9.922828026906017618e-01
1.005084832272494122e+00
9.880154594966376047e-01
1.001319529454290480e+00
9.824930153632722707e-01
1.000064428514889192e+00
1.021401144484709977e+00
9.937889238178831963e-01
1.020648083921069205e+00
9.890195402481585241e-01
1.005586872648254637e+00
9.701930261571403147e-01
1.028680729933237004e+00
1.004331771708853349e+00
1.003327690957332319e+00
1.054786829472782239e+00
9.483542698115591252e-01
1.003578711145212576e+00
1.004833812084613864e+00
1.016882781102865563e+00
1.002072590017931253e+00
9.978052468239670958e-01
1.017635841666506336e+00
1.023911346363512331e+00
9.596501782661700508e-01
1.002825650581572026e+00
1.006590953399775668e+00
1.035709295193883772e+00
1.007344013963416218e+00
1.024413386739272847e+00
1.011360336969500118e+00
9.907766815633202162e-01
9.917807623148412466e-01
9.744603693511044717e-01
9.983072871997276110e-01
9.845011768663142204e-01
1.005837892836134895e+00
9.802338336723500634e-01
9.932868834421226811e-01
1.003578711145212576e+00
9.897726008117992968e-01
9.947930045694041157e-01
1.002072590017931253e+00
1.004833812084613864e+00
1.036964396133285060e+00
1.021652164672590235e+00
1.013619518660422436e+00
9.739583289753439566e-01
1.003829731333092834e+00
1.035960315381764030e+00
1.017384821478626078e+00
1.019392982981667917e+00
9.769705712299068256e-01
9.762175106662661639e-01
9.965501458845658078e-01
9.887685200602782665e-01
9.950440247572843733e-01
9.930358632542424235e-01
9.737073087874636990e-01
1.001319529454290480e+00
1.000566468890649707e+00
1.044243981581812086e+00
9.960481055088054037e-01
1.004582791896733607e+00
9.814889346117512403e-01
1.018388902230147108e+00
9.857562778057153974e-01
1.005586872648254637e+00
1.005586872648254637e+00
9.661767031510564152e-01
1.012364417721021148e+00
9.787277125450686288e-01
1.005837892836134895e+00
9.900236209996795544e-01
1.018890942605907401e+00
9.872623989329968319e-01
1.023660326175632074e+00
9.978052468239670958e-01
1.011109316781619860e+00
1.002323610205811510e+00
1.006339933211895410e+00
1.014372579224063209e+00
1.003829731333092834e+00
9.875134191208770895e-01
9.719501674723020068e-01
1.032446032751440645e+00
9.887685200602782665e-01
9.895215806239190393e-01
9.932868834421226811e-01
9.887685200602782665e-01
1.006088913024015152e+00
9.917807623148412466e-01
1.024162366551392589e+00
1.027174608805955458e+00
1.000064428514889192e+00
7.164116162102143193e-01
1.007595034151296476e+00
9.940399440057634539e-01
9.779746519814278560e-01
1.002825650581572026e+00
9.839991364905537052e-01
9.985583073876077576e-01
9.860072979935956550e-01
1.000315448702769450e+00
1.001821569830050995e+00
9.870113787451165743e-01
1.012113397533140891e+00
1.022405225236231008e+00
9.845011768663142204e-01
1.014623599411943466e+00
9.952950449451646309e-01
1.012615437908901406e+00
9.734562885995834414e-01
9.885174998723981199e-01
9.983072871997276110e-01
1.017133801290745820e+00
1.000566468890649707e+00
9.839991364905537052e-01
1.021401144484709977e+00
1.021401144484709977e+00
1.008348094714937249e+00
9.842501566784339628e-01
1.005586872648254637e+00
1.003327690957332319e+00
9.995623881391287879e-01
1.004080751520973092e+00
1.007846054339176733e+00
9.978052468239670958e-01
9.925338228784819083e-01
1.012866458096781663e+00
1.012866458096781663e+00
9.927848430663621659e-01
9.952950449451646309e-01
9.975542266360868382e-01
1.020648083921069205e+00
1.000315448702769450e+00
9.885174998723981199e-01
1.002323610205811510e+00
1.027676649181715973e+00
9.809868942359907251e-01
9.885174998723981199e-01
9.935379036300029387e-01
1.029182770308997519e+00
9.819909749875117555e-01
1.007595034151296476e+00
9.880154594966376047e-01
1.033952153878722191e+00
1.008097074527056991e+00
9.709460867207810875e-01
9.789787327329487754e-01
9.822419951753920131e-01
1.013368498472542178e+00
1.022656245424111265e+00
9.965501458845658078e-01
1.002323610205811510e+00
1.014623599411943466e+00
1.014372579224063209e+00
1.010858296593739825e+00
9.722011876601822644e-01
1.000064428514889192e+00
9.814889346117512403e-01
9.975542266360868382e-01
1.014372579224063209e+00
9.822419951753920131e-01
9.862583181814759126e-01
9.962991256966856612e-01
9.960481055088054037e-01
9.832460759269129325e-01
9.656746627752959000e-01
1.031190931812039357e+00
1.017133801290745820e+00
1.032948073127201161e+00
9.970521862603263230e-01
9.930358632542424235e-01
1.005837892836134895e+00
1.035207254818123257e+00
9.927848430663621659e-01
9.867603585572363167e-01
1.000566468890649707e+00
9.980562670118473534e-01
1.000566468890649707e+00
1.014121559036182951e+00
9.867603585572363167e-01
1.001068509266410222e+00
9.968011660724460654e-01
1.009352175466458279e+00
9.684358848419786225e-01
1.029182770308997519e+00
1.018639922418027366e+00
1.009101155278578021e+00
1.000817489078529965e+00
1.017133801290745820e+00
1.007846054339176733e+00
9.980562670118473534e-01
1.002072590017931253e+00

# time bin value
-1.000000000000000000e+02
-9.900000000000000000e+01
-9.800000000000000000e+01
-9.700000000000000000e+01
-9.600000000000000000e+01
-9.500000000000000000e+01
-9.400000000000000000e+01
-9.300000000000000000e+01
-9.200000000000000000e+01
-9.100000000000000000e+01
-9.000000000000000000e+01
-8.900000000000000000e+01
-8.800000000000000000e+01
-8.700000000000000000e+01
-8.600000000000000000e+01
-8.500000000000000000e+01
-8.400000000000000000e+01
-8.300000000000000000e+01
-8.200000000000000000e+01
-8.100000000000000000e+01
-8.000000000000000000e+01
-7.900000000000000000e+01
-7.800000000000000000e+01
-7.700000000000000000e+01
-7.600000000000000000e+01
-7.500000000000000000e+01
-7.400000000000000000e+01
-7.300000000000000000e+01
-7.200000000000000000e+01
-7.100000000000000000e+01
-7.000000000000000000e+01
-6.900000000000000000e+01
-6.800000000000000000e+01
-6.700000000000000000e+01
-6.600000000000000000e+01
-6.500000000000000000e+01
-6.400000000000000000e+01
-6.300000000000000000e+01
-6.200000000000000000e+01
-6.100000000000000000e+01
-6.000000000000000000e+01
-5.900000000000000000e+01
-5.800000000000000000e+01
-5.700000000000000000e+01
-5.600000000000000000e+01
-5.500000000000000000e+01
-5.400000000000000000e+01
-5.300000000000000000e+01
-5.200000000000000000e+01
-5.100000000000000000e+01
-5.000000000000000000e+01
-4.900000000000000000e+01
-4.800000000000000000e+01
-4.700000000000000000e+01
-4.600000000000000000e+01
-4.500000000000000000e+01
-4.400000000000000000e+01
-4.300000000000000000e+01
-4.200000000000000000e+01
-4.100000000000000000e+01
-4.000000000000000000e+01
-3.900000000000000000e+01
-3.800000000000000000e+01
-3.700000000000000000e+01
-3.600000000000000000e+01
-3.500000000000000000e+01
-3.400000000000000000e+01
-3.300000000000000000e+01
-3.200000000000000000e+01
-3.100000000000000000e+01
-3.000000000000000000e+01
-2.900000000000000000e+01
-2.800000000000000000e+01
-2.700000000000000000e+01
-2.600000000000000000e+01
-2.500000000000000000e+01
-2.400000000000000000e+01
-2.300000000000000000e+01
-2.200000000000000000e+01
-2.100000000000000000e+01
-2.000000000000000000e+01
-1.900000000000000000e+01
-1.800000000000000000e+01
-1.700000000000000000e+01
-1.600000000000000000e+01
-1.500000000000000000e+01
-1.400000000000000000e+01
-1.300000000000000000e+01
-1.200000000000000000e+01
-1.100000000000000000e+01
-1.000000000000000000e+01
-9.000000000000000000e+00
-8.000000000000000000e+00
-7.000000000000000000e+00
-6.000000000000000000e+00
-5.000000000000000000e+00
-4.000000000000000000e+00
-3.000000000000000000e+00
-2.000000000000000000e+00
-1.000000000000000000e+00
0.000000000000000000e+00
1.000000000000000000e+00
2.000000000000000000e+00
3.000000000000000000e+00
4.000000000000000000e+00
5.000000000000000000e+00
6.000000000000000000e+00
7.000000000000000000e+00
8.000000000000000000e+00
9.000000000000000000e+00
1.000000000000000000e+01
1.100000000000000000e+01
1.200000000000000000e+01
1.300000000000000000e+01
1.400000000000000000e+01
1.500000000000000000e+01
1.600000000000000000e+01
1.700000000000000000e+01
1.800000000000000000e+01
1.900000000000000000e+01
2.000000000000000000e+01
2.100000000000000000e+01
2.200000000000000000e+01
2.300000000000000000e+01
2.400000000000000000e+01
2.500000000000000000e+01
2.600000000000000000e+01
2.700000000000000000e+01
2.800000000000000000e+01
2.900000000000000000e+01
3.000000000000000000e+01
3.100000000000000000e+01
3.200000000000000000e+01
3.300000000000000000e+01
3.400000000000000000e+01
3.500000000000000000e+01
3.600000000000000000e+01
3.700000000000000000e+01
3.800000000000000000e+01
3.900000000000000000e+01
4.000000000000000000e+01
4.100000000000000000e+01
4.200000000000000000e+01
4.300000000000000000e+01
4.400000000000000000e+01
4.500000000000000000e+01
4.600000000000000000e+01
4.700000000000000000e+01
4.800000000000000000e+01
4.900000000000000000e+01
5.000000000000000000e+01
5.100000000000000000e+01
5.200000000000000000e+01
5.300000000000000000e+01
5.400000000000000000e+01
5.500000000000000000e+01
5.600000000000000000e+01
5.700000000000000000e+01
5.800000000000000000e+01
5.900000000000000000e+01
6.000000000000000000e+01
6.100000000000000000e+01
6.200000000000000000e+01
6.300000000000000000e+01
6.400000000000000000e+01
6.500000000000000000e+01
6.600000000000000000e+01
6.700000000000000000e+01
6.800000000000000000e+01
6.900000000000000000e+01
7.000000000000000000e+01
7.100000000000000000e+01
7.200000000000000000e+01
7.300000000000000000e+01
7.400000000000000000e+01
7.500000000000000000e+01
7.600000000000000000e+01
7.700000000000000000e+01
7.800000000000000000e+01
7.900000000000000000e+01
8.000000000000000000e+01
8.100000000000000000e+01
8.200000000000000000e+01
8.300000000000000000e+01
8.400000000000000000e+01
8.500000000000000000e+01
8.600000000000000000e+01
8.700000000000000000e+01
8.800000000000000000e+01
8.900000000000000000e+01
9.000000000000000000e+01
9.100000000000000000e+01
9.200000000000000000e+01
9.300000000000000000e+01
9.400000000000000000e+01
9.500000000000000000e+01
9.600000000000000000e+01
9.700000000000000000e+01
9.800000000000000000e+01
9.900000000000000000e+01
