single photon fraction:    0.4000
laser fraction:    0.2000
thermal source fraction:    0.2000
non-detected fraction:    0.2000
number of bins:  200.0000
bin width (ns):    1.0000
average detection events per bin: 5000.0000

# binary result
0.000000000000000000e+00

# g2 signal
1.033140297166157628e+00
1.023332003205719376e+00
1.014529688113018357e+00
9.893802164195871773e-01
1.009248299057397880e+00
1.032637307732289011e+00
9.863622798163753647e-01
1.013272214528346815e+00
1.025595455658128152e+00
9.898832058534557943e-01
1.014529688113018357e+00
9.778114594406087656e-01
9.974280473614851594e-01
9.991885103800253187e-01
1.005978867737251869e+00
9.881227428349155240e-01
9.871167639671782901e-01
9.981825315122880848e-01
9.778114594406087656e-01
1.013775203962215432e+00
1.001451962832434095e+00
9.918951635889302620e-01
1.003212425850974254e+00
9.828413537792950461e-01
9.961705737768136171e-01
1.018302108867033207e+00
1.014278193396084049e+00
9.810808907607547757e-01
9.868652692502439816e-01
9.773084700067401487e-01
1.000697478681631170e+00
1.004972888869514636e+00
9.891287217026528689e-01
9.964220684937479255e-01
9.710211020833823259e-01
9.795719224591489249e-01
1.001703457549368403e+00
1.012014740943675273e+00
9.813323854776890842e-01
9.790689330252803080e-01
1.000948973398565478e+00
9.808293960438204673e-01
9.949131001921419637e-01
9.745420281204626445e-01
1.014026698679149741e+00
1.004469899435645797e+00
1.005224383586448944e+00
1.004721394152580327e+00
1.002709436417105637e+00
1.024840971507325227e+00
9.735360492527254106e-01
1.017044635282361664e+00
9.695121337817763640e-01
1.017799119433164590e+00
1.050744927351559443e+00
1.020817056036376291e+00
9.936556266074704213e-01
1.007990825472726337e+00
9.893802164195871773e-01
9.760509964220684953e-01
9.863622798163753647e-01
9.868652692502439816e-01
9.929011424566674959e-01
1.000445983964696861e+00
9.946616054752076552e-01
1.036409728486303639e+00
9.999429945308282441e-01
9.876197534010469070e-01
1.003463920567908563e+00
9.823383643454263181e-01
9.790689330252803080e-01
1.012769225094478198e+00
1.029116381695208471e+00
9.996914998138939357e-01
1.005727373020317561e+00
9.918951635889302620e-01
1.001200468115499786e+00
9.883742375518498324e-01
1.027104423959734003e+00
9.979310367953537764e-01
1.014529688113018357e+00
9.830928484962293545e-01
1.010505772642069422e+00
1.020565561319441983e+00
9.778114594406087656e-01
9.999429945308282441e-01
1.015535666980755591e+00
1.013272214528346815e+00
9.946616054752076552e-01
1.020062571885573366e+00
9.868652692502439816e-01
9.876197534010469070e-01
9.979310367953537764e-01
1.000697478681631170e+00
9.810808907607547757e-01
1.001703457549368403e+00
9.888772269857184494e-01
1.008242320189660646e+00
9.825898590623606266e-01
9.901347005703901027e-01
7.615260028770995948e-01
1.018805098300901824e+00
9.773084700067401487e-01
9.903861952873244112e-01
9.815838801946233927e-01
1.011260256792872347e+00
9.929011424566674959e-01
1.009499793774332188e+00
9.823383643454263181e-01
1.015032677546886974e+00
1.013272214528346815e+00
9.969250579276165425e-01
9.818353749115577012e-01
9.991885103800253187e-01
1.008745309623529263e+00
9.780629541575430741e-01
1.018302108867033207e+00
1.027607413393602620e+00
9.921466583058645705e-01
1.000445983964696861e+00
9.944101107582733468e-01
1.015535666980755591e+00
1.008242320189660646e+00
1.019559582451704749e+00
9.949131001921419637e-01
1.002709436417105637e+00
9.707696073664480174e-01
1.025846950375062461e+00
1.028110402827471237e+00
1.009499793774332188e+00
1.025343960941193844e+00
1.006230362454186178e+00
9.916436688719959536e-01
1.017799119433164590e+00
9.810808907607547757e-01
1.039427665089515340e+00
9.969250579276165425e-01
9.883742375518498324e-01
1.025343960941193844e+00
1.016290151131558517e+00
9.911406794381273366e-01
1.028864886978274162e+00
1.009248299057397880e+00
1.024337982073456610e+00
1.004972888869514636e+00
1.020062571885573366e+00
1.028110402827471237e+00
1.011511751509806656e+00
1.009751288491266497e+00
1.036158233769369330e+00
9.936556266074704213e-01
1.000194489247762553e+00
1.018050614150098898e+00
1.018050614150098898e+00
9.916436688719959536e-01
9.936556266074704213e-01
1.013523709245281124e+00
9.926496477397331875e-01
1.019811077168639057e+00
1.001200468115499786e+00
1.010002783208200805e+00
1.011260256792872347e+00
1.013775203962215432e+00
9.835958379300979715e-01
9.959190790598793086e-01
1.011008762075938039e+00
9.931526371736018044e-01
9.951645949090763832e-01
1.014278193396084049e+00
9.858592903825067477e-01
1.017799119433164590e+00
1.011763246226740964e+00
1.013523709245281124e+00
1.030625349996814544e+00
9.893802164195871773e-01
1.002206446983237020e+00
9.908891847211930282e-01
9.974280473614851594e-01
9.974280473614851594e-01
1.018805098300901824e+00
9.981825315122880848e-01
9.810808907607547757e-01
1.002206446983237020e+00
9.921466583058645705e-01
9.911406794381273366e-01
9.939071213244047298e-01
1.006230362454186178e+00
1.013775203962215432e+00
1.016793140565427134e+00
1.000194489247762553e+00
9.929011424566674959e-01
9.800749118930175419e-01
1.003966910001777180e+00
1.003715415284842871e+00
9.946616054752076552e-01
9.808293960438204673e-01
1.019308087734770440e+00
1.002709436417105637e+00
9.896317111365214858e-01
9.730330598188567937e-01

# time bin value
-1.000000000000000000e+02
-9.900000000000000000e+01
-9.800000000000000000e+01
-9.700000000000000000e+01
-9.600000000000000000e+01
-9.500000000000000000e+01
-9.400000000000000000e+01
-9.300000000000000000e+01
-9.200000000000000000e+01
-9.100000000000000000e+01
-9.000000000000000000e+01
-8.900000000000000000e+01
-8.800000000000000000e+01
-8.700000000000000000e+01
-8.600000000000000000e+01
-8.500000000000000000e+01
-8.400000000000000000e+01
-8.300000000000000000e+01
-8.200000000000000000e+01
-8.100000000000000000e+01
-8.000000000000000000e+01
-7.900000000000000000e+01
-7.800000000000000000e+01
-7.700000000000000000e+01
-7.600000000000000000e+01
-7.500000000000000000e+01
-7.400000000000000000e+01
-7.300000000000000000e+01
-7.200000000000000000e+01
-7.100000000000000000e+01
-7.000000000000000000e+01
-6.900000000000000000e+01
-6.800000000000000000e+01
-6.700000000000000000e+01
-6.600000000000000000e+01
-6.500000000000000000e+01
-6.400000000000000000e+01
-6.300000000000000000e+01
-6.200000000000000000e+01
-6.100000000000000000e+01
-6.000000000000000000e+01
-5.900000000000000000e+01
-5.800000000000000000e+01
-5.700000000000000000e+01
-5.600000000000000000e+01
-5.500000000000000000e+01
-5.400000000000000000e+01
-5.300000000000000000e+01
-5.200000000000000000e+01
-5.100000000000000000e+01
-5.000000000000000000e+01
-4.900000000000000000e+01
-4.800000000000000000e+01
-4.700000000000000000e+01
-4.600000000000000000e+01
-4.500000000000000000e+01
-4.400000000000000000e+01
-4.300000000000000000e+01
-4.200000000000000000e+01
-4.100000000000000000e+01
-4.000000000000000000e+01
-3.900000000000000000e+01
-3.800000000000000000e+01
-3.700000000000000000e+01
-3.600000000000000000e+01
-3.500000000000000000e+01
-3.400000000000000000e+01
-3.300000000000000000e+01
-3.200000000000000000e+01
-3.100000000000000000e+01
-3.000000000000000000e+01
-2.900000000000000000e+01
-2.800000000000000000e+01
-2.700000000000000000e+01
-2.600000000000000000e+01
-2.500000000000000000e+01
-2.400000000000000000e+01
-2.300000000000000000e+01
-2.200000000000000000e+01
-2.100000000000000000e+01
-2.000000000000000000e+01
-1.900000000000000000e+01
-1.800000000000000000e+01
-1.700000000000000000e+01
-1.600000000000000000e+01
-1.500000000000000000e+01
-1.400000000000000000e+01
-1.300000000000000000e+01
-1.200000000000000000e+01
-1.100000000000000000e+01
-1.000000000000000000e+01
-9.000000000000000000e+00
-8.000000000000000000e+00
-7.000000000000000000e+00
-6.000000000000000000e+00
-5.000000000000000000e+00
-4.000000000000000000e+00
-3.000000000000000000e+00
-2.000000000000000000e+00
-1.000000000000000000e+00
0.000000000000000000e+00
1.000000000000000000e+00
2.000000000000000000e+00
3.000000000000000000e+00
4.000000000000000000e+00
5.000000000000000000e+00
6.000000000000000000e+00
7.000000000000000000e+00
8.000000000000000000e+00
9.000000000000000000e+00
1.000000000000000000e+01
1.100000000000000000e+01
1.200000000000000000e+01
1.300000000000000000e+01
1.400000000000000000e+01
1.500000000000000000e+01
1.600000000000000000e+01
1.700000000000000000e+01
1.800000000000000000e+01
1.900000000000000000e+01
2.000000000000000000e+01
2.100000000000000000e+01
2.200000000000000000e+01
2.300000000000000000e+01
2.400000000000000000e+01
2.500000000000000000e+01
2.600000000000000000e+01
2.700000000000000000e+01
2.800000000000000000e+01
2.900000000000000000e+01
3.000000000000000000e+01
3.100000000000000000e+01
3.200000000000000000e+01
3.300000000000000000e+01
3.400000000000000000e+01
3.500000000000000000e+01
3.600000000000000000e+01
3.700000000000000000e+01
3.800000000000000000e+01
3.900000000000000000e+01
4.000000000000000000e+01
4.100000000000000000e+01
4.200000000000000000e+01
4.300000000000000000e+01
4.400000000000000000e+01
4.500000000000000000e+01
4.600000000000000000e+01
4.700000000000000000e+01
4.800000000000000000e+01
4.900000000000000000e+01
5.000000000000000000e+01
5.100000000000000000e+01
5.200000000000000000e+01
5.300000000000000000e+01
5.400000000000000000e+01
5.500000000000000000e+01
5.600000000000000000e+01
5.700000000000000000e+01
5.800000000000000000e+01
5.900000000000000000e+01
6.000000000000000000e+01
6.100000000000000000e+01
6.200000000000000000e+01
6.300000000000000000e+01
6.400000000000000000e+01
6.500000000000000000e+01
6.600000000000000000e+01
6.700000000000000000e+01
6.800000000000000000e+01
6.900000000000000000e+01
7.000000000000000000e+01
7.100000000000000000e+01
7.200000000000000000e+01
7.300000000000000000e+01
7.400000000000000000e+01
7.500000000000000000e+01
7.600000000000000000e+01
7.700000000000000000e+01
7.800000000000000000e+01
7.900000000000000000e+01
8.000000000000000000e+01
8.100000000000000000e+01
8.200000000000000000e+01
8.300000000000000000e+01
8.400000000000000000e+01
8.500000000000000000e+01
8.600000000000000000e+01
8.700000000000000000e+01
8.800000000000000000e+01
8.900000000000000000e+01
9.000000000000000000e+01
9.100000000000000000e+01
9.200000000000000000e+01
9.300000000000000000e+01
9.400000000000000000e+01
9.500000000000000000e+01
9.600000000000000000e+01
9.700000000000000000e+01
9.800000000000000000e+01
9.900000000000000000e+01
