single photon fraction:    0.4000
laser fraction:    0.2000
thermal source fraction:    0.2000
non-detected fraction:    0.2000
number of bins:  200.0000
bin width (ns):    1.0000
average detection events per bin: 5000.0000

# binary result
0.000000000000000000e+00

# g2 signal
1.016884514736420497e+00
1.011615683053848302e+00
1.015630031002474620e+00
1.007601335105221985e+00
9.837661441602527646e-01
1.009357612332745902e+00
9.807553831987829707e-01
1.004339677396963060e+00
1.005092367637330453e+00
9.825116604263069986e-01
1.010862992813480910e+00
1.002834296916228052e+00
1.008604922092378509e+00
1.013371960281372219e+00
1.012368373294215695e+00
1.014626444015318096e+00
9.852715246409876615e-01
9.960600847529210711e-01
9.684614426061146641e-01
1.003837883903384576e+00
1.006848644864854370e+00
1.000827122941914782e+00
1.039967015441022102e+00
9.759883450097891489e-01
1.017888101723577021e+00
9.915439433107163802e-01
1.009608509079535033e+00
1.007852231852011116e+00
1.028174868341932058e+00
9.810062799455721017e-01
1.003586987156595445e+00
1.016633617989631366e+00
1.012870166787793957e+00
9.827625571730961296e-01
9.975654652336559680e-01
1.017386308229998759e+00
9.732284807951084860e-01
1.005594161130908715e+00
1.036956254479552308e+00
1.012117476547426564e+00
1.004590574143752191e+00
1.007852231852011116e+00
1.014124650521739834e+00
9.968127749932884640e-01
1.001078019688704135e+00
9.724757905547410930e-01
1.040719705681389495e+00
9.970636717400775950e-01
9.882822856024574554e-01
9.769919319969457838e-01
1.005845057877697846e+00
1.008354025345589378e+00
1.000074432701547389e+00
9.850206278941985305e-01
9.822607636795178676e-01
1.005343264384119584e+00
9.985690522208124920e-01
9.920457368042946422e-01
9.915439433107163802e-01
9.998235359547582579e-01
9.948056010189753051e-01
9.714722035675844580e-01
9.902894595767706143e-01
9.687123393529037951e-01
9.955582912593428091e-01
9.948056010189753051e-01
1.007099541611643501e+00
9.885331823492465864e-01
1.024411417140094871e+00
1.006095954624486977e+00
1.005092367637330453e+00
9.960600847529210711e-01
1.002081606675860659e+00
1.014626444015318096e+00
9.940529107786079122e-01
9.845188344006201575e-01
9.797517962116263357e-01
1.011113889560270040e+00
1.001830709929071528e+00
1.012368373294215695e+00
9.920457368042946422e-01
1.008354025345589378e+00
1.003837883903384576e+00
9.870278018685116894e-01
1.009859405826324164e+00
1.001328916435493266e+00
1.003085193663017183e+00
9.779955189841023078e-01
1.013622857028161572e+00
9.694650295932712991e-01
1.024160520393305740e+00
9.880313888556683244e-01
9.933002205382404082e-01
9.784973124776806808e-01
1.002583400169438921e+00
9.767410352501565418e-01
1.021149759431835946e+00
1.005845057877697846e+00
9.857733181345659235e-01
1.010862992813480910e+00
7.398945062812000151e-01
1.025665900874040526e+00
1.027171281354775534e+00
9.885331823492465864e-01
9.892858725896140903e-01
9.970636717400775950e-01
1.012117476547426564e+00
9.880313888556683244e-01
9.807553831987829707e-01
1.018389895217155283e+00
1.010110302573113294e+00
9.935511172850295392e-01
9.699668230868495611e-01
9.907912530703488763e-01
9.998235359547582579e-01
1.010862992813480910e+00
1.012117476547426564e+00
1.000074432701547389e+00
1.003336090409806314e+00
9.938020140318186701e-01
9.943038075253970431e-01
9.885331823492465864e-01
1.022153346418992470e+00
9.872786986153008204e-01
1.020397069191468553e+00
1.015128237508896358e+00
9.887840790960357173e-01
9.980672587272342300e-01
9.978163619804450990e-01
1.004841470890541322e+00
9.877804921088791934e-01
1.007350438358432854e+00
9.980672587272342300e-01
9.963109814997102021e-01
1.027673074848353796e+00
1.018891688710733545e+00
1.000576226195125651e+00
1.029178455329088804e+00
1.008604922092378509e+00
9.892858725896140903e-01
1.023407830152938347e+00
9.895367693364032213e-01
9.759883450097891489e-01
9.953073945125535671e-01
9.907912530703488763e-01
9.970636717400775950e-01
9.905403563235597453e-01
9.890349758428248483e-01
9.950564977657644361e-01
1.022153346418992470e+00
9.980672587272342300e-01
1.010110302573113294e+00
9.958091880061319401e-01
9.855224213877767925e-01
9.975654652336559680e-01
1.020397069191468553e+00
1.008604922092378509e+00
9.732284807951084860e-01
1.045235847123594297e+00
9.983181554740233610e-01
9.895367693364032213e-01
9.973145684868668370e-01
9.948056010189753051e-01
1.002834296916228052e+00
9.842679376538310265e-01
9.757374482630000179e-01
1.030683835809823590e+00
9.754865515162108869e-01
9.907912530703488763e-01
1.011113889560270040e+00
9.747338612758433829e-01
9.777446222373131768e-01
9.835152474134636336e-01
1.002583400169438921e+00
9.892858725896140903e-01
9.820098669327287366e-01
1.003837883903384576e+00
9.980672587272342300e-01
9.955582912593428091e-01
9.980672587272342300e-01
1.002583400169438921e+00
9.722248938079519620e-01
1.037959841466708832e+00
9.722248938079519620e-01
9.702177198336386921e-01
1.010361199319902648e+00
9.892858725896140903e-01
1.024411417140094871e+00
1.001830709929071528e+00
1.001328916435493266e+00
1.000576226195125651e+00
1.014375547268528965e+00
1.010612096066691779e+00
1.003586987156595445e+00
9.943038075253970431e-01
9.990708457143908650e-01
1.007852231852011116e+00
9.789991059712589427e-01
9.885331823492465864e-01
1.005092367637330453e+00

# time bin value
-1.000000000000000000e+02
-9.900000000000000000e+01
-9.800000000000000000e+01
-9.700000000000000000e+01
-9.600000000000000000e+01
-9.500000000000000000e+01
-9.400000000000000000e+01
-9.300000000000000000e+01
-9.200000000000000000e+01
-9.100000000000000000e+01
-9.000000000000000000e+01
-8.900000000000000000e+01
-8.800000000000000000e+01
-8.700000000000000000e+01
-8.600000000000000000e+01
-8.500000000000000000e+01
-8.400000000000000000e+01
-8.300000000000000000e+01
-8.200000000000000000e+01
-8.100000000000000000e+01
-8.000000000000000000e+01
-7.900000000000000000e+01
-7.800000000000000000e+01
-7.700000000000000000e+01
-7.600000000000000000e+01
-7.500000000000000000e+01
-7.400000000000000000e+01
-7.300000000000000000e+01
-7.200000000000000000e+01
-7.100000000000000000e+01
-7.000000000000000000e+01
-6.900000000000000000e+01
-6.800000000000000000e+01
-6.700000000000000000e+01
-6.600000000000000000e+01
-6.500000000000000000e+01
-6.400000000000000000e+01
-6.300000000000000000e+01
-6.200000000000000000e+01
-6.100000000000000000e+01
-6.000000000000000000e+01
-5.900000000000000000e+01
-5.800000000000000000e+01
-5.700000000000000000e+01
-5.600000000000000000e+01
-5.500000000000000000e+01
-5.400000000000000000e+01
-5.300000000000000000e+01
-5.200000000000000000e+01
-5.100000000000000000e+01
-5.000000000000000000e+01
-4.900000000000000000e+01
-4.800000000000000000e+01
-4.700000000000000000e+01
-4.600000000000000000e+01
-4.500000000000000000e+01
-4.400000000000000000e+01
-4.300000000000000000e+01
-4.200000000000000000e+01
-4.100000000000000000e+01
-4.000000000000000000e+01
-3.900000000000000000e+01
-3.800000000000000000e+01
-3.700000000000000000e+01
-3.600000000000000000e+01
-3.500000000000000000e+01
-3.400000000000000000e+01
-3.300000000000000000e+01
-3.200000000000000000e+01
-3.100000000000000000e+01
-3.000000000000000000e+01
-2.900000000000000000e+01
-2.800000000000000000e+01
-2.700000000000000000e+01
-2.600000000000000000e+01
-2.500000000000000000e+01
-2.400000000000000000e+01
-2.300000000000000000e+01
-2.200000000000000000e+01
-2.100000000000000000e+01
-2.000000000000000000e+01
-1.900000000000000000e+01
-1.800000000000000000e+01
-1.700000000000000000e+01
-1.600000000000000000e+01
-1.500000000000000000e+01
-1.400000000000000000e+01
-1.300000000000000000e+01
-1.200000000000000000e+01
-1.100000000000000000e+01
-1.000000000000000000e+01
-9.000000000000000000e+00
-8.000000000000000000e+00
-7.000000000000000000e+00
-6.000000000000000000e+00
-5.000000000000000000e+00
-4.000000000000000000e+00
-3.000000000000000000e+00
-2.000000000000000000e+00
-1.000000000000000000e+00
0.000000000000000000e+00
1.000000000000000000e+00
2.000000000000000000e+00
3.000000000000000000e+00
4.000000000000000000e+00
5.000000000000000000e+00
6.000000000000000000e+00
7.000000000000000000e+00
8.000000000000000000e+00
9.000000000000000000e+00
1.000000000000000000e+01
1.100000000000000000e+01
1.200000000000000000e+01
1.300000000000000000e+01
1.400000000000000000e+01
1.500000000000000000e+01
1.600000000000000000e+01
1.700000000000000000e+01
1.800000000000000000e+01
1.900000000000000000e+01
2.000000000000000000e+01
2.100000000000000000e+01
2.200000000000000000e+01
2.300000000000000000e+01
2.400000000000000000e+01
2.500000000000000000e+01
2.600000000000000000e+01
2.700000000000000000e+01
2.800000000000000000e+01
2.900000000000000000e+01
3.000000000000000000e+01
3.100000000000000000e+01
3.200000000000000000e+01
3.300000000000000000e+01
3.400000000000000000e+01
3.500000000000000000e+01
3.600000000000000000e+01
3.700000000000000000e+01
3.800000000000000000e+01
3.900000000000000000e+01
4.000000000000000000e+01
4.100000000000000000e+01
4.200000000000000000e+01
4.300000000000000000e+01
4.400000000000000000e+01
4.500000000000000000e+01
4.600000000000000000e+01
4.700000000000000000e+01
4.800000000000000000e+01
4.900000000000000000e+01
5.000000000000000000e+01
5.100000000000000000e+01
5.200000000000000000e+01
5.300000000000000000e+01
5.400000000000000000e+01
5.500000000000000000e+01
5.600000000000000000e+01
5.700000000000000000e+01
5.800000000000000000e+01
5.900000000000000000e+01
6.000000000000000000e+01
6.100000000000000000e+01
6.200000000000000000e+01
6.300000000000000000e+01
6.400000000000000000e+01
6.500000000000000000e+01
6.600000000000000000e+01
6.700000000000000000e+01
6.800000000000000000e+01
6.900000000000000000e+01
7.000000000000000000e+01
7.100000000000000000e+01
7.200000000000000000e+01
7.300000000000000000e+01
7.400000000000000000e+01
7.500000000000000000e+01
7.600000000000000000e+01
7.700000000000000000e+01
7.800000000000000000e+01
7.900000000000000000e+01
8.000000000000000000e+01
8.100000000000000000e+01
8.200000000000000000e+01
8.300000000000000000e+01
8.400000000000000000e+01
8.500000000000000000e+01
8.600000000000000000e+01
8.700000000000000000e+01
8.800000000000000000e+01
8.900000000000000000e+01
9.000000000000000000e+01
9.100000000000000000e+01
9.200000000000000000e+01
9.300000000000000000e+01
9.400000000000000000e+01
9.500000000000000000e+01
9.600000000000000000e+01
9.700000000000000000e+01
9.800000000000000000e+01
9.900000000000000000e+01
