single photon fraction:    0.4000
laser fraction:    0.2000
thermal source fraction:    0.2000
non-detected fraction:    0.2000
number of bins:  200.0000
bin width (ns):    1.0000
average detection events per bin: 5000.0000

# binary result
0.000000000000000000e+00

# g2 signal
1.000309140764608085e+00
1.003576482179165952e+00
9.988011370348123252e-01
1.011619168738077335e+00
1.011870502693043239e+00
1.014132508287737267e+00
9.993038049447442450e-01
9.721597378084181340e-01
1.015137844107601106e+00
9.834697657818873839e-01
9.967904653950844240e-01
1.007849159413587659e+00
9.945284598003906185e-01
9.980471351699142790e-01
9.965391314401184086e-01
1.027704541855900100e+00
1.016143179927464946e+00
1.029212545585696192e+00
9.960364635301864888e-01
1.003073814269233921e+00
1.022426528801614554e+00
9.915124523407987667e-01
1.025442536261206294e+00
9.854804374216151741e-01
1.005335819863927727e+00
1.000057806809642180e+00
9.764324150428398408e-01
9.942771258454246031e-01
1.012373170602975270e+00
9.902557825659689117e-01
9.927691221156287327e-01
9.819617620520915136e-01
9.751757452680099858e-01
1.001565810539438051e+00
1.011367834783111430e+00
9.942771258454246031e-01
9.832184318269213685e-01
1.031977219090321807e+00
1.003073814269233921e+00
9.922664542056967019e-01
9.957851295752204734e-01
1.022929196711546584e+00
1.008854495233451498e+00
9.741704094481460352e-01
1.000057806809642180e+00
1.006843823593723597e+00
1.009105829188417625e+00
9.977958012149483746e-01
9.807050922772615476e-01
9.942771258454246031e-01
1.009608497098349433e+00
1.021169859026784588e+00
9.940257918904585877e-01
9.957851295752204734e-01
1.000057806809642180e+00
1.015389178062567010e+00
9.998064728546761648e-01
1.002319812404335986e+00
1.013378506422839331e+00
1.012875838512907301e+00
9.769350829527718716e-01
1.022426528801614554e+00
1.004833151953995918e+00
1.000309140764608085e+00
1.002319812404335986e+00
9.631117154296428007e-01
1.003827816134131856e+00
9.952824616652885537e-01
9.739190754931800198e-01
1.009608497098349433e+00
1.006843823593723597e+00
9.945284598003906185e-01
9.980471351699142790e-01
1.005587153818893853e+00
9.658763889342686371e-01
1.039768571694267285e+00
1.016143179927464946e+00
9.970417993500504394e-01
1.024437200441342455e+00
1.009105829188417625e+00
9.794484225024316926e-01
1.000057806809642180e+00
9.829670978719553531e-01
1.026447872081070356e+00
9.874911090613430753e-01
1.023431864621478393e+00
1.009608497098349433e+00
9.892504467461049611e-01
9.824644299620234333e-01
1.008100493368553563e+00
1.010362498963247369e+00
9.844751016017513345e-01
9.980471351699142790e-01
1.015389178062567010e+00
1.001817144494403955e+00
1.015389178062567010e+00
9.822130960070574179e-01
1.010362498963247369e+00
1.003073814269233921e+00
1.011116500828145304e+00
7.421891690145446807e-01
1.014383842242703171e+00
9.957851295752204734e-01
1.039265903784335254e+00
1.018405185522158973e+00
9.905071165209348161e-01
1.007597825458621532e+00
9.945284598003906185e-01
1.012624504557941174e+00
9.754270792229760012e-01
9.917637862957647821e-01
1.003325148224200047e+00
1.019661855296988717e+00
9.696463982587583130e-01
1.022677862756580458e+00
1.020918525071818683e+00
1.020415857161886652e+00
1.010362498963247369e+00
9.540636930508674673e-01
9.950311277103225382e-01
1.003827816134131856e+00
9.884964448812070259e-01
9.975444672599823592e-01
1.010865166873179399e+00
1.018656519477124878e+00
9.937744579354926833e-01
1.009859831053315560e+00
9.982984691248802944e-01
9.937744579354926833e-01
9.892504467461049611e-01
1.005838487773859757e+00
1.009859831053315560e+00
1.011870502693043239e+00
1.019913189251954844e+00
9.975444672599823592e-01
1.008351827323519689e+00
9.819617620520915136e-01
1.024437200441342455e+00
9.633630493846088161e-01
1.011619168738077335e+00
9.993038049447442450e-01
9.930204560705946371e-01
9.977958012149483746e-01
9.862344392865132203e-01
1.005335819863927727e+00
1.010865166873179399e+00
1.019913189251954844e+00
9.960364635301864888e-01
1.016897181792362881e+00
9.967904653950844240e-01
1.005838487773859757e+00
9.887477788361730413e-01
9.993038049447442450e-01
1.003576482179165952e+00
9.799510904123636124e-01
9.872397751063770599e-01
1.012121836648009365e+00
1.019159187387056908e+00
9.812077601871935784e-01
9.900044486110028963e-01
1.005084485908961822e+00
1.019913189251954844e+00
9.998064728546761648e-01
1.015389178062567010e+00
9.789457545924996618e-01
1.006089821728825662e+00
1.012875838512907301e+00
9.857317713765811895e-01
9.937744579354926833e-01
9.998064728546761648e-01
1.002571146359301890e+00
9.947797937553565228e-01
9.807050922772615476e-01
1.008854495233451498e+00
1.010362498963247369e+00
1.014886510152635202e+00
1.012624504557941174e+00
1.000560474719574211e+00
9.942771258454246031e-01
9.847264355567172389e-01
9.701490661686903438e-01
1.024688534396308359e+00
1.001063142629506020e+00
9.804537583222956432e-01
9.925177881606627173e-01
1.028961211630730066e+00
1.001314476584472146e+00
9.962877974851525043e-01
1.019913189251954844e+00
1.001565810539438051e+00
9.988011370348123252e-01
9.900044486110028963e-01
9.751757452680099858e-01
9.839724336918193037e-01
1.009105829188417625e+00
9.988011370348123252e-01
1.003325148224200047e+00
9.844751016017513345e-01
9.945284598003906185e-01
9.859831053315472049e-01

# time bin value
-1.000000000000000000e+02
-9.900000000000000000e+01
-9.800000000000000000e+01
-9.700000000000000000e+01
-9.600000000000000000e+01
-9.500000000000000000e+01
-9.400000000000000000e+01
-9.300000000000000000e+01
-9.200000000000000000e+01
-9.100000000000000000e+01
-9.000000000000000000e+01
-8.900000000000000000e+01
-8.800000000000000000e+01
-8.700000000000000000e+01
-8.600000000000000000e+01
-8.500000000000000000e+01
-8.400000000000000000e+01
-8.300000000000000000e+01
-8.200000000000000000e+01
-8.100000000000000000e+01
-8.000000000000000000e+01
-7.900000000000000000e+01
-7.800000000000000000e+01
-7.700000000000000000e+01
-7.600000000000000000e+01
-7.500000000000000000e+01
-7.400000000000000000e+01
-7.300000000000000000e+01
-7.200000000000000000e+01
-7.100000000000000000e+01
-7.000000000000000000e+01
-6.900000000000000000e+01
-6.800000000000000000e+01
-6.700000000000000000e+01
-6.600000000000000000e+01
-6.500000000000000000e+01
-6.400000000000000000e+01
-6.300000000000000000e+01
-6.200000000000000000e+01
-6.100000000000000000e+01
-6.000000000000000000e+01
-5.900000000000000000e+01
-5.800000000000000000e+01
-5.700000000000000000e+01
-5.600000000000000000e+01
-5.500000000000000000e+01
-5.400000000000000000e+01
-5.300000000000000000e+01
-5.200000000000000000e+01
-5.100000000000000000e+01
-5.000000000000000000e+01
-4.900000000000000000e+01
-4.800000000000000000e+01
-4.700000000000000000e+01
-4.600000000000000000e+01
-4.500000000000000000e+01
-4.400000000000000000e+01
-4.300000000000000000e+01
-4.200000000000000000e+01
-4.100000000000000000e+01
-4.000000000000000000e+01
-3.900000000000000000e+01
-3.800000000000000000e+01
-3.700000000000000000e+01
-3.600000000000000000e+01
-3.500000000000000000e+01
-3.400000000000000000e+01
-3.300000000000000000e+01
-3.200000000000000000e+01
-3.100000000000000000e+01
-3.000000000000000000e+01
-2.900000000000000000e+01
-2.800000000000000000e+01
-2.700000000000000000e+01
-2.600000000000000000e+01
-2.500000000000000000e+01
-2.400000000000000000e+01
-2.300000000000000000e+01
-2.200000000000000000e+01
-2.100000000000000000e+01
-2.000000000000000000e+01
-1.900000000000000000e+01
-1.800000000000000000e+01
-1.700000000000000000e+01
-1.600000000000000000e+01
-1.500000000000000000e+01
-1.400000000000000000e+01
-1.300000000000000000e+01
-1.200000000000000000e+01
-1.100000000000000000e+01
-1.000000000000000000e+01
-9.000000000000000000e+00
-8.000000000000000000e+00
-7.000000000000000000e+00
-6.000000000000000000e+00
-5.000000000000000000e+00
-4.000000000000000000e+00
-3.000000000000000000e+00
-2.000000000000000000e+00
-1.000000000000000000e+00
0.000000000000000000e+00
1.000000000000000000e+00
2.000000000000000000e+00
3.000000000000000000e+00
4.000000000000000000e+00
5.000000000000000000e+00
6.000000000000000000e+00
7.000000000000000000e+00
8.000000000000000000e+00
9.000000000000000000e+00
1.000000000000000000e+01
1.100000000000000000e+01
1.200000000000000000e+01
1.300000000000000000e+01
1.400000000000000000e+01
1.500000000000000000e+01
1.600000000000000000e+01
1.700000000000000000e+01
1.800000000000000000e+01
1.900000000000000000e+01
2.000000000000000000e+01
2.100000000000000000e+01
2.200000000000000000e+01
2.300000000000000000e+01
2.400000000000000000e+01
2.500000000000000000e+01
2.600000000000000000e+01
2.700000000000000000e+01
2.800000000000000000e+01
2.900000000000000000e+01
3.000000000000000000e+01
3.100000000000000000e+01
3.200000000000000000e+01
3.300000000000000000e+01
3.400000000000000000e+01
3.500000000000000000e+01
3.600000000000000000e+01
3.700000000000000000e+01
3.800000000000000000e+01
3.900000000000000000e+01
4.000000000000000000e+01
4.100000000000000000e+01
4.200000000000000000e+01
4.300000000000000000e+01
4.400000000000000000e+01
4.500000000000000000e+01
4.600000000000000000e+01
4.700000000000000000e+01
4.800000000000000000e+01
4.900000000000000000e+01
5.000000000000000000e+01
5.100000000000000000e+01
5.200000000000000000e+01
5.300000000000000000e+01
5.400000000000000000e+01
5.500000000000000000e+01
5.600000000000000000e+01
5.700000000000000000e+01
5.800000000000000000e+01
5.900000000000000000e+01
6.000000000000000000e+01
6.100000000000000000e+01
6.200000000000000000e+01
6.300000000000000000e+01
6.400000000000000000e+01
6.500000000000000000e+01
6.600000000000000000e+01
6.700000000000000000e+01
6.800000000000000000e+01
6.900000000000000000e+01
7.000000000000000000e+01
7.100000000000000000e+01
7.200000000000000000e+01
7.300000000000000000e+01
7.400000000000000000e+01
7.500000000000000000e+01
7.600000000000000000e+01
7.700000000000000000e+01
7.800000000000000000e+01
7.900000000000000000e+01
8.000000000000000000e+01
8.100000000000000000e+01
8.200000000000000000e+01
8.300000000000000000e+01
8.400000000000000000e+01
8.500000000000000000e+01
8.600000000000000000e+01
8.700000000000000000e+01
8.800000000000000000e+01
8.900000000000000000e+01
9.000000000000000000e+01
9.100000000000000000e+01
9.200000000000000000e+01
9.300000000000000000e+01
9.400000000000000000e+01
9.500000000000000000e+01
9.600000000000000000e+01
9.700000000000000000e+01
9.800000000000000000e+01
9.900000000000000000e+01
