single photon fraction:    0.4000
laser fraction:    0.2000
thermal source fraction:    0.2000
non-detected fraction:    0.2000
number of bins:  200.0000
bin width (ns):    1.0000
average detection events per bin: 5000.0000

# binary result
0.000000000000000000e+00

# g2 signal
9.957524607098430236e-01
1.016345575912417365e+00
1.019108066976177174e+00
9.899763430310721812e-01
9.819400053910432025e-01
1.019108066976177174e+00
1.005797882759879247e+00
1.033171657846227998e+00
9.806843276347886329e-01
1.028148946821209941e+00
1.009062644926141061e+00
9.960035962610939153e-01
9.995194939786066213e-01
9.909808852360757481e-01
1.003537662798621000e+00
9.801820565322868495e-01
1.029153489026213508e+00
9.919854274410794259e-01
1.015341033707413576e+00
9.794286498785340633e-01
9.949990540560902375e-01
9.995194939786066213e-01
9.779218365710286021e-01
1.015592169258664468e+00
1.004291069452373897e+00
9.934922407485847762e-01
9.960035962610939153e-01
1.036185284461238920e+00
1.034929606704984240e+00
9.995194939786066213e-01
9.854559031085557974e-01
1.002784256144868325e+00
1.005546747208628355e+00
9.949990540560902375e-01
9.849536320060540140e-01
9.628537034959743224e-01
1.007555831618635489e+00
9.892229363773193951e-01
9.957524607098430236e-01
1.028148946821209941e+00
9.889718008260685034e-01
9.957524607098430236e-01
9.862093097623085836e-01
9.892229363773193951e-01
9.821911409422940942e-01
1.027897811269959050e+00
1.018856931424926282e+00
9.927388340948321011e-01
9.995194939786066213e-01
1.011574000438649978e+00
9.791775143272831716e-01
9.791775143272831716e-01
9.686298211747451647e-01
9.897252074798212895e-01
1.023628506898693669e+00
9.859581742110576918e-01
1.005797882759879247e+00
9.912320207873266398e-01
1.017852389219922715e+00
1.006049018311130139e+00
1.008058102721137494e+00
1.010067187131144628e+00
1.008560373823639278e+00
9.844513609035522306e-01
1.015843304809915582e+00
1.005295611657377464e+00
9.872138519673121504e-01
1.017852389219922715e+00
9.907297496848248564e-01
9.985149517736029434e-01
1.020614880283682746e+00
1.002030849491115649e+00
9.944967829535884540e-01
1.002784256144868325e+00
9.804331920835377412e-01
1.004542205003624789e+00
1.019108066976177174e+00
9.784241076735304965e-01
1.016596711463668257e+00
9.904786141335739647e-01
1.026642133513704369e+00
1.034929606704984240e+00
1.017350118117420932e+00
9.711411766872541929e-01
1.003035391696119216e+00
9.937433762998357789e-01
9.789263787760322799e-01
1.016094440361166473e+00
1.020112609181180963e+00
1.001026307286112083e+00
9.857070386598066891e-01
1.008058102721137494e+00
9.899763430310721812e-01
1.004039933901122783e+00
9.849536320060540140e-01
9.960035962610939153e-01
1.023628506898693669e+00
9.965058673635956987e-01
1.002030849491115649e+00
9.929899696460829928e-01
7.521509759964639663e-01
9.862093097623085836e-01
1.009062644926141061e+00
1.004291069452373897e+00
1.016596711463668257e+00
1.003537662798621000e+00
1.003035391696119216e+00
9.919854274410794259e-01
1.008560373823639278e+00
1.018354660322424499e+00
9.970081384660974821e-01
9.889718008260685034e-01
9.912320207873266398e-01
1.022121693591188096e+00
1.008560373823639278e+00
1.018354660322424499e+00
1.023377371347442777e+00
1.002533120593617433e+00
9.816888698397921997e-01
1.049997739780038630e+00
9.892229363773193951e-01
1.017601253668671824e+00
1.010318322682395520e+00
1.040705724383755193e+00
1.031162573436220864e+00
9.769172943660250352e-01
1.012578542643653767e+00
1.016596711463668257e+00
9.982638162223520517e-01
9.897252074798212895e-01
9.992683584273556185e-01
9.708900411360033011e-01
9.631048390472252141e-01
1.002281985042366541e+00
9.814377342885413080e-01
1.009062644926141061e+00
1.018354660322424499e+00
1.007053560516133706e+00
9.937433762998357789e-01
9.811865987372904163e-01
9.924876985435812093e-01
9.831956831472976610e-01
9.980126806711011600e-01
9.889718008260685034e-01
1.013080813746155551e+00
1.010067187131144628e+00
9.922365629923303176e-01
9.636071101497269975e-01
9.844513609035522306e-01
1.021870558039937205e+00
9.917342918898285342e-01
9.907297496848248564e-01
1.015089898156162684e+00
1.000775171734861191e+00
9.809354631860395246e-01
1.005295611657377464e+00
9.804331920835377412e-01
9.914831563385775315e-01
1.004291069452373897e+00
1.002030849491115649e+00
9.904786141335739647e-01
9.987660873248538351e-01
1.021619422488686313e+00
1.014085355951159118e+00
9.897252074798212895e-01
1.022623964693689880e+00
1.024884184654948127e+00
9.992683584273556185e-01
9.734013966485123293e-01
9.982638162223520517e-01
1.017350118117420932e+00
1.007806967169886381e+00
9.842002253523013389e-01
1.017601253668671824e+00
1.010820593784897303e+00
9.530594169971889906e-01
9.829445475960467693e-01
9.904786141335739647e-01
1.005797882759879247e+00
1.019359202527428065e+00
1.001528578388613866e+00
1.011574000438649978e+00
9.814377342885413080e-01
1.006802424964882814e+00
9.897252074798212895e-01
9.924876985435812093e-01
9.962547318123448070e-01
9.789263787760322799e-01
9.995194939786066213e-01
1.006802424964882814e+00
9.955013251585921319e-01
9.844513609035522306e-01
9.776707010197777103e-01
1.008811509374890170e+00
9.847024964548031223e-01
1.017601253668671824e+00
1.013331949297406442e+00
9.939945118510866706e-01
9.902274785823230729e-01
1.014336491502410009e+00

# time bin value
-1.000000000000000000e+02
-9.900000000000000000e+01
-9.800000000000000000e+01
-9.700000000000000000e+01
-9.600000000000000000e+01
-9.500000000000000000e+01
-9.400000000000000000e+01
-9.300000000000000000e+01
-9.200000000000000000e+01
-9.100000000000000000e+01
-9.000000000000000000e+01
-8.900000000000000000e+01
-8.800000000000000000e+01
-8.700000000000000000e+01
-8.600000000000000000e+01
-8.500000000000000000e+01
-8.400000000000000000e+01
-8.300000000000000000e+01
-8.200000000000000000e+01
-8.100000000000000000e+01
-8.000000000000000000e+01
-7.900000000000000000e+01
-7.800000000000000000e+01
-7.700000000000000000e+01
-7.600000000000000000e+01
-7.500000000000000000e+01
-7.400000000000000000e+01
-7.300000000000000000e+01
-7.200000000000000000e+01
-7.100000000000000000e+01
-7.000000000000000000e+01
-6.900000000000000000e+01
-6.800000000000000000e+01
-6.700000000000000000e+01
-6.600000000000000000e+01
-6.500000000000000000e+01
-6.400000000000000000e+01
-6.300000000000000000e+01
-6.200000000000000000e+01
-6.100000000000000000e+01
-6.000000000000000000e+01
-5.900000000000000000e+01
-5.800000000000000000e+01
-5.700000000000000000e+01
-5.600000000000000000e+01
-5.500000000000000000e+01
-5.400000000000000000e+01
-5.300000000000000000e+01
-5.200000000000000000e+01
-5.100000000000000000e+01
-5.000000000000000000e+01
-4.900000000000000000e+01
-4.800000000000000000e+01
-4.700000000000000000e+01
-4.600000000000000000e+01
-4.500000000000000000e+01
-4.400000000000000000e+01
-4.300000000000000000e+01
-4.200000000000000000e+01
-4.100000000000000000e+01
-4.000000000000000000e+01
-3.900000000000000000e+01
-3.800000000000000000e+01
-3.700000000000000000e+01
-3.600000000000000000e+01
-3.500000000000000000e+01
-3.400000000000000000e+01
-3.300000000000000000e+01
-3.200000000000000000e+01
-3.100000000000000000e+01
-3.000000000000000000e+01
-2.900000000000000000e+01
-2.800000000000000000e+01
-2.700000000000000000e+01
-2.600000000000000000e+01
-2.500000000000000000e+01
-2.400000000000000000e+01
-2.300000000000000000e+01
-2.200000000000000000e+01
-2.100000000000000000e+01
-2.000000000000000000e+01
-1.900000000000000000e+01
-1.800000000000000000e+01
-1.700000000000000000e+01
-1.600000000000000000e+01
-1.500000000000000000e+01
-1.400000000000000000e+01
-1.300000000000000000e+01
-1.200000000000000000e+01
-1.100000000000000000e+01
-1.000000000000000000e+01
-9.000000000000000000e+00
-8.000000000000000000e+00
-7.000000000000000000e+00
-6.000000000000000000e+00
-5.000000000000000000e+00
-4.000000000000000000e+00
-3.000000000000000000e+00
-2.000000000000000000e+00
-1.000000000000000000e+00
0.000000000000000000e+00
1.000000000000000000e+00
2.000000000000000000e+00
3.000000000000000000e+00
4.000000000000000000e+00
5.000000000000000000e+00
6.000000000000000000e+00
7.000000000000000000e+00
8.000000000000000000e+00
9.000000000000000000e+00
1.000000000000000000e+01
1.100000000000000000e+01
1.200000000000000000e+01
1.300000000000000000e+01
1.400000000000000000e+01
1.500000000000000000e+01
1.600000000000000000e+01
1.700000000000000000e+01
1.800000000000000000e+01
1.900000000000000000e+01
2.000000000000000000e+01
2.100000000000000000e+01
2.200000000000000000e+01
2.300000000000000000e+01
2.400000000000000000e+01
2.500000000000000000e+01
2.600000000000000000e+01
2.700000000000000000e+01
2.800000000000000000e+01
2.900000000000000000e+01
3.000000000000000000e+01
3.100000000000000000e+01
3.200000000000000000e+01
3.300000000000000000e+01
3.400000000000000000e+01
3.500000000000000000e+01
3.600000000000000000e+01
3.700000000000000000e+01
3.800000000000000000e+01
3.900000000000000000e+01
4.000000000000000000e+01
4.100000000000000000e+01
4.200000000000000000e+01
4.300000000000000000e+01
4.400000000000000000e+01
4.500000000000000000e+01
4.600000000000000000e+01
4.700000000000000000e+01
4.800000000000000000e+01
4.900000000000000000e+01
5.000000000000000000e+01
5.100000000000000000e+01
5.200000000000000000e+01
5.300000000000000000e+01
5.400000000000000000e+01
5.500000000000000000e+01
5.600000000000000000e+01
5.700000000000000000e+01
5.800000000000000000e+01
5.900000000000000000e+01
6.000000000000000000e+01
6.100000000000000000e+01
6.200000000000000000e+01
6.300000000000000000e+01
6.400000000000000000e+01
6.500000000000000000e+01
6.600000000000000000e+01
6.700000000000000000e+01
6.800000000000000000e+01
6.900000000000000000e+01
7.000000000000000000e+01
7.100000000000000000e+01
7.200000000000000000e+01
7.300000000000000000e+01
7.400000000000000000e+01
7.500000000000000000e+01
7.600000000000000000e+01
7.700000000000000000e+01
7.800000000000000000e+01
7.900000000000000000e+01
8.000000000000000000e+01
8.100000000000000000e+01
8.200000000000000000e+01
8.300000000000000000e+01
8.400000000000000000e+01
8.500000000000000000e+01
8.600000000000000000e+01
8.700000000000000000e+01
8.800000000000000000e+01
8.900000000000000000e+01
9.000000000000000000e+01
9.100000000000000000e+01
9.200000000000000000e+01
9.300000000000000000e+01
9.400000000000000000e+01
9.500000000000000000e+01
9.600000000000000000e+01
9.700000000000000000e+01
9.800000000000000000e+01
9.900000000000000000e+01
