single photon fraction:    0.4000
laser fraction:    0.2000
thermal source fraction:    0.2000
non-detected fraction:    0.2000
number of bins:  200.0000
bin width (ns):    1.0000
average detection events per bin: 5000.0000

# binary result
0.000000000000000000e+00

# g2 signal
1.024809098035803556e+00
1.011757402444850351e+00
9.891679293066620859e-01
9.964467595400783306e-01
9.974507361239978165e-01
1.021546174138065144e+00
1.016526291218467826e+00
9.987057068538971460e-01
9.916778707664608561e-01
1.003976583919474308e+00
9.806341283433466227e-01
1.012008396590830195e+00
9.673314386064135739e-01
9.961957653940984869e-01
9.926818473503802309e-01
9.833950639491251255e-01
1.020291203408165925e+00
1.024307109743843647e+00
9.786261751755076510e-01
1.023052139013944428e+00
9.949407946641990463e-01
1.019538220970226172e+00
9.831440698031452818e-01
1.023303133159924272e+00
9.813871107812861538e-01
9.916778707664608561e-01
1.024558103889823490e+00
1.008996466839071626e+00
1.016024302926508138e+00
1.008243484401132095e+00
1.029577986809421031e+00
1.009498455131031536e+00
9.710963507961115626e-01
1.025060092181783400e+00
9.836460580951049693e-01
9.951917888101790011e-01
1.000462665875756274e+00
9.831440698031452818e-01
9.984547127079173023e-01
1.022801144867964585e+00
9.891679293066620859e-01
9.876619644307829127e-01
1.018534244386306797e+00
9.771202102996284777e-01
9.959447712481185322e-01
1.016526291218467826e+00
1.003223601481534777e+00
1.032589916561179377e+00
9.771202102996284777e-01
1.015020326342588541e+00
9.828930756571654381e-01
9.987057068538971460e-01
9.949407946641990463e-01
9.959447712481185322e-01
1.004478572211433995e+00
1.023052139013944428e+00
1.012761379028769726e+00
9.786261751755076510e-01
9.974507361239978165e-01
1.016526291218467826e+00
1.002972607335554933e+00
1.020040209262185860e+00
9.891679293066620859e-01
9.954427829561588448e-01
9.871599761388231142e-01
9.901719058905815718e-01
9.879129585767627564e-01
9.977017302699776602e-01
9.718493332340512048e-01
1.001968630751635336e+00
1.000964654167715961e+00
9.906738941825413702e-01
1.012761379028769726e+00
1.004980560503393905e+00
9.974507361239978165e-01
9.592996259350577981e-01
1.047900559465951398e+00
1.017781261948367044e+00
1.014769332196608698e+00
9.906738941825413702e-01
9.926818473503802309e-01
9.949407946641990463e-01
1.036103834604897633e+00
9.768692161536485230e-01
9.896699175986218844e-01
9.929328414963601857e-01
9.977017302699776602e-01
9.959447712481185322e-01
9.987057068538971460e-01
1.007490501963192564e+00
9.984547127079173023e-01
9.977017302699776602e-01
1.000462665875756274e+00
9.816381049272661086e-01
1.002972607335554933e+00
1.002972607335554933e+00
9.791281634674673384e-01
9.966977536860581743e-01
9.982037185619373476e-01
1.009498455131031536e+00
7.512254789177467140e-01
1.027068045349622372e+00
1.017781261948367044e+00
1.005984537087313280e+00
1.000964654167715961e+00
1.035099858020978036e+00
9.866579878468634268e-01
1.003474595627514621e+00
1.013012373174749570e+00
9.926818473503802309e-01
1.009247460985051692e+00
9.992076951458568335e-01
9.738572864018901765e-01
1.006737519525252811e+00
9.984547127079173023e-01
1.020542197554145769e+00
9.818890990732459523e-01
9.949407946641990463e-01
1.006988513671232877e+00
9.781241868835478526e-01
1.003725589773494464e+00
9.869089819928432705e-01
1.008745472693091783e+00
1.007741496109172408e+00
9.997096834378166319e-01
1.003976583919474308e+00
1.019789215116206016e+00
9.826420815111854834e-01
9.987057068538971460e-01
9.946898005182192026e-01
1.010753425860930754e+00
9.974507361239978165e-01
9.670804444604337302e-01
1.005231554649373749e+00
1.039868746794595511e+00
1.018032256094347110e+00
1.011004420006910598e+00
9.598016142270174855e-01
1.012510384882789882e+00
9.896699175986218844e-01
1.001717636605655493e+00
9.838970522410849240e-01
9.941878122262595152e-01
1.004729566357414061e+00
9.939368180802796715e-01
9.899209117446017281e-01
9.864069937008835831e-01
9.946898005182192026e-01
9.791281634674673384e-01
9.916778707664608561e-01
9.961957653940984869e-01
9.926818473503802309e-01
1.005984537087313280e+00
1.023052139013944428e+00
1.016777285364447669e+00
1.011004420006910598e+00
1.003725589773494464e+00
9.801321400513868243e-01
1.004227578065454152e+00
9.861559995549037394e-01
1.025060092181783400e+00
9.904229000365614155e-01
9.969487478320380180e-01
9.911758824745010577e-01
9.793791576134472932e-01
1.004980560503393905e+00
1.011004420006910598e+00
9.743592746938498639e-01
9.881639527227426001e-01
1.004227578065454152e+00
1.008494478547111939e+00
1.024809098035803556e+00
1.000964654167715961e+00
1.006988513671232877e+00
9.949407946641990463e-01
1.003976583919474308e+00
1.022048162430024831e+00
1.007741496109172408e+00
1.023052139013944428e+00
1.031585939977260002e+00
9.866579878468634268e-01
1.007741496109172408e+00
1.000211671729776430e+00
1.011757402444850351e+00
1.004980560503393905e+00
9.999606775837964756e-01
9.994586892918366772e-01
9.929328414963601857e-01
9.620605615408363009e-01
9.778731927375680089e-01
9.921798590584205435e-01
1.005733542941333436e+00
9.936858239342997168e-01
9.846500346790244551e-01
9.974507361239978165e-01
9.849010288250042988e-01
1.013765355612689323e+00
9.966977536860581743e-01
9.763672278616888356e-01
9.778731927375680089e-01

# time bin value
-1.000000000000000000e+02
-9.900000000000000000e+01
-9.800000000000000000e+01
-9.700000000000000000e+01
-9.600000000000000000e+01
-9.500000000000000000e+01
-9.400000000000000000e+01
-9.300000000000000000e+01
-9.200000000000000000e+01
-9.100000000000000000e+01
-9.000000000000000000e+01
-8.900000000000000000e+01
-8.800000000000000000e+01
-8.700000000000000000e+01
-8.600000000000000000e+01
-8.500000000000000000e+01
-8.400000000000000000e+01
-8.300000000000000000e+01
-8.200000000000000000e+01
-8.100000000000000000e+01
-8.000000000000000000e+01
-7.900000000000000000e+01
-7.800000000000000000e+01
-7.700000000000000000e+01
-7.600000000000000000e+01
-7.500000000000000000e+01
-7.400000000000000000e+01
-7.300000000000000000e+01
-7.200000000000000000e+01
-7.100000000000000000e+01
-7.000000000000000000e+01
-6.900000000000000000e+01
-6.800000000000000000e+01
-6.700000000000000000e+01
-6.600000000000000000e+01
-6.500000000000000000e+01
-6.400000000000000000e+01
-6.300000000000000000e+01
-6.200000000000000000e+01
-6.100000000000000000e+01
-6.000000000000000000e+01
-5.900000000000000000e+01
-5.800000000000000000e+01
-5.700000000000000000e+01
-5.600000000000000000e+01
-5.500000000000000000e+01
-5.400000000000000000e+01
-5.300000000000000000e+01
-5.200000000000000000e+01
-5.100000000000000000e+01
-5.000000000000000000e+01
-4.900000000000000000e+01
-4.800000000000000000e+01
-4.700000000000000000e+01
-4.600000000000000000e+01
-4.500000000000000000e+01
-4.400000000000000000e+01
-4.300000000000000000e+01
-4.200000000000000000e+01
-4.100000000000000000e+01
-4.000000000000000000e+01
-3.900000000000000000e+01
-3.800000000000000000e+01
-3.700000000000000000e+01
-3.600000000000000000e+01
-3.500000000000000000e+01
-3.400000000000000000e+01
-3.300000000000000000e+01
-3.200000000000000000e+01
-3.100000000000000000e+01
-3.000000000000000000e+01
-2.900000000000000000e+01
-2.800000000000000000e+01
-2.700000000000000000e+01
-2.600000000000000000e+01
-2.500000000000000000e+01
-2.400000000000000000e+01
-2.300000000000000000e+01
-2.200000000000000000e+01
-2.100000000000000000e+01
-2.000000000000000000e+01
-1.900000000000000000e+01
-1.800000000000000000e+01
-1.700000000000000000e+01
-1.600000000000000000e+01
-1.500000000000000000e+01
-1.400000000000000000e+01
-1.300000000000000000e+01
-1.200000000000000000e+01
-1.100000000000000000e+01
-1.000000000000000000e+01
-9.000000000000000000e+00
-8.000000000000000000e+00
-7.000000000000000000e+00
-6.000000000000000000e+00
-5.000000000000000000e+00
-4.000000000000000000e+00
-3.000000000000000000e+00
-2.000000000000000000e+00
-1.000000000000000000e+00
0.000000000000000000e+00
1.000000000000000000e+00
2.000000000000000000e+00
3.000000000000000000e+00
4.000000000000000000e+00
5.000000000000000000e+00
6.000000000000000000e+00
7.000000000000000000e+00
8.000000000000000000e+00
9.000000000000000000e+00
1.000000000000000000e+01
1.100000000000000000e+01
1.200000000000000000e+01
1.300000000000000000e+01
1.400000000000000000e+01
1.500000000000000000e+01
1.600000000000000000e+01
1.700000000000000000e+01
1.800000000000000000e+01
1.900000000000000000e+01
2.000000000000000000e+01
2.100000000000000000e+01
2.200000000000000000e+01
2.300000000000000000e+01
2.400000000000000000e+01
2.500000000000000000e+01
2.600000000000000000e+01
2.700000000000000000e+01
2.800000000000000000e+01
2.900000000000000000e+01
3.000000000000000000e+01
3.100000000000000000e+01
3.200000000000000000e+01
3.300000000000000000e+01
3.400000000000000000e+01
3.500000000000000000e+01
3.600000000000000000e+01
3.700000000000000000e+01
3.800000000000000000e+01
3.900000000000000000e+01
4.000000000000000000e+01
4.100000000000000000e+01
4.200000000000000000e+01
4.300000000000000000e+01
4.400000000000000000e+01
4.500000000000000000e+01
4.600000000000000000e+01
4.700000000000000000e+01
4.800000000000000000e+01
4.900000000000000000e+01
5.000000000000000000e+01
5.100000000000000000e+01
5.200000000000000000e+01
5.300000000000000000e+01
5.400000000000000000e+01
5.500000000000000000e+01
5.600000000000000000e+01
5.700000000000000000e+01
5.800000000000000000e+01
5.900000000000000000e+01
6.000000000000000000e+01
6.100000000000000000e+01
6.200000000000000000e+01
6.300000000000000000e+01
6.400000000000000000e+01
6.500000000000000000e+01
6.600000000000000000e+01
6.700000000000000000e+01
6.800000000000000000e+01
6.900000000000000000e+01
7.000000000000000000e+01
7.100000000000000000e+01
7.200000000000000000e+01
7.300000000000000000e+01
7.400000000000000000e+01
7.500000000000000000e+01
7.600000000000000000e+01
7.700000000000000000e+01
7.800000000000000000e+01
7.900000000000000000e+01
8.000000000000000000e+01
8.100000000000000000e+01
8.200000000000000000e+01
8.300000000000000000e+01
8.400000000000000000e+01
8.500000000000000000e+01
8.600000000000000000e+01
8.700000000000000000e+01
8.800000000000000000e+01
8.900000000000000000e+01
9.000000000000000000e+01
9.100000000000000000e+01
9.200000000000000000e+01
9.300000000000000000e+01
9.400000000000000000e+01
9.500000000000000000e+01
9.600000000000000000e+01
9.700000000000000000e+01
9.800000000000000000e+01
9.900000000000000000e+01
