single photon fraction:    0.4000
laser fraction:    0.2000
thermal source fraction:    0.2000
non-detected fraction:    0.2000
number of bins:  200.0000
bin width (ns):    1.0000
average detection events per bin: 5000.0000

# binary result
0.000000000000000000e+00

# g2 signal
1.009788311756767420e+00
1.015059391683909240e+00
1.010792326980984868e+00
1.004015224217516655e+00
9.989951480964289754e-01
1.012549353623365400e+00
1.021585490641323091e+00
1.017318425938398718e+00
1.007780281308332304e+00
9.912140301087433159e-01
9.954810948116676883e-01
9.897080072724170341e-01
1.022840509671595122e+00
9.826799007028943489e-01
1.013804372653637431e+00
9.899590110784713959e-01
1.001003178544864092e+00
9.967361138419396083e-01
1.030872631465335143e+00
9.914650339147976776e-01
9.949790871995589647e-01
1.002509201381190262e+00
1.030119620047172058e+00
1.018573444968670527e+00
9.987441442903746136e-01
9.759027979394261365e-01
9.999991633206465336e-01
9.937240681692870448e-01
9.887039920481994759e-01
9.736437636849367694e-01
9.856919463755469124e-01
9.889549958542538377e-01
1.003513216605407932e+00
1.016063406908126909e+00
9.994971557085378100e-01
1.019075452580779251e+00
9.892059996603081995e-01
1.001254182350918454e+00
1.009286304144658475e+00
1.000250167126701006e+00
1.000501170932755368e+00
1.000501170932755368e+00
1.000501170932755368e+00
9.949790871995589647e-01
9.902100148845257577e-01
1.021836494447377452e+00
9.992461519024834482e-01
1.015310395489963602e+00
9.779108283878611418e-01
1.016314410714181271e+00
1.008533292726495390e+00
9.927200529450695976e-01
9.947280833935046029e-01
1.024095528701866931e+00
9.969871176479939701e-01
1.004015224217516655e+00
1.005270243247788464e+00
9.977401290661571664e-01
1.009788311756767420e+00
1.006023254665951550e+00
9.959831024237765229e-01
9.959831024237765229e-01
1.009286304144658475e+00
9.924690491390151248e-01
1.029115604822954610e+00
1.017820433550507442e+00
9.999991633206465336e-01
9.907120224966344813e-01
9.902100148845257577e-01
1.006525262278060495e+00
9.957320986177220501e-01
1.005270243247788464e+00
1.004015224217516655e+00
1.001003178544864092e+00
1.013804372653637431e+00
1.025350547732138740e+00
9.834329121210575453e-01
1.022338502059486398e+00
9.922180453329607630e-01
1.005270243247788464e+00
9.738947674909911312e-01
1.017820433550507442e+00
9.716357332365016530e-01
1.005270243247788464e+00
1.009286304144658475e+00
1.014808387877854878e+00
9.550694820369126647e-01
9.821778930907856253e-01
9.937240681692870448e-01
9.884529882421451141e-01
9.982421366782658900e-01
9.751497865212630511e-01
1.007027269890169219e+00
9.831819083150031835e-01
9.917160377208520394e-01
9.909630263026888430e-01
9.849389349573838270e-01
1.004517231829625379e+00
1.022087498253431814e+00
1.009537307950713059e+00
7.128508091944367742e-01
9.869469654058188324e-01
1.001254182350918454e+00
9.962341062298308847e-01
9.866959615997644706e-01
1.010541323174930506e+00
9.826799007028943489e-01
1.026103559150302047e+00
9.974891252601028047e-01
9.764048055515348601e-01
9.897080072724170341e-01
1.008533292726495390e+00
1.011796342205202315e+00
9.882019844360907523e-01
1.009537307950713059e+00
9.899590110784713959e-01
1.006023254665951550e+00
1.021334486835268729e+00
1.011043330787039229e+00
9.999991633206465336e-01
1.012298349817311038e+00
9.894570034663626723e-01
1.010792326980984868e+00
9.774088207757524183e-01
9.927200529450695976e-01
1.003764220411462293e+00
1.006776266084114857e+00
1.015561399296017964e+00
9.924690491390151248e-01
9.598385543519458718e-01
1.037649734228803355e+00
9.804208664484049818e-01
1.003764220411462293e+00
1.027107574374519494e+00
9.678706761456860042e-01
1.021585490641323091e+00
9.969871176479939701e-01
1.009788311756767420e+00
9.927200529450695976e-01
9.874489730179275560e-01
9.979911328722115282e-01
1.003513216605407932e+00
1.012298349817311038e+00
1.012298349817311038e+00
9.949790871995589647e-01
9.686236875638492005e-01
9.884529882421451141e-01
1.010039315562821782e+00
9.869469654058188324e-01
9.972381214540483318e-01
9.859429501816012742e-01
1.001254182350918454e+00
1.044426836992271568e+00
9.942260757813957683e-01
9.728907522667735730e-01
9.967361138419396083e-01
9.999991633206465336e-01
9.929710567511239594e-01
1.013051361235474346e+00
9.914650339147976776e-01
9.761538017454804983e-01
9.934730643632326830e-01
9.979911328722115282e-01
1.014557384071800517e+00
1.006525262278060495e+00
9.859429501816012742e-01
1.007278273696223581e+00
9.932220605571783212e-01
9.751497865212630511e-01
9.947280833935046029e-01
9.794168512241874236e-01
9.814248816726225400e-01
9.924690491390151248e-01
1.002258197575135901e+00
9.977401290661571664e-01
1.016565414520235633e+00
1.022087498253431814e+00
1.002509201381190262e+00
1.027860585792682580e+00
1.004517231829625379e+00
1.007027269890169219e+00
9.871979692118731942e-01
9.846879311513294653e-01
9.964851100358852465e-01
1.036645719004585908e+00
1.003011208993298986e+00
1.005270243247788464e+00
9.766558093575893329e-01
9.997481595145921718e-01
1.004266228023571017e+00
1.018071437356561804e+00
9.939750719753414065e-01
9.829309045089487107e-01
9.929710567511239594e-01
9.899590110784713959e-01
1.015812403102072325e+00
1.026856570568465132e+00
9.947280833935046029e-01
1.003513216605407932e+00
1.015310395489963602e+00

# time bin value
-1.000000000000000000e+02
-9.900000000000000000e+01
-9.800000000000000000e+01
-9.700000000000000000e+01
-9.600000000000000000e+01
-9.500000000000000000e+01
-9.400000000000000000e+01
-9.300000000000000000e+01
-9.200000000000000000e+01
-9.100000000000000000e+01
-9.000000000000000000e+01
-8.900000000000000000e+01
-8.800000000000000000e+01
-8.700000000000000000e+01
-8.600000000000000000e+01
-8.500000000000000000e+01
-8.400000000000000000e+01
-8.300000000000000000e+01
-8.200000000000000000e+01
-8.100000000000000000e+01
-8.000000000000000000e+01
-7.900000000000000000e+01
-7.800000000000000000e+01
-7.700000000000000000e+01
-7.600000000000000000e+01
-7.500000000000000000e+01
-7.400000000000000000e+01
-7.300000000000000000e+01
-7.200000000000000000e+01
-7.100000000000000000e+01
-7.000000000000000000e+01
-6.900000000000000000e+01
-6.800000000000000000e+01
-6.700000000000000000e+01
-6.600000000000000000e+01
-6.500000000000000000e+01
-6.400000000000000000e+01
-6.300000000000000000e+01
-6.200000000000000000e+01
-6.100000000000000000e+01
-6.000000000000000000e+01
-5.900000000000000000e+01
-5.800000000000000000e+01
-5.700000000000000000e+01
-5.600000000000000000e+01
-5.500000000000000000e+01
-5.400000000000000000e+01
-5.300000000000000000e+01
-5.200000000000000000e+01
-5.100000000000000000e+01
-5.000000000000000000e+01
-4.900000000000000000e+01
-4.800000000000000000e+01
-4.700000000000000000e+01
-4.600000000000000000e+01
-4.500000000000000000e+01
-4.400000000000000000e+01
-4.300000000000000000e+01
-4.200000000000000000e+01
-4.100000000000000000e+01
-4.000000000000000000e+01
-3.900000000000000000e+01
-3.800000000000000000e+01
-3.700000000000000000e+01
-3.600000000000000000e+01
-3.500000000000000000e+01
-3.400000000000000000e+01
-3.300000000000000000e+01
-3.200000000000000000e+01
-3.100000000000000000e+01
-3.000000000000000000e+01
-2.900000000000000000e+01
-2.800000000000000000e+01
-2.700000000000000000e+01
-2.600000000000000000e+01
-2.500000000000000000e+01
-2.400000000000000000e+01
-2.300000000000000000e+01
-2.200000000000000000e+01
-2.100000000000000000e+01
-2.000000000000000000e+01
-1.900000000000000000e+01
-1.800000000000000000e+01
-1.700000000000000000e+01
-1.600000000000000000e+01
-1.500000000000000000e+01
-1.400000000000000000e+01
-1.300000000000000000e+01
-1.200000000000000000e+01
-1.100000000000000000e+01
-1.000000000000000000e+01
-9.000000000000000000e+00
-8.000000000000000000e+00
-7.000000000000000000e+00
-6.000000000000000000e+00
-5.000000000000000000e+00
-4.000000000000000000e+00
-3.000000000000000000e+00
-2.000000000000000000e+00
-1.000000000000000000e+00
0.000000000000000000e+00
1.000000000000000000e+00
2.000000000000000000e+00
3.000000000000000000e+00
4.000000000000000000e+00
5.000000000000000000e+00
6.000000000000000000e+00
7.000000000000000000e+00
8.000000000000000000e+00
9.000000000000000000e+00
1.000000000000000000e+01
1.100000000000000000e+01
1.200000000000000000e+01
1.300000000000000000e+01
1.400000000000000000e+01
1.500000000000000000e+01
1.600000000000000000e+01
1.700000000000000000e+01
1.800000000000000000e+01
1.900000000000000000e+01
2.000000000000000000e+01
2.100000000000000000e+01
2.200000000000000000e+01
2.300000000000000000e+01
2.400000000000000000e+01
2.500000000000000000e+01
2.600000000000000000e+01
2.700000000000000000e+01
2.800000000000000000e+01
2.900000000000000000e+01
3.000000000000000000e+01
3.100000000000000000e+01
3.200000000000000000e+01
3.300000000000000000e+01
3.400000000000000000e+01
3.500000000000000000e+01
3.600000000000000000e+01
3.700000000000000000e+01
3.800000000000000000e+01
3.900000000000000000e+01
4.000000000000000000e+01
4.100000000000000000e+01
4.200000000000000000e+01
4.300000000000000000e+01
4.400000000000000000e+01
4.500000000000000000e+01
4.600000000000000000e+01
4.700000000000000000e+01
4.800000000000000000e+01
4.900000000000000000e+01
5.000000000000000000e+01
5.100000000000000000e+01
5.200000000000000000e+01
5.300000000000000000e+01
5.400000000000000000e+01
5.500000000000000000e+01
5.600000000000000000e+01
5.700000000000000000e+01
5.800000000000000000e+01
5.900000000000000000e+01
6.000000000000000000e+01
6.100000000000000000e+01
6.200000000000000000e+01
6.300000000000000000e+01
6.400000000000000000e+01
6.500000000000000000e+01
6.600000000000000000e+01
6.700000000000000000e+01
6.800000000000000000e+01
6.900000000000000000e+01
7.000000000000000000e+01
7.100000000000000000e+01
7.200000000000000000e+01
7.300000000000000000e+01
7.400000000000000000e+01
7.500000000000000000e+01
7.600000000000000000e+01
7.700000000000000000e+01
7.800000000000000000e+01
7.900000000000000000e+01
8.000000000000000000e+01
8.100000000000000000e+01
8.200000000000000000e+01
8.300000000000000000e+01
8.400000000000000000e+01
8.500000000000000000e+01
8.600000000000000000e+01
8.700000000000000000e+01
8.800000000000000000e+01
8.900000000000000000e+01
9.000000000000000000e+01
9.100000000000000000e+01
9.200000000000000000e+01
9.300000000000000000e+01
9.400000000000000000e+01
9.500000000000000000e+01
9.600000000000000000e+01
9.700000000000000000e+01
9.800000000000000000e+01
9.900000000000000000e+01
