single photon fraction:    0.4000
laser fraction:    0.2000
thermal source fraction:    0.2000
non-detected fraction:    0.2000
number of bins:  200.0000
bin width (ns):    1.0000
average detection events per bin: 5000.0000

# binary result
0.000000000000000000e+00

# g2 signal
1.012593864390365583e+00
1.021375030211391977e+00
1.005318041281515029e+00
9.809816674346701904e-01
1.017109892526893322e+00
1.004314479473397581e+00
9.985439990767231988e-01
9.992966704328111183e-01
1.007826945801808316e+00
1.029403524676330450e+00
1.010084959870072296e+00
1.011841193034277442e+00
9.684371448332038668e-01
1.001052903597016375e+00
9.890101618996086641e-01
1.009583178966013461e+00
9.706951589014678472e-01
1.014099207102541422e+00
9.827379005988755578e-01
1.004063589021368275e+00
1.003310917665280355e+00
9.727022825177024101e-01
9.972895468165765553e-01
1.006321603089632255e+00
9.711969398055264602e-01
1.028901743772271837e+00
1.023131263375597344e+00
9.857485860232274577e-01
9.880066000914914381e-01
9.890101618996086641e-01
9.952824232003418814e-01
9.817343387907582208e-01
1.001554684501074988e+00
9.955333136523711879e-01
1.007826945801808316e+00
1.029403524676330450e+00
9.992966704328111183e-01
9.829887910509048643e-01
9.952824232003418814e-01
1.007576055349779010e+00
1.030657976936476983e+00
1.027145510608066470e+00
9.832396815029341708e-01
9.807307769826408839e-01
1.007576055349779010e+00
1.019869687499215916e+00
1.010084959870072296e+00
9.842432433110515078e-01
1.027145510608066470e+00
9.920208473239606750e-01
1.003310917665280355e+00
9.739567347778490536e-01
1.002809136761221742e+00
9.852468051191688447e-01
9.907663950638140316e-01
1.032163319648653044e+00
1.009834069418042990e+00
9.849959146671394272e-01
1.010586740774130909e+00
9.957842041044004944e-01
1.032665100552711657e+00
1.014851878458629342e+00
9.897628332556966946e-01
1.026392839251978550e+00
9.814834483387289144e-01
9.854976955711981512e-01
9.870030382833741012e-01
1.020371468403274529e+00
9.880066000914914381e-01
1.007325164897749703e+00
1.006572493541661562e+00
9.814834483387289144e-01
9.857485860232274577e-01
9.945297518442539619e-01
1.018615235239069383e+00
1.002056465405133823e+00
9.910172855158433380e-01
9.890101618996086641e-01
1.022880372923567815e+00
1.001052903597016375e+00
1.002056465405133823e+00
1.031661538744594431e+00
9.784727629143769034e-01
9.865012573793153772e-01
1.028149072416183696e+00
9.870030382833741012e-01
1.024134825183714570e+00
1.011841193034277442e+00
1.031661538744594431e+00
9.992966704328111183e-01
9.789745438184356274e-01
1.021375030211391977e+00
9.616631026284120365e-01
1.008328726705866929e+00
1.004314479473397581e+00
1.010837631226160216e+00
9.709460493534971537e-01
1.033166881456770270e+00
9.975404372686058618e-01
1.003561808117309662e+00
7.298403249533135240e-01
9.819852292427875273e-01
9.887592714475793576e-01
1.013095645294424196e+00
1.000551122692957762e+00
9.852468051191688447e-01
9.892610523516380816e-01
9.972895468165765553e-01
9.784727629143769034e-01
9.849959146671394272e-01
9.506239227391216629e-01
1.009834069418042990e+00
9.890101618996086641e-01
1.017862563882981464e+00
1.012092083486306748e+00
9.952824232003418814e-01
1.011088521678189522e+00
1.013095645294424196e+00
9.837414624069927838e-01
1.004816260377456416e+00
1.028149072416183696e+00
9.887592714475793576e-01
9.950315327483125749e-01
1.019367906595157303e+00
9.844941337630808142e-01
1.009081398061954848e+00
1.004565369925427110e+00
1.010335850322101603e+00
9.865012573793153772e-01
1.030908867388506289e+00
1.004816260377456416e+00
1.009583178966013461e+00
9.862503669272860707e-01
1.019367906595157303e+00
9.722005016136437971e-01
1.035926676429092863e+00
9.852468051191688447e-01
9.792254342704649339e-01
9.892610523516380816e-01
1.010084959870072296e+00
1.040191814113591517e+00
9.832396815029341708e-01
1.008328726705866929e+00
9.965368754604885249e-01
9.910172855158433380e-01
1.013848316650512116e+00
9.762147488461130340e-01
9.827379005988755578e-01
1.008077836253837622e+00
9.962859850084592184e-01
9.902646141597553076e-01
1.040693595017650130e+00
9.724513920656731036e-01
1.049474760838676524e+00
1.028399962868213002e+00
9.854976955711981512e-01
9.922717377759899815e-01
9.837414624069927838e-01
9.977913277206351683e-01
1.010837631226160216e+00
9.980422181726644748e-01
9.711969398055264602e-01
1.008328726705866929e+00
9.854976955711981512e-01
1.009081398061954848e+00
1.002307355857163129e+00
9.832396815029341708e-01
1.034421333716917024e+00
1.001805574953104516e+00
9.947806422962832684e-01
9.744585156819076666e-01
9.701933779974091232e-01
9.932752995841073185e-01
1.029905305580389063e+00
1.026141948799949244e+00
9.792254342704649339e-01
1.024134825183714570e+00
9.977913277206351683e-01
1.006321603089632255e+00
9.819852292427875273e-01
9.849959146671394272e-01
9.892610523516380816e-01
1.020120577951245222e+00
9.930244091320779010e-01
9.932752995841073185e-01
9.962859850084592184e-01
1.007074274445720174e+00
1.006070712637602949e+00
9.910172855158433380e-01
1.022629482471538509e+00
1.008328726705866929e+00
1.017109892526893322e+00
1.025138386991831796e+00
9.932752995841073185e-01
9.732040634217611341e-01
9.977913277206351683e-01
1.011339412130218829e+00
1.018364344787040077e+00
9.737058443258197471e-01
9.950315327483125749e-01

# time bin value
-1.000000000000000000e+02
-9.900000000000000000e+01
-9.800000000000000000e+01
-9.700000000000000000e+01
-9.600000000000000000e+01
-9.500000000000000000e+01
-9.400000000000000000e+01
-9.300000000000000000e+01
-9.200000000000000000e+01
-9.100000000000000000e+01
-9.000000000000000000e+01
-8.900000000000000000e+01
-8.800000000000000000e+01
-8.700000000000000000e+01
-8.600000000000000000e+01
-8.500000000000000000e+01
-8.400000000000000000e+01
-8.300000000000000000e+01
-8.200000000000000000e+01
-8.100000000000000000e+01
-8.000000000000000000e+01
-7.900000000000000000e+01
-7.800000000000000000e+01
-7.700000000000000000e+01
-7.600000000000000000e+01
-7.500000000000000000e+01
-7.400000000000000000e+01
-7.300000000000000000e+01
-7.200000000000000000e+01
-7.100000000000000000e+01
-7.000000000000000000e+01
-6.900000000000000000e+01
-6.800000000000000000e+01
-6.700000000000000000e+01
-6.600000000000000000e+01
-6.500000000000000000e+01
-6.400000000000000000e+01
-6.300000000000000000e+01
-6.200000000000000000e+01
-6.100000000000000000e+01
-6.000000000000000000e+01
-5.900000000000000000e+01
-5.800000000000000000e+01
-5.700000000000000000e+01
-5.600000000000000000e+01
-5.500000000000000000e+01
-5.400000000000000000e+01
-5.300000000000000000e+01
-5.200000000000000000e+01
-5.100000000000000000e+01
-5.000000000000000000e+01
-4.900000000000000000e+01
-4.800000000000000000e+01
-4.700000000000000000e+01
-4.600000000000000000e+01
-4.500000000000000000e+01
-4.400000000000000000e+01
-4.300000000000000000e+01
-4.200000000000000000e+01
-4.100000000000000000e+01
-4.000000000000000000e+01
-3.900000000000000000e+01
-3.800000000000000000e+01
-3.700000000000000000e+01
-3.600000000000000000e+01
-3.500000000000000000e+01
-3.400000000000000000e+01
-3.300000000000000000e+01
-3.200000000000000000e+01
-3.100000000000000000e+01
-3.000000000000000000e+01
-2.900000000000000000e+01
-2.800000000000000000e+01
-2.700000000000000000e+01
-2.600000000000000000e+01
-2.500000000000000000e+01
-2.400000000000000000e+01
-2.300000000000000000e+01
-2.200000000000000000e+01
-2.100000000000000000e+01
-2.000000000000000000e+01
-1.900000000000000000e+01
-1.800000000000000000e+01
-1.700000000000000000e+01
-1.600000000000000000e+01
-1.500000000000000000e+01
-1.400000000000000000e+01
-1.300000000000000000e+01
-1.200000000000000000e+01
-1.100000000000000000e+01
-1.000000000000000000e+01
-9.000000000000000000e+00
-8.000000000000000000e+00
-7.000000000000000000e+00
-6.000000000000000000e+00
-5.000000000000000000e+00
-4.000000000000000000e+00
-3.000000000000000000e+00
-2.000000000000000000e+00
-1.000000000000000000e+00
0.000000000000000000e+00
1.000000000000000000e+00
2.000000000000000000e+00
3.000000000000000000e+00
4.000000000000000000e+00
5.000000000000000000e+00
6.000000000000000000e+00
7.000000000000000000e+00
8.000000000000000000e+00
9.000000000000000000e+00
1.000000000000000000e+01
1.100000000000000000e+01
1.200000000000000000e+01
1.300000000000000000e+01
1.400000000000000000e+01
1.500000000000000000e+01
1.600000000000000000e+01
1.700000000000000000e+01
1.800000000000000000e+01
1.900000000000000000e+01
2.000000000000000000e+01
2.100000000000000000e+01
2.200000000000000000e+01
2.300000000000000000e+01
2.400000000000000000e+01
2.500000000000000000e+01
2.600000000000000000e+01
2.700000000000000000e+01
2.800000000000000000e+01
2.900000000000000000e+01
3.000000000000000000e+01
3.100000000000000000e+01
3.200000000000000000e+01
3.300000000000000000e+01
3.400000000000000000e+01
3.500000000000000000e+01
3.600000000000000000e+01
3.700000000000000000e+01
3.800000000000000000e+01
3.900000000000000000e+01
4.000000000000000000e+01
4.100000000000000000e+01
4.200000000000000000e+01
4.300000000000000000e+01
4.400000000000000000e+01
4.500000000000000000e+01
4.600000000000000000e+01
4.700000000000000000e+01
4.800000000000000000e+01
4.900000000000000000e+01
5.000000000000000000e+01
5.100000000000000000e+01
5.200000000000000000e+01
5.300000000000000000e+01
5.400000000000000000e+01
5.500000000000000000e+01
5.600000000000000000e+01
5.700000000000000000e+01
5.800000000000000000e+01
5.900000000000000000e+01
6.000000000000000000e+01
6.100000000000000000e+01
6.200000000000000000e+01
6.300000000000000000e+01
6.400000000000000000e+01
6.500000000000000000e+01
6.600000000000000000e+01
6.700000000000000000e+01
6.800000000000000000e+01
6.900000000000000000e+01
7.000000000000000000e+01
7.100000000000000000e+01
7.200000000000000000e+01
7.300000000000000000e+01
7.400000000000000000e+01
7.500000000000000000e+01
7.600000000000000000e+01
7.700000000000000000e+01
7.800000000000000000e+01
7.900000000000000000e+01
8.000000000000000000e+01
8.100000000000000000e+01
8.200000000000000000e+01
8.300000000000000000e+01
8.400000000000000000e+01
8.500000000000000000e+01
8.600000000000000000e+01
8.700000000000000000e+01
8.800000000000000000e+01
8.900000000000000000e+01
9.000000000000000000e+01
9.100000000000000000e+01
9.200000000000000000e+01
9.300000000000000000e+01
9.400000000000000000e+01
9.500000000000000000e+01
9.600000000000000000e+01
9.700000000000000000e+01
9.800000000000000000e+01
9.900000000000000000e+01
