single photon fraction:    0.4000
laser fraction:    0.2000
thermal source fraction:    0.2000
non-detected fraction:    0.2000
number of bins:  200.0000
bin width (ns):    1.0000
average detection events per bin: 5000.0000

# binary result
0.000000000000000000e+00

# g2 signal
9.787236178886278282e-01
1.011356105789505300e+00
1.014619354579593180e+00
1.009849990963310962e+00
1.021647890435166683e+00
9.814848284033174108e-01
1.005080627347028965e+00
1.026417254051448902e+00
1.020643813884370532e+00
9.817358475410165042e-01
9.802297327148221662e-01
1.016878526818884687e+00
9.777195413378315658e-01
1.004578589071630779e+00
1.001817378556941085e+00
1.021647890435166683e+00
1.029429483703837578e+00
9.880113259834929496e-01
9.862541920195995182e-01
1.029680502841536560e+00
1.013615278028796807e+00
1.000813302006144934e+00
9.784725987509287348e-01
1.001064321143843916e+00
9.995582063176495780e-01
9.962949575275618086e-01
9.950398618390665639e-01
9.942868044259693949e-01
1.000060244593047765e+00
9.990561680422515023e-01
9.591441251481012120e-01
9.983031106291543333e-01
9.998092254553486713e-01
1.000813302006144934e+00
1.011607124927204504e+00
1.001315340281543120e+00
1.002068397694640289e+00
9.844970580557060869e-01
9.787236178886278282e-01
1.008092856999417641e+00
1.020392794746671328e+00
1.005080627347028965e+00
1.014619354579593180e+00
1.018133622507379821e+00
1.000813302006144934e+00
1.002821455107737458e+00
9.842460389180071045e-01
1.011356105789505300e+00
9.634114504889852437e-01
9.940357852882703016e-01
1.005080627347028965e+00
9.998092254553486713e-01
9.849990963311042735e-01
1.032692732493925236e+00
9.905215173604835499e-01
1.008343876137116624e+00
9.804807518525211485e-01
9.978010723537561466e-01
1.019890756471273363e+00
1.013364258891097824e+00
1.015372411992690349e+00
9.930317087374740392e-01
9.983031106291543333e-01
9.912745747735807189e-01
9.837440006426089179e-01
1.004578589071630779e+00
9.995582063176495780e-01
9.942868044259693949e-01
1.006084703897825117e+00
9.772175030624333791e-01
9.890154025342892119e-01
9.942868044259693949e-01
9.887643833965901186e-01
1.021396871297467701e+00
9.862541920195995182e-01
1.001817378556941085e+00
1.021647890435166683e+00
9.920276321866778879e-01
1.001315340281543120e+00
1.010854067514107113e+00
1.009598971825611979e+00
1.013364258891097824e+00
9.980520914914552399e-01
9.849990963311042735e-01
1.015623431130389331e+00
1.001064321143843916e+00
1.015874450268088314e+00
9.930317087374740392e-01
1.017380565094282652e+00
1.011858144064903486e+00
9.872582685703957806e-01
9.945378235636684883e-01
1.023907062674458190e+00
9.967969958029599953e-01
9.937847661505713193e-01
9.842460389180071045e-01
9.932827278751731326e-01
9.957929192521637329e-01
1.005833684760126134e+00
1.006335723035524099e+00
7.716328292869047978e-01
1.016376488543486500e+00
1.004076550796232592e+00
9.920276321866778879e-01
1.021396871297467701e+00
1.008092856999417641e+00
1.007339799586320472e+00
1.000813302006144934e+00
1.015874450268088314e+00
9.814848284033174108e-01
9.636624696266843371e-01
9.887643833965901186e-01
9.900194790850853632e-01
9.945378235636684883e-01
1.002821455107737458e+00
1.017882603369680838e+00
1.007841837861718437e+00
1.008845914412514810e+00
9.789746370263268105e-01
1.016125469405787518e+00
9.932827278751731326e-01
9.807317709902202418e-01
1.003825531658533610e+00
1.020392794746671328e+00
9.875092877080947629e-01
9.797276944394239795e-01
1.017631584231981856e+00
9.809827901279193352e-01
1.007590818724019455e+00
1.036960057834809268e+00
9.985541297668533156e-01
9.920276321866778879e-01
1.019388718195875176e+00
1.023907062674458190e+00
1.008343876137116624e+00
1.017380565094282652e+00
1.001064321143843916e+00
9.907725364981825322e-01
1.007841837861718437e+00
1.006335723035524099e+00
1.004829608209329761e+00
9.907725364981825322e-01
9.935337470128722259e-01
1.042733498001887638e+00
1.011356105789505300e+00
9.947888427013674706e-01
9.809827901279193352e-01
1.012360182340301673e+00
1.007339799586320472e+00
1.010603048376408131e+00
9.920276321866778879e-01
9.905215173604835499e-01
1.007088780448621268e+00
9.990561680422515023e-01
1.009347952687912775e+00
9.940357852882703016e-01
9.792256561640259038e-01
1.022902986123662039e+00
1.009096933550213793e+00
9.920276321866778879e-01
9.865052111572986115e-01
1.028174388015342222e+00
1.013364258891097824e+00
9.950398618390665639e-01
1.006837761310922286e+00
1.009849990963310962e+00
1.000562282868445729e+00
1.015874450268088314e+00
9.865052111572986115e-01
1.022149928710564870e+00
1.008092856999417641e+00
9.897684599473863809e-01
9.860031728819004249e-01
1.013364258891097824e+00
9.701889672068597648e-01
1.024911139225254564e+00
9.978010723537561466e-01
9.960439383898628263e-01
9.900194790850853632e-01
9.734522159969475341e-01
9.865052111572986115e-01
1.008343876137116624e+00
1.009849990963310962e+00
9.754603690985400588e-01
1.010854067514107113e+00
9.533706849810229533e-01
9.980520914914552399e-01
1.000813302006144934e+00
9.950398618390665639e-01
9.641645079020824127e-01
1.028174388015342222e+00
1.001315340281543120e+00
1.018384641645079025e+00
9.940357852882703016e-01
1.018886679920476990e+00
1.006837761310922286e+00
9.767154647870353035e-01
1.010854067514107113e+00
1.010603048376408131e+00
9.872582685703957806e-01

# time bin value
-1.000000000000000000e+02
-9.900000000000000000e+01
-9.800000000000000000e+01
-9.700000000000000000e+01
-9.600000000000000000e+01
-9.500000000000000000e+01
-9.400000000000000000e+01
-9.300000000000000000e+01
-9.200000000000000000e+01
-9.100000000000000000e+01
-9.000000000000000000e+01
-8.900000000000000000e+01
-8.800000000000000000e+01
-8.700000000000000000e+01
-8.600000000000000000e+01
-8.500000000000000000e+01
-8.400000000000000000e+01
-8.300000000000000000e+01
-8.200000000000000000e+01
-8.100000000000000000e+01
-8.000000000000000000e+01
-7.900000000000000000e+01
-7.800000000000000000e+01
-7.700000000000000000e+01
-7.600000000000000000e+01
-7.500000000000000000e+01
-7.400000000000000000e+01
-7.300000000000000000e+01
-7.200000000000000000e+01
-7.100000000000000000e+01
-7.000000000000000000e+01
-6.900000000000000000e+01
-6.800000000000000000e+01
-6.700000000000000000e+01
-6.600000000000000000e+01
-6.500000000000000000e+01
-6.400000000000000000e+01
-6.300000000000000000e+01
-6.200000000000000000e+01
-6.100000000000000000e+01
-6.000000000000000000e+01
-5.900000000000000000e+01
-5.800000000000000000e+01
-5.700000000000000000e+01
-5.600000000000000000e+01
-5.500000000000000000e+01
-5.400000000000000000e+01
-5.300000000000000000e+01
-5.200000000000000000e+01
-5.100000000000000000e+01
-5.000000000000000000e+01
-4.900000000000000000e+01
-4.800000000000000000e+01
-4.700000000000000000e+01
-4.600000000000000000e+01
-4.500000000000000000e+01
-4.400000000000000000e+01
-4.300000000000000000e+01
-4.200000000000000000e+01
-4.100000000000000000e+01
-4.000000000000000000e+01
-3.900000000000000000e+01
-3.800000000000000000e+01
-3.700000000000000000e+01
-3.600000000000000000e+01
-3.500000000000000000e+01
-3.400000000000000000e+01
-3.300000000000000000e+01
-3.200000000000000000e+01
-3.100000000000000000e+01
-3.000000000000000000e+01
-2.900000000000000000e+01
-2.800000000000000000e+01
-2.700000000000000000e+01
-2.600000000000000000e+01
-2.500000000000000000e+01
-2.400000000000000000e+01
-2.300000000000000000e+01
-2.200000000000000000e+01
-2.100000000000000000e+01
-2.000000000000000000e+01
-1.900000000000000000e+01
-1.800000000000000000e+01
-1.700000000000000000e+01
-1.600000000000000000e+01
-1.500000000000000000e+01
-1.400000000000000000e+01
-1.300000000000000000e+01
-1.200000000000000000e+01
-1.100000000000000000e+01
-1.000000000000000000e+01
-9.000000000000000000e+00
-8.000000000000000000e+00
-7.000000000000000000e+00
-6.000000000000000000e+00
-5.000000000000000000e+00
-4.000000000000000000e+00
-3.000000000000000000e+00
-2.000000000000000000e+00
-1.000000000000000000e+00
0.000000000000000000e+00
1.000000000000000000e+00
2.000000000000000000e+00
3.000000000000000000e+00
4.000000000000000000e+00
5.000000000000000000e+00
6.000000000000000000e+00
7.000000000000000000e+00
8.000000000000000000e+00
9.000000000000000000e+00
1.000000000000000000e+01
1.100000000000000000e+01
1.200000000000000000e+01
1.300000000000000000e+01
1.400000000000000000e+01
1.500000000000000000e+01
1.600000000000000000e+01
1.700000000000000000e+01
1.800000000000000000e+01
1.900000000000000000e+01
2.000000000000000000e+01
2.100000000000000000e+01
2.200000000000000000e+01
2.300000000000000000e+01
2.400000000000000000e+01
2.500000000000000000e+01
2.600000000000000000e+01
2.700000000000000000e+01
2.800000000000000000e+01
2.900000000000000000e+01
3.000000000000000000e+01
3.100000000000000000e+01
3.200000000000000000e+01
3.300000000000000000e+01
3.400000000000000000e+01
3.500000000000000000e+01
3.600000000000000000e+01
3.700000000000000000e+01
3.800000000000000000e+01
3.900000000000000000e+01
4.000000000000000000e+01
4.100000000000000000e+01
4.200000000000000000e+01
4.300000000000000000e+01
4.400000000000000000e+01
4.500000000000000000e+01
4.600000000000000000e+01
4.700000000000000000e+01
4.800000000000000000e+01
4.900000000000000000e+01
5.000000000000000000e+01
5.100000000000000000e+01
5.200000000000000000e+01
5.300000000000000000e+01
5.400000000000000000e+01
5.500000000000000000e+01
5.600000000000000000e+01
5.700000000000000000e+01
5.800000000000000000e+01
5.900000000000000000e+01
6.000000000000000000e+01
6.100000000000000000e+01
6.200000000000000000e+01
6.300000000000000000e+01
6.400000000000000000e+01
6.500000000000000000e+01
6.600000000000000000e+01
6.700000000000000000e+01
6.800000000000000000e+01
6.900000000000000000e+01
7.000000000000000000e+01
7.100000000000000000e+01
7.200000000000000000e+01
7.300000000000000000e+01
7.400000000000000000e+01
7.500000000000000000e+01
7.600000000000000000e+01
7.700000000000000000e+01
7.800000000000000000e+01
7.900000000000000000e+01
8.000000000000000000e+01
8.100000000000000000e+01
8.200000000000000000e+01
8.300000000000000000e+01
8.400000000000000000e+01
8.500000000000000000e+01
8.600000000000000000e+01
8.700000000000000000e+01
8.800000000000000000e+01
8.900000000000000000e+01
9.000000000000000000e+01
9.100000000000000000e+01
9.200000000000000000e+01
9.300000000000000000e+01
9.400000000000000000e+01
9.500000000000000000e+01
9.600000000000000000e+01
9.700000000000000000e+01
9.800000000000000000e+01
9.900000000000000000e+01
