single photon fraction:    0.4000
laser fraction:    0.2000
thermal source fraction:    0.2000
non-detected fraction:    0.2000
number of bins:  200.0000
bin width (ns):    1.0000
average detection events per bin: 5000.0000

# binary result
0.000000000000000000e+00

# g2 signal
9.820004270659314916e-01
1.010387750744225377e+00
1.007373167698742744e+00
9.832565033348825700e-01
9.825028575735119674e-01
1.009885320236644901e+00
9.980782033085049409e-01
1.004609799907050460e+00
1.004861015160840587e+00
1.022194867672365115e+00
1.007373167698742744e+00
1.001092786353987574e+00
1.022446082926155464e+00
1.026716742240588953e+00
9.877783779031064082e-01
9.930538982327007380e-01
1.016668132088980547e+00
9.983294185622951789e-01
9.872759473955259324e-01
1.033750769346714726e+00
9.762224762287566859e-01
9.857686558727847270e-01
1.023702159195106320e+00
1.012146257520756709e+00
9.902905304410084542e-01
1.015160840566239342e+00
1.002097647369148303e+00
9.953148355168126571e-01
1.004358584653260333e+00
9.993342795774560194e-01
1.028224033763330159e+00
1.004107369399469984e+00
1.005614660922211190e+00
1.004358584653260333e+00
1.001092786353987574e+00
9.812467813045608889e-01
9.965709117857637356e-01
1.008126813460113347e+00
9.717006016605329588e-01
9.867735168879455676e-01
9.905417456947986921e-01
1.008378028713903696e+00
1.006619521937372141e+00
9.837589338424630458e-01
1.010136535490435028e+00
1.006368306683582015e+00
9.807443507969805241e-01
9.945611897554420544e-01
1.012648688028337185e+00
9.907929609485889300e-01
1.007875598206323220e+00
1.027972818509540032e+00
1.008880459221483950e+00
9.980782033085049409e-01
9.998367100850364952e-01
9.855174406189944891e-01
1.006117091429791666e+00
1.008880459221483950e+00
1.019933930388253307e+00
1.010890181251805631e+00
1.010890181251805631e+00
1.007875598206323220e+00
1.005865876176001539e+00
9.792370592742392077e-01
1.025460665971637875e+00
1.000590355846407098e+00
9.867735168879455676e-01
9.812467813045608889e-01
9.895368846796378515e-01
1.005614660922211190e+00
1.026967957494379080e+00
1.011895042266966582e+00
1.005865876176001539e+00
9.993342795774560194e-01
9.744639694522252427e-01
1.016919347342770674e+00
9.998367100850364952e-01
9.666762965847287559e-01
9.938075439940714517e-01
1.015663271073819596e+00
1.004609799907050460e+00
1.002097647369148303e+00
1.000841571100197225e+00
9.852662253652042512e-01
9.666762965847287559e-01
1.011895042266966582e+00
9.980782033085049409e-01
9.970733422933441004e-01
9.679323728536797233e-01
9.842613643500434106e-01
1.017421777850351150e+00
9.749663999598056074e-01
9.938075439940714517e-01
1.019682715134462958e+00
9.973245575471343383e-01
9.895368846796378515e-01
1.011392611759386106e+00
1.006117091429791666e+00
9.892856694258476136e-01
9.930538982327007380e-01
7.491238868024067132e-01
1.018175423611721753e+00
1.031992262570183394e+00
1.014407194804868739e+00
9.820004270659314916e-01
9.920490372175398974e-01
1.004609799907050460e+00
9.968221270395539735e-01
9.985806338160854168e-01
9.998367100850364952e-01
1.000339140592616971e+00
9.825028575735119674e-01
1.008629243967693823e+00
9.832565033348825700e-01
1.000590355846407098e+00
9.747151847060154806e-01
9.880295931568965351e-01
1.002097647369148303e+00
9.847637948576238864e-01
9.968221270395539735e-01
1.008629243967693823e+00
1.021692437164784639e+00
9.764736914825469238e-01
1.012146257520756709e+00
9.882808084106867730e-01
1.003604938891889509e+00
1.022948513433735718e+00
9.887832389182672488e-01
9.817492118121413647e-01
1.012648688028337185e+00
9.968221270395539735e-01
9.794882745280294456e-01
1.019431499880672831e+00
1.007624382952532871e+00
1.001344001607777701e+00
9.804931355431902862e-01
1.017924208357931626e+00
1.016165701581400072e+00
1.018426638865512102e+00
1.004609799907050460e+00
1.013151118535917661e+00
1.029731325286071364e+00
1.006619521937372141e+00
1.002097647369148303e+00
9.855174406189944891e-01
1.007875598206323220e+00
1.009885320236644901e+00
1.013151118535917661e+00
9.990830643236657815e-01
1.006619521937372141e+00
9.928026829789106111e-01
1.010638965998015504e+00
1.005865876176001539e+00
9.794882745280294456e-01
1.004861015160840587e+00
1.023702159195106320e+00
1.016165701581400072e+00
9.518545966111062739e-01
1.003856154145679858e+00
9.960684812781832598e-01
9.915466067099595326e-01
1.028224033763330159e+00
9.794882745280294456e-01
9.767249067363371617e-01
1.003353723638099382e+00
9.812467813045608889e-01
9.970733422933441004e-01
1.008378028713903696e+00
1.010638965998015504e+00
1.004358584653260333e+00
1.006619521937372141e+00
1.013904764297288263e+00
1.009885320236644901e+00
1.006368306683582015e+00
1.013904764297288263e+00
9.870247321417356945e-01
9.752176152135958453e-01
1.023702159195106320e+00
1.019682715134462958e+00
1.021441221910994512e+00
9.978269880547148141e-01
1.004609799907050460e+00
9.948124050092322923e-01
9.988318490698756547e-01
9.772273372439175265e-01
1.006870737191162268e+00
1.004107369399469984e+00
9.857686558727847270e-01
9.840101490962531727e-01
1.012648688028337185e+00
1.007624382952532871e+00
9.809955660507706510e-01
9.857686558727847270e-01
1.005865876176001539e+00
9.960684812781832598e-01
9.892856694258476136e-01
9.877783779031064082e-01
1.006117091429791666e+00
1.000590355846407098e+00
1.027721603255749683e+00

# time bin value
-1.000000000000000000e+02
-9.900000000000000000e+01
-9.800000000000000000e+01
-9.700000000000000000e+01
-9.600000000000000000e+01
-9.500000000000000000e+01
-9.400000000000000000e+01
-9.300000000000000000e+01
-9.200000000000000000e+01
-9.100000000000000000e+01
-9.000000000000000000e+01
-8.900000000000000000e+01
-8.800000000000000000e+01
-8.700000000000000000e+01
-8.600000000000000000e+01
-8.500000000000000000e+01
-8.400000000000000000e+01
-8.300000000000000000e+01
-8.200000000000000000e+01
-8.100000000000000000e+01
-8.000000000000000000e+01
-7.900000000000000000e+01
-7.800000000000000000e+01
-7.700000000000000000e+01
-7.600000000000000000e+01
-7.500000000000000000e+01
-7.400000000000000000e+01
-7.300000000000000000e+01
-7.200000000000000000e+01
-7.100000000000000000e+01
-7.000000000000000000e+01
-6.900000000000000000e+01
-6.800000000000000000e+01
-6.700000000000000000e+01
-6.600000000000000000e+01
-6.500000000000000000e+01
-6.400000000000000000e+01
-6.300000000000000000e+01
-6.200000000000000000e+01
-6.100000000000000000e+01
-6.000000000000000000e+01
-5.900000000000000000e+01
-5.800000000000000000e+01
-5.700000000000000000e+01
-5.600000000000000000e+01
-5.500000000000000000e+01
-5.400000000000000000e+01
-5.300000000000000000e+01
-5.200000000000000000e+01
-5.100000000000000000e+01
-5.000000000000000000e+01
-4.900000000000000000e+01
-4.800000000000000000e+01
-4.700000000000000000e+01
-4.600000000000000000e+01
-4.500000000000000000e+01
-4.400000000000000000e+01
-4.300000000000000000e+01
-4.200000000000000000e+01
-4.100000000000000000e+01
-4.000000000000000000e+01
-3.900000000000000000e+01
-3.800000000000000000e+01
-3.700000000000000000e+01
-3.600000000000000000e+01
-3.500000000000000000e+01
-3.400000000000000000e+01
-3.300000000000000000e+01
-3.200000000000000000e+01
-3.100000000000000000e+01
-3.000000000000000000e+01
-2.900000000000000000e+01
-2.800000000000000000e+01
-2.700000000000000000e+01
-2.600000000000000000e+01
-2.500000000000000000e+01
-2.400000000000000000e+01
-2.300000000000000000e+01
-2.200000000000000000e+01
-2.100000000000000000e+01
-2.000000000000000000e+01
-1.900000000000000000e+01
-1.800000000000000000e+01
-1.700000000000000000e+01
-1.600000000000000000e+01
-1.500000000000000000e+01
-1.400000000000000000e+01
-1.300000000000000000e+01
-1.200000000000000000e+01
-1.100000000000000000e+01
-1.000000000000000000e+01
-9.000000000000000000e+00
-8.000000000000000000e+00
-7.000000000000000000e+00
-6.000000000000000000e+00
-5.000000000000000000e+00
-4.000000000000000000e+00
-3.000000000000000000e+00
-2.000000000000000000e+00
-1.000000000000000000e+00
0.000000000000000000e+00
1.000000000000000000e+00
2.000000000000000000e+00
3.000000000000000000e+00
4.000000000000000000e+00
5.000000000000000000e+00
6.000000000000000000e+00
7.000000000000000000e+00
8.000000000000000000e+00
9.000000000000000000e+00
1.000000000000000000e+01
1.100000000000000000e+01
1.200000000000000000e+01
1.300000000000000000e+01
1.400000000000000000e+01
1.500000000000000000e+01
1.600000000000000000e+01
1.700000000000000000e+01
1.800000000000000000e+01
1.900000000000000000e+01
2.000000000000000000e+01
2.100000000000000000e+01
2.200000000000000000e+01
2.300000000000000000e+01
2.400000000000000000e+01
2.500000000000000000e+01
2.600000000000000000e+01
2.700000000000000000e+01
2.800000000000000000e+01
2.900000000000000000e+01
3.000000000000000000e+01
3.100000000000000000e+01
3.200000000000000000e+01
3.300000000000000000e+01
3.400000000000000000e+01
3.500000000000000000e+01
3.600000000000000000e+01
3.700000000000000000e+01
3.800000000000000000e+01
3.900000000000000000e+01
4.000000000000000000e+01
4.100000000000000000e+01
4.200000000000000000e+01
4.300000000000000000e+01
4.400000000000000000e+01
4.500000000000000000e+01
4.600000000000000000e+01
4.700000000000000000e+01
4.800000000000000000e+01
4.900000000000000000e+01
5.000000000000000000e+01
5.100000000000000000e+01
5.200000000000000000e+01
5.300000000000000000e+01
5.400000000000000000e+01
5.500000000000000000e+01
5.600000000000000000e+01
5.700000000000000000e+01
5.800000000000000000e+01
5.900000000000000000e+01
6.000000000000000000e+01
6.100000000000000000e+01
6.200000000000000000e+01
6.300000000000000000e+01
6.400000000000000000e+01
6.500000000000000000e+01
6.600000000000000000e+01
6.700000000000000000e+01
6.800000000000000000e+01
6.900000000000000000e+01
7.000000000000000000e+01
7.100000000000000000e+01
7.200000000000000000e+01
7.300000000000000000e+01
7.400000000000000000e+01
7.500000000000000000e+01
7.600000000000000000e+01
7.700000000000000000e+01
7.800000000000000000e+01
7.900000000000000000e+01
8.000000000000000000e+01
8.100000000000000000e+01
8.200000000000000000e+01
8.300000000000000000e+01
8.400000000000000000e+01
8.500000000000000000e+01
8.600000000000000000e+01
8.700000000000000000e+01
8.800000000000000000e+01
8.900000000000000000e+01
9.000000000000000000e+01
9.100000000000000000e+01
9.200000000000000000e+01
9.300000000000000000e+01
9.400000000000000000e+01
9.500000000000000000e+01
9.600000000000000000e+01
9.700000000000000000e+01
9.800000000000000000e+01
9.900000000000000000e+01
