single photon fraction:    0.4000
laser fraction:    0.2000
thermal source fraction:    0.2000
non-detected fraction:    0.2000
number of bins:  200.0000
bin width (ns):    1.0000
average detection events per bin: 5000.0000

# binary result
0.000000000000000000e+00

# g2 signal
1.029733362759063464e+00
9.790742932809021193e-01
9.845916176795137531e-01
1.018197139016511876e+00
9.963786288947295011e-01
9.983849286760428932e-01
1.020203438797825379e+00
1.020955801215817749e+00
9.524908211785005907e-01
1.022209738579138660e+00
9.860963425154987139e-01
9.888550047148045863e-01
1.004153040547318687e+00
9.953754790040728606e-01
1.008667215055273569e+00
1.009419577473266161e+00
9.730553939369621652e-01
1.008165640109945249e+00
1.006911702746624560e+00
1.013432177035892723e+00
1.021958951106474389e+00
9.712998816283130443e-01
9.976325662580504128e-01
9.956262664767370207e-01
1.035501474630339480e+00
1.017193989125855236e+00
9.983849286760428932e-01
1.009921152418594481e+00
1.009670364945930432e+00
1.024968400778444311e+00
9.893565796601329065e-01
9.888550047148045863e-01
1.022962100997131030e+00
1.006159340328631968e+00
1.018698713961840197e+00
9.893565796601329065e-01
1.022209738579138660e+00
1.000140440984692125e+00
9.963786288947295011e-01
9.840900427341854328e-01
1.024216038360451941e+00
1.011425877254579442e+00
1.002146740766005406e+00
1.000642015930020445e+00
1.015940051762534546e+00
1.004403828019982736e+00
1.009419577473266161e+00
1.003400678129326096e+00
1.001143590875348766e+00
9.961278414220653410e-01
9.943723291134162201e-01
1.017695564071183556e+00
9.898581546054612268e-01
9.828361053708646322e-01
9.933691792227595796e-01
1.009921152418594481e+00
9.893565796601329065e-01
9.876010673514837857e-01
9.800774431715587598e-01
1.008918002527937841e+00
1.024466825833115990e+00
1.021958951106474389e+00
9.855947675701703936e-01
1.012679814617900353e+00
1.018698713961840197e+00
9.988865036213712134e-01
9.740585438276188057e-01
9.855947675701703936e-01
9.702967317376562928e-01
9.750616937182754462e-01
1.020955801215817749e+00
9.946231165860803802e-01
1.022711313524466981e+00
1.009670364945930432e+00
9.953754790040728606e-01
9.908613044961178673e-01
9.916136669141104587e-01
9.825853178982004721e-01
1.002397528238669455e+00
9.953754790040728606e-01
1.022460526051802709e+00
1.000140440984692125e+00
1.042523523864935964e+00
9.906105170234537072e-01
9.993880785666995337e-01
9.963786288947295011e-01
9.918644543867746188e-01
1.005657765383303648e+00
9.941215416407520600e-01
9.963786288947295011e-01
9.798266556988945997e-01
9.898581546054612268e-01
9.800774431715587598e-01
1.008416427582609520e+00
1.005657765383303648e+00
9.778203559175813186e-01
1.012429027145236082e+00
9.720522440463055247e-01
1.009921152418594481e+00
9.893565796601329065e-01
7.348072949060049375e-01
1.002648315711333726e+00
9.873502798788196255e-01
9.963786288947295011e-01
9.886042172421404262e-01
9.793250807535662794e-01
1.000642015930020445e+00
9.936199666954237397e-01
1.004905402965311279e+00
9.966294163673936612e-01
9.946231165860803802e-01
9.838392552615212727e-01
1.001394378348012815e+00
9.923660293321029391e-01
9.870994924061554654e-01
9.870994924061554654e-01
9.921152418594387790e-01
1.001895953293341135e+00
1.009419577473266161e+00
9.712998816283130443e-01
9.978833537307145729e-01
9.860963425154987139e-01
1.031488875067712696e+00
9.996388660393636938e-01
9.833376803161929525e-01
1.005156190437975328e+00
1.014435326926549363e+00
9.840900427341854328e-01
1.032742812431033608e+00
9.993880785666995337e-01
1.020454226270489428e+00
1.018698713961840197e+00
9.991372910940353735e-01
9.823345304255363120e-01
1.011425877254579442e+00
9.993880785666995337e-01
9.933691792227595796e-01
1.014686114399213634e+00
9.881026422968121059e-01
9.738077563549546456e-01
1.027225488032421863e+00
9.921152418594387790e-01
9.858455550428345537e-01
9.750616937182754462e-01
9.843408302068495930e-01
1.003149890656662047e+00
9.815821680075438316e-01
9.931183917500954195e-01
9.911120919687820274e-01
9.991372910940353735e-01
9.901089420781253869e-01
9.918644543867746188e-01
9.891057921874687464e-01
1.005908552855967919e+00
9.998896535120278539e-01
1.011676664727243713e+00
9.858455550428345537e-01
1.009670364945930432e+00
9.948739040587445404e-01
9.976325662580504128e-01
9.906105170234537072e-01
1.004153040547318687e+00
1.034999899685010938e+00
1.001895953293341135e+00
9.785727183355737990e-01
9.971309913127220925e-01
9.823345304255363120e-01
1.006660915273960288e+00
9.998896535120278539e-01
9.921152418594387790e-01
1.010422727363922801e+00
9.978833537307145729e-01
1.012429027145236082e+00
1.009168790000601890e+00
1.030987300122384376e+00
9.936199666954237397e-01
9.896073671327970667e-01
1.014435326926549363e+00
9.923660293321029391e-01
9.805790181168870800e-01
9.868487049334913053e-01
1.005908552855967919e+00
1.014184539453885314e+00
1.016190839235198595e+00
1.000140440984692125e+00
9.773187809722529984e-01
1.008667215055273569e+00
9.878518548241479458e-01
9.823345304255363120e-01
9.818329554802079917e-01
9.986357161487070533e-01
1.014936901871877906e+00
9.876010673514837857e-01
1.012429027145236082e+00
1.006911702746624560e+00
9.865979174608271451e-01
1.008918002527937841e+00
9.923660293321029391e-01
9.971309913127220925e-01
1.013181389563228674e+00

# time bin value
-1.000000000000000000e+02
-9.900000000000000000e+01
-9.800000000000000000e+01
-9.700000000000000000e+01
-9.600000000000000000e+01
-9.500000000000000000e+01
-9.400000000000000000e+01
-9.300000000000000000e+01
-9.200000000000000000e+01
-9.100000000000000000e+01
-9.000000000000000000e+01
-8.900000000000000000e+01
-8.800000000000000000e+01
-8.700000000000000000e+01
-8.600000000000000000e+01
-8.500000000000000000e+01
-8.400000000000000000e+01
-8.300000000000000000e+01
-8.200000000000000000e+01
-8.100000000000000000e+01
-8.000000000000000000e+01
-7.900000000000000000e+01
-7.800000000000000000e+01
-7.700000000000000000e+01
-7.600000000000000000e+01
-7.500000000000000000e+01
-7.400000000000000000e+01
-7.300000000000000000e+01
-7.200000000000000000e+01
-7.100000000000000000e+01
-7.000000000000000000e+01
-6.900000000000000000e+01
-6.800000000000000000e+01
-6.700000000000000000e+01
-6.600000000000000000e+01
-6.500000000000000000e+01
-6.400000000000000000e+01
-6.300000000000000000e+01
-6.200000000000000000e+01
-6.100000000000000000e+01
-6.000000000000000000e+01
-5.900000000000000000e+01
-5.800000000000000000e+01
-5.700000000000000000e+01
-5.600000000000000000e+01
-5.500000000000000000e+01
-5.400000000000000000e+01
-5.300000000000000000e+01
-5.200000000000000000e+01
-5.100000000000000000e+01
-5.000000000000000000e+01
-4.900000000000000000e+01
-4.800000000000000000e+01
-4.700000000000000000e+01
-4.600000000000000000e+01
-4.500000000000000000e+01
-4.400000000000000000e+01
-4.300000000000000000e+01
-4.200000000000000000e+01
-4.100000000000000000e+01
-4.000000000000000000e+01
-3.900000000000000000e+01
-3.800000000000000000e+01
-3.700000000000000000e+01
-3.600000000000000000e+01
-3.500000000000000000e+01
-3.400000000000000000e+01
-3.300000000000000000e+01
-3.200000000000000000e+01
-3.100000000000000000e+01
-3.000000000000000000e+01
-2.900000000000000000e+01
-2.800000000000000000e+01
-2.700000000000000000e+01
-2.600000000000000000e+01
-2.500000000000000000e+01
-2.400000000000000000e+01
-2.300000000000000000e+01
-2.200000000000000000e+01
-2.100000000000000000e+01
-2.000000000000000000e+01
-1.900000000000000000e+01
-1.800000000000000000e+01
-1.700000000000000000e+01
-1.600000000000000000e+01
-1.500000000000000000e+01
-1.400000000000000000e+01
-1.300000000000000000e+01
-1.200000000000000000e+01
-1.100000000000000000e+01
-1.000000000000000000e+01
-9.000000000000000000e+00
-8.000000000000000000e+00
-7.000000000000000000e+00
-6.000000000000000000e+00
-5.000000000000000000e+00
-4.000000000000000000e+00
-3.000000000000000000e+00
-2.000000000000000000e+00
-1.000000000000000000e+00
0.000000000000000000e+00
1.000000000000000000e+00
2.000000000000000000e+00
3.000000000000000000e+00
4.000000000000000000e+00
5.000000000000000000e+00
6.000000000000000000e+00
7.000000000000000000e+00
8.000000000000000000e+00
9.000000000000000000e+00
1.000000000000000000e+01
1.100000000000000000e+01
1.200000000000000000e+01
1.300000000000000000e+01
1.400000000000000000e+01
1.500000000000000000e+01
1.600000000000000000e+01
1.700000000000000000e+01
1.800000000000000000e+01
1.900000000000000000e+01
2.000000000000000000e+01
2.100000000000000000e+01
2.200000000000000000e+01
2.300000000000000000e+01
2.400000000000000000e+01
2.500000000000000000e+01
2.600000000000000000e+01
2.700000000000000000e+01
2.800000000000000000e+01
2.900000000000000000e+01
3.000000000000000000e+01
3.100000000000000000e+01
3.200000000000000000e+01
3.300000000000000000e+01
3.400000000000000000e+01
3.500000000000000000e+01
3.600000000000000000e+01
3.700000000000000000e+01
3.800000000000000000e+01
3.900000000000000000e+01
4.000000000000000000e+01
4.100000000000000000e+01
4.200000000000000000e+01
4.300000000000000000e+01
4.400000000000000000e+01
4.500000000000000000e+01
4.600000000000000000e+01
4.700000000000000000e+01
4.800000000000000000e+01
4.900000000000000000e+01
5.000000000000000000e+01
5.100000000000000000e+01
5.200000000000000000e+01
5.300000000000000000e+01
5.400000000000000000e+01
5.500000000000000000e+01
5.600000000000000000e+01
5.700000000000000000e+01
5.800000000000000000e+01
5.900000000000000000e+01
6.000000000000000000e+01
6.100000000000000000e+01
6.200000000000000000e+01
6.300000000000000000e+01
6.400000000000000000e+01
6.500000000000000000e+01
6.600000000000000000e+01
6.700000000000000000e+01
6.800000000000000000e+01
6.900000000000000000e+01
7.000000000000000000e+01
7.100000000000000000e+01
7.200000000000000000e+01
7.300000000000000000e+01
7.400000000000000000e+01
7.500000000000000000e+01
7.600000000000000000e+01
7.700000000000000000e+01
7.800000000000000000e+01
7.900000000000000000e+01
8.000000000000000000e+01
8.100000000000000000e+01
8.200000000000000000e+01
8.300000000000000000e+01
8.400000000000000000e+01
8.500000000000000000e+01
8.600000000000000000e+01
8.700000000000000000e+01
8.800000000000000000e+01
8.900000000000000000e+01
9.000000000000000000e+01
9.100000000000000000e+01
9.200000000000000000e+01
9.300000000000000000e+01
9.400000000000000000e+01
9.500000000000000000e+01
9.600000000000000000e+01
9.700000000000000000e+01
9.800000000000000000e+01
9.900000000000000000e+01
