single photon fraction:    0.4000
laser fraction:    0.2000
thermal source fraction:    0.2000
non-detected fraction:    0.2000
number of bins:  200.0000
bin width (ns):    1.0000
average detection events per bin: 5000.0000

# binary result
0.000000000000000000e+00

# g2 signal
9.971410932868045585e-01
9.795503985967651817e-01
1.032322482666883312e+00
1.041117830011903056e+00
1.008449397016115689e+00
9.996540496710959456e-01
9.803042855120526200e-01
1.012972718507840098e+00
9.785452160430486712e-01
1.001915710416958039e+00
9.933716587103675888e-01
1.008198101377686395e+00
1.008951988292973834e+00
9.725141207207493865e-01
9.823146506194856409e-01
9.878431546649265593e-01
1.000156640947954090e+00
1.005685144993395230e+00
1.005433849354965936e+00
9.908587023260762017e-01
1.015485674892131485e+00
9.835711288116313344e-01
1.023527135321863568e+00
1.007946805739257323e+00
9.845763113653478449e-01
1.002418301693816405e+00
1.011464944677265221e+00
9.946281369025132824e-01
9.931203630719384057e-01
9.898535197723596912e-01
9.898535197723596912e-01
1.009705875208261272e+00
9.968897976483754864e-01
9.835711288116313344e-01
1.003423484247532915e+00
1.015234379253702190e+00
1.009957170846690344e+00
9.810581724273399473e-01
1.017496039999564506e+00
1.022019361491288914e+00
1.027296569898300760e+00
1.003926075524391281e+00
9.996540496710959456e-01
9.976436845636628137e-01
1.017496039999564506e+00
1.005433849354965936e+00
9.642213646525880089e-01
1.005685144993395230e+00
9.810581724273399473e-01
1.003172188609103843e+00
1.011464944677265221e+00
1.020511587660714037e+00
9.860840851959227216e-01
1.019757700745426598e+00
9.855814939190643553e-01
1.002418301693816405e+00
9.896022241339305081e-01
1.005433849354965936e+00
9.800529898736234369e-01
9.838224244500605176e-01
9.933716587103675888e-01
1.030312117559450291e+00
9.875918590264974872e-01
9.880944503033557424e-01
1.020511587660714037e+00
1.011967535954123587e+00
1.005433849354965936e+00
9.923664761566510784e-01
9.885970415802139977e-01
1.000910527863241528e+00
9.913612936029344569e-01
9.868379721112100489e-01
9.961359107330880480e-01
9.948794325409423545e-01
1.009705875208261272e+00
9.978949802020919968e-01
1.005685144993395230e+00
1.003926075524391281e+00
9.938742499872258440e-01
9.921151805182218952e-01
1.020260292022284965e+00
9.913612936029344569e-01
1.015485674892131485e+00
9.978949802020919968e-01
1.010459762123548710e+00
9.883457459417849256e-01
1.017244744361135211e+00
1.004177371162820354e+00
1.030312117559450291e+00
9.878431546649265593e-01
1.014480492338414752e+00
9.923664761566510784e-01
9.883457459417849256e-01
1.019757700745426598e+00
1.028050456813588198e+00
1.014229196699985680e+00
1.008700692654544762e+00
9.830685375347730792e-01
9.870892677496392320e-01
1.010711057761977782e+00
7.435837941118081940e-01
9.710063468901746209e-01
1.014731787976844046e+00
9.918638848797927121e-01
9.732680076360368249e-01
1.014480492338414752e+00
1.001664414778528966e+00
9.994027540326667625e-01
9.694985730595998552e-01
1.061221481086233709e+00
9.757809640203282120e-01
9.845763113653478449e-01
1.008449397016115689e+00
9.951307281793715376e-01
1.022270657129717986e+00
9.840737200884895897e-01
9.931203630719384057e-01
9.981462758405210689e-01
1.005182553716536864e+00
9.981462758405210689e-01
1.017747335637993578e+00
9.906074066876471296e-01
9.777913291277612329e-01
9.890996328570722529e-01
9.715089381670328761e-01
1.000407936586383384e+00
1.011967535954123587e+00
1.017496039999564506e+00
9.813094680657691304e-01
9.815607637041982025e-01
1.017244744361135211e+00
1.002669597332245477e+00
9.918638848797927121e-01
9.994027540326667625e-01
9.989001627558085072e-01
1.007192918823969885e+00
1.012470127230981731e+00
9.815607637041982025e-01
1.005936440631824302e+00
9.840737200884895897e-01
9.989001627558085072e-01
9.941255456256549161e-01
9.885970415802139977e-01
1.000407936586383384e+00
1.015234379253702190e+00
9.790478073199069264e-01
1.009705875208261272e+00
9.958846150946588649e-01
9.878431546649265593e-01
9.928690674335093336e-01
1.005685144993395230e+00
1.004679962439678498e+00
9.981462758405210689e-01
1.013726605423127536e+00
9.981462758405210689e-01
9.855814939190643553e-01
1.013475309784698242e+00
9.848276070037770280e-01
9.860840851959227216e-01
1.002418301693816405e+00
1.018752518191710088e+00
1.002167006055387333e+00
1.014731787976844046e+00
1.007695510100828251e+00
9.918638848797927121e-01
9.973923889252337416e-01
9.999053453095250177e-01
1.024281022237151006e+00
9.747757814666115905e-01
9.948794325409423545e-01
9.938742499872258440e-01
9.986488671173794351e-01
1.022773248406576352e+00
1.014983083615273118e+00
1.004177371162820354e+00
1.021014178937572403e+00
1.001915710416958039e+00
1.004931258078107792e+00
1.017747335637993578e+00
1.028553048090446342e+00
1.002418301693816405e+00
1.002669597332245477e+00
1.025286204790867517e+00
9.989001627558085072e-01
1.024783613514009373e+00
9.815607637041982025e-01
1.008951988292973834e+00
9.981462758405210689e-01
1.009203283931403128e+00
9.933716587103675888e-01
1.002669597332245477e+00
1.019003813830139160e+00
1.007695510100828251e+00
1.013977901061556608e+00
9.792991029583359985e-01
1.020260292022284965e+00
1.006439031908682447e+00
9.705037556133163656e-01
1.024029726598721934e+00
1.001413119140099894e+00

# time bin value
-1.000000000000000000e+02
-9.900000000000000000e+01
-9.800000000000000000e+01
-9.700000000000000000e+01
-9.600000000000000000e+01
-9.500000000000000000e+01
-9.400000000000000000e+01
-9.300000000000000000e+01
-9.200000000000000000e+01
-9.100000000000000000e+01
-9.000000000000000000e+01
-8.900000000000000000e+01
-8.800000000000000000e+01
-8.700000000000000000e+01
-8.600000000000000000e+01
-8.500000000000000000e+01
-8.400000000000000000e+01
-8.300000000000000000e+01
-8.200000000000000000e+01
-8.100000000000000000e+01
-8.000000000000000000e+01
-7.900000000000000000e+01
-7.800000000000000000e+01
-7.700000000000000000e+01
-7.600000000000000000e+01
-7.500000000000000000e+01
-7.400000000000000000e+01
-7.300000000000000000e+01
-7.200000000000000000e+01
-7.100000000000000000e+01
-7.000000000000000000e+01
-6.900000000000000000e+01
-6.800000000000000000e+01
-6.700000000000000000e+01
-6.600000000000000000e+01
-6.500000000000000000e+01
-6.400000000000000000e+01
-6.300000000000000000e+01
-6.200000000000000000e+01
-6.100000000000000000e+01
-6.000000000000000000e+01
-5.900000000000000000e+01
-5.800000000000000000e+01
-5.700000000000000000e+01
-5.600000000000000000e+01
-5.500000000000000000e+01
-5.400000000000000000e+01
-5.300000000000000000e+01
-5.200000000000000000e+01
-5.100000000000000000e+01
-5.000000000000000000e+01
-4.900000000000000000e+01
-4.800000000000000000e+01
-4.700000000000000000e+01
-4.600000000000000000e+01
-4.500000000000000000e+01
-4.400000000000000000e+01
-4.300000000000000000e+01
-4.200000000000000000e+01
-4.100000000000000000e+01
-4.000000000000000000e+01
-3.900000000000000000e+01
-3.800000000000000000e+01
-3.700000000000000000e+01
-3.600000000000000000e+01
-3.500000000000000000e+01
-3.400000000000000000e+01
-3.300000000000000000e+01
-3.200000000000000000e+01
-3.100000000000000000e+01
-3.000000000000000000e+01
-2.900000000000000000e+01
-2.800000000000000000e+01
-2.700000000000000000e+01
-2.600000000000000000e+01
-2.500000000000000000e+01
-2.400000000000000000e+01
-2.300000000000000000e+01
-2.200000000000000000e+01
-2.100000000000000000e+01
-2.000000000000000000e+01
-1.900000000000000000e+01
-1.800000000000000000e+01
-1.700000000000000000e+01
-1.600000000000000000e+01
-1.500000000000000000e+01
-1.400000000000000000e+01
-1.300000000000000000e+01
-1.200000000000000000e+01
-1.100000000000000000e+01
-1.000000000000000000e+01
-9.000000000000000000e+00
-8.000000000000000000e+00
-7.000000000000000000e+00
-6.000000000000000000e+00
-5.000000000000000000e+00
-4.000000000000000000e+00
-3.000000000000000000e+00
-2.000000000000000000e+00
-1.000000000000000000e+00
0.000000000000000000e+00
1.000000000000000000e+00
2.000000000000000000e+00
3.000000000000000000e+00
4.000000000000000000e+00
5.000000000000000000e+00
6.000000000000000000e+00
7.000000000000000000e+00
8.000000000000000000e+00
9.000000000000000000e+00
1.000000000000000000e+01
1.100000000000000000e+01
1.200000000000000000e+01
1.300000000000000000e+01
1.400000000000000000e+01
1.500000000000000000e+01
1.600000000000000000e+01
1.700000000000000000e+01
1.800000000000000000e+01
1.900000000000000000e+01
2.000000000000000000e+01
2.100000000000000000e+01
2.200000000000000000e+01
2.300000000000000000e+01
2.400000000000000000e+01
2.500000000000000000e+01
2.600000000000000000e+01
2.700000000000000000e+01
2.800000000000000000e+01
2.900000000000000000e+01
3.000000000000000000e+01
3.100000000000000000e+01
3.200000000000000000e+01
3.300000000000000000e+01
3.400000000000000000e+01
3.500000000000000000e+01
3.600000000000000000e+01
3.700000000000000000e+01
3.800000000000000000e+01
3.900000000000000000e+01
4.000000000000000000e+01
4.100000000000000000e+01
4.200000000000000000e+01
4.300000000000000000e+01
4.400000000000000000e+01
4.500000000000000000e+01
4.600000000000000000e+01
4.700000000000000000e+01
4.800000000000000000e+01
4.900000000000000000e+01
5.000000000000000000e+01
5.100000000000000000e+01
5.200000000000000000e+01
5.300000000000000000e+01
5.400000000000000000e+01
5.500000000000000000e+01
5.600000000000000000e+01
5.700000000000000000e+01
5.800000000000000000e+01
5.900000000000000000e+01
6.000000000000000000e+01
6.100000000000000000e+01
6.200000000000000000e+01
6.300000000000000000e+01
6.400000000000000000e+01
6.500000000000000000e+01
6.600000000000000000e+01
6.700000000000000000e+01
6.800000000000000000e+01
6.900000000000000000e+01
7.000000000000000000e+01
7.100000000000000000e+01
7.200000000000000000e+01
7.300000000000000000e+01
7.400000000000000000e+01
7.500000000000000000e+01
7.600000000000000000e+01
7.700000000000000000e+01
7.800000000000000000e+01
7.900000000000000000e+01
8.000000000000000000e+01
8.100000000000000000e+01
8.200000000000000000e+01
8.300000000000000000e+01
8.400000000000000000e+01
8.500000000000000000e+01
8.600000000000000000e+01
8.700000000000000000e+01
8.800000000000000000e+01
8.900000000000000000e+01
9.000000000000000000e+01
9.100000000000000000e+01
9.200000000000000000e+01
9.300000000000000000e+01
9.400000000000000000e+01
9.500000000000000000e+01
9.600000000000000000e+01
9.700000000000000000e+01
9.800000000000000000e+01
9.900000000000000000e+01
