single photon fraction:    0.4000
laser fraction:    0.2000
thermal source fraction:    0.2000
non-detected fraction:    0.2000
number of bins:  200.0000
bin width (ns):    1.0000
average detection events per bin: 5000.0000

# binary result
0.000000000000000000e+00

# g2 signal
9.886303742188087273e-01
9.828577165374092761e-01
1.025776171473031573e+00
1.013979870993650056e+00
1.006701302612754922e+00
9.818537760710789319e-01
1.002434555630851154e+00
1.007705243079085378e+00
1.002936525864016160e+00
9.903872700348869129e-01
1.008458198428833219e+00
1.011721004944406754e+00
9.893833295685565687e-01
9.886303742188087273e-01
9.918931807343823737e-01
9.881284039856436108e-01
1.000677659814772857e+00
1.023517305423788271e+00
1.010717064478076299e+00
9.868734784027306528e-01
9.903872700348869129e-01
9.715633862911928764e-01
1.005697362146424689e+00
1.013477900760484829e+00
9.913912105012172571e-01
1.014983811459980290e+00
9.989207639986947829e-01
9.793439249052531270e-01
9.981678086489470525e-01
1.003187510980598773e+00
1.019250558441884280e+00
9.923951509675476013e-01
1.017995632858971433e+00
9.821047611876615457e-01
9.921441658509649875e-01
1.005195391913259462e+00
1.040835278467986846e+00
9.969128830660340945e-01
9.740732374570187924e-01
9.926461360841302151e-01
9.878774188690609970e-01
9.956579574831212476e-01
9.959089425997037504e-01
1.008960168661998225e+00
1.001932585397685926e+00
1.005697362146424689e+00
1.013979870993650056e+00
1.025023216123283953e+00
1.002685540747433546e+00
1.026027156589614187e+00
9.911402253846346433e-01
1.005697362146424689e+00
1.013728885877067443e+00
1.026278141706196800e+00
1.014481841226815284e+00
1.021760409607710196e+00
9.946540170167909034e-01
1.002434555630851154e+00
9.974148532991993221e-01
1.005446377029842076e+00
9.856185528198176948e-01
9.951559872499560200e-01
9.923951509675476013e-01
1.009713124011746066e+00
1.003689481213764001e+00
9.951559872499560200e-01
9.916421956177998709e-01
1.018246617975554047e+00
9.964109128328689780e-01
1.007203272845920150e+00
9.785909695555052856e-01
1.010466079361493907e+00
1.013979870993650056e+00
1.007454257962502764e+00
1.005446377029842076e+00
1.023517305423788271e+00
1.013728885877067443e+00
1.015987751926310745e+00
1.020505484024797349e+00
1.005195391913259462e+00
1.009964109128328680e+00
9.916421956177998709e-01
1.005446377029842076e+00
9.863715081695655362e-01
9.989207639986947829e-01
9.838616570037396203e-01
9.981678086489470525e-01
1.023517305423788271e+00
9.931481063172953316e-01
1.008207213312250605e+00
9.893833295685565687e-01
1.011219034711241527e+00
1.002936525864016160e+00
1.020003513791632122e+00
1.023768290540370884e+00
9.931481063172953316e-01
9.750771779233491365e-01
9.964109128328689780e-01
9.994227342318600105e-01
1.003940466330346615e+00
7.471826920663604543e-01
1.012222975177571982e+00
9.976658384157819359e-01
1.012222975177571982e+00
1.015485781693145517e+00
1.016740707276058586e+00
1.003187510980598773e+00
1.001932585397685926e+00
9.733202821072709510e-01
9.921441658509649875e-01
9.868734784027306528e-01
9.710614160580277598e-01
1.005446377029842076e+00
9.969128830660340945e-01
9.926461360841302151e-01
9.944030319002082896e-01
1.021007454257962355e+00
1.010466079361493907e+00
9.760811183896794807e-01
9.703084607082799184e-01
1.040333308234821619e+00
9.926461360841302151e-01
9.931481063172953316e-01
1.005948347263007303e+00
1.001932585397685926e+00
9.745752076901839089e-01
9.896343146851390715e-01
9.913912105012172571e-01
1.026780111939362028e+00
9.918931807343823737e-01
9.921441658509649875e-01
9.688025500087844577e-01
9.868734784027306528e-01
1.012724945410736987e+00
1.008709183545415611e+00
1.006952287729337536e+00
9.851165825866525783e-01
9.831087016539918899e-01
9.913912105012172571e-01
1.027031097055944642e+00
1.014983811459980290e+00
9.876264337524783832e-01
1.008709183545415611e+00
9.858695379364003086e-01
9.888813593353913411e-01
1.008458198428833219e+00
9.916421956177998709e-01
9.881284039856436108e-01
1.008458198428833219e+00
1.014230856110232670e+00
9.866224932861480390e-01
1.005948347263007303e+00
9.723163416409406068e-01
1.016489722159475972e+00
9.657907286097934252e-01
1.006199332379589917e+00
1.023517305423788271e+00
9.994227342318600105e-01
1.002434555630851154e+00
9.989207639986947829e-01
1.013477900760484829e+00
1.013979870993650056e+00
1.006450317496172531e+00
9.896343146851390715e-01
9.828577165374092761e-01
9.841126421203222341e-01
1.024019275656953498e+00
1.007956228195667991e+00
1.011971990060989368e+00
9.795949100218356298e-01
9.959089425997037504e-01
1.004191451446929229e+00
1.008709183545415611e+00
1.002183570514268540e+00
1.017493662625806206e+00
9.944030319002082896e-01
9.600180709283938629e-01
1.009964109128328680e+00
1.029038977988605330e+00
9.642848179102978534e-01
1.025023216123283953e+00
1.002936525864016160e+00
1.003689481213764001e+00
1.003689481213764001e+00
1.009211153778580838e+00
1.003438496097181387e+00
1.013979870993650056e+00
9.989207639986947829e-01
9.816027909544963181e-01
9.923951509675476013e-01
1.029791933338352949e+00
9.918931807343823737e-01
1.003689481213764001e+00
9.949050021333734062e-01
9.971638681826167083e-01
1.019501543558466894e+00
9.715633862911928764e-01
1.024019275656953498e+00
1.002434555630851154e+00
9.660417137263759280e-01

# time bin value
-1.000000000000000000e+02
-9.900000000000000000e+01
-9.800000000000000000e+01
-9.700000000000000000e+01
-9.600000000000000000e+01
-9.500000000000000000e+01
-9.400000000000000000e+01
-9.300000000000000000e+01
-9.200000000000000000e+01
-9.100000000000000000e+01
-9.000000000000000000e+01
-8.900000000000000000e+01
-8.800000000000000000e+01
-8.700000000000000000e+01
-8.600000000000000000e+01
-8.500000000000000000e+01
-8.400000000000000000e+01
-8.300000000000000000e+01
-8.200000000000000000e+01
-8.100000000000000000e+01
-8.000000000000000000e+01
-7.900000000000000000e+01
-7.800000000000000000e+01
-7.700000000000000000e+01
-7.600000000000000000e+01
-7.500000000000000000e+01
-7.400000000000000000e+01
-7.300000000000000000e+01
-7.200000000000000000e+01
-7.100000000000000000e+01
-7.000000000000000000e+01
-6.900000000000000000e+01
-6.800000000000000000e+01
-6.700000000000000000e+01
-6.600000000000000000e+01
-6.500000000000000000e+01
-6.400000000000000000e+01
-6.300000000000000000e+01
-6.200000000000000000e+01
-6.100000000000000000e+01
-6.000000000000000000e+01
-5.900000000000000000e+01
-5.800000000000000000e+01
-5.700000000000000000e+01
-5.600000000000000000e+01
-5.500000000000000000e+01
-5.400000000000000000e+01
-5.300000000000000000e+01
-5.200000000000000000e+01
-5.100000000000000000e+01
-5.000000000000000000e+01
-4.900000000000000000e+01
-4.800000000000000000e+01
-4.700000000000000000e+01
-4.600000000000000000e+01
-4.500000000000000000e+01
-4.400000000000000000e+01
-4.300000000000000000e+01
-4.200000000000000000e+01
-4.100000000000000000e+01
-4.000000000000000000e+01
-3.900000000000000000e+01
-3.800000000000000000e+01
-3.700000000000000000e+01
-3.600000000000000000e+01
-3.500000000000000000e+01
-3.400000000000000000e+01
-3.300000000000000000e+01
-3.200000000000000000e+01
-3.100000000000000000e+01
-3.000000000000000000e+01
-2.900000000000000000e+01
-2.800000000000000000e+01
-2.700000000000000000e+01
-2.600000000000000000e+01
-2.500000000000000000e+01
-2.400000000000000000e+01
-2.300000000000000000e+01
-2.200000000000000000e+01
-2.100000000000000000e+01
-2.000000000000000000e+01
-1.900000000000000000e+01
-1.800000000000000000e+01
-1.700000000000000000e+01
-1.600000000000000000e+01
-1.500000000000000000e+01
-1.400000000000000000e+01
-1.300000000000000000e+01
-1.200000000000000000e+01
-1.100000000000000000e+01
-1.000000000000000000e+01
-9.000000000000000000e+00
-8.000000000000000000e+00
-7.000000000000000000e+00
-6.000000000000000000e+00
-5.000000000000000000e+00
-4.000000000000000000e+00
-3.000000000000000000e+00
-2.000000000000000000e+00
-1.000000000000000000e+00
0.000000000000000000e+00
1.000000000000000000e+00
2.000000000000000000e+00
3.000000000000000000e+00
4.000000000000000000e+00
5.000000000000000000e+00
6.000000000000000000e+00
7.000000000000000000e+00
8.000000000000000000e+00
9.000000000000000000e+00
1.000000000000000000e+01
1.100000000000000000e+01
1.200000000000000000e+01
1.300000000000000000e+01
1.400000000000000000e+01
1.500000000000000000e+01
1.600000000000000000e+01
1.700000000000000000e+01
1.800000000000000000e+01
1.900000000000000000e+01
2.000000000000000000e+01
2.100000000000000000e+01
2.200000000000000000e+01
2.300000000000000000e+01
2.400000000000000000e+01
2.500000000000000000e+01
2.600000000000000000e+01
2.700000000000000000e+01
2.800000000000000000e+01
2.900000000000000000e+01
3.000000000000000000e+01
3.100000000000000000e+01
3.200000000000000000e+01
3.300000000000000000e+01
3.400000000000000000e+01
3.500000000000000000e+01
3.600000000000000000e+01
3.700000000000000000e+01
3.800000000000000000e+01
3.900000000000000000e+01
4.000000000000000000e+01
4.100000000000000000e+01
4.200000000000000000e+01
4.300000000000000000e+01
4.400000000000000000e+01
4.500000000000000000e+01
4.600000000000000000e+01
4.700000000000000000e+01
4.800000000000000000e+01
4.900000000000000000e+01
5.000000000000000000e+01
5.100000000000000000e+01
5.200000000000000000e+01
5.300000000000000000e+01
5.400000000000000000e+01
5.500000000000000000e+01
5.600000000000000000e+01
5.700000000000000000e+01
5.800000000000000000e+01
5.900000000000000000e+01
6.000000000000000000e+01
6.100000000000000000e+01
6.200000000000000000e+01
6.300000000000000000e+01
6.400000000000000000e+01
6.500000000000000000e+01
6.600000000000000000e+01
6.700000000000000000e+01
6.800000000000000000e+01
6.900000000000000000e+01
7.000000000000000000e+01
7.100000000000000000e+01
7.200000000000000000e+01
7.300000000000000000e+01
7.400000000000000000e+01
7.500000000000000000e+01
7.600000000000000000e+01
7.700000000000000000e+01
7.800000000000000000e+01
7.900000000000000000e+01
8.000000000000000000e+01
8.100000000000000000e+01
8.200000000000000000e+01
8.300000000000000000e+01
8.400000000000000000e+01
8.500000000000000000e+01
8.600000000000000000e+01
8.700000000000000000e+01
8.800000000000000000e+01
8.900000000000000000e+01
9.000000000000000000e+01
9.100000000000000000e+01
9.200000000000000000e+01
9.300000000000000000e+01
9.400000000000000000e+01
9.500000000000000000e+01
9.600000000000000000e+01
9.700000000000000000e+01
9.800000000000000000e+01
9.900000000000000000e+01
