single photon fraction:    0.4000
laser fraction:    0.2000
thermal source fraction:    0.2000
non-detected fraction:    0.2000
number of bins:  200.0000
bin width (ns):    1.0000
average detection events per bin: 5000.0000

# binary result
0.000000000000000000e+00

# g2 signal
9.739583289753439566e-01
1.000064428514889192e+00
1.019392982981667917e+00
1.014372579224063209e+00
1.005586872648254637e+00
1.006590953399775668e+00
9.922828026906017618e-01
1.013619518660422436e+00
9.930358632542424235e-01
1.018388902230147108e+00
1.016129720539224790e+00
9.834970961147931900e-01
1.000064428514889192e+00
9.872623989329968319e-01
9.895215806239190393e-01
9.734562885995834414e-01
1.008097074527056991e+00
1.018137882042266851e+00
9.970521862603263230e-01
9.807358740481105785e-01
1.012113397533140891e+00
9.932868834421226811e-01
9.927848430663621659e-01
9.955460651330448885e-01
1.014121559036182951e+00
1.005837892836134895e+00
9.722011876601822644e-01
9.900236209996795544e-01
1.018890942605907401e+00
1.000315448702769450e+00
1.008599114902817506e+00
1.005586872648254637e+00
9.684358848419786225e-01
9.865093383693561702e-01
1.021150124296829720e+00
9.772215914177870832e-01
1.003076670769452283e+00
1.027425628993835716e+00
9.968011660724460654e-01
1.015376659975584017e+00
9.960481055088054037e-01
1.013117478284661921e+00
1.010356256217979309e+00
1.043741941206051571e+00
1.013117478284661921e+00
1.021150124296829720e+00
9.857562778057153974e-01
1.004582791896733607e+00
9.722011876601822644e-01
1.029684810684758034e+00
9.686869050298588801e-01
9.641685416480144655e-01
1.038721537448446641e+00
1.012113397533140891e+00
9.759664904783859063e-01
9.950440247572843733e-01
1.021903184860470493e+00
1.003829731333092834e+00
9.902746411875598120e-01
9.822419951753920131e-01
9.900236209996795544e-01
1.012113397533140891e+00
1.018639922418027366e+00
1.019392982981667917e+00
9.799828134844698058e-01
1.024162366551392589e+00
1.004833812084613864e+00
9.902746411875598120e-01
9.973032064482065806e-01
9.837481163026734476e-01
1.000817489078529965e+00
9.767195510420266791e-01
1.002574630393691768e+00
9.870113787451165743e-01
1.027425628993835716e+00
1.002574630393691768e+00
1.010105236030099052e+00
1.014623599411943466e+00
9.937889238178831963e-01
1.010356256217979309e+00
1.040980719139368960e+00
1.004582791896733607e+00
9.764685308541464215e-01
1.011862377345260633e+00
9.930358632542424235e-01
9.890195402481585241e-01
9.855052576178351398e-01
1.020648083921069205e+00
9.978052468239670958e-01
9.676828242783378498e-01
9.862583181814759126e-01
9.990603477633682727e-01
9.907766815633202162e-01
9.993113679512485303e-01
9.872623989329968319e-01
1.015376659975584017e+00
9.937889238178831963e-01
9.990603477633682727e-01
1.018639922418027366e+00
1.010356256217979309e+00
7.362422110527535590e-01
9.942909641936437115e-01
1.007092993775536183e+00
9.955460651330448885e-01
9.767195510420266791e-01
1.019644003169548174e+00
9.978052468239670958e-01
9.978052468239670958e-01
1.015125639787703760e+00
1.031692972187799873e+00
9.900236209996795544e-01
1.009603195654338537e+00
9.998134083270090455e-01
1.023409305987751816e+00
1.014121559036182951e+00
1.023911346363512331e+00
1.014874619599823724e+00
9.767195510420266791e-01
9.799828134844698058e-01
1.009603195654338537e+00
1.006590953399775668e+00
9.747113895389847293e-01
9.968011660724460654e-01
1.017384821478626078e+00
9.947930045694041157e-01
1.031943992375680130e+00
9.857562778057153974e-01
1.026923588618075200e+00
9.809868942359907251e-01
9.947930045694041157e-01
9.887685200602782665e-01
1.018137882042266851e+00
1.003327690957332319e+00
9.925338228784819083e-01
1.009603195654338537e+00
1.010858296593739825e+00
1.016380740727105048e+00
1.018890942605907401e+00
9.870113787451165743e-01
9.980562670118473534e-01
9.947930045694041157e-01
1.011109316781619860e+00
9.983072871997276110e-01
1.006339933211895410e+00
1.017133801290745820e+00
9.774726116056673408e-01
1.018137882042266851e+00
9.875134191208770895e-01
9.925338228784819083e-01
1.000315448702769450e+00
1.018639922418027366e+00
9.860072979935956550e-01
1.013870538848302694e+00
1.028680729933237004e+00
9.965501458845658078e-01
9.877644393087573471e-01
1.000566468890649707e+00
9.925338228784819083e-01
9.892705604360387817e-01
1.015627680163464275e+00
9.942909641936437115e-01
9.905256613754400696e-01
9.822419951753920131e-01
1.011862377345260633e+00
1.003578711145212576e+00
9.900236209996795544e-01
9.960481055088054037e-01
9.985583073876077576e-01
9.877644393087573471e-01
1.019895023357428432e+00
9.980562670118473534e-01
9.626624205207330309e-01
1.001068509266410222e+00
1.012866458096781663e+00
9.764685308541464215e-01
1.004833812084613864e+00
9.754644501026253911e-01
9.950440247572843733e-01
9.970521862603263230e-01
9.641685416480144655e-01
9.915297421269609890e-01
1.021401144484709977e+00
9.772215914177870832e-01
9.935379036300029387e-01
1.030186851060518549e+00
9.995623881391287879e-01
1.002072590017931253e+00
9.927848430663621659e-01
1.005837892836134895e+00
9.842501566784339628e-01
1.016882781102865563e+00
1.019392982981667917e+00
9.930358632542424235e-01
1.002323610205811510e+00
9.852542374299548822e-01
9.970521862603263230e-01
1.004582791896733607e+00
1.000566468890649707e+00
9.837481163026734476e-01
9.890195402481585241e-01

# time bin value
-1.000000000000000000e+02
-9.900000000000000000e+01
-9.800000000000000000e+01
-9.700000000000000000e+01
-9.600000000000000000e+01
-9.500000000000000000e+01
-9.400000000000000000e+01
-9.300000000000000000e+01
-9.200000000000000000e+01
-9.100000000000000000e+01
-9.000000000000000000e+01
-8.900000000000000000e+01
-8.800000000000000000e+01
-8.700000000000000000e+01
-8.600000000000000000e+01
-8.500000000000000000e+01
-8.400000000000000000e+01
-8.300000000000000000e+01
-8.200000000000000000e+01
-8.100000000000000000e+01
-8.000000000000000000e+01
-7.900000000000000000e+01
-7.800000000000000000e+01
-7.700000000000000000e+01
-7.600000000000000000e+01
-7.500000000000000000e+01
-7.400000000000000000e+01
-7.300000000000000000e+01
-7.200000000000000000e+01
-7.100000000000000000e+01
-7.000000000000000000e+01
-6.900000000000000000e+01
-6.800000000000000000e+01
-6.700000000000000000e+01
-6.600000000000000000e+01
-6.500000000000000000e+01
-6.400000000000000000e+01
-6.300000000000000000e+01
-6.200000000000000000e+01
-6.100000000000000000e+01
-6.000000000000000000e+01
-5.900000000000000000e+01
-5.800000000000000000e+01
-5.700000000000000000e+01
-5.600000000000000000e+01
-5.500000000000000000e+01
-5.400000000000000000e+01
-5.300000000000000000e+01
-5.200000000000000000e+01
-5.100000000000000000e+01
-5.000000000000000000e+01
-4.900000000000000000e+01
-4.800000000000000000e+01
-4.700000000000000000e+01
-4.600000000000000000e+01
-4.500000000000000000e+01
-4.400000000000000000e+01
-4.300000000000000000e+01
-4.200000000000000000e+01
-4.100000000000000000e+01
-4.000000000000000000e+01
-3.900000000000000000e+01
-3.800000000000000000e+01
-3.700000000000000000e+01
-3.600000000000000000e+01
-3.500000000000000000e+01
-3.400000000000000000e+01
-3.300000000000000000e+01
-3.200000000000000000e+01
-3.100000000000000000e+01
-3.000000000000000000e+01
-2.900000000000000000e+01
-2.800000000000000000e+01
-2.700000000000000000e+01
-2.600000000000000000e+01
-2.500000000000000000e+01
-2.400000000000000000e+01
-2.300000000000000000e+01
-2.200000000000000000e+01
-2.100000000000000000e+01
-2.000000000000000000e+01
-1.900000000000000000e+01
-1.800000000000000000e+01
-1.700000000000000000e+01
-1.600000000000000000e+01
-1.500000000000000000e+01
-1.400000000000000000e+01
-1.300000000000000000e+01
-1.200000000000000000e+01
-1.100000000000000000e+01
-1.000000000000000000e+01
-9.000000000000000000e+00
-8.000000000000000000e+00
-7.000000000000000000e+00
-6.000000000000000000e+00
-5.000000000000000000e+00
-4.000000000000000000e+00
-3.000000000000000000e+00
-2.000000000000000000e+00
-1.000000000000000000e+00
0.000000000000000000e+00
1.000000000000000000e+00
2.000000000000000000e+00
3.000000000000000000e+00
4.000000000000000000e+00
5.000000000000000000e+00
6.000000000000000000e+00
7.000000000000000000e+00
8.000000000000000000e+00
9.000000000000000000e+00
1.000000000000000000e+01
1.100000000000000000e+01
1.200000000000000000e+01
1.300000000000000000e+01
1.400000000000000000e+01
1.500000000000000000e+01
1.600000000000000000e+01
1.700000000000000000e+01
1.800000000000000000e+01
1.900000000000000000e+01
2.000000000000000000e+01
2.100000000000000000e+01
2.200000000000000000e+01
2.300000000000000000e+01
2.400000000000000000e+01
2.500000000000000000e+01
2.600000000000000000e+01
2.700000000000000000e+01
2.800000000000000000e+01
2.900000000000000000e+01
3.000000000000000000e+01
3.100000000000000000e+01
3.200000000000000000e+01
3.300000000000000000e+01
3.400000000000000000e+01
3.500000000000000000e+01
3.600000000000000000e+01
3.700000000000000000e+01
3.800000000000000000e+01
3.900000000000000000e+01
4.000000000000000000e+01
4.100000000000000000e+01
4.200000000000000000e+01
4.300000000000000000e+01
4.400000000000000000e+01
4.500000000000000000e+01
4.600000000000000000e+01
4.700000000000000000e+01
4.800000000000000000e+01
4.900000000000000000e+01
5.000000000000000000e+01
5.100000000000000000e+01
5.200000000000000000e+01
5.300000000000000000e+01
5.400000000000000000e+01
5.500000000000000000e+01
5.600000000000000000e+01
5.700000000000000000e+01
5.800000000000000000e+01
5.900000000000000000e+01
6.000000000000000000e+01
6.100000000000000000e+01
6.200000000000000000e+01
6.300000000000000000e+01
6.400000000000000000e+01
6.500000000000000000e+01
6.600000000000000000e+01
6.700000000000000000e+01
6.800000000000000000e+01
6.900000000000000000e+01
7.000000000000000000e+01
7.100000000000000000e+01
7.200000000000000000e+01
7.300000000000000000e+01
7.400000000000000000e+01
7.500000000000000000e+01
7.600000000000000000e+01
7.700000000000000000e+01
7.800000000000000000e+01
7.900000000000000000e+01
8.000000000000000000e+01
8.100000000000000000e+01
8.200000000000000000e+01
8.300000000000000000e+01
8.400000000000000000e+01
8.500000000000000000e+01
8.600000000000000000e+01
8.700000000000000000e+01
8.800000000000000000e+01
8.900000000000000000e+01
9.000000000000000000e+01
9.100000000000000000e+01
9.200000000000000000e+01
9.300000000000000000e+01
9.400000000000000000e+01
9.500000000000000000e+01
9.600000000000000000e+01
9.700000000000000000e+01
9.800000000000000000e+01
9.900000000000000000e+01
