single photon fraction:    0.4000
laser fraction:    0.2000
thermal source fraction:    0.2000
non-detected fraction:    0.2000
number of bins:  200.0000
bin width (ns):    1.0000
average detection events per bin: 5000.0000

# binary result
0.000000000000000000e+00

# g2 signal
1.013495698000379974e+00
1.026804734668868679e+00
1.001944458627729517e+00
9.931554721485389425e-01
9.888865358586462762e-01
9.921510165509170864e-01
9.976755223378369619e-01
1.018266862089083569e+00
1.006213394917622184e+00
9.984288640360532430e-01
1.016006836994434392e+00
9.926532443497280145e-01
9.984288640360532430e-01
9.871287385628081390e-01
1.008222306112865674e+00
1.008222306112865674e+00
1.009477875609892994e+00
9.976755223378369619e-01
1.001693344728324053e+00
1.006464508817027426e+00
9.790930937818339563e-01
1.017764634290272641e+00
9.934065860479442955e-01
9.971732945390260339e-01
9.896398775568626682e-01
9.959177250419988248e-01
1.012491242402758340e+00
9.969221806396205698e-01
1.033082582154004836e+00
9.497127675513967748e-01
1.001693344728324053e+00
1.007971192213460210e+00
9.901421053556735963e-01
1.025298051272435895e+00
9.926532443497280145e-01
1.022033570580165085e+00
9.903932192550789493e-01
1.004957825420594864e+00
9.893887636574572042e-01
1.000940003030107661e+00
1.023038026177786941e+00
9.936576999473497596e-01
9.921510165509170864e-01
9.863753968645918579e-01
1.028562531964706706e+00
9.841153717699427927e-01
9.861242829651863939e-01
1.034087037751626692e+00
9.898909914562681323e-01
9.908954470538898773e-01
1.016257950893839856e+00
1.031073670958761346e+00
1.011737900704541948e+00
1.005208939320000328e+00
9.677929683085888524e-01
1.002948914225351373e+00
1.001442230828918589e+00
1.009728989509298236e+00
1.009477875609892994e+00
1.003702255923567543e+00
1.016509064793245321e+00
1.015504609195623686e+00
9.981777501366477789e-01
1.029315873662923098e+00
9.944110416455661516e-01
9.753263852907522180e-01
9.956666111425933607e-01
1.005711167118811256e+00
9.924021304503225505e-01
9.873798524622136030e-01
1.015504609195623686e+00
9.765819547877794271e-01
1.016006836994434392e+00
9.961688389414042888e-01
1.018015748189678105e+00
1.029818101461734026e+00
1.005962281018216720e+00
9.979266362372423149e-01
1.023791367876003333e+00
9.881331941604299951e-01
9.831109161723210477e-01
1.008724533911676602e+00
9.793442076812394204e-01
1.012240128503352876e+00
1.009728989509298236e+00
9.986799779354587070e-01
9.831109161723210477e-01
9.635240320186962970e-01
1.005962281018216720e+00
9.951643833437824327e-01
9.793442076812394204e-01
9.833620300717265117e-01
1.006213394917622184e+00
9.793442076812394204e-01
9.951643833437824327e-01
1.005711167118811256e+00
1.018266862089083569e+00
9.770841825865903552e-01
9.956666111425933607e-01
1.004706711521189400e+00
7.327503584650914004e-01
1.006213394917622184e+00
1.007971192213460210e+00
1.010231217308109164e+00
1.000186661331891491e+00
1.003451142024162079e+00
1.034338151651031934e+00
1.024293595674814261e+00
1.015253495296218222e+00
9.989310918348641710e-01
1.038355974041519136e+00
9.929043582491334785e-01
9.999355474324859161e-01
9.813531188764829105e-01
1.022284684479570549e+00
9.971732945390260339e-01
9.851198273675646488e-01
1.021782456680759843e+00
9.816042327758883745e-01
9.630218042198853690e-01
9.833620300717265117e-01
9.783397520836175643e-01
1.012240128503352876e+00
1.008473420012271138e+00
9.911465609532953414e-01
9.821064605746993026e-01
1.018015748189678105e+00
9.964199528408096418e-01
9.863753968645918579e-01
1.000940003030107661e+00
9.974244084384314979e-01
1.013997925799190902e+00
1.031073670958761346e+00
1.001442230828918589e+00
1.006715622716432890e+00
1.002446686426540445e+00
1.002195572527134981e+00
9.718107906990759437e-01
9.672907405097779243e-01
1.022284684479570549e+00
1.013997925799190902e+00
9.929043582491334785e-01
1.004455597621783935e+00
9.821064605746993026e-01
9.831109161723210477e-01
1.006715622716432890e+00
9.956666111425933607e-01
1.024042481775408797e+00
9.903932192550789493e-01
9.841153717699427927e-01
9.966710667402151058e-01
1.030571443159950418e+00
1.002446686426540445e+00
1.002195572527134981e+00
1.026804734668868679e+00
1.007971192213460210e+00
1.012742356302163582e+00
1.007217850515243818e+00
1.011486786805136484e+00
9.738197018943195449e-01
1.001191116929513125e+00
9.946621555449716157e-01
9.916487887521062694e-01
9.798464354800502374e-01
9.896398775568626682e-01
1.000437775231296733e+00
1.014500153598001830e+00
1.033835923852221228e+00
9.916487887521062694e-01
9.974244084384314979e-01
1.030320329260544954e+00
1.005460053219405792e+00
9.981777501366477789e-01
1.014249039698596366e+00
9.981777501366477789e-01
1.018517975988489033e+00
1.005460053219405792e+00
1.009980103408703700e+00
9.898909914562681323e-01
1.016257950893839856e+00
9.886354219592408121e-01
9.916487887521062694e-01
9.911465609532953414e-01
1.003200028124756837e+00
9.913976748527008054e-01
9.954154972431878967e-01
1.013495698000379974e+00
9.710574490008596626e-01
9.680440822079943164e-01
9.695507656044269895e-01
9.991822057342696350e-01
1.016760178692650785e+00
9.939088138467552236e-01
9.891376497580517402e-01
1.003200028124756837e+00
9.778375242848066362e-01
1.021531342781354379e+00
9.828598022729155836e-01
9.843664856693482568e-01
1.015755723095028928e+00

# time bin value
-1.000000000000000000e+02
-9.900000000000000000e+01
-9.800000000000000000e+01
-9.700000000000000000e+01
-9.600000000000000000e+01
-9.500000000000000000e+01
-9.400000000000000000e+01
-9.300000000000000000e+01
-9.200000000000000000e+01
-9.100000000000000000e+01
-9.000000000000000000e+01
-8.900000000000000000e+01
-8.800000000000000000e+01
-8.700000000000000000e+01
-8.600000000000000000e+01
-8.500000000000000000e+01
-8.400000000000000000e+01
-8.300000000000000000e+01
-8.200000000000000000e+01
-8.100000000000000000e+01
-8.000000000000000000e+01
-7.900000000000000000e+01
-7.800000000000000000e+01
-7.700000000000000000e+01
-7.600000000000000000e+01
-7.500000000000000000e+01
-7.400000000000000000e+01
-7.300000000000000000e+01
-7.200000000000000000e+01
-7.100000000000000000e+01
-7.000000000000000000e+01
-6.900000000000000000e+01
-6.800000000000000000e+01
-6.700000000000000000e+01
-6.600000000000000000e+01
-6.500000000000000000e+01
-6.400000000000000000e+01
-6.300000000000000000e+01
-6.200000000000000000e+01
-6.100000000000000000e+01
-6.000000000000000000e+01
-5.900000000000000000e+01
-5.800000000000000000e+01
-5.700000000000000000e+01
-5.600000000000000000e+01
-5.500000000000000000e+01
-5.400000000000000000e+01
-5.300000000000000000e+01
-5.200000000000000000e+01
-5.100000000000000000e+01
-5.000000000000000000e+01
-4.900000000000000000e+01
-4.800000000000000000e+01
-4.700000000000000000e+01
-4.600000000000000000e+01
-4.500000000000000000e+01
-4.400000000000000000e+01
-4.300000000000000000e+01
-4.200000000000000000e+01
-4.100000000000000000e+01
-4.000000000000000000e+01
-3.900000000000000000e+01
-3.800000000000000000e+01
-3.700000000000000000e+01
-3.600000000000000000e+01
-3.500000000000000000e+01
-3.400000000000000000e+01
-3.300000000000000000e+01
-3.200000000000000000e+01
-3.100000000000000000e+01
-3.000000000000000000e+01
-2.900000000000000000e+01
-2.800000000000000000e+01
-2.700000000000000000e+01
-2.600000000000000000e+01
-2.500000000000000000e+01
-2.400000000000000000e+01
-2.300000000000000000e+01
-2.200000000000000000e+01
-2.100000000000000000e+01
-2.000000000000000000e+01
-1.900000000000000000e+01
-1.800000000000000000e+01
-1.700000000000000000e+01
-1.600000000000000000e+01
-1.500000000000000000e+01
-1.400000000000000000e+01
-1.300000000000000000e+01
-1.200000000000000000e+01
-1.100000000000000000e+01
-1.000000000000000000e+01
-9.000000000000000000e+00
-8.000000000000000000e+00
-7.000000000000000000e+00
-6.000000000000000000e+00
-5.000000000000000000e+00
-4.000000000000000000e+00
-3.000000000000000000e+00
-2.000000000000000000e+00
-1.000000000000000000e+00
0.000000000000000000e+00
1.000000000000000000e+00
2.000000000000000000e+00
3.000000000000000000e+00
4.000000000000000000e+00
5.000000000000000000e+00
6.000000000000000000e+00
7.000000000000000000e+00
8.000000000000000000e+00
9.000000000000000000e+00
1.000000000000000000e+01
1.100000000000000000e+01
1.200000000000000000e+01
1.300000000000000000e+01
1.400000000000000000e+01
1.500000000000000000e+01
1.600000000000000000e+01
1.700000000000000000e+01
1.800000000000000000e+01
1.900000000000000000e+01
2.000000000000000000e+01
2.100000000000000000e+01
2.200000000000000000e+01
2.300000000000000000e+01
2.400000000000000000e+01
2.500000000000000000e+01
2.600000000000000000e+01
2.700000000000000000e+01
2.800000000000000000e+01
2.900000000000000000e+01
3.000000000000000000e+01
3.100000000000000000e+01
3.200000000000000000e+01
3.300000000000000000e+01
3.400000000000000000e+01
3.500000000000000000e+01
3.600000000000000000e+01
3.700000000000000000e+01
3.800000000000000000e+01
3.900000000000000000e+01
4.000000000000000000e+01
4.100000000000000000e+01
4.200000000000000000e+01
4.300000000000000000e+01
4.400000000000000000e+01
4.500000000000000000e+01
4.600000000000000000e+01
4.700000000000000000e+01
4.800000000000000000e+01
4.900000000000000000e+01
5.000000000000000000e+01
5.100000000000000000e+01
5.200000000000000000e+01
5.300000000000000000e+01
5.400000000000000000e+01
5.500000000000000000e+01
5.600000000000000000e+01
5.700000000000000000e+01
5.800000000000000000e+01
5.900000000000000000e+01
6.000000000000000000e+01
6.100000000000000000e+01
6.200000000000000000e+01
6.300000000000000000e+01
6.400000000000000000e+01
6.500000000000000000e+01
6.600000000000000000e+01
6.700000000000000000e+01
6.800000000000000000e+01
6.900000000000000000e+01
7.000000000000000000e+01
7.100000000000000000e+01
7.200000000000000000e+01
7.300000000000000000e+01
7.400000000000000000e+01
7.500000000000000000e+01
7.600000000000000000e+01
7.700000000000000000e+01
7.800000000000000000e+01
7.900000000000000000e+01
8.000000000000000000e+01
8.100000000000000000e+01
8.200000000000000000e+01
8.300000000000000000e+01
8.400000000000000000e+01
8.500000000000000000e+01
8.600000000000000000e+01
8.700000000000000000e+01
8.800000000000000000e+01
8.900000000000000000e+01
9.000000000000000000e+01
9.100000000000000000e+01
9.200000000000000000e+01
9.300000000000000000e+01
9.400000000000000000e+01
9.500000000000000000e+01
9.600000000000000000e+01
9.700000000000000000e+01
9.800000000000000000e+01
9.900000000000000000e+01
