single photon fraction:    0.4000
laser fraction:    0.2000
thermal source fraction:    0.2000
non-detected fraction:    0.2000
number of bins:  200.0000
bin width (ns):    1.0000
average detection events per bin: 5000.0000

# binary result
0.000000000000000000e+00

# g2 signal
1.028586068833632794e+00
1.001458524161097374e+00
9.765916082112732211e-01
1.013264029713033976e+00
9.796057798415549467e-01
1.008491591298421364e+00
9.966860857464846513e-01
1.023562449449829881e+00
1.005226238698949448e+00
9.765916082112732211e-01
1.006984505483280445e+00
1.024315992357400340e+00
1.023311268480639802e+00
1.014017572620604435e+00
1.008742772267611443e+00
1.045666374738562387e+00
9.745821604577521446e-01
9.986955335000058387e-01
9.919136473318719283e-01
1.018538830066026968e+00
1.004221514822188910e+00
9.848805801945479388e-01
9.710656268890901499e-01
9.939230950853931157e-01
1.008993953236801522e+00
9.748333414269422237e-01
1.016027020374125511e+00
1.001709705130287453e+00
1.008742772267611443e+00
9.881459327940198545e-01
1.008240410329231285e+00
9.808616846875056750e-01
9.924160092702521974e-01
9.813640466258859441e-01
9.803593227491254058e-01
1.020297096850357965e+00
9.951789999313438440e-01
9.778475130572239493e-01
1.019292372973597427e+00
1.008742772267611443e+00
9.642837407209563505e-01
1.003467971914618451e+00
1.001709705130287453e+00
1.018036468127646810e+00
9.971884476848649204e-01
1.042149841169900393e+00
9.974396286540551104e-01
9.748333414269422237e-01
9.685538171971886934e-01
1.024315992357400340e+00
1.001709705130287453e+00
9.876435708556394744e-01
1.008742772267611443e+00
9.906577424859212000e-01
9.710656268890901499e-01
9.924160092702521974e-01
1.021301820727118503e+00
9.916624663626818492e-01
9.786010559647944085e-01
1.006230962575709986e+00
9.899041995783508519e-01
9.984443525308156486e-01
1.007738048390850905e+00
9.710656268890901499e-01
9.904065615167311210e-01
9.916624663626818492e-01
1.004221514822188910e+00
1.005979781606519907e+00
1.004975057729759369e+00
9.906577424859212000e-01
1.006230962575709986e+00
1.011505762928702978e+00
1.013012848743843897e+00
9.979419905924353795e-01
9.909089234551113901e-01
1.000704981253526915e+00
1.030595516587153870e+00
1.021553001696308804e+00
9.941742760545831947e-01
9.924160092702521974e-01
1.007235686452470524e+00
1.025069535264970799e+00
1.004723876760569290e+00
9.826199514718366723e-01
9.678002742896182342e-01
1.021050639757928424e+00
1.014017572620604435e+00
9.999514383459564559e-01
9.969372667156748413e-01
1.002463248037857912e+00
1.032604964340674947e+00
1.023562449449829881e+00
1.009998677113562282e+00
1.009245134205991823e+00
9.755868843345126828e-01
1.036875040816907401e+00
1.012761667774653818e+00
9.899041995783508519e-01
9.778475130572239493e-01
1.014268753589794514e+00
7.600736127693705768e-01
9.876435708556394744e-01
1.008742772267611443e+00
9.986955335000058387e-01
1.030595516587153870e+00
1.010249858082752361e+00
9.984443525308156486e-01
1.035619135970956783e+00
1.000202619315146535e+00
1.014771115528174894e+00
1.013012848743843897e+00
9.886482947324001236e-01
1.004221514822188910e+00
1.003216790945428372e+00
1.041647479231520235e+00
1.023562449449829881e+00
9.816152275950761341e-01
1.004723876760569290e+00
9.710656268890901499e-01
1.005979781606519907e+00
1.001458524161097374e+00
1.006230962575709986e+00
9.946766379929634638e-01
1.001207343191907295e+00
9.856341231021183980e-01
1.010752220021132519e+00
1.006482143544900287e+00
1.014771115528174894e+00
1.019041192004407348e+00
9.856341231021183980e-01
9.951789999313438440e-01
9.755868843345126828e-01
9.848805801945479388e-01
9.926671902394423874e-01
1.018036468127646810e+00
9.838758563177874006e-01
9.743309794885619546e-01
9.868900279480691262e-01
9.768427891804634111e-01
1.025571897203350957e+00
1.006482143544900287e+00
9.959325428389141921e-01
1.012008124867083358e+00
1.008742772267611443e+00
9.954301809005339230e-01
1.009747496144371981e+00
9.904065615167311210e-01
9.961837238081043822e-01
1.011003400990322820e+00
1.000704981253526915e+00
9.896530186091606618e-01
9.863876660096888571e-01
9.843782182561676697e-01
9.951789999313438440e-01
1.008491591298421364e+00
1.019543553942787506e+00
1.010752220021132519e+00
1.030846697556343949e+00
1.003719152883808530e+00
9.971884476848649204e-01
1.033609688217435485e+00
9.863876660096888571e-01
9.941742760545831947e-01
9.863876660096888571e-01
1.006482143544900287e+00
1.013264029713033976e+00
9.964349047772944612e-01
9.853829421329282079e-01
1.003216790945428372e+00
9.921648283010621183e-01
9.939230950853931157e-01
1.006230962575709986e+00
9.976908096232451895e-01
1.036372678878527243e+00
1.015022296497364973e+00
9.848805801945479388e-01
9.926671902394423874e-01
1.010501039051942440e+00
9.959325428389141921e-01
9.881459327940198545e-01
1.007486867421660826e+00
1.006482143544900287e+00
9.873923898864493953e-01
9.979419905924353795e-01
9.600136642447238966e-01
1.011756943897893279e+00
1.013012848743843897e+00
9.883971137632099335e-01
1.003216790945428372e+00
1.002463248037857912e+00
1.012510486805463517e+00
9.929183712086324665e-01
1.008993953236801522e+00
1.007738048390850905e+00
1.002965609976238293e+00
9.883971137632099335e-01
1.024315992357400340e+00
9.720703507658506881e-01
9.921648283010621183e-01
9.791034179031746776e-01

# time bin value
-1.000000000000000000e+02
-9.900000000000000000e+01
-9.800000000000000000e+01
-9.700000000000000000e+01
-9.600000000000000000e+01
-9.500000000000000000e+01
-9.400000000000000000e+01
-9.300000000000000000e+01
-9.200000000000000000e+01
-9.100000000000000000e+01
-9.000000000000000000e+01
-8.900000000000000000e+01
-8.800000000000000000e+01
-8.700000000000000000e+01
-8.600000000000000000e+01
-8.500000000000000000e+01
-8.400000000000000000e+01
-8.300000000000000000e+01
-8.200000000000000000e+01
-8.100000000000000000e+01
-8.000000000000000000e+01
-7.900000000000000000e+01
-7.800000000000000000e+01
-7.700000000000000000e+01
-7.600000000000000000e+01
-7.500000000000000000e+01
-7.400000000000000000e+01
-7.300000000000000000e+01
-7.200000000000000000e+01
-7.100000000000000000e+01
-7.000000000000000000e+01
-6.900000000000000000e+01
-6.800000000000000000e+01
-6.700000000000000000e+01
-6.600000000000000000e+01
-6.500000000000000000e+01
-6.400000000000000000e+01
-6.300000000000000000e+01
-6.200000000000000000e+01
-6.100000000000000000e+01
-6.000000000000000000e+01
-5.900000000000000000e+01
-5.800000000000000000e+01
-5.700000000000000000e+01
-5.600000000000000000e+01
-5.500000000000000000e+01
-5.400000000000000000e+01
-5.300000000000000000e+01
-5.200000000000000000e+01
-5.100000000000000000e+01
-5.000000000000000000e+01
-4.900000000000000000e+01
-4.800000000000000000e+01
-4.700000000000000000e+01
-4.600000000000000000e+01
-4.500000000000000000e+01
-4.400000000000000000e+01
-4.300000000000000000e+01
-4.200000000000000000e+01
-4.100000000000000000e+01
-4.000000000000000000e+01
-3.900000000000000000e+01
-3.800000000000000000e+01
-3.700000000000000000e+01
-3.600000000000000000e+01
-3.500000000000000000e+01
-3.400000000000000000e+01
-3.300000000000000000e+01
-3.200000000000000000e+01
-3.100000000000000000e+01
-3.000000000000000000e+01
-2.900000000000000000e+01
-2.800000000000000000e+01
-2.700000000000000000e+01
-2.600000000000000000e+01
-2.500000000000000000e+01
-2.400000000000000000e+01
-2.300000000000000000e+01
-2.200000000000000000e+01
-2.100000000000000000e+01
-2.000000000000000000e+01
-1.900000000000000000e+01
-1.800000000000000000e+01
-1.700000000000000000e+01
-1.600000000000000000e+01
-1.500000000000000000e+01
-1.400000000000000000e+01
-1.300000000000000000e+01
-1.200000000000000000e+01
-1.100000000000000000e+01
-1.000000000000000000e+01
-9.000000000000000000e+00
-8.000000000000000000e+00
-7.000000000000000000e+00
-6.000000000000000000e+00
-5.000000000000000000e+00
-4.000000000000000000e+00
-3.000000000000000000e+00
-2.000000000000000000e+00
-1.000000000000000000e+00
0.000000000000000000e+00
1.000000000000000000e+00
2.000000000000000000e+00
3.000000000000000000e+00
4.000000000000000000e+00
5.000000000000000000e+00
6.000000000000000000e+00
7.000000000000000000e+00
8.000000000000000000e+00
9.000000000000000000e+00
1.000000000000000000e+01
1.100000000000000000e+01
1.200000000000000000e+01
1.300000000000000000e+01
1.400000000000000000e+01
1.500000000000000000e+01
1.600000000000000000e+01
1.700000000000000000e+01
1.800000000000000000e+01
1.900000000000000000e+01
2.000000000000000000e+01
2.100000000000000000e+01
2.200000000000000000e+01
2.300000000000000000e+01
2.400000000000000000e+01
2.500000000000000000e+01
2.600000000000000000e+01
2.700000000000000000e+01
2.800000000000000000e+01
2.900000000000000000e+01
3.000000000000000000e+01
3.100000000000000000e+01
3.200000000000000000e+01
3.300000000000000000e+01
3.400000000000000000e+01
3.500000000000000000e+01
3.600000000000000000e+01
3.700000000000000000e+01
3.800000000000000000e+01
3.900000000000000000e+01
4.000000000000000000e+01
4.100000000000000000e+01
4.200000000000000000e+01
4.300000000000000000e+01
4.400000000000000000e+01
4.500000000000000000e+01
4.600000000000000000e+01
4.700000000000000000e+01
4.800000000000000000e+01
4.900000000000000000e+01
5.000000000000000000e+01
5.100000000000000000e+01
5.200000000000000000e+01
5.300000000000000000e+01
5.400000000000000000e+01
5.500000000000000000e+01
5.600000000000000000e+01
5.700000000000000000e+01
5.800000000000000000e+01
5.900000000000000000e+01
6.000000000000000000e+01
6.100000000000000000e+01
6.200000000000000000e+01
6.300000000000000000e+01
6.400000000000000000e+01
6.500000000000000000e+01
6.600000000000000000e+01
6.700000000000000000e+01
6.800000000000000000e+01
6.900000000000000000e+01
7.000000000000000000e+01
7.100000000000000000e+01
7.200000000000000000e+01
7.300000000000000000e+01
7.400000000000000000e+01
7.500000000000000000e+01
7.600000000000000000e+01
7.700000000000000000e+01
7.800000000000000000e+01
7.900000000000000000e+01
8.000000000000000000e+01
8.100000000000000000e+01
8.200000000000000000e+01
8.300000000000000000e+01
8.400000000000000000e+01
8.500000000000000000e+01
8.600000000000000000e+01
8.700000000000000000e+01
8.800000000000000000e+01
8.900000000000000000e+01
9.000000000000000000e+01
9.100000000000000000e+01
9.200000000000000000e+01
9.300000000000000000e+01
9.400000000000000000e+01
9.500000000000000000e+01
9.600000000000000000e+01
9.700000000000000000e+01
9.800000000000000000e+01
9.900000000000000000e+01
