single photon fraction:    0.4000
laser fraction:    0.2000
thermal source fraction:    0.2000
non-detected fraction:    0.2000
number of bins:  200.0000
bin width (ns):    1.0000
average detection events per bin: 5000.0000

# binary result
0.000000000000000000e+00

# g2 signal
1.007306631832562083e+00
9.819671623892024526e-01
9.970203125535744837e-01
9.824689340613481647e-01
9.779529890120365332e-01
1.000030942586448868e+00
1.003292458455396163e+00
9.997800567503760671e-01
1.016087636095112323e+00
1.009564604357217954e+00
9.814653907170567404e-01
1.004797773471833411e+00
9.915008241599714278e-01
1.006804860160416260e+00
9.819671623892024526e-01
1.032646101275921602e+00
9.982747417339388196e-01
1.020603581144424066e+00
1.019098266127986818e+00
1.018847380291914018e+00
1.011069919373654979e+00
1.002038029275031938e+00
9.889919657992427560e-01
1.022861553669079715e+00
9.965185408814287715e-01
1.002790686783250340e+00
1.019600037800132641e+00
9.987765134060845318e-01
1.013327891898310851e+00
1.002288915111104739e+00
1.007557517668634883e+00
1.010317261865436356e+00
1.004045115963614787e+00
1.016087636095112323e+00
1.013578777734383651e+00
9.909990524878257157e-01
9.997800567503760671e-01
1.004546887635760610e+00
1.012575234390092227e+00
1.025119526193735586e+00
1.018345608619768194e+00
1.002038029275031938e+00
9.909990524878257157e-01
9.909990524878257157e-01
1.008561061012926308e+00
9.987765134060845318e-01
9.962676550453558599e-01
9.995291709143031555e-01
1.022861553669079715e+00
9.992782850782303550e-01
1.001787143438958916e+00
9.872357649467327079e-01
1.001285371766813315e+00
9.945114541928458118e-01
9.997800567503760671e-01
1.005550430980052035e+00
9.761967881595264851e-01
9.985256275700117312e-01
9.995291709143031555e-01
1.002539800947177540e+00
1.011571691045800803e+00
1.001034485930740292e+00
1.027377498718391458e+00
1.023614211177298339e+00
9.915008241599714278e-01
9.977729700617931075e-01
1.007557517668634883e+00
9.802109615366924045e-01
1.002539800947177540e+00
1.013829663570456674e+00
9.766985598316721973e-01
9.947623400289187234e-01
9.902463949796070919e-01
9.844760207499311244e-01
9.764476739955993967e-01
9.837233632417125007e-01
9.814653907170567404e-01
1.002288915111104739e+00
1.009815490193290755e+00
1.007808403504707684e+00
1.010568147701509378e+00
9.583838937983529815e-01
9.917517099960442284e-01
9.857304499302954603e-01
9.967694267175015721e-01
1.035154959636650274e+00
9.907481666517528041e-01
9.779529890120365332e-01
9.940096825207000997e-01
1.019600037800132641e+00
1.030137242915192930e+00
9.904972808156798925e-01
1.001285371766813315e+00
9.882393082910241322e-01
9.814653907170567404e-01
9.915008241599714278e-01
9.862322216024411725e-01
9.942605683567729002e-01
1.021607124488715490e+00
9.957658833732101478e-01
7.626929416615164659e-01
1.012324348554019426e+00
9.644051538641017496e-01
1.003292458455396163e+00
1.005801316816124835e+00
1.001536257602886115e+00
9.987765134060845318e-01
1.002038029275031938e+00
9.824689340613481647e-01
1.009815490193290755e+00
1.008811946848999330e+00
1.006303088488270658e+00
9.925043675042628522e-01
1.039169133013816193e+00
9.980238558978660190e-01
9.872357649467327079e-01
1.020352695308351043e+00
1.002038029275031938e+00
9.995291709143031555e-01
1.021858010324788291e+00
1.019600037800132641e+00
9.739388156348707248e-01
1.011571691045800803e+00
1.024868640357662786e+00
9.772003315038180205e-01
9.942605683567729002e-01
9.852286782581497482e-01
9.674157838969761336e-01
1.025621297865881409e+00
9.809636190449110282e-01
1.004045115963614787e+00
1.018094722783695394e+00
1.004797773471833411e+00
1.000783600094667491e+00
1.018094722783695394e+00
9.904972808156798925e-01
9.909990524878257157e-01
9.789565323563280685e-01
9.623980671755187899e-01
1.001787143438958916e+00
1.004797773471833411e+00
1.000030942586448868e+00
1.030137242915192930e+00
1.003292458455396163e+00
9.807127332088381166e-01
9.689210989134133811e-01
1.007557517668634883e+00
1.007055745996489282e+00
9.937587966846271881e-01
9.965185408814287715e-01
1.005801316816124835e+00
9.997800567503760671e-01
1.009815490193290755e+00
1.007557517668634883e+00
1.012073462717946626e+00
9.955149975371372362e-01
9.922534816681900516e-01
9.987765134060845318e-01
1.007306631832562083e+00
9.930061391764085643e-01
9.874866507828055084e-01
1.001536257602886115e+00
9.884901941270970438e-01
9.955149975371372362e-01
1.021607124488715490e+00
9.874866507828055084e-01
9.827198198974210763e-01
9.937587966846271881e-01
9.779529890120365332e-01
9.701755280937777171e-01
9.889919657992427560e-01
9.824689340613481647e-01
9.907481666517528041e-01
9.982747417339388196e-01
9.997800567503760671e-01
1.004296001799687588e+00
9.889919657992427560e-01
1.009815490193290755e+00
9.812145048809838288e-01
1.015334978586893699e+00
9.766985598316721973e-01
9.744405873070164370e-01
9.807127332088381166e-01
1.018345608619768194e+00
9.977729700617931075e-01
9.962676550453558599e-01
1.032646101275921602e+00
1.018345608619768194e+00
9.937587966846271881e-01
9.669140122248304214e-01
9.782038748481094448e-01
9.912499383238985162e-01
1.021858010324788291e+00
9.714299572741420530e-01
9.950132258649915240e-01
9.867339932745868847e-01
9.957658833732101478e-01
9.782038748481094448e-01
9.980238558978660190e-01
1.016840293603330947e+00

# time bin value
-1.000000000000000000e+02
-9.900000000000000000e+01
-9.800000000000000000e+01
-9.700000000000000000e+01
-9.600000000000000000e+01
-9.500000000000000000e+01
-9.400000000000000000e+01
-9.300000000000000000e+01
-9.200000000000000000e+01
-9.100000000000000000e+01
-9.000000000000000000e+01
-8.900000000000000000e+01
-8.800000000000000000e+01
-8.700000000000000000e+01
-8.600000000000000000e+01
-8.500000000000000000e+01
-8.400000000000000000e+01
-8.300000000000000000e+01
-8.200000000000000000e+01
-8.100000000000000000e+01
-8.000000000000000000e+01
-7.900000000000000000e+01
-7.800000000000000000e+01
-7.700000000000000000e+01
-7.600000000000000000e+01
-7.500000000000000000e+01
-7.400000000000000000e+01
-7.300000000000000000e+01
-7.200000000000000000e+01
-7.100000000000000000e+01
-7.000000000000000000e+01
-6.900000000000000000e+01
-6.800000000000000000e+01
-6.700000000000000000e+01
-6.600000000000000000e+01
-6.500000000000000000e+01
-6.400000000000000000e+01
-6.300000000000000000e+01
-6.200000000000000000e+01
-6.100000000000000000e+01
-6.000000000000000000e+01
-5.900000000000000000e+01
-5.800000000000000000e+01
-5.700000000000000000e+01
-5.600000000000000000e+01
-5.500000000000000000e+01
-5.400000000000000000e+01
-5.300000000000000000e+01
-5.200000000000000000e+01
-5.100000000000000000e+01
-5.000000000000000000e+01
-4.900000000000000000e+01
-4.800000000000000000e+01
-4.700000000000000000e+01
-4.600000000000000000e+01
-4.500000000000000000e+01
-4.400000000000000000e+01
-4.300000000000000000e+01
-4.200000000000000000e+01
-4.100000000000000000e+01
-4.000000000000000000e+01
-3.900000000000000000e+01
-3.800000000000000000e+01
-3.700000000000000000e+01
-3.600000000000000000e+01
-3.500000000000000000e+01
-3.400000000000000000e+01
-3.300000000000000000e+01
-3.200000000000000000e+01
-3.100000000000000000e+01
-3.000000000000000000e+01
-2.900000000000000000e+01
-2.800000000000000000e+01
-2.700000000000000000e+01
-2.600000000000000000e+01
-2.500000000000000000e+01
-2.400000000000000000e+01
-2.300000000000000000e+01
-2.200000000000000000e+01
-2.100000000000000000e+01
-2.000000000000000000e+01
-1.900000000000000000e+01
-1.800000000000000000e+01
-1.700000000000000000e+01
-1.600000000000000000e+01
-1.500000000000000000e+01
-1.400000000000000000e+01
-1.300000000000000000e+01
-1.200000000000000000e+01
-1.100000000000000000e+01
-1.000000000000000000e+01
-9.000000000000000000e+00
-8.000000000000000000e+00
-7.000000000000000000e+00
-6.000000000000000000e+00
-5.000000000000000000e+00
-4.000000000000000000e+00
-3.000000000000000000e+00
-2.000000000000000000e+00
-1.000000000000000000e+00
0.000000000000000000e+00
1.000000000000000000e+00
2.000000000000000000e+00
3.000000000000000000e+00
4.000000000000000000e+00
5.000000000000000000e+00
6.000000000000000000e+00
7.000000000000000000e+00
8.000000000000000000e+00
9.000000000000000000e+00
1.000000000000000000e+01
1.100000000000000000e+01
1.200000000000000000e+01
1.300000000000000000e+01
1.400000000000000000e+01
1.500000000000000000e+01
1.600000000000000000e+01
1.700000000000000000e+01
1.800000000000000000e+01
1.900000000000000000e+01
2.000000000000000000e+01
2.100000000000000000e+01
2.200000000000000000e+01
2.300000000000000000e+01
2.400000000000000000e+01
2.500000000000000000e+01
2.600000000000000000e+01
2.700000000000000000e+01
2.800000000000000000e+01
2.900000000000000000e+01
3.000000000000000000e+01
3.100000000000000000e+01
3.200000000000000000e+01
3.300000000000000000e+01
3.400000000000000000e+01
3.500000000000000000e+01
3.600000000000000000e+01
3.700000000000000000e+01
3.800000000000000000e+01
3.900000000000000000e+01
4.000000000000000000e+01
4.100000000000000000e+01
4.200000000000000000e+01
4.300000000000000000e+01
4.400000000000000000e+01
4.500000000000000000e+01
4.600000000000000000e+01
4.700000000000000000e+01
4.800000000000000000e+01
4.900000000000000000e+01
5.000000000000000000e+01
5.100000000000000000e+01
5.200000000000000000e+01
5.300000000000000000e+01
5.400000000000000000e+01
5.500000000000000000e+01
5.600000000000000000e+01
5.700000000000000000e+01
5.800000000000000000e+01
5.900000000000000000e+01
6.000000000000000000e+01
6.100000000000000000e+01
6.200000000000000000e+01
6.300000000000000000e+01
6.400000000000000000e+01
6.500000000000000000e+01
6.600000000000000000e+01
6.700000000000000000e+01
6.800000000000000000e+01
6.900000000000000000e+01
7.000000000000000000e+01
7.100000000000000000e+01
7.200000000000000000e+01
7.300000000000000000e+01
7.400000000000000000e+01
7.500000000000000000e+01
7.600000000000000000e+01
7.700000000000000000e+01
7.800000000000000000e+01
7.900000000000000000e+01
8.000000000000000000e+01
8.100000000000000000e+01
8.200000000000000000e+01
8.300000000000000000e+01
8.400000000000000000e+01
8.500000000000000000e+01
8.600000000000000000e+01
8.700000000000000000e+01
8.800000000000000000e+01
8.900000000000000000e+01
9.000000000000000000e+01
9.100000000000000000e+01
9.200000000000000000e+01
9.300000000000000000e+01
9.400000000000000000e+01
9.500000000000000000e+01
9.600000000000000000e+01
9.700000000000000000e+01
9.800000000000000000e+01
9.900000000000000000e+01
