single photon fraction:    0.4000
laser fraction:    0.2000
thermal source fraction:    0.2000
non-detected fraction:    0.2000
number of bins:  200.0000
bin width (ns):    1.0000
average detection events per bin: 5000.0000

# binary result
0.000000000000000000e+00

# g2 signal
1.002614242392554811e+00
9.765136463452892546e-01
1.010896162292167721e+00
9.950852243019973065e-01
9.918226497960891397e-01
1.018676147652410435e+00
1.029467740248875884e+00
9.983477988079055843e-01
1.030220642057931624e+00
9.822858935480498488e-01
9.903168461779776610e-01
9.955871588413678364e-01
9.863013698630137549e-01
1.009139391404371144e+00
1.036745791069747957e+00
1.001861340583499071e+00
1.003116176931925230e+00
1.006127784168148187e+00
1.002614242392554811e+00
9.923245843354596696e-01
1.001359406044128431e+00
1.018676147652410435e+00
1.021436787618948072e+00
9.996026351563317425e-01
9.958381261110530458e-01
9.991007006169613236e-01
9.868033044023842848e-01
9.860504025933285455e-01
9.845445989752170668e-01
1.025703231203597188e+00
9.895639443689219217e-01
1.000104569695702272e+00
9.973439297291645245e-01
9.930774861445154089e-01
9.908187807173481909e-01
1.011398096831538362e+00
9.955871588413678364e-01
9.787723517724563616e-01
1.006378751437833285e+00
9.983477988079055843e-01
9.732510718393809768e-01
1.007382620516574345e+00
9.975948969988498449e-01
1.010645195022482623e+00
1.012652933179964521e+00
9.998536024260170629e-01
1.008386489595315405e+00
1.003618111471295649e+00
1.015162605876817059e+00
9.935794206838859388e-01
9.928265188748301995e-01
9.895639443689219217e-01
1.011398096831538362e+00
9.539265920736171855e-01
1.020683885809892333e+00
1.002865209662239909e+00
9.920736170657744601e-01
9.888110425598661823e-01
9.865523371326989643e-01
9.895639443689219217e-01
9.895639443689219217e-01
9.963400606504235757e-01
1.021687754888633393e+00
9.988497333472760031e-01
1.004872947819722029e+00
9.692355955244170707e-01
9.885600752901809729e-01
1.003367144201610550e+00
1.030471609327616944e+00
1.009139391404371144e+00
1.001861340583499071e+00
1.006880685977203926e+00
1.000355536965387593e+00
9.770155808846596734e-01
1.000606504235072691e+00
1.033483216563839902e+00
9.742549409181220366e-01
1.004621980550036708e+00
9.983477988079055843e-01
1.004120046010666290e+00
9.815329917389941095e-01
9.973439297291645245e-01
1.002865209662239909e+00
1.003618111471295649e+00
9.903168461779776610e-01
9.925755516051448790e-01
9.895639443689219217e-01
1.029467740248875884e+00
1.018174213113040016e+00
9.865523371326989643e-01
9.975948969988498449e-01
9.777684826937154128e-01
1.008135522325630085e+00
9.973439297291645245e-01
1.056572205374882500e+00
9.878071734811252336e-01
9.920736170657744601e-01
9.885600752901809729e-01
9.900658789082924516e-01
1.001861340583499071e+00
7.672069434277947186e-01
9.827878280874203787e-01
1.011900031370908781e+00
9.747568754574924554e-01
1.020432918540207234e+00
9.692355955244170707e-01
9.991007006169613236e-01
1.001359406044128431e+00
1.017170344034298957e+00
1.001861340583499071e+00
1.010394227752797303e+00
1.000606504235072691e+00
1.023444525776429970e+00
1.009390358674056243e+00
9.855484680539580156e-01
9.915716825264039302e-01
9.832897626267907976e-01
1.001108438774443332e+00
9.709923664122138698e-01
1.018425180382725115e+00
1.003367144201610550e+00
9.963400606504235757e-01
9.865523371326989643e-01
1.012903900449649841e+00
1.004621980550036708e+00
1.017672278573669375e+00
1.000104569695702272e+00
9.873052389417547037e-01
9.792742863118268914e-01
9.953361915716826269e-01
1.007382620516574345e+00
9.905678134476629815e-01
1.016919376764613636e+00
1.011147129561853042e+00
9.960890933807383663e-01
1.014409704067761320e+00
1.025452263933912089e+00
1.008386489595315405e+00
1.001861340583499071e+00
1.004371013280351388e+00
1.004371013280351388e+00
9.802781553905678402e-01
9.863013698630137549e-01
1.004872947819722029e+00
9.970929624594793150e-01
9.802781553905678402e-01
1.006629718707518606e+00
1.007633587786259666e+00
9.629614137822859465e-01
9.677297919063055920e-01
9.885600752901809729e-01
9.807800899299383701e-01
9.878071734811252336e-01
9.996026351563317425e-01
9.875562062114400241e-01
1.018425180382725115e+00
1.007131653246889025e+00
9.830387953571055881e-01
1.033483216563839902e+00
1.019429049461466175e+00
1.016166474955557897e+00
1.032479347485098842e+00
9.830387953571055881e-01
9.985987660775907937e-01
1.004120046010666290e+00
1.012150998640594102e+00
1.015664540416187478e+00
1.013154867719334939e+00
1.023193558506744871e+00
1.000104569695702272e+00
1.026707100282338248e+00
1.010394227752797303e+00
1.002363275122869490e+00
1.010143260483111982e+00
9.968419951897941056e-01
1.007131653246889025e+00
1.023695493046115290e+00
1.001610373313813751e+00
1.036494823800062859e+00
9.762626790756039341e-01
1.009641325943741563e+00
1.001610373313813751e+00
9.978458642685350544e-01
1.003869078740980969e+00
1.014158736798075999e+00
9.827878280874203787e-01
9.945832897626268876e-01
1.022440656697689132e+00
9.975948969988498449e-01
9.752588099968629853e-01
1.022942591237059551e+00
9.822858935480498488e-01
1.007884555055944764e+00
9.903168461779776610e-01
1.015664540416187478e+00
9.890620098295515028e-01
1.002363275122869490e+00
9.817839590086793189e-01
1.007884555055944764e+00
9.852975007842728061e-01

# time bin value
-1.000000000000000000e+02
-9.900000000000000000e+01
-9.800000000000000000e+01
-9.700000000000000000e+01
-9.600000000000000000e+01
-9.500000000000000000e+01
-9.400000000000000000e+01
-9.300000000000000000e+01
-9.200000000000000000e+01
-9.100000000000000000e+01
-9.000000000000000000e+01
-8.900000000000000000e+01
-8.800000000000000000e+01
-8.700000000000000000e+01
-8.600000000000000000e+01
-8.500000000000000000e+01
-8.400000000000000000e+01
-8.300000000000000000e+01
-8.200000000000000000e+01
-8.100000000000000000e+01
-8.000000000000000000e+01
-7.900000000000000000e+01
-7.800000000000000000e+01
-7.700000000000000000e+01
-7.600000000000000000e+01
-7.500000000000000000e+01
-7.400000000000000000e+01
-7.300000000000000000e+01
-7.200000000000000000e+01
-7.100000000000000000e+01
-7.000000000000000000e+01
-6.900000000000000000e+01
-6.800000000000000000e+01
-6.700000000000000000e+01
-6.600000000000000000e+01
-6.500000000000000000e+01
-6.400000000000000000e+01
-6.300000000000000000e+01
-6.200000000000000000e+01
-6.100000000000000000e+01
-6.000000000000000000e+01
-5.900000000000000000e+01
-5.800000000000000000e+01
-5.700000000000000000e+01
-5.600000000000000000e+01
-5.500000000000000000e+01
-5.400000000000000000e+01
-5.300000000000000000e+01
-5.200000000000000000e+01
-5.100000000000000000e+01
-5.000000000000000000e+01
-4.900000000000000000e+01
-4.800000000000000000e+01
-4.700000000000000000e+01
-4.600000000000000000e+01
-4.500000000000000000e+01
-4.400000000000000000e+01
-4.300000000000000000e+01
-4.200000000000000000e+01
-4.100000000000000000e+01
-4.000000000000000000e+01
-3.900000000000000000e+01
-3.800000000000000000e+01
-3.700000000000000000e+01
-3.600000000000000000e+01
-3.500000000000000000e+01
-3.400000000000000000e+01
-3.300000000000000000e+01
-3.200000000000000000e+01
-3.100000000000000000e+01
-3.000000000000000000e+01
-2.900000000000000000e+01
-2.800000000000000000e+01
-2.700000000000000000e+01
-2.600000000000000000e+01
-2.500000000000000000e+01
-2.400000000000000000e+01
-2.300000000000000000e+01
-2.200000000000000000e+01
-2.100000000000000000e+01
-2.000000000000000000e+01
-1.900000000000000000e+01
-1.800000000000000000e+01
-1.700000000000000000e+01
-1.600000000000000000e+01
-1.500000000000000000e+01
-1.400000000000000000e+01
-1.300000000000000000e+01
-1.200000000000000000e+01
-1.100000000000000000e+01
-1.000000000000000000e+01
-9.000000000000000000e+00
-8.000000000000000000e+00
-7.000000000000000000e+00
-6.000000000000000000e+00
-5.000000000000000000e+00
-4.000000000000000000e+00
-3.000000000000000000e+00
-2.000000000000000000e+00
-1.000000000000000000e+00
0.000000000000000000e+00
1.000000000000000000e+00
2.000000000000000000e+00
3.000000000000000000e+00
4.000000000000000000e+00
5.000000000000000000e+00
6.000000000000000000e+00
7.000000000000000000e+00
8.000000000000000000e+00
9.000000000000000000e+00
1.000000000000000000e+01
1.100000000000000000e+01
1.200000000000000000e+01
1.300000000000000000e+01
1.400000000000000000e+01
1.500000000000000000e+01
1.600000000000000000e+01
1.700000000000000000e+01
1.800000000000000000e+01
1.900000000000000000e+01
2.000000000000000000e+01
2.100000000000000000e+01
2.200000000000000000e+01
2.300000000000000000e+01
2.400000000000000000e+01
2.500000000000000000e+01
2.600000000000000000e+01
2.700000000000000000e+01
2.800000000000000000e+01
2.900000000000000000e+01
3.000000000000000000e+01
3.100000000000000000e+01
3.200000000000000000e+01
3.300000000000000000e+01
3.400000000000000000e+01
3.500000000000000000e+01
3.600000000000000000e+01
3.700000000000000000e+01
3.800000000000000000e+01
3.900000000000000000e+01
4.000000000000000000e+01
4.100000000000000000e+01
4.200000000000000000e+01
4.300000000000000000e+01
4.400000000000000000e+01
4.500000000000000000e+01
4.600000000000000000e+01
4.700000000000000000e+01
4.800000000000000000e+01
4.900000000000000000e+01
5.000000000000000000e+01
5.100000000000000000e+01
5.200000000000000000e+01
5.300000000000000000e+01
5.400000000000000000e+01
5.500000000000000000e+01
5.600000000000000000e+01
5.700000000000000000e+01
5.800000000000000000e+01
5.900000000000000000e+01
6.000000000000000000e+01
6.100000000000000000e+01
6.200000000000000000e+01
6.300000000000000000e+01
6.400000000000000000e+01
6.500000000000000000e+01
6.600000000000000000e+01
6.700000000000000000e+01
6.800000000000000000e+01
6.900000000000000000e+01
7.000000000000000000e+01
7.100000000000000000e+01
7.200000000000000000e+01
7.300000000000000000e+01
7.400000000000000000e+01
7.500000000000000000e+01
7.600000000000000000e+01
7.700000000000000000e+01
7.800000000000000000e+01
7.900000000000000000e+01
8.000000000000000000e+01
8.100000000000000000e+01
8.200000000000000000e+01
8.300000000000000000e+01
8.400000000000000000e+01
8.500000000000000000e+01
8.600000000000000000e+01
8.700000000000000000e+01
8.800000000000000000e+01
8.900000000000000000e+01
9.000000000000000000e+01
9.100000000000000000e+01
9.200000000000000000e+01
9.300000000000000000e+01
9.400000000000000000e+01
9.500000000000000000e+01
9.600000000000000000e+01
9.700000000000000000e+01
9.800000000000000000e+01
9.900000000000000000e+01
